# Avida time data
# Tue Jun  5 10:54:41 2018
#  1: update
#  2: avida time
#  3: average generation
#  4: num_executed?

0 0 0.131667 108000 
100 0.905335 14.2725 108000 
200 1.83378 28.9392 108000 
300 2.7632 43.5553 108000 
400 3.69567 58.3431 108000 
500 4.62974 72.9931 108000 
600 5.56315 87.7922 108000 
700 6.49688 102.513 108000 
800 7.42999 117.282 108000 
900 8.36496 132.064 108000 
1000 9.29869 147.088 108000 
1100 10.2313 161.917 108000 
1200 11.1641 176.808 108000 
1300 12.0971 191.711 108000 
1400 13.0303 206.445 108000 
1500 13.9628 221.466 108000 
1600 14.8965 236.455 108000 
1700 15.8288 251.534 108000 
1800 16.7614 266.826 108000 
1900 17.6954 282.109 108000 
2000 18.6312 297.054 108000 
2100 19.5675 311.852 108000 
2200 20.5035 326.63 108000 
2300 21.4402 341.484 108000 
2400 22.3779 356.233 108000 
2500 23.3172 370.984 108000 
2600 24.2577 386.069 108000 
2700 25.1982 401.11 108000 
2800 26.1388 415.963 108000 
2900 27.0814 431.308 108000 
3000 28.0247 446.172 108000 
3100 28.9698 460.739 108000 
3200 29.9164 475.719 108000 
3300 30.8628 490.948 108000 
3400 31.8097 505.699 108000 
3500 32.7576 520.988 108000 
3600 33.7064 536.037 108000 
3700 34.6557 551.073 108000 
3800 35.604 566.15 108000 
3900 36.5549 581.01 108000 
4000 37.5073 596 108000 
4100 38.4609 611.109 108000 
4200 39.4146 625.825 108000 
4300 40.3691 640.846 108000 
4400 41.3258 656.317 108000 
4500 42.2796 671.166 108000 
4600 43.2328 686.514 108000 
4700 44.1864 701.785 108000 
4800 45.1398 716.818 108000 
4900 46.0941 731.954 108000 
5000 47.049 747.044 108000 
5100 48.0035 761.966 108000 
5200 48.9588 777.137 108000 
5300 49.9153 792.086 108000 
5400 50.8731 806.918 108000 
5500 51.8306 822.133 108000 
5600 52.788 837.123 108000 
5700 53.7442 852.36 108000 
5800 54.7003 867.152 108000 
5900 55.6561 882.18 108000 
6000 56.6142 897.449 108000 
6100 57.5714 912.29 108000 
6200 58.5312 927.009 108000 
6300 59.4918 941.609 108000 
6400 60.4525 956.249 108000 
6500 61.4116 971.463 108000 
6600 62.369 986.673 108000 
6700 63.3259 1001.4 108000 
6800 64.2837 1016.12 108000 
6900 65.2429 1031.59 108000 
7000 66.2031 1046.75 108000 
7100 67.1608 1062.26 108000 
7200 68.1182 1076.61 108000 
7300 69.0743 1091.41 108000 
7400 70.0304 1106.63 108000 
7500 70.9838 1121.58 108000 
7600 71.935 1136.59 108000 
7700 72.8849 1151.28 108000 
7800 73.8354 1166.53 108000 
7900 74.786 1181.15 108000 
8000 75.7361 1195.8 108000 
8100 76.685 1210.45 108000 
8200 77.6325 1225.74 108000 
8300 78.5797 1240.56 108000 
8400 79.5266 1256.05 108000 
8500 80.4727 1270.72 108000 
8600 81.4204 1285.81 108000 
8700 82.3684 1300.85 108000 
8800 83.314 1315.75 108000 
8900 84.2589 1330.82 108000 
9000 85.2029 1345.45 108000 
9100 86.1476 1360.09 108000 
9200 87.0919 1374.78 108000 
9300 88.0355 1389.47 108000 
9400 88.9802 1404.25 108000 
9500 89.9249 1418.99 108000 
9600 90.8717 1433.39 108000 
9700 91.8179 1448.08 108000 
9800 92.763 1462.84 108000 
9900 93.7085 1477.71 108000 
10000 94.6525 1492.44 108000 
10100 95.5985 1507.28 108000 
10200 96.5442 1521.8 108000 
10300 97.4896 1536.52 108000 
10400 98.434 1550.92 108000 
10500 99.3791 1565.9 108000 
10600 100.326 1580.82 108000 
10700 101.273 1595.69 108000 
10800 102.221 1610.42 108000 
10900 103.165 1625.89 108000 
11000 104.109 1640.6 108000 
11100 105.052 1655.02 108000 
11200 105.995 1669.85 108000 
11300 106.939 1684.95 108000 
11400 107.881 1699.91 108000 
11500 108.822 1715.5 108000 
11600 109.763 1731.13 108000 
11700 110.701 1746.52 108000 
11800 111.639 1761.12 108000 
11900 112.578 1776.66 108000 
12000 113.514 1791.76 108000 
12100 114.451 1806.72 108000 
12200 115.388 1821.23 108000 
12300 116.325 1836.7 108000 
12400 117.263 1852.35 108000 
12500 118.201 1867.49 108000 
12600 119.138 1882.83 108000 
12700 120.074 1898.02 108000 
12800 121.009 1912.76 108000 
12900 121.944 1927.54 108000 
13000 122.878 1942.45 108000 
13100 123.812 1957.85 108000 
13200 124.749 1972.43 108000 
13300 125.684 1987.35 108000 
13400 126.618 2001.93 108000 
13500 127.554 2016.44 108000 
13600 128.489 2031.24 108000 
13700 129.423 2046.78 108000 
13800 130.359 2061.94 108000 
13900 131.296 2076.66 108000 
14000 132.231 2091.32 108000 
14100 133.168 2106.34 108000 
14200 134.104 2120.83 108000 
14300 135.039 2135.24 108000 
14400 135.975 2150.19 108000 
14500 136.912 2164.51 108000 
14600 137.848 2179.33 108000 
14700 138.785 2193.97 108000 
14800 139.721 2209.24 108000 
14900 140.658 2223.6 108000 
15000 141.594 2238.25 108000 
15100 142.531 2253.02 108000 
15200 143.468 2268.21 108000 
15300 144.406 2283.2 108000 
15400 145.345 2297.87 108000 
15500 146.282 2312.21 108000 
15600 147.22 2326.9 108000 
15700 148.159 2341.44 108000 
15800 149.097 2356.01 108000 
15900 150.037 2370.79 108000 
16000 150.977 2385.32 108000 
16100 151.917 2399.56 108000 
16200 152.858 2414.19 108000 
16300 153.799 2428.71 108000 
16400 154.742 2443.13 108000 
16500 155.685 2458.07 108000 
16600 156.628 2472.97 108000 
16700 157.57 2487.41 108000 
16800 158.512 2501.65 108000 
16900 159.454 2516.08 108000 
17000 160.394 2530.64 108000 
17100 161.335 2545.12 108000 
17200 162.274 2559.36 108000 
17300 163.213 2573.91 108000 
17400 164.153 2588.69 108000 
17500 165.092 2603.39 108000 
17600 166.031 2617.98 108000 
17700 166.969 2632.7 108000 
17800 167.909 2647.99 108000 
17900 168.847 2663.31 108000 
18000 169.787 2677.74 108000 
18100 170.726 2692.01 108000 
18200 171.665 2707.01 108000 
18300 172.604 2722.16 108000 
18400 173.543 2737.49 108000 
18500 174.48 2751.91 108000 
18600 175.417 2766.57 108000 
18700 176.354 2781.91 108000 
18800 177.289 2796.61 108000 
18900 178.223 2810.89 108000 
19000 179.16 2825.74 108000 
19100 180.097 2839.96 108000 
19200 181.033 2854.66 108000 
19300 181.971 2869.47 108000 
19400 182.907 2884.67 108000 
19500 183.845 2899.77 108000 
19600 184.785 2914.99 108000 
19700 185.724 2930.22 108000 
19800 186.665 2944.81 108000 
19900 187.605 2959.13 108000 
20000 188.545 2974.51 108000 
20100 189.487 2989.54 108000 
20200 190.428 3004.76 108000 
20300 191.37 3020.11 108000 
20400 192.312 3034.99 108000 
20500 193.254 3049.42 108000 
20600 194.195 3064.12 108000 
20700 195.139 3078.95 108000 
20800 196.083 3094.04 108000 
20900 197.024 3108.84 108000 
21000 197.966 3123.92 108000 
21100 198.909 3139.04 108000 
21200 199.852 3153.82 108000 
21300 200.794 3168.85 108000 
21400 201.737 3183.87 108000 
21500 202.68 3198.24 108000 
21600 203.624 3212.96 108000 
21700 204.568 3228.28 108000 
21800 205.51 3242.72 108000 
21900 206.454 3257.07 108000 
22000 207.399 3272.22 108000 
22100 208.343 3287.15 108000 
22200 209.285 3302.16 108000 
22300 210.227 3317.37 108000 
22400 211.171 3331.73 108000 
22500 212.113 3346.66 108000 
22600 213.056 3361.88 108000 
22700 213.999 3376.42 108000 
22800 214.942 3391.36 108000 
22900 215.885 3406.12 108000 
23000 216.824 3421.34 108000 
23100 217.761 3435.69 108000 
23200 218.697 3450.69 108000 
23300 219.632 3464.71 108000 
23400 220.567 3479.74 108000 
23500 221.5 3494.45 108000 
23600 222.432 3509.07 108000 
23700 223.365 3523.44 108000 
23800 224.297 3537.95 108000 
23900 225.231 3552.25 108000 
24000 226.165 3566.74 108000 
24100 227.099 3581.13 108000 
24200 228.032 3595.69 108000 
24300 228.966 3610.64 108000 
24400 229.899 3626.01 108000 
24500 230.833 3639.91 108000 
24600 231.767 3654.49 108000 
24700 232.699 3669.39 108000 
24800 233.633 3684.39 108000 
24900 234.564 3698.92 108000 
25000 235.497 3713.48 108000 
25100 236.431 3727.65 108000 
25200 237.365 3742.56 108000 
25300 238.3 3756.96 108000 
25400 239.234 3771.38 108000 
25500 240.168 3785.92 108000 
25600 241.101 3800.48 108000 
25700 242.035 3814.8 108000 
25800 242.969 3829.19 108000 
25900 243.904 3843.83 108000 
26000 244.838 3858.25 108000 
