# Avida Dominant Data
# Mon Jun 18 09:37:29 2018
#  1: Update
#  2: Average Merit of the Dominant Genotype
#  3: Average Gestation Time of the Dominant Genotype
#  4: Average Fitness of the Dominant Genotype
#  5: Repro Rate?
#  6: Size of Dominant Genotype
#  7: Copied Size of Dominant Genotype
#  8: Executed Size of Dominant Genotype
#  9: Abundance of Dominant Genotype
# 10: Number of Births
# 11: Number of Dominant Breed True?
# 12: Dominant Gene Depth
# 13: Dominant Breed In
# 14: Max Fitness?
# 15: Genotype ID of Dominant Genotype
# 16: Name of the Dominant Genotype

0 0 0 0 0 100 0 0 1 0 0 0 0 2.22507e-308 1 100-aaaaa 
100 97 389 0.249357 0.00257069 100 100 0 54 0 0 0 0 0.249357 1 100-aaaaa 
200 97 389 0.249357 0.00257069 100 100 0 542 10 7 0 0 0.249357 1 100-aaaaa 
300 97 389 0.249357 0.00257069 100 99.9998 0 227 13 10 0 0 0.249357 1 100-aaaaa 
400 97 389 0.249357 0.00257069 100 99.9998 0 72 5 3 0 0 0.249357 1 100-aaaaa 
500 96 385 0.249351 0.0025974 99 99.1066 0 27 1 0 2 0 0.249351 4 099-aaaaa 
600 96 385 0.249351 0.0025974 99 99.1036 0 15 0 0 2 0 0.249351 4 099-aaaaa 
700 98 286 0.342657 0.0034965 101 100.98 0 17 0 0 9 0 0.342657 26458 101-aabcn 
800 98 285 0.34386 0.00350877 101 101 0 26 7 4 11 0 0.34386 33753 101-aabjv 
900 98 385 0.254545 0.0025974 101 101 0 21 2 2 10 0 0.254545 34771 101-aabls 
1000 98 284 0.34507 0.00352113 101 101 0 33 0 0 11 0 0.34507 34160 101-aabkn 
1100 98 284 0.34507 0.00352113 101 101 0 28 4 3 11 0 0.34507 34160 101-aabkn 
1200 98 286 0.342657 0.0034965 101 100.998 0 25 3 3 9 0 0.342657 26458 101-aabcn 
1300 98 282 0.347518 0.0035461 101 101 0 26 1 1 16 0 0.347518 56579 101-aacsu 
1400 98 283 0.34629 0.00353357 101 101 0 23 1 1 16 0 0.34629 67671 101-aaeis 
1500 98 282 0.347518 0.0035461 101 101 0 18 2 1 19 0 0.347518 65109 101-aadmd 
1600 98 283 0.34629 0.00353357 101 101 0 26 1 0 13 0 0.34629 79356 101-aafff 
1700 97 283 0.342756 0.00353357 101 101 0 20 1 1 18 0 0.342756 81534 101-aafnw 
1800 99 279 0.354839 0.00358423 102 102 0 25 0 0 23 0 0.354839 100049 102-aabho 
1900 98 282 0.347518 0.0035461 101 101 0 24 2 2 16 0 0.347518 105009 101-aahtx 
2000 97 277 0.350181 0.00361011 101 101 0 19 3 3 24 0 0.350181 104242 101-aahtq 
2100 98 282 0.347518 0.0035461 101 101 0 27 0 0 20 0 0.347518 120341 101-aajir 
2200 98 276 0.355072 0.00362319 101 101 0 25 5 2 27 0 0.355072 125778 101-aakaf 
2300 98 284 0.34507 0.00352113 101 101 0 19 0 0 18 0 0.34507 96303 101-aagxz 
2400 102 288 0.354167 0.00347222 105 105 0 24 0 0 29 0 0.354167 145736 105-aaaol 
2500 97 275 0.352727 0.00363636 101 101 0 26 2 1 27 0 0.352727 144228 101-aalpu 
2600 98 275 0.356364 0.00363636 102 102 0 25 3 2 27 0 0.356364 160620 102-aacyp 
2700 100 276 0.362319 0.00362319 103 103 0 21 4 1 29 0 0.362319 149217 103-aaauk 
2800 98 274 0.357664 0.00364964 102 102 0 29 4 3 28 0 0.357664 172604 102-aadlf 
2900 100 274 0.364964 0.00364964 103 103 0 21 2 1 37 0 0.364964 179744 103-aabjl 
3000 98 279 0.351254 0.00358423 101 101 0 23 2 1 22 0 0.351254 171564 101-aanys 
3100 98 272 0.360294 0.00367647 103 103 0 19 5 3 39 0 0.360294 188753 103-aabof 
3200 98 274 0.357664 0.00364964 102 102 0 27 4 2 28 0 0.357664 172604 102-aadlf 
3300 99 276 0.358696 0.00362319 102 102 0 22 3 3 43 0 0.358696 209899 102-aafci 
3400 98 272 0.360294 0.00367647 101 101 0 24 2 1 31 0 0.360294 217810 101-aaqsy 
3500 98 273 0.358974 0.003663 101 101 0 19 0 0 30 0 0.358974 216027 101-aaqrf 
3600 98 272 0.360294 0.00367647 101 101 0 28 2 2 31 0 0.360294 217810 101-aaqsy 
3700 98 273 0.358974 0.003663 102 102 0 26 0 0 38 0 0.358974 238131 102-aagkl 
3800 100 271 0.369004 0.00369004 103 103 0 19 2 2 47 0 0.369004 255944 103-aaedv 
3900 100 279 0.358423 0.00358423 103 103 0 18 0 0 31 0 0.358423 254768 103-aaehc 
4000 99 272 0.363971 0.00367647 102 102 0 23 2 1 41 0 0.363971 257829 102-aahin 
4100 99 274 0.361314 0.00364964 102 102 0 20 5 5 33 0 0.361314 268093 102-aahud 
4200 99 274 0.361314 0.00364964 103 103 0 18 3 2 43 0 0.361314 279338 103-aafke 
4300 100 274 0.364964 0.00364964 103 103 0 17 4 2 39 0 0.364964 266306 103-aaeql 
4400 98 273 0.358974 0.003663 103 103 0 21 0 0 45 0 0.358974 283131 103-aafqn 
4500 97 269 0.360595 0.00371747 101 101 0 18 2 2 38 0 0.360595 292499 101-aattz 
4600 97 272 0.356618 0.00367647 102 102.024 0 22 1 1 50 0 0.356618 302932 102-aajfz 
4700 99 272 0.363971 0.00367647 102 102 0 25 0 0 42 0 0.363971 305690 102-aajls 
4800 100 274 0.364964 0.00364964 103 103 0 20 6 4 47 0 0.364964 320979 103-aahxe 
4900 96 273 0.351648 0.003663 102 102 0 21 2 1 50 0 0.351648 331284 102-aaksm 
5000 100 274 0.364964 0.00364964 103 103 0 24 4 3 47 0 0.364964 320979 103-aahxe 
5100 97 266 0.364662 0.0037594 102 102 0 25 0 0 55 0 0.364662 333710 102-aakxm 
5200 100 277 0.361011 0.00361011 103 103 0 32 2 1 57 0 0.361011 314277 103-aahmw 
5300 99 274 0.361314 0.00364964 103 103 0 26 0 0 51 0 0.361314 363717 103-aajwq 
5400 99 273 0.362637 0.003663 102 102 0 20 2 0 55 0 0.362637 368384 102-aamwl 
5500 98 272 0.360294 0.00367647 102 102 0 25 0 0 55 0 0.360294 378586 102-aanna 
5600 97 269 0.360595 0.00371747 104 104 0 20 3 3 61 0 0.360595 375076 104-aabmn 
5700 99 271 0.365314 0.00369004 103 103 0 26 0 0 57 0 0.365314 389762 103-aaljx 
5800 98 272 0.360294 0.00367647 102 102 0 16 0 0 60 0 0.360294 386147 102-aanxg 
5900 98 261 0.375479 0.00383142 101 101 0 23 5 4 54 0 0.375479 395724 101-aawtv 
6000 100 273 0.3663 0.003663 103 103 0 23 0 0 64 0 0.3663 414012 103-aammb 
6100 96.7102 263 0.367719 0.00380228 100 100 0 26 6 4 55 0 0.368821 396318 100-aadux 
6200 100 272 0.367647 0.00367647 103 103 0 34 0 0 46 0 0.367647 400085 103-aalwq 
6300 99 273 0.362637 0.003663 103 103 0 21 0 0 55 0 0.362637 433588 103-aangy 
6400 98 265 0.369811 0.00377358 101 101 0 20 3 1 56 0 0.369811 426787 101-aaxmy 
6500 99 271 0.365314 0.00369004 102 102 0 24 0 0 63 0 0.365314 435430 102-aarci 
6600 100 273 0.3663 0.003663 104 104 0 21 0 0 61 0 0.3663 458281 104-aacez 
6700 99 271 0.365314 0.00369004 102 102 0 23 3 2 64 0 0.365314 446265 102-aarwc 
6800 100 272 0.367647 0.00367647 103 103 0 28 4 2 56 0 0.367647 474730 103-aapab 
6900 98 262 0.374046 0.00381679 101 101 0 24 0 0 62 0 0.374046 477472 101-aazdr 
7000 98 262 0.374046 0.00381679 101 101 0 19 2 2 62 0 0.374046 477472 101-aazdr 
7100 98 263 0.372624 0.00380228 101 101 0 19 2 1 60 0 0.372624 490453 101-aazuc 
7200 98 263 0.372624 0.00380228 101 101 0 25 0 0 63 0 0.372624 492740 101-aazvg 
7300 98 266 0.368421 0.0037594 102 102 0 18 0 0 63 0 0.368421 490043 102-aaufo 
7400 98 273 0.358974 0.003663 102 102 0 24 3 1 75 0 0.358974 509480 102-aavdv 
7500 98 273 0.358974 0.003663 102 102 0 23 2 0 75 0 0.358974 509480 102-aavdv 
7600 99 270 0.366667 0.0037037 102 102 0 23 0 0 76 0 0.366667 530400 102-aawcv 
7700 99 270 0.366667 0.0037037 102 102 0 24 2 2 76 0 0.366667 530400 102-aawcv 
7800 99 270 0.366667 0.0037037 103 103 0 19 3 1 65 0 0.366667 554798 103-aarpq 
7900 98 265 0.369811 0.00377358 101 101 0 26 0 0 71 0 0.369811 562372 101-abdbi 
8000 99 233 0.424893 0.00429185 102 102 0 31 5 4 75 0 0.424893 561475 102-aaxrv 
8100 99 233 0.424893 0.00429185 102 102 0 49 8 5 75 0 0.424893 561475 102-aaxrv 
8200 99 233 0.424893 0.00429185 102 102 0 53 6 4 75 0 0.424893 561475 102-aaxrv 
8300 99 233 0.424893 0.00429185 102 102 0 49 6 5 75 0 0.424893 561475 102-aaxrv 
8400 98 234 0.418803 0.0042735 103 103 0 20 1 1 71 0 0.418803 584624 103-aasoc 
8500 99 233 0.424893 0.00429185 103 103 0 21 1 0 80 0 0.424893 605590 103-aatrb 
8600 98 238 0.411765 0.00420168 103 103 0 20 0 0 74 0 0.411765 615674 103-aaubn 
8700 99 235 0.421277 0.00425532 103 103 0 23 3 2 70 0 0.421277 608393 103-aatsb 
8800 101 237 0.42616 0.00421941 104 104 0 22 2 1 78 0 0.42616 632906 104-aaedk 
8900 99 239 0.414226 0.0041841 103 102.956 0 29 1 1 85 0 0.414226 633627 103-aavcn 
9000 392 236 1.66102 0.00423729 103 103 0 785 54 43 79 0 1.66102 655431 103-aavzl 
9100 392 236 1.66102 0.00423729 103 103 0 532 48 33 79 0 1.66102 655431 103-aavzl 
9200 392 236 1.66102 0.00423729 103 103 0 239 20 17 79 0 1.66102 655431 103-aavzl 
9300 784 237 3.30802 0.00421941 103 103 0 613 61 45 85 0 3.30802 675719 103-aaybr 
9400 3136 237 13.2321 0.00421941 103 103 0 627 113 85 87 0 13.2321 689564 103-aazkq 
9500 3136 237 13.2321 0.00421941 103 103 0 651 74 52 87 0 13.2321 689564 103-aazkq 
9600 3136 237 13.2321 0.00421941 103 103 0 286 22 13 87 0 13.2321 689564 103-aazkq 
9700 3136 237 13.2321 0.00421941 103 103 0 135 19 11 87 0 13.2321 689564 103-aazkq 
9800 3136 237 13.2321 0.00421941 103 103 0 88 11 6 87 0 13.2321 689564 103-aazkq 
9900 3136 237 13.2321 0.00421941 103 103 0 44 4 4 87 0 13.2321 689564 103-aazkq 
10000 3136 237 13.2321 0.00421941 103 103 0 44 1 1 87 0 13.2321 689564 103-aazkq 
10100 3168 239 13.2552 0.0041841 103 103 0 35 2 1 91 0 13.2552 716010 103-abbwd 
10200 3104 238 13.042 0.00420168 102 102 0 23 0 0 94 0 13.042 744798 102-abfbq 
10300 3158.42 238 13.2707 0.00420168 103 103 0 30 4 4 94 0 13.3109 749955 103-abenn 
10400 3237.44 243.17 13.3134 0.00411236 105 105 0 28 8 4 96 0 13.377 757847 105-aacfz 
10500 3123.74 236.617 13.2015 0.00422628 103 103 0 55 8 6 92 0 13.3109 756773 103-abfao 
10600 3124.37 236.636 13.203 0.00422593 103 103 0 39 5 4 92 0 13.3109 756773 103-abfao 
10700 3168 222 14.2703 0.0045045 104 103.996 0 34 9 3 90 0 14.2703 757302 104-aafgj 
10800 3168 221 14.3348 0.00452489 104 104 0 39 4 3 94 0 14.3348 797919 104-aagbg 
10900 3168 223 14.2063 0.0044843 104 104 0 47 4 2 91 0 14.2063 774852 104-aafom 
11000 3136 222 14.1261 0.0045045 104 104 0 51 7 5 91 0 14.1261 767086 104-aaflm 
11100 3168 223 14.2063 0.0044843 104 104 0 32 1 0 93 0 14.2063 824528 104-aagyg 
11200 3168 223 14.2063 0.0044843 104 104 0 39 11 8 93 0 14.2063 824528 104-aagyg 
11300 3168 223 14.2063 0.0044843 104 104 0 41 4 3 93 0 14.2063 824528 104-aagyg 
11400 3145.62 220.301 14.2787 0.00453927 104 104 0 35 2 2 97 0 14.3348 844041 104-aaibw 
11500 3168 223 14.2063 0.0044843 104 104 0 32 3 3 95 0 14.2063 850504 104-aainb 
11600 3145.74 220.304 14.279 0.0045392 104 104 0 28 4 2 97 0 14.3348 844041 104-aaibw 
11700 3168 221.186 14.3228 0.00452109 104 104 0 35 2 1 97 0 14.3348 865966 104-aajqv 
11800 3173.74 222.179 14.2845 0.00450088 104 104 0 31 1 1 92 0 14.3498 827380 104-aahdk 
11900 3232 223 14.4933 0.0044843 104 104 0 37 4 2 97 0 14.4933 878788 104-aakqt 
12000 3104 220 14.1091 0.00454545 104 104 0 33 0 0 97 0 14.1091 890184 104-aalpn 
12100 3174.17 221.193 14.3502 0.00452096 104 104 0 26 7 7 96 0 14.4144 904900 104-aamrx 
12200 3200 223 14.3498 0.0044843 105 105 0 27 0 0 98 0 14.3498 915549 105-aadbp 
12300 3168 219 14.4658 0.00456621 104 104 0 35 0 0 104 0 14.4658 934918 104-aaovn 
12400 3232 224 14.4286 0.00446429 104 104 0 54 3 3 100 0 14.4286 927579 104-aaokc 
12500 3200 225 14.2222 0.00444444 104 104 0 32 1 0 107 0 14.2222 952893 104-aaqcz 
12600 3232 223 14.4933 0.0044843 104 104 0 34 6 3 100 0 14.4933 953605 104-aaqfr 
12700 3248.62 223.52 14.5339 0.0044739 106 105.998 0 39 4 2 106 0 14.5714 968624 106-aaafz 
12800 3200 223 14.3498 0.0044843 105 105 0 39 4 3 102 0 14.3498 971940 105-aadva 
12900 3189.33 222.667 14.3232 0.00449107 104 104 0 36 3 3 105 0 14.3498 975231 104-aarrv 
13000 3168 224 14.1429 0.00446429 104 104 0 28 3 1 104 0 14.1429 995879 104-aasyc 
13100 3200 223 14.3498 0.0044843 104 104 0 45 10 6 110 0 14.3498 989873 104-aasph 
13200 3200 222 14.4144 0.0045045 105 105 0 31 0 0 107 0 14.4144 1015483 105-aaese 
13300 3168 221 14.3348 0.00452489 104 104 0 35 1 1 106 0 14.3348 1005602 104-aatpp 
13400 3130.23 220.82 14.1754 0.0045286 104 104 0 42 3 3 110 0 14.19 1021908 104-aaukk 
13500 3264 225 14.5067 0.00444444 106 106 0 25 5 4 115 0 14.5067 1046270 106-aabec 
13600 3168 221 14.3348 0.00452489 104 104 0 31 0 0 113 0 14.3348 1043543 104-aavni 
13700 3232 225 14.3644 0.00444444 106 106 0 35 2 2 110 0 14.3644 1044689 106-aabde 
13800 3168 221 14.3348 0.00452489 103 103.011 0 56 8 7 110 0 14.3348 1062732 103-abmfj 
13900 3254.56 222.705 14.6137 0.00449026 106 106 0 26 3 3 113 0 14.6368 1062592 106-aabpm 
14000 3232 223 14.4933 0.0044843 104 104 0 42 3 2 106 0 14.4933 1073775 104-aawxt 
14100 3168 221 14.3348 0.00452489 103 103 0 21 4 4 114 0 14.3348 1094139 103-abmlh 
14200 3264 226 14.4425 0.00442478 106 106 0 30 2 1 115 0 14.4425 1111862 106-aadev 
14300 3264 225 14.5067 0.00444444 106 106 0 31 8 5 116 0 14.5067 1110971 106-aadcg 
14400 3232 224 14.4286 0.00446429 106 106 0 31 7 6 113 0 14.4286 1126285 106-aadtv 
14500 3232 224 14.4286 0.00446429 106 106 0 24 4 0 113 0 14.4286 1126285 106-aadtv 
14600 3200 220 14.5455 0.00454545 105 105 0 39 11 9 122 0 14.5455 1131831 105-aahav 
14700 3264 224 14.5714 0.00446429 106 106 0 35 4 3 117 0 14.5714 1130800 106-aadwm 
14800 3232 226 14.3009 0.00442478 106 106 0 27 5 2 123 0 14.3009 1141875 106-aaehb 
14900 3222.27 224 14.3851 0.00446429 104 104 0 29 5 5 117 0 14.4286 1159737 104-aazpi 
15000 3232 225 14.3644 0.00444444 105 105 0 40 4 3 126 0 14.3644 1161412 105-aahpe 
15100 3232 225 14.3644 0.00444444 105 105 0 36 3 3 126 0 14.3644 1161412 105-aahpe 
15200 3232 224 14.4286 0.00446429 104 104 0 38 2 2 114 0 14.4286 1178081 104-aazxz 
15300 3290.82 213.838 15.3892 0.00467645 107 107 0 37 3 2 121 0 15.4019 1192938 107-aaawm 
15400 3264 225 14.5067 0.00444444 106 106 0 31 5 5 121 0 14.5067 1202262 106-aagvg 
15500 3264 223 14.6368 0.0044843 106 106 0 46 8 6 125 0 14.6368 1204062 106-aagxx 
15600 3290.25 213.82 15.3879 0.00467684 107 107 0 66 10 7 121 0 15.4019 1192938 107-aaawm 
15700 3264 224 14.5714 0.00446429 106 106 0 28 2 2 121 0 14.5714 1246055 106-aaiwp 
15800 3290.74 213.836 15.3891 0.0046765 107 107 0 26 1 1 126 0 15.4019 1258622 107-aabxz 
15900 3264 225 14.5067 0.00444444 106 106 0 36 3 2 129 0 14.5067 1250209 106-aajbr 
16000 3318.57 215.705 15.3847 0.00463598 108 107.99 0 45 5 4 123 0 15.4074 1256924 108-aaaeg 
16100 3232 213 15.1737 0.00469484 107 107 0 23 3 2 129 0 15.1737 1284764 107-aacyu 
16200 3328 216 15.4074 0.00462963 107 107 0 27 3 2 133 0 15.4074 1298090 107-aadru 
16300 3264 212 15.3962 0.00471698 107 107 0 25 2 0 125 0 15.3962 1277827 107-aacqt 
16400 3269.57 213.174 15.3375 0.00469102 106 106 0 35 6 5 131 0 15.4019 1313561 106-aalgq 
16500 3296 215 15.3302 0.00465116 107 107 0 33 7 5 135 0 15.3302 1295558 107-aadoa 
16600 3322.63 215.832 15.3945 0.00463324 108 108 0 36 4 3 125 0 15.4074 1305087 108-aaamq 
16700 3290.53 216.829 15.1756 0.00461194 107 107 0 28 5 4 130 0 15.1889 1322973 107-aafaq 
16800 3232 214 15.1028 0.0046729 107 107 0 35 1 0 133 0 15.1028 1345302 107-aagfu 
16900 3264 213 15.3239 0.00469484 107 107 0 27 3 2 134 0 15.3239 1361249 107-aahcv 
17000 3264 214 15.2523 0.0046729 107 107 0 27 1 0 130 0 15.2523 1360803 107-aaheh 
17100 3258.71 211.835 15.3832 0.00472068 107 107 0 24 0 0 131 0 15.3962 1364696 107-aahjo 
17200 3264 214 15.2523 0.0046729 107 107 0 32 2 0 133 0 15.2523 1391637 107-aaixo 
17300 3296 215 15.3302 0.00465116 107 107 0 25 0 0 131 0 15.3302 1383847 107-aailp 
17400 3264 215 15.1814 0.00465116 107 107 0 25 4 3 140 0 15.1814 1406383 107-aajsu 
17500 3264 214 15.2523 0.0046729 106 106 0 30 5 5 139 0 15.2523 1392071 106-aanio 
17600 3264 214 15.2523 0.0046729 106 106 0 27 10 5 139 0 15.2523 1392071 106-aanio 
17700 3264 215 15.1814 0.00465116 107 107 0 29 8 6 142 0 15.1814 1439319 107-aaljk 
17800 3232 214 15.1028 0.0046729 107 107 0 35 5 3 140 0 15.1028 1420046 107-aakkv 
17900 3232 214 15.1028 0.0046729 107 107 0 44 7 3 140 0 15.1028 1420046 107-aakkv 
18000 3232 214 15.1028 0.0046729 107 107 0 39 4 4 140 0 15.1028 1420046 107-aakkv 
18100 3232 214 15.1028 0.0046729 107 107 0 30 1 0 140 0 15.1028 1420046 107-aakkv 
18200 3232 210 15.3905 0.0047619 106 106 0 26 0 0 142 0 15.3905 1484741 106-aaqfg 
18300 3232 210 15.3905 0.0047619 106 106 0 38 4 4 142 0 15.3905 1484741 106-aaqfg 
18400 3296 215 15.3302 0.00465116 107 107 0 28 6 4 142 0 15.3302 1489943 107-aanfm 
18500 3360 217 15.4839 0.00460829 108 108 0 38 1 1 149 0 15.4839 1512427 108-aaevu 
18600 3200 213 15.0235 0.00469484 106 106 0 27 1 1 137 0 15.0235 1516498 106-aarga 
18700 3328 215 15.4791 0.00465116 108 108 0 34 3 2 139 0 15.4791 1499928 108-aaemr 
18800 3290.39 215.825 15.2456 0.0046334 108 108 0 23 0 0 143 0 15.2593 1547284 108-aafyn 
18900 3360 217 15.4839 0.00460829 108 108 0 42 9 6 150 0 15.4839 1530795 108-aafkh 
19000 3360 217 15.4839 0.00460829 108 108 0 36 3 2 150 0 15.4839 1530795 108-aafkh 
19100 3296 215 15.3302 0.00465116 107 107 0 34 3 2 143 0 15.3302 1564827 107-aapfu 
19200 3360 216 15.5556 0.00462963 108 108 0 57 4 4 151 0 15.5556 1573422 108-aagwm 
19300 3360 217 15.4839 0.00460829 108 108 0 37 5 2 152 0 15.4839 1577908 108-aahaq 
19400 3200 211 15.1659 0.00473934 105 105 0 30 4 3 152 0 15.1659 1598889 105-aalnt 
19500 3312.83 213.526 15.5148 0.0046833 107 107 0 34 1 1 154 0 15.5514 1579321 107-aaprm 
19600 3258.51 216.829 15.028 0.00461195 107 107 0 36 6 3 149 0 15.0415 1612582 107-aaqot 
19700 3258.78 216.837 15.0287 0.00461178 107 107 0 26 6 4 149 0 15.0415 1612582 107-aaqot 
19800 3296 214 15.4019 0.0046729 107 107 0 37 9 5 146 0 15.4019 1638124 107-aarmw 
19900 3328 218 15.2661 0.00458716 108 108 0 41 9 5 145 0 15.2661 1621665 108-aaiso 
20000 3328 218 15.2661 0.00458716 108 108 0 54 9 8 145 0 15.2661 1621665 108-aaiso 
