# Avida time data
# Mon Jun 18 09:37:29 2018
#  1: update
#  2: avida time
#  3: average generation
#  4: num_executed?

0 0 0 30 
100 1.03142 6.95868 3630 
200 2.07422 14.9278 108000 
300 3.11475 22.7442 108000 
400 4.15065 30.4417 108000 
500 5.18146 38.1364 108000 
600 6.20606 45.8097 108000 
700 7.22402 53.5794 108000 
800 8.23883 61.4583 108000 
900 9.25286 69.8906 108000 
1000 10.2691 80.8547 108000 
1100 11.2821 94.5019 108000 
1200 12.2914 107.559 108000 
1300 13.3009 119.56 108000 
1400 14.314 130.349 108000 
1500 15.3259 140.856 108000 
1600 16.3357 151.483 108000 
1700 17.345 161.975 108000 
1800 18.3593 172.835 108000 
1900 19.3744 183.579 108000 
2000 20.388 194.395 108000 
2100 21.4029 205.178 108000 
2200 22.4168 215.884 108000 
2300 23.4392 226.699 108000 
2400 24.4621 237.538 108000 
2500 25.4849 248.659 108000 
2600 26.507 259.546 108000 
2700 27.5294 270.678 108000 
2800 28.5529 281.434 108000 
2900 29.5743 292.284 108000 
3000 30.5953 303.292 108000 
3100 31.6163 314.292 108000 
3200 32.639 325.431 108000 
3300 33.662 336.59 108000 
3400 34.684 347.573 108000 
3500 35.7075 358.824 108000 
3600 36.7308 369.874 108000 
3700 37.7549 381.034 108000 
3800 38.7767 392.012 108000 
3900 39.7956 403.192 108000 
4000 40.817 414.134 108000 
4100 41.837 425.037 108000 
4200 42.8576 436.272 108000 
4300 43.8781 447.599 108000 
4400 44.9012 458.74 108000 
4500 45.9229 469.969 108000 
4600 46.9447 481.447 108000 
4700 47.9661 492.627 108000 
4800 48.989 503.843 108000 
4900 50.0119 515.1 108000 
5000 51.0347 526.255 108000 
5100 52.0559 537.176 108000 
5200 53.0764 548.167 108000 
5300 54.0974 559.505 108000 
5400 55.1164 570.537 108000 
5500 56.1354 581.752 108000 
5600 57.1547 593.332 108000 
5700 58.1782 604.708 108000 
5800 59.2008 615.962 108000 
5900 60.2243 627.42 108000 
6000 61.2481 638.722 108000 
6100 62.2729 650.182 108000 
6200 63.2977 661.754 108000 
6300 64.3235 673.077 108000 
6400 65.3483 684.282 108000 
6500 66.3723 695.605 108000 
6600 67.3965 707.069 108000 
6700 68.4207 718.382 108000 
6800 69.4456 729.409 108000 
6900 70.4698 740.709 108000 
7000 71.4938 752.205 108000 
7100 72.5173 763.831 108000 
7200 73.5418 775.316 108000 
7300 74.5641 786.681 108000 
7400 75.584 797.643 108000 
7500 76.6029 808.82 108000 
7600 77.6205 820.429 108000 
7700 78.6389 831.914 108000 
7800 79.6576 843.481 108000 
7900 80.6777 855.45 108000 
8000 81.6994 867.187 108000 
8100 82.7215 880.261 108000 
8200 83.7394 894.897 108000 
8300 84.7586 909.908 108000 
8400 85.779 924.698 108000 
8500 86.7983 938.205 108000 
8600 87.819 951.231 108000 
8700 88.8408 964.64 108000 
8800 89.862 977.788 108000 
8900 90.8826 990.829 108000 
9000 91.7478 1014.28 108000 
9100 92.0282 1033.82 108000 
9200 92.2967 1047.25 108000 
9300 92.5349 1065.73 108000 
9400 92.67 1089.36 108000 
9500 92.7077 1111.36 108000 
9600 92.7419 1124.84 108000 
9700 92.7761 1138.35 108000 
9800 92.8103 1152.15 108000 
9900 92.8445 1165.51 108000 
10000 92.8785 1179.03 108000 
10100 92.9125 1192.43 108000 
10200 92.9465 1206.08 108000 
10300 92.9807 1219.61 108000 
10400 93.0146 1233.21 108000 
10500 93.0487 1246.96 108000 
10600 93.0828 1260.77 108000 
10700 93.1168 1274.77 108000 
10800 93.1509 1289.23 108000 
10900 93.1851 1304.15 108000 
11000 93.2192 1319.95 108000 
11100 93.2531 1335.39 108000 
11200 93.2872 1350.87 108000 
11300 93.3212 1366.27 108000 
11400 93.3555 1381.65 108000 
11500 93.3895 1396.7 108000 
11600 93.4235 1412.04 108000 
11700 93.4575 1426.74 108000 
11800 93.4916 1441.59 108000 
11900 93.5258 1456.21 108000 
12000 93.5598 1470.96 108000 
12100 93.5938 1485.83 108000 
12200 93.6278 1500.44 108000 
12300 93.6618 1515.23 108000 
12400 93.6957 1530.18 108000 
12500 93.7296 1544.95 108000 
12600 93.7633 1559.81 108000 
12700 93.7971 1574.4 108000 
12800 93.8308 1589.01 108000 
12900 93.8644 1603.64 108000 
13000 93.8979 1617.92 108000 
13100 93.9314 1632.33 108000 
13200 93.9649 1647.08 108000 
13300 93.9982 1661.6 108000 
13400 94.0316 1676.23 108000 
13500 94.0651 1690.75 108000 
13600 94.0985 1705.37 108000 
13700 94.1319 1719.75 108000 
13800 94.1653 1734.36 108000 
13900 94.1985 1748.57 108000 
14000 94.2318 1763.29 108000 
14100 94.2651 1777.79 108000 
14200 94.2983 1792.51 108000 
14300 94.3316 1807.22 108000 
14400 94.3649 1821.61 108000 
14500 94.3983 1835.76 108000 
14600 94.4313 1850.33 108000 
14700 94.4645 1864.91 108000 
14800 94.4977 1879.3 108000 
14900 94.5306 1893.65 108000 
15000 94.5636 1908.13 108000 
15100 94.5966 1922.12 108000 
15200 94.6296 1936.56 108000 
15300 94.6626 1950.86 108000 
15400 94.6957 1965.46 108000 
15500 94.7286 1980.85 108000 
15600 94.7616 1995.95 108000 
15700 94.7942 2010.6 108000 
15800 94.8272 2026.26 108000 
15900 94.8599 2042.4 108000 
16000 94.8926 2058.68 108000 
16100 94.9252 2074.38 108000 
16200 94.9579 2091.07 108000 
16300 94.9905 2106.68 108000 
16400 95.023 2122.43 108000 
16500 95.0556 2137.6 108000 
16600 95.0881 2153.58 108000 
16700 95.1206 2169.02 108000 
16800 95.1533 2184.28 108000 
16900 95.1858 2199.39 108000 
17000 95.2186 2214.45 108000 
17100 95.2513 2229.7 108000 
17200 95.2839 2244.81 108000 
17300 95.3166 2259.64 108000 
17400 95.3492 2274.76 108000 
17500 95.3817 2289.64 108000 
17600 95.4144 2304.89 108000 
17700 95.4471 2319.96 108000 
17800 95.4796 2334.87 108000 
17900 95.5122 2349.74 108000 
18000 95.5448 2365 108000 
18100 95.5774 2380.21 108000 
18200 95.6101 2395.35 108000 
18300 95.6428 2410.72 108000 
18400 95.6756 2425.75 108000 
18500 95.7082 2440.9 108000 
18600 95.7409 2456.08 108000 
18700 95.7733 2471.13 108000 
18800 95.8058 2486.13 108000 
18900 95.8384 2500.88 108000 
19000 95.8708 2516 108000 
19100 95.9033 2531.09 108000 
19200 95.9357 2546.36 108000 
19300 95.9682 2561.39 108000 
19400 96.0006 2576.2 108000 
19500 96.0329 2591.15 108000 
19600 96.0652 2605.92 108000 
19700 96.0975 2620.66 108000 
19800 96.1299 2635.88 108000 
19900 96.1622 2650.36 108000 
20000 96.1945 2665.56 108000 
