# Avida Average Data
# Tue Jun  5 10:54:30 2018
#  1: Update
#  2: Merit
#  3: Gestation Time
#  4: Fitness
#  5: Repro Rate?
#  6: (deprecated) Size
#  7: Copied Size
#  8: Executed Size
#  9: (deprecated) Abundance
# 10: Proportion of organisms that gave birth in this update
# 11: Proportion of Breed True Organisms
# 12: (deprecated) Genotype Depth
# 13: Generation
# 14: Neutral Metric
# 15: Lineage Label
# 16: True Replication Rate (based on births/update, time-averaged)

0 306.068 18.9386 0.0416857 0 0 111.119 110.751 0 1.04361 1.03111 0 0.0855556 0.00298693 0 0 
100 107.687 226.331 0.4839 0 0 110.864 106.161 0 0.0872222 0.0580556 0 13.2739 0.190172 0 0 
200 107.521 223.709 0.48424 0 0 110.823 105.998 0 0.0708333 0.0466667 0 26.9164 -0.0733352 0 0 
300 107.303 224.887 0.48306 0 0 110.828 105.76 0 0.0780556 0.0530556 0 40.7036 0.0262937 0 0 
400 107.061 223.625 0.483251 0 0 110.681 105.446 0 0.0822222 0.0547222 0 54.3975 -0.888382 0 0 
500 106.797 224.781 0.48231 0 0 110.593 105.287 0 0.09 0.0652778 0 68.2408 -0.44394 0 0.316417 
600 106.973 225.297 0.483289 0 0 110.713 105.424 0 0.0827778 0.0577778 0 82.0467 -0.105411 0 0.295407 
700 106.934 222.888 0.483903 0 0 110.683 105.408 0 0.0886111 0.0619444 0 95.9964 -0.0496333 0 0.295303 
800 106.707 224.649 0.482678 0 0 110.626 105.21 0 0.0816667 0.0544444 0 109.882 0.144992 0 0.295048 
900 106.672 223.622 0.483484 0 0 110.725 105.261 0 0.0861111 0.0591667 0 123.841 0.65038 0 0.295055 
1000 106.733 223.617 0.483681 0 0 110.662 105.209 0 0.0838889 0.0558333 0 137.858 0.71704 0 0.295421 
1100 106.576 225.219 0.482165 0 0 110.597 105.132 0 0.08 0.0561111 0 152.012 2.35906 0 0.295651 
1200 106.729 222.743 0.484291 0 0 110.593 105.216 0 0.0727778 0.0516667 0 166.034 1.14703 0 0.295733 
1300 106.602 222.123 0.484235 0 0 110.679 105.154 0 0.0852778 0.0572222 0 180.19 0.866286 0 0.295805 
1400 106.581 223.458 0.483462 0 0 110.691 105.084 0 0.0805556 0.0544444 0 194.184 1.69836 0 0.295616 
1500 106.407 225.455 0.482478 0 0 110.681 104.944 0 0.0933333 0.0594444 0 208.382 3.03562 0 0.295132 
1600 106.273 223.403 0.483269 0 0 110.631 104.836 0 0.0861111 0.0591667 0 222.678 4.85655 0 0.294728 
1700 106.643 223.834 0.483945 0 0 110.807 105.052 0 0.0875 0.0605556 0 236.876 6.13654 0 0.294641 
1800 106.315 222.716 0.484039 0 0 110.786 104.733 0 0.085 0.0547222 0 251.15 8.06484 0 0.295048 
1900 106.456 225.81 0.483537 0 0 110.828 104.984 0 0.0836111 0.0597222 0 265.554 8.90866 0 0.295388 
2000 106.774 224.823 0.484317 0 0 110.926 105.208 0 0.0897222 0.0597222 0 279.926 9.04673 0 0.295145 
2100 106.608 221.46 0.485351 0 0 110.94 105.127 0 0.0816667 0.0583333 0 293.877 8.15739 0 0.295551 
2200 106.318 221.376 0.484262 0 0 110.809 104.816 0 0.08 0.0530556 0 308.063 8.19263 0 0.29529 
2300 106.398 223.029 0.483485 0 0 110.821 104.942 0 0.0911111 0.0677778 0 322.671 6.94865 0 0.295247 
2400 106.7 222.668 0.485173 0 0 110.893 105.109 0 0.0958333 0.0652778 0 337.238 7.40589 0 0.294817 
2500 106.457 221.474 0.485511 0 0 110.845 105.004 0 0.0852778 0.0561111 0 351.842 7.65277 0 0.295434 
2600 106.467 221.803 0.484554 0 0 110.884 105.009 0 0.0955556 0.0616667 0 365.882 7.96856 0 0.295309 
2700 106.6 225.303 0.483849 0 0 110.883 105.084 0 0.0808333 0.0572222 0 379.913 8.78492 0 0.295462 
2800 106.452 222.508 0.484583 0 0 110.888 104.989 0 0.0838889 0.0558333 0 393.882 9.75368 0 0.295401 
2900 106.387 223.635 0.483911 0 0 110.761 104.896 0 0.0788889 0.0513889 0 408.101 10.2147 0 0.295884 
3000 106.558 222.243 0.48485 0 0 110.736 104.975 0 0.0730556 0.0483333 0 422.142 10.4188 0 0.296246 
3100 106.234 222.79 0.484256 0 0 110.657 104.727 0 0.0786111 0.0519444 0 436.453 10.1826 0 0.29628 
3200 106.482 224.706 0.483906 0 0 110.651 104.917 0 0.0852778 0.0552778 0 450.977 11.1111 0 0.29664 
3300 106.251 225.116 0.482886 0 0 110.579 104.842 0 0.0891667 0.0633333 0 465.273 8.8059 0 0.29679 
3400 106.644 222.605 0.485248 0 0 110.698 105.184 0 0.0936111 0.0644444 0 479.532 9.02313 0 0.296602 
3500 106.347 222.588 0.484702 0 0 110.541 104.859 0 0.0930556 0.065 0 493.847 6.10598 0 0.296428 
3600 106.265 221.321 0.484419 0 0 110.493 104.865 0 0.0883333 0.0605556 0 508.318 6.23178 0 0.296219 
3700 106.093 222.521 0.484059 0 0 110.392 104.636 0 0.0886111 0.0602778 0 523.111 8.58438 0 0.296422 
3800 106.525 224.22 0.483981 0 0 110.573 104.952 0 0.0858333 0.0602778 0 537.119 8.86567 0 0.296422 
3900 106.604 222.547 0.485256 0 0 110.619 105.102 0 0.0780556 0.0544444 0 551.401 8.40484 0 0.296496 
4000 106.262 221.307 0.484363 0 0 110.349 104.837 0 0.0922222 0.0638889 0 565.43 8.04473 0 0.296743 
4100 106.389 222.607 0.483743 0 0 110.578 104.962 0 0.0911111 0.0611111 0 579.414 7.11149 0 0.297024 
4200 106.309 225.004 0.483137 0 0 110.47 104.891 0 0.0986111 0.0658333 0 593.839 6.98875 0 0.296374 
4300 106.295 220.838 0.485358 0 0 110.444 104.825 0 0.0744444 0.0522222 0 608.388 8.26207 0 0.296546 
4400 106.451 221.873 0.485758 0 0 110.606 104.959 0 0.085 0.0552778 0 622.598 8.84825 0 0.296776 
4500 106.053 221.326 0.484532 0 0 110.339 104.586 0 0.0788889 0.0552778 0 637.326 8.89637 0 0.296474 
4600 106.343 222.081 0.485171 0 0 110.511 104.824 0 0.075 0.0491667 0 651.41 7.95931 0 0.296199 
4700 106.322 221.025 0.485227 0 0 110.522 104.892 0 0.0888889 0.0594444 0 665.205 6.11123 0 0.296555 
4800 106.145 219.785 0.48526 0 0 110.383 104.596 0 0.0819444 0.0586111 0 679.173 5.06432 0 0.296509 
4900 105.741 220.347 0.483837 0 0 110.226 104.298 0 0.085 0.0625 0 693.784 8.12209 0 0.296274 
5000 105.977 218.704 0.485958 0 0 110.429 104.536 0 0.0922222 0.0608333 0 708.079 5.11276 0 0.296226 
5100 105.792 220.64 0.484942 0 0 110.396 104.421 0 0.0836111 0.0583333 0 722.632 6.53067 0 0.296792 
5200 105.769 220.729 0.484836 0 0 110.357 104.359 0 0.0975 0.0697222 0 737.107 4.98657 0 0.296915 
5300 105.654 219.246 0.484818 0 0 110.307 104.266 0 0.0955556 0.0594444 0 751.431 6.3035 0 0.297215 
5400 105.673 220.748 0.485515 0 0 110.202 104.168 0 0.0983333 0.0661111 0 766.013 8.36178 0 0.297379 
5500 105.366 221.875 0.483965 0 0 110.171 103.997 0 0.0966667 0.0688889 0 780.9 9.31212 0 0.297615 
5600 105.11 220.33 0.483561 0 0 110.002 103.662 0 0.085 0.0575 0 795.241 8.62509 0 0.297517 
5700 105.247 219.023 0.484314 0 0 110.174 103.798 0 0.0902778 0.0633333 0 809.171 8.82121 0 0.297734 
5800 104.812 219.88 0.482954 0 0 110.004 103.458 0 0.0841667 0.0538889 0 823.634 10.5431 0 0.297804 
5900 104.707 220.957 0.481619 0 0 109.911 103.305 0 0.0869444 0.0597222 0 838.102 10.5031 0 0.297479 
6000 105.1 220.348 0.483423 0 0 110.097 103.642 0 0.0791667 0.0519444 0 852.728 12.4369 0 0.297477 
6100 104.844 218.231 0.483454 0 0 109.881 103.427 0 0.0855556 0.0577778 0 867.304 16.0871 0 0.297034 
6200 104.732 221.258 0.481761 0 0 109.758 103.311 0 0.0841667 0.0605556 0 881.336 15.4522 0 0.296378 
6300 104.841 221.042 0.48176 0 0 109.759 103.362 0 0.0877778 0.0619444 0 895.554 15.3266 0 0.296157 
6400 104.909 219.788 0.482831 0 0 109.876 103.479 0 0.0816667 0.0555556 0 909.928 15.67 0 0.29617 
6500 104.79 219.04 0.482467 0 0 109.815 103.325 0 0.0819444 0.0563889 0 924.265 15.0103 0 0.296168 
6600 104.547 219.666 0.481031 0 0 109.806 103.168 0 0.085 0.06 0 938.941 14.9575 0 0.29616 
6700 104.349 220.334 0.479738 0 0 109.723 102.99 0 0.0783333 0.0536111 0 953.148 15.7863 0 0.296357 
6800 104.441 220.611 0.480614 0 0 109.715 103.023 0 0.0902778 0.0569444 0 967.577 18.0669 0 0.296027 
6900 104.605 219.28 0.481595 0 0 109.723 103.155 0 0.0827778 0.0536111 0 981.586 17.2442 0 0.296256 
7000 104.847 220.389 0.481917 0 0 109.801 103.374 0 0.0811111 0.0536111 0 996.2 16.1492 0 0.295798 
7100 104.978 219.197 0.482774 0 0 109.922 103.569 0 0.0866667 0.0577778 0 1010.6 19.1985 0 0.295624 
7200 104.76 220.974 0.481139 0 0 109.759 103.274 0 0.0913889 0.0630556 0 1025.3 23.2884 0 0.295356 
7300 104.796 221.393 0.480294 0 0 109.848 103.392 0 0.0897222 0.0658333 0 1039.03 20.8337 0 0.295321 
7400 105.092 219.043 0.482947 0 0 109.926 103.666 0 0.0866667 0.0613889 0 1053.8 21.0195 0 0.295391 
7500 104.995 220.145 0.481478 0 0 109.829 103.49 0 0.0891667 0.0633333 0 1068.21 22.5173 0 0.295635 
7600 105.13 220.562 0.481839 0 0 109.888 103.68 0 0.0902778 0.0611111 0 1082.89 23.6763 0 0.296127 
7700 104.913 220.816 0.480659 0 0 109.713 103.491 0 0.0802778 0.0552778 0 1097.19 23.8095 0 0.296838 
7800 105.155 222.369 0.480109 0 0 109.859 103.653 0 0.0866667 0.0588889 0 1111.63 21.4803 0 0.296692 
7900 105.275 222.209 0.481333 0 0 110.024 103.864 0 0.0908333 0.0633333 0 1126.42 22.8129 0 0.295914 
8000 105.396 221.17 0.481843 0 0 109.895 103.85 0 0.0758333 0.0519444 0 1140.54 23.7918 0 0.295992 
8100 105.688 220.426 0.483297 0 0 109.981 104.134 0 0.0841667 0.0566667 0 1154.81 24.7283 0 0.295422 
8200 105.693 221.906 0.482302 0 0 110.004 104.292 0 0.0911111 0.0602778 0 1169.56 25.6808 0 0.294706 
8300 105.309 223.038 0.480359 0 0 109.854 103.739 0 0.0875 0.0608333 0 1183.53 26.3045 0 0.294611 
8400 105.093 220.895 0.481083 0 0 109.66 103.617 0 0.0777778 0.0525 0 1197.95 27.7202 0 0.295146 
8500 105.338 221.47 0.480642 0 0 109.817 103.784 0 0.0861111 0.0575 0 1211.69 25.1953 0 0.294769 
8600 105.346 220.717 0.481099 0 0 109.774 103.853 0 0.0986111 0.0675 0 1225.81 25.9913 0 0.294826 
8700 105.427 221.104 0.480933 0 0 109.927 104.039 0 0.0775 0.0472222 0 1239.98 24.7068 0 0.29557 
8800 105.406 223.21 0.480442 0 0 109.766 103.944 0 0.0755556 0.0505556 0 1254.34 28.0363 0 0.295725 
8900 105.442 221.477 0.481502 0 0 109.83 103.929 0 0.0811111 0.0597222 0 1268.46 29.3893 0 0.295841 
9000 105.535 222.645 0.480699 0 0 109.916 104.169 0 0.0858333 0.0627778 0 1282.64 30.8493 0 0.296204 
9100 105.039 223.463 0.478364 0 0 109.52 103.624 0 0.0886111 0.0608333 0 1296.84 30.8934 0 0.295947 
9200 105.226 221.343 0.47968 0 0 109.655 103.766 0 0.0886111 0.0572222 0 1311.27 33.5148 0 0.295351 
9300 105.533 221.89 0.480782 0 0 109.848 103.987 0 0.0805556 0.0561111 0 1325.2 33.2398 0 0.295327 
9400 105.433 222.836 0.480234 0 0 109.704 103.961 0 0.0891667 0.065 0 1339.63 36.4315 0 0.295351 
9500 105.82 223.165 0.480367 0 0 109.943 104.358 0 0.0938889 0.0630556 0 1353.77 35.7897 0 0.295215 
9600 105.812 221.689 0.482013 0 0 109.942 104.349 0 0.0805556 0.0569444 0 1368.06 37.4715 0 0.29619 
9700 105.979 222.26 0.481403 0 0 110.153 104.498 0 0.0825 0.0602778 0 1382.71 39.911 0 0.296319 
9800 106.16 225.498 0.480681 0 0 110.088 104.628 0 0.0761111 0.0491667 0 1397.14 41.333 0 0.296556 
9900 105.806 221.528 0.482746 0 0 109.993 104.423 0 0.0794444 0.06 0 1412.11 43.0525 0 0.296623 
10000 106.075 221.549 0.484075 0 0 110.065 104.536 0 0.0722222 0.0488889 0 1427.04 45.0656 0 0.296901 
10100 106.067 225.311 0.480867 0 0 109.98 104.568 0 0.0863889 0.0558333 0 1441.97 47.7765 0 0.296666 
10200 106.47 225.862 0.481842 0 0 110.241 104.963 0 0.0744444 0.0536111 0 1456.45 48.1934 0 0.296898 
10300 106.682 223.41 0.483681 0 0 110.418 105.164 0 0.0780556 0.0541667 0 1470.77 49.6538 0 0.296773 
10400 106.472 224.005 0.483059 0 0 110.328 105.042 0 0.0847222 0.06 0 1484.8 47.3716 0 0.297036 
10500 107.064 223.026 0.484659 0 0 110.647 105.541 0 0.0761111 0.0513889 0 1499.23 48.4614 0 0.297152 
10600 106.885 223.496 0.484203 0 0 110.572 105.35 0 0.1 0.0644444 0 1513.37 47.7856 0 0.297635 
10700 106.913 224.939 0.484199 0 0 110.597 105.461 0 0.0766667 0.0530556 0 1527.27 45.8963 0 0.297655 
10800 106.901 223.137 0.484615 0 0 110.682 105.479 0 0.0980556 0.0658333 0 1541.93 47.1933 0 0.297813 
10900 107.176 225.73 0.484876 0 0 110.753 105.699 0 0.0908333 0.0597222 0 1555.91 47.1637 0 0.297701 
11000 107.061 224.87 0.483775 0 0 110.722 105.591 0 0.0794444 0.0547222 0 1569.95 47.9934 0 0.297887 
11100 107.074 224.948 0.483936 0 0 110.818 105.548 0 0.0847222 0.0566667 0 1584.35 46.5619 0 0.297482 
11200 107.241 225.966 0.483217 0 0 110.779 105.689 0 0.0880556 0.0619444 0 1598.78 47.1456 0 0.297466 
11300 107.507 224.821 0.485259 0 0 110.896 105.978 0 0.0894444 0.0613889 0 1612.94 46.3843 0 0.29736 
11400 107.149 225.918 0.482698 0 0 110.785 105.726 0 0.085 0.0583333 0 1627.02 45.9012 0 0.297557 
11500 107.576 223.658 0.486626 0 0 110.918 106.037 0 0.0844444 0.0597222 0 1640.91 42.5341 0 0.297319 
11600 107.389 224.655 0.485267 0 0 110.804 105.935 0 0.0830556 0.0558333 0 1655.42 39.1871 0 0.297865 
11700 107.582 223.713 0.485778 0 0 110.932 106.097 0 0.0758333 0.0505556 0 1669.88 40.4072 0 0.298205 
11800 107.616 225.199 0.485057 0 0 110.989 106.066 0 0.0822222 0.0569444 0 1684.01 41.5283 0 0.298595 
11900 107.904 226.114 0.485863 0 0 110.936 106.342 0 0.0847222 0.06 0 1698.38 41.6712 0 0.298476 
12000 107.96 224.831 0.486592 0 0 111.068 106.464 0 0.0922222 0.0630556 0 1712.35 38.836 0 0.298969 
12100 107.866 225.918 0.485553 0 0 111.014 106.378 0 0.075 0.0522222 0 1726.66 40.5556 0 0.298707 
12200 107.907 224.891 0.486126 0 0 110.864 106.384 0 0.085 0.0566667 0 1740.96 43.6162 0 0.298817 
12300 107.806 224.643 0.485788 0 0 110.714 106.366 0 0.0822222 0.0569444 0 1755.3 43.3652 0 0.299037 
12400 108 226.655 0.484999 0 0 110.814 106.443 0 0.0827778 0.0505556 0 1769.27 46.7542 0 0.299043 
12500 108.135 224.416 0.48606 0 0 110.831 106.573 0 0.0733333 0.0530556 0 1783.16 50.0241 0 0.298586 
12600 108.084 225.293 0.485049 0 0 111.014 106.599 0 0.0819444 0.0541667 0 1796.95 48.7909 0 0.298827 
12700 108.174 225.211 0.485323 0 0 110.977 106.628 0 0.0825 0.0563889 0 1810.86 52.7143 0 0.298699 
12800 108.436 229.595 0.484329 0 0 111.103 106.853 0 0.0877778 0.0611111 0 1825.13 53.7995 0 0.298771 
12900 108.49 232.472 0.482974 0 0 111.243 106.864 0 0.0808333 0.0558333 0 1839.08 54.2591 0 0.298545 
13000 108.193 227.321 0.483731 0 0 111.119 106.698 0 0.0811111 0.0608333 0 1853.25 57.5398 0 0.298707 
13100 108.336 227.191 0.484519 0 0 111.064 106.792 0 0.0708333 0.0463889 0 1867.79 55.3306 0 0.298592 
13200 108.624 230.091 0.484777 0 0 111.214 107.021 0 0.0791667 0.0572222 0 1882.02 52.1068 0 0.298862 
13300 108.701 224.757 0.487008 0 0 111.134 107.11 0 0.0863889 0.0566667 0 1895.77 52.8066 0 0.298317 
13400 108.503 226.323 0.485873 0 0 111.053 106.949 0 0.0852778 0.0580556 0 1909.73 53.8355 0 0.298684 
13500 108.535 229.523 0.484284 0 0 111.194 107.011 0 0.0916667 0.0633333 0 1923.87 51.8635 0 0.298725 
13600 108.367 227.339 0.484329 0 0 110.99 106.822 0 0.0777778 0.0508333 0 1937.62 53.1455 0 0.298821 
13700 108.188 227.625 0.483364 0 0 111.027 106.632 0 0.0813889 0.0533333 0 1951.41 53.5548 0 0.298575 
13800 108.705 226.261 0.485916 0 0 111.194 107.047 0 0.0808333 0.0561111 0 1965.38 56.7857 0 0.299264 
13900 108.402 229.749 0.481965 0 0 111.228 106.854 0 0.0744444 0.05 0 1979.03 58.2581 0 0.299147 
14000 108.583 229.365 0.483471 0 0 111.437 107.006 0 0.0858333 0.0577778 0 1992.99 60.735 0 0.299148 
14100 108.633 227.762 0.484563 0 0 111.332 107.004 0 0.0833333 0.0541667 0 2006.85 56.7899 0 0.298714 
14200 108.316 227.283 0.482574 0 0 111.256 106.801 0 0.0916667 0.0630556 0 2020.32 55.9091 0 0.298885 
14300 108.46 230.481 0.481803 0 0 111.333 106.916 0 0.0816667 0.0580556 0 2033.51 55.0479 0 0.298298 
14400 108.208 226.485 0.482212 0 0 111.025 106.754 0 0.0747222 0.0491667 0 2047.4 58.5372 0 0.298286 
14500 108.372 230.562 0.481598 0 0 111.113 106.845 0 0.0808333 0.0586111 0 2062.09 57.1232 0 0.298184 
14600 107.703 228.724 0.480638 0 0 110.873 106.267 0 0.08 0.0563889 0 2076.01 58.3125 0 0.297902 
14700 108.096 227.761 0.481299 0 0 111.019 106.521 0 0.0866667 0.0611111 0 2090.06 58.5969 0 0.297265 
14800 108.398 228.875 0.481695 0 0 111.031 106.795 0 0.0972222 0.0658333 0 2104.07 58.0477 0 0.297226 
14900 108.665 227.971 0.483544 0 0 111.155 107.067 0 0.0772222 0.0525 0 2118.33 54.2663 0 0.296896 
15000 108.634 229.439 0.483051 0 0 111.169 107.014 0 0.0761111 0.0472222 0 2132.57 51.735 0 0.297052 
15100 108.306 228.133 0.481838 0 0 110.918 106.748 0 0.0944444 0.0669444 0 2146.57 49.3038 0 0.297257 
15200 108.247 229.944 0.480193 0 0 110.915 106.705 0 0.0863889 0.0622222 0 2160.29 47.9999 0 0.297456 
15300 108.274 229.48 0.480793 0 0 111.001 106.797 0 0.0855556 0.0608333 0 2174.13 52.2007 0 0.297206 
15400 108.73 229.115 0.482578 0 0 111.147 107.151 0 0.0744444 0.05 0 2188.01 51.7095 0 0.297733 
15500 108.713 231.54 0.481378 0 0 111.156 107.104 0 0.0827778 0.0563889 0 2201.84 51.6551 0 0.297178 
15600 108.959 228.738 0.483302 0 0 111.16 107.286 0 0.0852778 0.0580556 0 2215.79 50.8475 0 0.297092 
15700 108.623 228.941 0.481705 0 0 111.047 106.997 0 0.0891667 0.0619444 0 2230.2 50.8086 0 0.29699 
15800 108.962 229.11 0.483222 0 0 111.248 107.354 0 0.0780556 0.0525 0 2244.2 51.5368 0 0.296852 
15900 108.876 231.931 0.481107 0 0 111.284 107.317 0 0.0827778 0.0563889 0 2258.25 48.585 0 0.296497 
16000 108.964 230.562 0.481341 0 0 111.252 107.293 0 0.0844444 0.0605556 0 2272.22 46.0459 0 0.296692 
16100 108.812 229.147 0.48177 0 0 111.212 107.269 0 0.0738889 0.0497222 0 2286.51 44.8701 0 0.296625 
16200 108.89 232.159 0.479944 0 0 111.265 107.289 0 0.0808333 0.0533333 0 2300.28 46.6145 0 0.296398 
16300 108.755 234.032 0.478319 0 0 111.261 107.115 0 0.0772222 0.0519444 0 2314.5 45.8775 0 0.296569 
16400 108.835 232.569 0.480156 0 0 111.386 107.295 0 0.0769444 0.0541667 0 2328.37 48.6402 0 0.296433 
16500 108.513 231.132 0.480329 0 0 111.151 106.966 0 0.0961111 0.065 0 2342.27 46.4095 0 0.296337 
16600 108.737 230.664 0.481425 0 0 111.355 107.17 0 0.0666667 0.0463889 0 2355.87 44.0813 0 0.296418 
16700 108.947 232.702 0.480803 0 0 111.351 107.411 0 0.0875 0.0583333 0 2369.7 44.2913 0 0.296551 
16800 109.049 232.36 0.481196 0 0 111.244 107.425 0 0.0822222 0.0558333 0 2383.78 43.1365 0 0.297078 
16900 108.635 230.779 0.481571 0 0 111.165 107.125 0 0.0788889 0.0580556 0 2397.52 40.4091 0 0.29727 
17000 108.761 232.349 0.480592 0 0 111.341 107.196 0 0.0786111 0.0522222 0 2411.7 38.8553 0 0.297255 
17100 108.861 232.969 0.480361 0 0 111.275 107.161 0 0.0752778 0.0494444 0 2425.55 37.3751 0 0.297419 
17200 108.466 231.123 0.480923 0 0 111.116 106.9 0 0.0911111 0.0658333 0 2439.19 35.5383 0 0.297751 
17300 108.42 229.666 0.481179 0 0 111.119 106.804 0 0.0766667 0.0544444 0 2453.06 35.8831 0 0.297109 
17400 108.524 228.476 0.481462 0 0 111.51 106.928 0 0.0877778 0.0613889 0 2467.13 34.6804 0 0.297545 
17500 108.542 229.776 0.480566 0 0 111.215 106.99 0 0.0919444 0.0633333 0 2480.71 35.822 0 0.297914 
17600 108.399 232.414 0.478773 0 0 111.106 106.818 0 0.0791667 0.0511111 0 2494.59 37.2056 0 0.297652 
17700 108.814 230.301 0.48172 0 0 111.201 107.185 0 0.075 0.0513889 0 2508.91 39.403 0 0.297507 
17800 108.602 231.183 0.481084 0 0 111.162 107.001 0 0.0897222 0.0577778 0 2523.48 37.789 0 0.297777 
17900 108.656 228.608 0.483451 0 0 111.236 107.103 0 0.0744444 0.0519444 0 2537.64 35.8783 0 0.297811 
18000 108.756 230.118 0.481438 0 0 111.246 107.224 0 0.0844444 0.0602778 0 2551.31 34.4482 0 0.297781 
18100 108.829 231.223 0.481171 0 0 111.294 107.339 0 0.0872222 0.0580556 0 2565.79 35.7944 0 0.297871 
18200 108.881 230.331 0.481592 0 0 111.311 107.373 0 0.0722222 0.05 0 2579.82 35.408 0 0.298247 
18300 108.845 232.272 0.480286 0 0 111.324 107.287 0 0.0866667 0.0608333 0 2593.84 34.7764 0 0.298422 
18400 108.864 229.441 0.482417 0 0 111.319 107.236 0 0.0708333 0.0469444 0 2607.54 34.5524 0 0.297569 
18500 108.608 230.714 0.480827 0 0 111.122 106.978 0 0.0841667 0.0544444 0 2622.5 35.1566 0 0.297271 
18600 108.79 231.974 0.480666 0 0 111.364 107.171 0 0.0830556 0.0538889 0 2636.52 35.7812 0 0.297325 
18700 108.398 230.524 0.479727 0 0 111.283 106.846 0 0.0711111 0.0519444 0 2650.25 35.2029 0 0.296715 
18800 108.564 229.919 0.481281 0 0 111.036 106.978 0 0.0816667 0.0566667 0 2665.03 37.4115 0 0.296968 
18900 108.783 230.009 0.481996 0 0 111.118 107.134 0 0.0816667 0.0586111 0 2679.57 35.0116 0 0.296986 
19000 108.686 231.003 0.48104 0 0 111.179 107.016 0 0.09 0.0672222 0 2693.08 32.3334 0 0.297132 
19100 108.659 231.059 0.481557 0 0 111.254 107.12 0 0.0822222 0.0566667 0 2707.24 30.5315 0 0.297232 
19200 108.62 228.528 0.482508 0 0 111.238 107.081 0 0.0891667 0.0605556 0 2720.95 31.2374 0 0.297875 
19300 108.491 231.186 0.480049 0 0 111.201 106.922 0 0.0755556 0.0502778 0 2734.27 33.3563 0 0.29777 
19400 108.313 229.715 0.4796 0 0 111.437 106.829 0 0.0725 0.0455556 0 2748.91 31.1589 0 0.298249 
19500 108.766 230.803 0.480994 0 0 111.604 107.149 0 0.0797222 0.0594444 0 2763.84 29.1453 0 0.298194 
19600 108.519 235.228 0.476707 0 0 111.584 106.973 0 0.0747222 0.0486111 0 2778.03 31.2786 0 0.297733 
19700 108.522 231.521 0.480104 0 0 111.55 106.957 0 0.0963889 0.0677778 0 2793.63 31.4917 0 0.296977 
19800 108.481 235.368 0.478752 0 0 111.551 106.87 0 0.0872222 0.0602778 0 2807.74 31.1507 0 0.296839 
19900 108.564 230.263 0.481148 0 0 111.407 106.939 0 0.0727778 0.0477778 0 2822.31 30.3374 0 0.296527 
20000 108.753 232.736 0.480655 0 0 111.485 107.171 0 0.0936111 0.0633333 0 2837.82 29.8452 0 0.296372 
20100 109.158 232.021 0.48315 0 0 111.449 107.536 0 0.0619444 0.0458333 0 2853.26 30.3039 0 0.296769 
20200 109.066 231.042 0.483677 0 0 111.576 107.502 0 0.0702778 0.0452778 0 2868.25 28.034 0 0.297226 
20300 109.366 230.731 0.484122 0 0 111.651 107.768 0 0.0830556 0.0547222 0 2882.99 27.5723 0 0.297702 
20400 109.154 229.652 0.484421 0 0 111.502 107.616 0 0.07 0.0455556 0 2897.39 25.5058 0 0.298247 
20500 108.902 232.327 0.482901 0 0 111.487 107.322 0 0.085 0.0555556 0 2912.43 24.0794 0 0.298521 
20600 109.229 230.683 0.485803 0 0 111.759 107.639 0 0.0888889 0.0588889 0 2927.39 23.7747 0 0.299188 
20700 109.311 230.159 0.487716 0 0 111.771 107.678 0 0.0738889 0.0477778 0 2942.64 23.9023 0 0.300173 
20800 109.157 226.464 0.491572 0 0 111.809 107.564 0 0.0805556 0.0505556 0 2957.69 24.2606 0 0.300929 
20900 108.738 221.895 0.495409 0 0 111.517 107.169 0 0.075 0.0455556 0 2973.42 24.3444 0 0.302784 
21000 108.532 221.226 0.497718 0 0 111.954 106.978 0 0.0827778 0.0547222 0 2988.89 22.5059 0 0.305277 
21100 108.164 218.287 0.500536 0 0 111.142 106.646 0 0.0919444 0.0613889 0 3003.96 21.0968 0 0.30736 
21200 107.969 217.148 0.501088 0 0 110.855 106.434 0 0.0747222 0.0519444 0 3019.23 21.637 0 0.309904 
21300 108.156 217.262 0.501933 0 0 111.355 106.747 0 0.0827778 0.0516667 0 3034.14 20.898 0 0.311815 
21400 107.862 216.271 0.502527 0 0 111.539 106.41 0 0.0741667 0.0494444 0 3049.32 19.2871 0 0.313385 
21500 108.186 214.279 0.507329 0 0 110.85 106.696 0 0.0947222 0.0586111 0 3065.02 18.7738 0 0.314896 
21600 107.58 213.044 0.507216 0 0 110.137 106.126 0 0.0872222 0.055 0 3080.23 17.5879 0 0.31616 
21700 107.538 213.745 0.505374 0 0 110.689 106.028 0 0.085 0.0544444 0 3095.14 16.3356 0 0.316807 
21800 107.076 213.959 0.503602 0 0 110.317 105.612 0 0.0888889 0.0558333 0 3110.23 15.7188 0 0.317427 
21900 107.675 213.433 0.506561 0 0 110.486 106.114 0 0.0994444 0.0591667 0 3125.16 15.4574 0 0.317485 
22000 107.412 212.61 0.506418 0 0 110.336 105.9 0 0.0963889 0.0641667 0 3140.16 14.1292 0 0.31735 
22100 106.861 211.888 0.5053 0 0 109.939 105.398 0 0.0805556 0.0486111 0 3155.27 12.3813 0 0.31713 
22200 107.236 213.024 0.505245 0 0 110.321 105.738 0 0.0911111 0.0561111 0 3170.35 12.1807 0 0.316823 
22300 107.391 212.884 0.506228 0 0 110.248 105.909 0 0.0858333 0.0561111 0 3185.47 13.2803 0 0.31652 
22400 107.954 213.946 0.506504 0 0 110.511 106.483 0 0.0908333 0.0552778 0 3200.56 11.4021 0 0.316709 
22500 107.757 214.724 0.504992 0 0 110.799 106.231 0 0.0780556 0.0488889 0 3215.3 10.1676 0 0.316653 
22600 107.846 213.801 0.505949 0 0 110.623 106.349 0 0.0933333 0.0630556 0 3230.22 8.98177 0 0.316906 
22700 108.331 215.813 0.505219 0 0 111.351 106.78 0 0.0780556 0.0511111 0 3245.32 8.77636 0 0.317276 
22800 108.185 216.481 0.50338 0 0 111.486 106.636 0 0.0836111 0.05 0 3259.95 7.50676 0 0.317749 
22900 107.812 215.167 0.503401 0 0 111.207 106.334 0 0.0847222 0.0522222 0 3274.68 7.0809 0 0.317612 
23000 108.104 215.651 0.504268 0 0 110.967 106.537 0 0.0838889 0.0527778 0 3289.53 7.71645 0 0.31733 
23100 107.901 215.852 0.502118 0 0 111.224 106.471 0 0.0933333 0.0561111 0 3304.37 6.45054 0 0.317135 
23200 108.365 218.617 0.500252 0 0 111.891 106.806 0 0.0897222 0.0572222 0 3319.09 5.18317 0 0.316524 
23300 108.081 216.114 0.501678 0 0 111.343 106.504 0 0.0825 0.0525 0 3333.65 4.87313 0 0.316395 
23400 108.035 216.769 0.50092 0 0 111.735 106.605 0 0.0819444 0.0505556 0 3348.38 5.05283 0 0.316154 
23500 107.898 216.407 0.500786 0 0 111.442 106.489 0 0.0916667 0.0555556 0 3363.36 3.81307 0 0.316072 
23600 108.182 217.679 0.500359 0 0 111.608 106.718 0 0.0822222 0.0541667 0 3378.07 4.04708 0 0.315569 
23700 107.769 216.26 0.499642 0 0 111.358 106.322 0 0.08 0.0483333 0 3392.95 2.79881 0 0.31559 
23800 108.281 218.34 0.499341 0 0 111.905 106.743 0 0.0830556 0.0488889 0 3407.64 2.10734 0 0.315474 
23900 108.055 216.278 0.50112 0 0 111.485 106.514 0 0.0925 0.0591667 0 3422.23 2.25786 0 0.315388 
24000 107.425 217 0.498771 0 0 111.101 105.871 0 0.0805556 0.0477778 0 3436.93 4.8836 0 0.31544 
24100 108.214 217.573 0.500867 0 0 111.922 106.749 0 0.0797222 0.0541667 0 3451.99 6.74802 0 0.315314 
24200 107.454 215.958 0.500049 0 0 111.16 106.02 0 0.0930556 0.0594444 0 3466.7 6.34577 0 0.315037 
24300 107.626 216.159 0.499998 0 0 111.301 106.075 0 0.0838889 0.0541667 0 3481.43 5.84299 0 0.314619 
24400 107.803 215.64 0.501251 0 0 111.087 106.296 0 0.0861111 0.0527778 0 3496.41 6.13858 0 0.31422 
24500 108.401 217.879 0.500849 0 0 111.715 106.944 0 0.085 0.0519444 0 3511.03 5.01569 0 0.313792 
24600 108.337 218.161 0.499874 0 0 111.779 106.816 0 0.1 0.0647222 0 3525.74 4.86345 0 0.313946 
24700 107.998 217.349 0.500044 0 0 111.385 106.481 0 0.085 0.0536111 0 3540.17 5.39632 0 0.314277 
24800 108.378 216.858 0.501738 0 0 111.486 106.819 0 0.0777778 0.0483333 0 3555.15 4.30368 0 0.314562 
24900 108.331 215.644 0.503589 0 0 110.969 106.782 0 0.0777778 0.0511111 0 3570.66 7.20389 0 0.315251 
25000 107.906 215.6 0.502842 0 0 110.535 106.391 0 0.0816667 0.0516667 0 3585.83 8.6031 0 0.316157 
25100 108.077 215.186 0.503475 0 0 111.188 106.528 0 0.0872222 0.0541667 0 3600.9 8.5573 0 0.316247 
25200 107.977 217.176 0.500465 0 0 110.986 106.477 0 0.0819444 0.0486111 0 3615.68 10.1815 0 0.316065 
25300 108.339 216.875 0.503451 0 0 111.035 106.925 0 0.0938889 0.0636111 0 3631.07 8.39501 0 0.315915 
25400 108.45 216.654 0.502519 0 0 111.469 106.976 0 0.0866667 0.0572222 0 3646.12 10.8603 0 0.315885 
25500 108.724 218.313 0.502241 0 0 111.741 107.289 0 0.0863889 0.0538889 0 3660.79 13.562 0 0.315818 
25600 108.482 218.165 0.500749 0 0 111.677 106.963 0 0.0819444 0.0466667 0 3674.91 14.5233 0 0.3163 
25700 108.898 218.317 0.503111 0 0 111.35 107.394 0 0.0941667 0.0588889 0 3689.96 14.1236 0 0.316457 
25800 108.816 217.76 0.501997 0 0 111.916 107.327 0 0.0872222 0.055 0 3704.03 13.1067 0 0.316269 
25900 108.849 219.232 0.498861 0 0 112.717 107.293 0 0.0872222 0.0544444 0 3718.74 15.1253 0 0.31618 
26000 108.724 221.251 0.496611 0 0 112.624 107.165 0 0.0872222 0.0577778 0 3733.07 16.1921 0 0.315683 
