# Avida count data
# Tue Jun  5 10:54:30 2018
#  1: update
#  2: number of insts executed this update
#  3: number of organisms
#  4: number of different genotypes
#  5: number of different threshold genotypes
#  6: (deprecated) number of different species
#  7: (deprecated) number of different threshold species
#  8: (deprecated) number of different lineages
#  9: number of births in this update
# 10: number of deaths in this update
# 11: number of breed true
# 12: number of breed true organisms?
# 13: number of no-birth organisms
# 14: number of single-threaded organisms
# 15: number of multi-threaded organisms
# 16: number of modified organisms

0 108000 3600 473 95 0 0 0 3757 157 3712 3557 3446 3600 0 0 
100 108000 3600 1669 478 0 0 0 314 314 209 2420 1973 3600 0 0 
200 108000 3600 1745 565 0 0 0 255 255 168 2432 1961 3600 0 0 
300 108000 3600 1769 573 0 0 0 281 281 191 2448 1939 3600 0 0 
400 108000 3600 1773 616 0 0 0 296 296 197 2453 1945 3600 0 0 
500 108000 3600 1763 616 0 0 0 324 324 235 2452 1942 3600 0 0 
600 108000 3600 1765 610 0 0 0 298 298 208 2460 1941 3600 0 0 
700 108000 3600 1786 620 0 0 0 319 319 223 2466 1932 3600 0 0 
800 108000 3600 1793 611 0 0 0 294 294 196 2424 1961 3600 0 0 
900 108000 3600 1743 625 0 0 0 310 310 213 2505 1909 3600 0 0 
1000 108000 3600 1794 582 0 0 0 302 302 201 2432 1929 3600 0 0 
1100 108000 3600 1770 619 0 0 0 288 288 202 2463 1924 3600 0 0 
1200 108000 3600 1780 607 0 0 0 262 262 186 2456 1950 3600 0 0 
1300 108000 3600 1795 588 0 0 0 307 307 206 2413 1967 3600 0 0 
1400 108000 3600 1759 607 0 0 0 290 290 196 2480 1944 3600 0 0 
1500 108000 3600 1810 628 0 0 0 336 336 214 2452 1934 3600 0 0 
1600 108000 3600 1780 589 0 0 0 310 310 213 2458 1954 3600 0 0 
1700 108000 3600 1778 609 0 0 0 315 315 218 2489 1933 3600 0 0 
1800 108000 3600 1861 614 0 0 0 306 306 197 2407 1933 3600 0 0 
1900 108000 3600 1799 598 0 0 0 301 301 215 2419 1949 3600 0 0 
2000 108000 3600 1827 585 0 0 0 323 323 215 2399 1960 3600 0 0 
2100 108000 3600 1798 637 0 0 0 294 294 210 2460 1956 3600 0 0 
2200 108000 3600 1755 612 0 0 0 288 288 191 2471 1966 3600 0 0 
2300 108000 3600 1750 644 0 0 0 328 328 244 2504 1958 3600 0 0 
2400 108000 3600 1762 604 0 0 0 345 345 235 2448 1947 3600 0 0 
2500 108000 3600 1778 606 0 0 0 307 307 202 2435 1967 3600 0 0 
2600 108000 3600 1753 624 0 0 0 344 344 222 2473 1928 3600 0 0 
2700 108000 3600 1772 610 0 0 0 291 291 206 2451 1944 3600 0 0 
2800 108000 3600 1799 630 0 0 0 302 302 201 2459 1959 3600 0 0 
2900 108000 3600 1862 650 0 0 0 284 284 185 2433 1951 3600 0 0 
3000 108000 3600 1763 624 0 0 0 263 263 174 2501 1947 3600 0 0 
3100 108000 3600 1773 604 0 0 0 283 283 187 2461 1914 3600 0 0 
3200 108000 3600 1823 625 0 0 0 307 307 199 2436 1950 3600 0 0 
3300 108000 3600 1763 602 0 0 0 321 321 228 2468 1952 3600 0 0 
3400 108000 3600 1817 597 0 0 0 337 337 232 2423 1941 3600 0 0 
3500 108000 3600 1781 631 0 0 0 335 335 234 2484 1937 3600 0 0 
3600 108000 3600 1795 632 0 0 0 318 318 218 2480 1946 3600 0 0 
3700 108000 3600 1814 627 0 0 0 319 319 217 2425 1911 3600 0 0 
3800 108000 3600 1797 627 0 0 0 309 309 217 2480 1945 3600 0 0 
3900 108000 3600 1760 606 0 0 0 281 281 196 2488 1966 3600 0 0 
4000 108000 3600 1829 660 0 0 0 332 332 230 2443 1939 3600 0 0 
4100 108000 3600 1779 602 0 0 0 328 328 220 2474 1940 3600 0 0 
4200 108000 3600 1785 600 0 0 0 355 355 237 2454 1941 3600 0 0 
4300 108000 3600 1721 618 0 0 0 268 268 188 2531 1945 3600 0 0 
4400 108000 3600 1782 628 0 0 0 306 306 199 2485 1954 3600 0 0 
4500 108000 3600 1783 606 0 0 0 284 284 199 2455 1980 3600 0 0 
4600 108000 3600 1782 603 0 0 0 270 270 177 2462 1933 3600 0 0 
4700 108000 3600 1781 613 0 0 0 320 320 214 2454 1942 3600 0 0 
4800 108000 3600 1737 603 0 0 0 295 295 211 2509 1932 3600 0 0 
4900 108000 3600 1711 641 0 0 0 306 306 225 2526 1922 3600 0 0 
5000 108000 3600 1764 620 0 0 0 332 332 219 2493 1937 3600 0 0 
5100 108000 3600 1780 631 0 0 0 301 301 210 2479 1974 3600 0 0 
5200 108000 3600 1754 642 0 0 0 351 351 251 2516 1943 3600 0 0 
5300 108000 3600 1833 654 0 0 0 344 344 214 2470 1949 3600 0 0 
5400 108000 3600 1787 618 0 0 0 354 354 238 2451 1956 3600 0 0 
5500 108000 3600 1803 631 0 0 0 348 348 248 2470 1931 3600 0 0 
5600 108000 3600 1798 635 0 0 0 306 306 207 2467 1951 3600 0 0 
5700 108000 3600 1795 620 0 0 0 325 325 228 2482 1929 3600 0 0 
5800 108000 3600 1787 608 0 0 0 303 303 194 2458 1945 3600 0 0 
5900 108000 3600 1786 615 0 0 0 313 313 215 2499 1970 3600 0 0 
6000 108000 3600 1803 617 0 0 0 285 285 187 2467 1956 3600 0 0 
6100 108000 3600 1756 594 0 0 0 308 308 208 2466 1959 3600 0 0 
6200 108000 3600 1822 621 0 0 0 303 303 218 2426 1964 3600 0 0 
6300 108000 3600 1749 608 0 0 0 316 316 223 2480 1942 3600 0 0 
6400 108000 3600 1761 617 0 0 0 294 294 200 2475 1911 3600 0 0 
6500 108000 3600 1798 615 0 0 0 295 295 203 2450 1957 3600 0 0 
6600 108000 3600 1789 611 0 0 0 306 306 216 2424 1946 3600 0 0 
6700 108000 3600 1790 632 0 0 0 282 282 193 2483 1919 3600 0 0 
6800 108000 3600 1835 628 0 0 0 325 325 205 2417 1941 3600 0 0 
6900 108000 3600 1832 642 0 0 0 298 298 193 2457 1950 3600 0 0 
7000 108000 3600 1782 607 0 0 0 292 292 193 2449 1964 3600 0 0 
7100 108000 3600 1782 602 0 0 0 312 312 208 2445 1978 3600 0 0 
7200 108000 3600 1806 624 0 0 0 329 329 227 2459 1944 3600 0 0 
7300 108000 3600 1717 616 0 0 0 323 323 237 2529 1946 3600 0 0 
7400 108000 3600 1817 617 0 0 0 312 312 221 2437 1932 3600 0 0 
7500 108000 3600 1778 629 0 0 0 321 321 228 2501 1926 3600 0 0 
7600 108000 3600 1763 623 0 0 0 325 325 220 2494 1935 3600 0 0 
7700 108000 3600 1719 613 0 0 0 289 289 199 2536 1922 3600 0 0 
7800 108000 3600 1845 625 0 0 0 312 312 212 2437 1964 3600 0 0 
7900 108000 3600 1801 633 0 0 0 327 327 228 2451 1961 3600 0 0 
8000 108000 3600 1841 623 0 0 0 273 273 187 2411 1951 3600 0 0 
8100 108000 3600 1765 618 0 0 0 303 303 204 2478 1935 3600 0 0 
8200 108000 3600 1796 617 0 0 0 328 328 217 2436 1949 3600 0 0 
8300 108000 3600 1791 628 0 0 0 315 315 219 2462 1943 3600 0 0 
8400 108000 3600 1788 620 0 0 0 280 280 189 2453 1969 3600 0 0 
8500 108000 3600 1809 609 0 0 0 310 310 207 2442 1945 3600 0 0 
8600 108000 3600 1793 640 0 0 0 355 355 243 2476 1946 3600 0 0 
8700 108000 3600 1807 633 0 0 0 279 279 170 2467 1946 3600 0 0 
8800 108000 3600 1800 633 0 0 0 272 272 182 2455 1957 3600 0 0 
8900 108000 3600 1778 642 0 0 0 292 292 215 2496 1957 3600 0 0 
9000 108000 3600 1771 632 0 0 0 309 309 226 2482 1949 3600 0 0 
9100 108000 3600 1772 613 0 0 0 319 319 219 2457 1945 3600 0 0 
9200 108000 3600 1778 640 0 0 0 319 319 206 2497 1942 3600 0 0 
9300 108000 3600 1820 635 0 0 0 290 290 202 2447 1954 3600 0 0 
9400 108000 3600 1716 612 0 0 0 321 321 234 2540 1933 3600 0 0 
9500 108000 3600 1807 651 0 0 0 338 338 227 2455 1944 3600 0 0 
9600 108000 3600 1847 641 0 0 0 290 290 205 2435 1948 3600 0 0 
9700 108000 3600 1762 612 0 0 0 297 297 217 2481 1934 3600 0 0 
9800 108000 3600 1792 613 0 0 0 274 274 177 2454 1927 3600 0 0 
9900 108000 3600 1757 637 0 0 0 286 286 216 2499 1948 3600 0 0 
10000 108000 3600 1747 601 0 0 0 260 260 176 2469 1947 3600 0 0 
10100 108000 3600 1828 622 0 0 0 311 311 201 2437 1921 3600 0 0 
10200 108000 3600 1783 622 0 0 0 268 268 193 2483 1948 3600 0 0 
10300 108000 3600 1856 657 0 0 0 281 281 195 2458 1943 3600 0 0 
10400 108000 3600 1800 639 0 0 0 305 305 216 2480 1928 3600 0 0 
10500 108000 3600 1801 643 0 0 0 274 274 185 2468 1940 3600 0 0 
10600 108000 3600 1870 636 0 0 0 360 360 232 2388 1922 3600 0 0 
10700 108000 3600 1846 615 0 0 0 276 276 191 2398 1969 3600 0 0 
10800 108000 3600 1828 592 0 0 0 353 353 237 2423 1939 3600 0 0 
10900 108000 3600 1807 637 0 0 0 327 327 215 2470 1969 3600 0 0 
11000 108000 3600 1765 636 0 0 0 286 286 197 2500 1937 3600 0 0 
11100 108000 3600 1817 632 0 0 0 305 305 204 2432 1909 3600 0 0 
11200 108000 3600 1803 619 0 0 0 317 317 223 2459 1945 3600 0 0 
11300 108000 3600 1831 638 0 0 0 322 322 221 2441 1915 3600 0 0 
11400 108000 3600 1855 641 0 0 0 306 306 210 2404 1975 3600 0 0 
11500 108000 3600 1747 639 0 0 0 304 304 215 2517 1908 3600 0 0 
11600 108000 3600 1838 620 0 0 0 299 299 201 2414 1953 3600 0 0 
11700 108000 3600 1825 615 0 0 0 273 273 182 2437 1941 3600 0 0 
11800 108000 3600 1810 617 0 0 0 296 296 205 2422 1939 3600 0 0 
11900 108000 3600 1783 627 0 0 0 305 305 216 2501 1937 3600 0 0 
12000 108000 3600 1764 615 0 0 0 332 332 227 2493 1945 3600 0 0 
12100 108000 3600 1749 613 0 0 0 270 270 188 2508 1922 3600 0 0 
12200 108000 3600 1805 613 0 0 0 306 306 204 2438 1951 3600 0 0 
12300 108000 3600 1792 635 0 0 0 296 296 205 2486 1896 3600 0 0 
12400 108000 3600 1812 601 0 0 0 298 298 182 2455 1955 3600 0 0 
12500 108000 3600 1770 637 0 0 0 264 264 191 2477 1946 3600 0 0 
12600 108000 3600 1801 607 0 0 0 295 295 195 2457 1916 3600 0 0 
12700 108000 3600 1800 641 0 0 0 297 297 203 2459 1914 3600 0 0 
12800 108000 3600 1763 609 0 0 0 316 316 220 2448 1926 3600 0 0 
12900 108000 3600 1807 612 0 0 0 291 291 201 2429 1950 3600 0 0 
13000 108000 3600 1798 629 0 0 0 292 292 219 2466 1968 3600 0 0 
13100 108000 3600 1745 600 0 0 0 255 255 167 2505 1933 3600 0 0 
13200 108000 3600 1777 580 0 0 0 285 285 206 2447 1962 3600 0 0 
13300 108000 3600 1796 595 0 0 0 311 311 204 2446 1943 3600 0 0 
13400 108000 3600 1788 601 0 0 0 307 307 209 2465 1940 3600 0 0 
13500 108000 3600 1804 610 0 0 0 330 330 228 2440 1918 3600 0 0 
13600 108000 3600 1849 619 0 0 0 280 280 183 2427 1960 3600 0 0 
13700 108000 3600 1785 643 0 0 0 293 293 192 2493 1938 3600 0 0 
13800 108000 3600 1756 615 0 0 0 291 291 202 2481 1917 3600 0 0 
13900 108000 3600 1767 600 0 0 0 268 268 180 2493 1925 3600 0 0 
14000 108000 3600 1880 660 0 0 0 309 309 208 2408 1948 3600 0 0 
14100 108000 3600 1798 634 0 0 0 300 300 195 2464 1897 3600 0 0 
14200 108000 3600 1822 609 0 0 0 330 330 227 2428 1926 3600 0 0 
14300 108000 3600 1823 615 0 0 0 294 294 209 2439 1937 3600 0 0 
14400 108000 3600 1776 626 0 0 0 269 269 177 2490 1931 3600 0 0 
14500 108000 3600 1791 651 0 0 0 291 291 211 2489 1949 3600 0 0 
14600 108000 3600 1856 611 0 0 0 288 288 203 2381 1954 3600 0 0 
14700 108000 3600 1813 628 0 0 0 312 312 220 2453 1939 3600 0 0 
14800 108000 3600 1808 644 0 0 0 350 350 237 2452 1921 3600 0 0 
14900 108000 3600 1803 651 0 0 0 278 278 189 2475 1948 3600 0 0 
15000 108000 3600 1825 621 0 0 0 274 274 170 2413 1936 3600 0 0 
15100 108000 3600 1833 636 0 0 0 340 340 241 2456 1958 3600 0 0 
15200 108000 3600 1842 631 0 0 0 311 311 224 2415 1951 3600 0 0 
15300 108000 3600 1809 650 0 0 0 308 308 219 2458 1909 3600 0 0 
15400 108000 3600 1795 601 0 0 0 268 268 180 2446 1918 3600 0 0 
15500 108000 3600 1843 628 0 0 0 298 298 203 2425 1959 3600 0 0 
15600 108000 3600 1784 628 0 0 0 307 307 209 2449 1900 3600 0 0 
15700 108000 3600 1791 589 0 0 0 321 321 223 2425 1922 3600 0 0 
15800 108000 3600 1793 580 0 0 0 281 281 189 2435 1950 3600 0 0 
15900 108000 3600 1803 620 0 0 0 298 298 203 2446 1918 3600 0 0 
16000 108000 3600 1819 658 0 0 0 304 304 218 2454 1927 3600 0 0 
16100 108000 3600 1802 616 0 0 0 266 266 179 2454 1921 3600 0 0 
16200 108000 3600 1794 598 0 0 0 291 291 192 2450 1926 3600 0 0 
16300 108000 3600 1833 632 0 0 0 278 278 187 2422 1923 3600 0 0 
16400 108000 3600 1845 625 0 0 0 277 277 195 2400 1954 3600 0 0 
16500 108000 3600 1810 637 0 0 0 346 346 234 2488 1925 3600 0 0 
16600 108000 3600 1771 604 0 0 0 240 240 167 2473 1918 3600 0 0 
16700 108000 3600 1815 652 0 0 0 315 315 210 2463 1920 3600 0 0 
16800 108000 3600 1783 611 0 0 0 296 296 201 2465 1948 3600 0 0 
16900 108000 3600 1757 630 0 0 0 284 284 209 2492 1969 3600 0 0 
17000 108000 3600 1823 645 0 0 0 283 283 188 2451 1946 3600 0 0 
17100 108000 3600 1833 637 0 0 0 271 271 178 2440 1943 3600 0 0 
17200 108000 3600 1834 638 0 0 0 328 328 237 2435 1935 3600 0 0 
17300 108000 3600 1839 624 0 0 0 276 276 196 2416 1922 3600 0 0 
17400 108000 3600 1813 626 0 0 0 316 316 221 2450 1941 3600 0 0 
17500 108000 3600 1821 626 0 0 0 331 331 228 2426 1947 3600 0 0 
17600 108000 3600 1855 623 0 0 0 285 285 184 2396 1951 3600 0 0 
17700 108000 3600 1868 660 0 0 0 270 270 185 2431 1937 3600 0 0 
17800 108000 3600 1819 628 0 0 0 323 323 208 2447 1912 3600 0 0 
17900 108000 3600 1758 639 0 0 0 268 268 187 2496 1915 3600 0 0 
18000 108000 3600 1779 645 0 0 0 304 304 217 2486 1936 3600 0 0 
18100 108000 3600 1776 633 0 0 0 314 314 209 2492 1932 3600 0 0 
18200 108000 3600 1783 608 0 0 0 260 260 180 2474 1934 3600 0 0 
18300 108000 3600 1840 633 0 0 0 312 312 219 2431 1939 3600 0 0 
18400 108000 3600 1879 666 0 0 0 255 255 169 2430 1940 3600 0 0 
18500 108000 3600 1850 601 0 0 0 303 303 196 2428 1929 3600 0 0 
18600 108000 3600 1805 608 0 0 0 299 299 194 2449 1924 3600 0 0 
18700 108000 3600 1800 623 0 0 0 256 256 187 2455 1953 3600 0 0 
18800 108000 3600 1861 638 0 0 0 294 294 204 2401 1979 3600 0 0 
18900 108000 3600 1743 626 0 0 0 294 294 211 2524 1914 3600 0 0 
19000 108000 3600 1783 617 0 0 0 324 324 242 2478 1912 3600 0 0 
19100 108000 3600 1810 623 0 0 0 296 296 204 2462 1937 3600 0 0 
19200 108000 3600 1776 613 0 0 0 321 321 218 2488 1955 3600 0 0 
19300 108000 3600 1828 655 0 0 0 272 272 181 2462 1916 3600 0 0 
19400 108000 3600 1818 640 0 0 0 261 261 164 2441 1907 3600 0 0 
19500 108000 3600 1769 626 0 0 0 287 287 214 2494 1937 3600 0 0 
19600 108000 3600 1831 590 0 0 0 269 269 175 2414 1952 3600 0 0 
19700 108000 3600 1786 614 0 0 0 347 347 244 2462 1908 3600 0 0 
19800 108000 3600 1825 645 0 0 0 314 314 217 2436 1928 3600 0 0 
19900 108000 3600 1811 622 0 0 0 262 262 172 2432 1944 3600 0 0 
20000 108000 3600 1815 618 0 0 0 337 337 228 2441 1961 3600 0 0 
20100 108000 3600 1786 626 0 0 0 223 223 165 2496 1941 3600 0 0 
20200 108000 3600 1836 645 0 0 0 253 253 163 2437 1905 3600 0 0 
20300 108000 3600 1835 647 0 0 0 299 299 197 2445 1950 3600 0 0 
20400 108000 3600 1826 624 0 0 0 252 252 164 2440 1926 3600 0 0 
20500 108000 3600 1850 622 0 0 0 306 306 200 2431 1914 3600 0 0 
20600 108000 3600 1845 614 0 0 0 320 320 212 2429 1933 3600 0 0 
20700 108000 3600 1888 623 0 0 0 266 266 172 2378 1929 3600 0 0 
20800 108000 3600 1878 650 0 0 0 290 290 182 2395 1890 3600 0 0 
20900 108000 3600 1869 616 0 0 0 270 270 164 2368 1911 3600 0 0 
21000 108000 3600 1922 609 0 0 0 298 298 197 2302 1902 3600 0 0 
21100 108000 3600 1884 579 0 0 0 331 331 221 2320 1883 3600 0 0 
21200 108000 3600 1867 588 0 0 0 269 269 187 2325 1896 3600 0 0 
21300 108000 3600 1912 587 0 0 0 298 298 186 2306 1883 3600 0 0 
21400 108000 3600 1885 575 0 0 0 267 267 178 2295 1862 3600 0 0 
21500 108000 3600 1831 571 0 0 0 341 341 211 2362 1870 3600 0 0 
21600 108000 3600 1976 594 0 0 0 314 314 198 2234 1887 3600 0 0 
21700 108000 3600 1960 590 0 0 0 306 306 196 2271 1887 3600 0 0 
21800 108000 3600 1950 578 0 0 0 320 320 201 2244 1871 3600 0 0 
21900 108000 3600 1919 583 0 0 0 358 358 213 2312 1861 3600 0 0 
22000 108000 3600 1944 581 0 0 0 347 347 231 2275 1883 3600 0 0 
22100 108000 3600 1944 583 0 0 0 290 290 175 2257 1845 3600 0 0 
22200 108000 3600 1947 589 0 0 0 328 328 202 2255 1875 3600 0 0 
22300 108000 3600 1870 576 0 0 0 309 309 202 2344 1867 3600 0 0 
22400 108000 3600 1906 614 0 0 0 327 327 199 2338 1853 3600 0 0 
22500 108000 3600 1934 577 0 0 0 281 281 176 2248 1858 3600 0 0 
22600 108000 3600 1874 597 0 0 0 336 336 227 2324 1862 3600 0 0 
22700 108000 3600 1932 609 0 0 0 281 281 184 2296 1880 3600 0 0 
22800 108000 3600 1999 599 0 0 0 301 301 180 2226 1879 3600 0 0 
22900 108000 3600 1895 572 0 0 0 305 305 188 2300 1884 3600 0 0 
23000 108000 3600 1897 596 0 0 0 302 302 190 2293 1893 3600 0 0 
23100 108000 3600 1966 625 0 0 0 336 336 202 2264 1855 3600 0 0 
23200 108000 3600 1972 606 0 0 0 323 323 206 2272 1878 3600 0 0 
23300 108000 3600 1893 597 0 0 0 297 297 189 2309 1839 3600 0 0 
23400 108000 3600 1966 584 0 0 0 295 295 182 2252 1889 3600 0 0 
23500 108000 3600 1957 621 0 0 0 330 330 200 2302 1876 3600 0 0 
23600 108000 3600 1957 592 0 0 0 296 296 195 2261 1861 3600 0 0 
23700 108000 3600 1936 585 0 0 0 288 288 174 2278 1875 3600 0 0 
23800 108000 3600 1936 562 0 0 0 299 299 176 2260 1890 3600 0 0 
23900 108000 3600 1904 575 0 0 0 333 333 213 2314 1875 3600 0 0 
24000 108000 3600 1991 561 0 0 0 290 290 172 2184 1909 3600 0 0 
24100 108000 3600 1897 589 0 0 0 287 287 195 2291 1851 3600 0 0 
24200 108000 3600 1969 600 0 0 0 335 335 214 2248 1850 3600 0 0 
24300 108000 3600 1907 574 0 0 0 302 302 195 2277 1838 3600 0 0 
24400 108000 3600 1936 595 0 0 0 310 310 190 2279 1866 3600 0 0 
24500 108000 3600 1913 584 0 0 0 306 306 187 2294 1862 3600 0 0 
24600 108000 3600 1929 590 0 0 0 360 360 233 2277 1897 3600 0 0 
24700 108000 3600 1954 591 0 0 0 306 306 193 2274 1870 3600 0 0 
24800 108000 3600 1928 594 0 0 0 280 280 174 2283 1876 3600 0 0 
24900 108000 3600 1952 608 0 0 0 280 280 184 2270 1879 3600 0 0 
25000 108000 3600 1969 611 0 0 0 294 294 186 2276 1897 3600 0 0 
25100 108000 3600 1957 610 0 0 0 314 314 195 2256 1891 3600 0 0 
25200 108000 3600 1932 598 0 0 0 295 295 175 2274 1867 3600 0 0 
25300 108000 3600 1899 604 0 0 0 338 338 229 2316 1883 3600 0 0 
25400 108000 3600 1972 606 0 0 0 312 312 206 2278 1880 3600 0 0 
25500 108000 3600 1928 585 0 0 0 311 311 194 2252 1862 3600 0 0 
25600 108000 3600 1977 579 0 0 0 295 295 168 2199 1891 3600 0 0 
25700 108000 3600 2023 606 0 0 0 339 339 212 2208 1903 3600 0 0 
25800 108000 3600 1932 614 0 0 0 314 314 198 2279 1890 3600 0 0 
25900 108000 3600 1962 617 0 0 0 314 314 196 2257 1869 3600 0 0 
26000 108000 3600 1948 604 0 0 0 314 314 208 2271 1856 3600 0 0 
