# Avida Dominant Data
# Mon Jun 18 15:06:45 2018
#  1: Update
#  2: Average Merit of the Dominant Genotype
#  3: Average Gestation Time of the Dominant Genotype
#  4: Average Fitness of the Dominant Genotype
#  5: Repro Rate?
#  6: Size of Dominant Genotype
#  7: Copied Size of Dominant Genotype
#  8: Executed Size of Dominant Genotype
#  9: Abundance of Dominant Genotype
# 10: Number of Births
# 11: Number of Dominant Breed True?
# 12: Dominant Gene Depth
# 13: Dominant Breed In
# 14: Max Fitness?
# 15: Genotype ID of Dominant Genotype
# 16: Name of the Dominant Genotype

0 0 0 0 0 100 0 0 1 0 0 0 0 2.22507e-308 1 100-aaaaa 
100 97 389 0.249357 0.00257069 100 100 0 60 0 0 0 0 0.249357 1 100-aaaaa 
200 97 389 0.249357 0.00257069 100 100 0 746 39 28 0 0 0.249357 1 100-aaaaa 
300 97 389 0.249357 0.00257069 100 100 0 281 31 23 0 0 0.249357 1 100-aaaaa 
400 97 389 0.249357 0.00257069 100 99.9999 0 116 12 7 0 0 0.249357 1 100-aaaaa 
500 97 389 0.249357 0.00257069 100 99.9999 0 59 2 1 0 0 0.249357 1 100-aaaaa 
600 97 387 0.250646 0.00258398 100 100 0 14 0 0 3 0 0.250646 17882 100-aabnn 
700 98 385 0.254545 0.0025974 101 100.942 0 13 1 0 6 0 0.254545 17604 101-aaatw 
800 99 394 0.251269 0.00253807 102 102 0 18 0 0 5 0 0.251269 30295 102-aaals 
900 97 287 0.337979 0.00348432 102 102 0 44 3 2 9 0 0.337979 35949 102-aaaof 
1000 97 287 0.337979 0.00348432 102 102 0 44 3 2 9 0 0.337979 35949 102-aaaof 
1100 97 288 0.336806 0.00347222 102 102 0 41 5 3 10 0 0.336806 45909 102-aaawo 
1200 97 288 0.336806 0.00347222 102 102 0 45 0 0 10 0 0.336806 45909 102-aaawo 
1300 97 287 0.337979 0.00348432 102 102 0 40 0 0 7 0 0.337979 40829 102-aaatn 
1400 97 287 0.337979 0.00348432 102 102 0 33 3 2 7 0 0.337979 40829 102-aaatn 
1500 98 287 0.341463 0.00348432 103 103 0 28 3 3 11 0 0.341463 63514 103-aaagn 
1600 97 287 0.337979 0.00348432 102 102 0 20 0 0 12 0 0.337979 60789 102-aacit 
1700 92 275 0.334545 0.00363636 102 102 0 20 7 6 20 0 0.334545 87753 102-aafxt 
1800 97 284 0.341549 0.00352113 102 102 0 24 1 1 13 0 0.341549 92466 102-aagol 
1900 96 284 0.338028 0.00352113 102 102 0 26 7 6 16 0 0.338028 101639 102-aahoq 
2000 92 274 0.335766 0.00364964 102 102 0 25 1 1 20 0 0.335766 106345 102-aaigv 
2100 97 285 0.340351 0.00350877 102 102 0 20 3 2 14 0 0.340351 114823 102-aajkr 
2200 96 279 0.344086 0.00358423 102 102 0 20 2 2 23 0 0.344086 127532 102-aakyn 
2300 97 283 0.342756 0.00353357 102 102 0 24 0 0 19 0 0.342756 118130 102-aajti 
2400 96 279 0.344086 0.00358423 102 102 0 16 0 0 23 0 0.344086 127532 102-aakyn 
2500 97 279 0.34767 0.00358423 103 103 0 22 1 1 27 0 0.34767 153834 103-aabku 
2600 97 277 0.350181 0.00361011 102 102 0 24 4 3 27 0 0.350181 158981 102-aaopx 
2700 97 277 0.350181 0.00361011 102 102 0 16 1 0 27 0 0.350181 158981 102-aaopx 
2800 96.1749 280.175 0.343266 0.00356921 102 102 0 22 3 1 20 0 0.345196 160748 102-aaotg 
2900 96.1706 280.171 0.343256 0.00356926 102 102 0 27 1 1 20 0 0.345196 160748 102-aaotg 
3000 94 274 0.343066 0.00364964 102 102 0 24 1 0 27 0 0.343066 185377 102-aasah 
3100 97 280 0.346429 0.00357143 102 102 0 32 2 0 19 0 0.346429 171283 102-aaqbx 
3200 97 279 0.34767 0.00358423 102 102 0 16 0 0 26 0 0.34767 200450 102-aatnz 
3300 97 274 0.354015 0.00364964 102 102 0 27 2 1 26 0 0.354015 180245 102-aarkh 
3400 94 272 0.345588 0.00367647 102 102 0 18 1 0 36 0 0.345588 206747 102-aaujh 
3500 96 273 0.351648 0.003663 102 102 0 21 3 2 32 0 0.351648 227787 102-aawox 
3600 95 269 0.35316 0.00371747 102 102 0 17 0 0 36 0 0.35316 228891 102-aawrz 
3700 192 271 0.708487 0.00369004 102 102 0 88 12 10 37 0 0.708487 240762 102-aaxyr 
3800 334.769 271 1.23531 0.00369004 102 102 0 89 12 10 41 0 1.41697 251041 102-aazaz 
3900 384 270 1.42222 0.0037037 102 102 0 223 20 16 43 0 1.42222 255178 102-aazox 
4000 768 271 2.83395 0.00369004 102 102 0 292 23 17 44 0 2.83395 266626 102-abarl 
4100 768 271 2.83395 0.00369004 102 102 0 621 47 33 44 0 2.83395 266626 102-abarl 
4200 3072 271 11.3358 0.00369004 102 102 0 860 90 53 45 0 11.3358 280519 102-abbrl 
4300 6144 271 22.6716 0.00369004 102 102 0 1052 75 48 46 0 22.6716 284401 102-abbzu 
4400 6144 271 22.6716 0.00369004 102 102 0 907 81 58 46 0 22.6716 284401 102-abbzu 
4500 6144 271 22.6716 0.00369004 102 102 0 528 34 22 46 0 22.6716 284401 102-abbzu 
4600 6144 271 22.6716 0.00369004 102 102 0 302 26 20 46 0 22.6716 284401 102-abbzu 
4700 6144 271 22.6716 0.00369004 102 102 0 189 6 4 46 0 22.6716 284401 102-abbzu 
4800 6144 271 22.6716 0.00369004 102 102 0 86 6 4 46 0 22.6716 284401 102-abbzu 
4900 6144 271 22.6716 0.00369004 102 102 0 46 4 4 47 0 22.6716 316261 102-abets 
5000 6144 271 22.6716 0.00369004 102 102 0 39 1 1 46 0 22.6716 284401 102-abbzu 
5100 13696 310 44.1806 0.00322581 116 116 0 361 31 17 57 0 44.1806 349425 116-aaadd 
5200 54784 311 176.154 0.00321543 116 116 0 619 85 53 60 0 176.154 361033 116-aaakw 
5300 109568 311 352.309 0.00321543 116 116 0 368 19 12 61 0 352.309 364908 116-aaavj 
5400 109568 311 352.309 0.00321543 116 116 0 426 16 11 61 0 352.309 364908 116-aaavj 
5500 109568 311 352.309 0.00321543 116 116 0 375 19 12 61 0 352.309 364908 116-aaavj 
5600 109568 311 352.309 0.00321543 116 116 0 205 11 6 61 0 352.309 364908 116-aaavj 
5700 109568 311 352.309 0.00321543 116 116 0 72 3 2 61 0 352.309 364908 116-aaavj 
5800 109568 311 352.309 0.00321543 116 116 0 48 5 4 61 0 352.309 364908 116-aaavj 
5900 109568 311 352.309 0.00321543 116 116 0 49 1 1 61 0 352.309 364908 116-aaavj 
6000 108544 308 352.416 0.00324675 116 116 0 50 5 4 64 0 352.416 380429 116-aaciw 
6100 109568 312 351.179 0.00320513 116 116 0 39 4 3 66 0 351.179 407741 116-aaevk 
6200 108544 308 352.416 0.00324675 116 116 0 27 6 4 64 0 352.416 380429 116-aaciw 
6300 219136 308 711.481 0.00324675 116 116 0 104 3 2 68 0 711.481 437866 116-aahim 
6400 219136 308 711.481 0.00324675 116 116 0 375 35 25 68 0 711.481 437866 116-aahim 
6500 219136 308 711.481 0.00324675 116 116 0 238 19 12 68 0 711.481 437866 116-aahim 
6600 219136 308 711.481 0.00324675 116 116 0 134 9 6 68 0 711.481 437866 116-aahim 
6700 219136 308 711.481 0.00324675 116 116 0 71 3 3 68 0 711.481 437866 116-aahim 
6800 223232 273 817.7 0.003663 117 116.997 0 63 4 4 71 0 817.7 447797 117-aaaer 
6900 223232 273 817.7 0.003663 117 116.998 0 72 5 2 71 0 817.7 447797 117-aaaer 
7000 227328 274 829.664 0.00364964 117 117 0 69 7 5 74 0 829.664 463977 117-aaafv 
7100 227328 274 829.664 0.00364964 117 117 0 43 1 1 74 0 829.664 463977 117-aaafv 
7200 227328 274 829.664 0.00364964 117 117 0 49 1 0 74 0 829.664 463977 117-aaafv 
7300 227328 274 829.664 0.00364964 117 117 0 37 3 3 74 0 829.664 463977 117-aaafv 
7400 223232 272 820.706 0.00367647 117 117 0 37 0 0 78 0 820.706 507771 117-aabqu 
7500 227328 275 826.647 0.00363636 117 117 0 33 4 3 79 0 826.647 509762 117-aabrw 
7600 223232 273 817.7 0.003663 117 117 0 49 8 7 78 0 817.7 526860 117-aadbr 
7700 227328 274 829.664 0.00364964 117 117 0 36 7 3 77 0 829.664 522976 117-aacsx 
7800 221184 268 825.313 0.00373134 117 117 0 33 2 2 78 0 825.313 540231 117-aaejq 
7900 227328 276 823.652 0.00362319 117 117 0 33 1 1 81 0 823.652 544031 117-aaeof 
8000 227328 275 826.647 0.00363636 117 117 0 41 3 3 81 0 826.647 550914 117-aafgj 
8100 227328 275 826.647 0.00363636 117 117 0 31 0 0 86 0 826.647 562886 117-aaggw 
8200 227328 273 832.703 0.003663 117 117 0 27 0 0 82 0 832.703 582701 117-aaiab 
8300 227328 273 832.703 0.003663 117 117 0 36 4 3 83 0 832.703 552305 117-aaflk 
8400 223232 274 814.715 0.00364964 117 117 0 33 4 2 80 0 814.715 567456 117-aagyh 
8500 227328 271 838.849 0.00369004 117 117 0 24 0 0 84 0 838.849 575914 117-aahkn 
8600 227328 276 823.652 0.00362319 117 117 0 24 7 4 84 0 823.652 616384 117-aalau 
8700 223232 273 817.7 0.003663 117 117 0 24 7 5 87 0 817.7 625497 117-aalyd 
8800 227328 271 838.849 0.00369004 117 117 0 34 3 2 83 0 838.849 606433 117-aakbr 
8900 227328 276 823.652 0.00362319 117 117 0 35 7 4 87 0 823.652 616152 117-aaldf 
9000 227328 271 838.849 0.00369004 117 117 0 32 5 4 86 0 838.849 638396 117-aancp 
9100 227328 275 826.647 0.00363636 117 117 0 40 2 0 90 0 826.647 653275 117-aaofd 
9200 227328 270 841.956 0.0037037 117 117 0 43 8 7 86 0 841.956 617621 117-aalcl 
9300 227328 271 838.849 0.00369004 117 117 0 31 10 5 92 0 838.849 667604 117-aapla 
9400 227328 274 829.664 0.00364964 117 117 0 29 2 1 92 0 829.664 665424 117-aapgj 
9500 227328 271 838.849 0.00369004 117 117 0 44 2 2 92 0 838.849 667604 117-aapla 
9600 227328 274 829.664 0.00364964 117 117 0 25 2 2 89 0 829.664 690606 117-aarkn 
9700 229376 273 840.205 0.003663 117 117 0 29 2 2 93 0 840.205 699392 117-aasfk 
9800 227328 272 835.765 0.00367647 117 117 0 40 3 1 86 0 835.765 696660 117-aasdj 
9900 227328 272 835.765 0.00367647 117 117 0 28 3 2 86 0 835.765 696660 117-aasdj 
10000 227328 272 835.765 0.00367647 117 117 0 30 1 1 90 0 835.765 709687 117-aatfc 
10100 227328 270 841.956 0.0037037 117 117 0 36 1 1 88 0 841.956 722361 117-aauht 
10200 225280 271 831.292 0.00369004 117 117 0 27 6 5 90 0 831.292 741100 117-aawaa 
10300 227328 270 841.956 0.0037037 117 117 0 42 6 4 88 0 841.956 722361 117-aauht 
10400 227328 270 841.956 0.0037037 117 117 0 41 1 0 88 0 841.956 722361 117-aauht 
10500 227328 269 845.086 0.00371747 117 117 0 45 8 4 93 0 845.086 739232 117-aawii 
10600 225280 270 834.37 0.0037037 117 117 0 46 0 0 93 0 834.37 762225 117-aaxws 
10700 1.85139e+06 1302 1421.96 0.000768049 117 117 0 95 30 25 102 0 1421.96 785285 117-aazyv 
10800 1.85139e+06 1302 1421.96 0.000768049 117 117 0 169 2 1 102 0 1421.96 785285 117-aazyv 
10900 1.85139e+06 1302 1421.96 0.000768049 117 117 0 264 7 4 102 0 1421.96 785285 117-aazyv 
11000 1.85139e+06 1302 1421.96 0.000768049 117 117 0 254 0 0 102 0 1421.96 785285 117-aazyv 
11100 1.85139e+06 1302 1421.96 0.000768049 117 117 0 202 0 0 102 0 1421.96 785285 117-aazyv 
11200 1.85139e+06 1302 1421.96 0.000768049 117 117 0 195 3 1 102 0 1421.96 785285 117-aazyv 
11300 1.85139e+06 1302 1421.96 0.000768049 117 117 0 177 3 3 102 0 1421.96 785285 117-aazyv 
11400 1.85139e+06 1302 1421.96 0.000768049 117 117 0 186 0 0 102 0 1421.96 785285 117-aazyv 
11500 1.85139e+06 1302 1421.96 0.000768049 117 117 0 167 8 5 102 0 1421.96 785285 117-aazyv 
11600 1.85139e+06 1302 1421.96 0.000768049 117 117 0 125 0 0 102 0 1421.96 785285 117-aazyv 
11700 1.85139e+06 1083 1709.5 0.000923361 117 117 0 97 0 0 104 0 1709.5 799962 117-abbes 
11800 1.85139e+06 1083 1709.5 0.000923361 117 117 0 139 2 1 104 0 1709.5 799962 117-abbes 
11900 1.85139e+06 1083 1709.5 0.000923361 117 117 0 138 3 3 104 0 1709.5 799962 117-abbes 
12000 1.85139e+06 1083 1709.5 0.000923361 117 117 0 169 9 6 104 0 1709.5 799962 117-abbes 
12100 1.85139e+06 1083 1709.5 0.000923361 117 117 0 146 5 2 104 0 1709.5 799962 117-abbes 
12200 1.85139e+06 1083 1709.5 0.000923361 117 117 0 169 7 4 104 0 1709.5 799962 117-abbes 
12300 1.85139e+06 1083 1709.5 0.000923361 117 117 0 156 9 6 104 0 1709.5 799962 117-abbes 
12400 1.85139e+06 1083 1709.5 0.000923361 117 117 0 153 10 6 104 0 1709.5 799962 117-abbes 
12500 1.85139e+06 1083 1709.5 0.000923361 117 117 0 145 12 7 104 0 1709.5 799962 117-abbes 
12600 1.85139e+06 1083 1709.5 0.000923361 117 117 0 151 2 2 104 0 1709.5 799962 117-abbes 
12700 1.85139e+06 1083 1709.5 0.000923361 117 117 0 145 2 2 104 0 1709.5 799962 117-abbes 
12800 1.85139e+06 1083 1709.5 0.000923361 117 117 0 133 5 4 104 0 1709.5 799962 117-abbes 
12900 1.85139e+06 1083 1709.5 0.000923361 117 117 0 113 4 3 104 0 1709.5 799962 117-abbes 
13000 1.85139e+06 1083 1709.5 0.000923361 117 117 0 87 1 1 104 0 1709.5 799962 117-abbes 
13100 1.85139e+06 1083 1709.5 0.000923361 117 117 0 73 6 3 104 0 1709.5 799962 117-abbes 
13200 1.85139e+06 1083 1709.5 0.000923361 117 117 0 62 2 1 104 0 1709.5 799962 117-abbes 
13300 1.85139e+06 1083 1709.5 0.000923361 117 117 0 51 3 1 104 0 1709.5 799962 117-abbes 
13400 1.85139e+06 1083 1709.5 0.000923361 117 117 0 44 1 1 104 0 1709.5 799962 117-abbes 
13500 1.85139e+06 1083 1709.5 0.000923361 117 117 0 41 0 0 105 0 1709.5 804449 117-abbrf 
13600 1.83501e+06 1082 1695.94 0.000924214 117 117 0 35 0 0 108 0 1695.94 826236 117-abdya 
13700 1.85139e+06 1086 1704.78 0.00092081 117 117 0 37 0 0 108 0 1704.78 841934 117-abfgd 
13800 1.85139e+06 1083 1709.5 0.000923361 117 117 0 31 0 0 104 0 1709.5 799962 117-abbes 
13900 1.85139e+06 1083 1709.5 0.000923361 117 117 0 36 1 1 104 0 1709.5 799962 117-abbes 
14000 1.81862e+06 957 1900.34 0.00104493 116 116 0 33 0 0 113 0 1900.34 837876 116-aamgo 
14100 1.81862e+06 957 1900.34 0.00104493 116 116 0 35 5 2 113 0 1900.34 837876 116-aamgo 
14200 1.81862e+06 957 1900.34 0.00104493 116 116 0 44 0 0 113 0 1900.34 837876 116-aamgo 
14300 1.81862e+06 823 2209.75 0.00121507 116 116 0 37 7 5 110 0 2209.75 854912 116-aamnm 
14400 1.81862e+06 823 2209.75 0.00121507 116 116 0 60 2 0 110 0 2209.75 854912 116-aamnm 
14500 1.81862e+06 823 2209.75 0.00121507 116 116 0 89 4 3 110 0 2209.75 854912 116-aamnm 
14600 1.81862e+06 823 2209.75 0.00121507 116 116 0 106 2 2 110 0 2209.75 854912 116-aamnm 
14700 1.81862e+06 823 2209.75 0.00121507 116 116 0 121 4 2 110 0 2209.75 854912 116-aamnm 
14800 1.81862e+06 823 2209.75 0.00121507 116 116 0 132 4 2 110 0 2209.75 854912 116-aamnm 
14900 1.81862e+06 823 2209.75 0.00121507 116 116 0 144 9 6 110 0 2209.75 854912 116-aamnm 
15000 1.81862e+06 823 2209.75 0.00121507 116 116 0 135 3 3 110 0 2209.75 854912 116-aamnm 
15100 1.81862e+06 823 2209.75 0.00121507 116 116 0 125 5 4 110 0 2209.75 854912 116-aamnm 
15200 1.81862e+06 823 2209.75 0.00121507 116 116 0 123 3 2 110 0 2209.75 854912 116-aamnm 
15300 1.81862e+06 823 2209.75 0.00121507 116 116 0 87 3 2 110 0 2209.75 854912 116-aamnm 
15400 1.81862e+06 822 2212.44 0.00121655 116 116 0 74 1 0 111 0 2212.44 861592 116-aamry 
15500 1.81862e+06 822 2212.44 0.00121655 116 116 0 92 0 0 111 0 2212.44 861592 116-aamry 
15600 1.81862e+06 823 2209.75 0.00121507 116 116 0 66 3 3 110 0 2209.75 854912 116-aamnm 
15700 1.81862e+06 823 2209.75 0.00121507 116 116 0 51 6 5 110 0 2209.75 854912 116-aamnm 
15800 1.81862e+06 822 2212.44 0.00121655 116 116 0 44 0 0 111 0 2212.44 861592 116-aamry 
15900 1.81862e+06 823 2209.75 0.00121507 116 116 0 34 0 0 110 0 2209.75 854912 116-aamnm 
16000 1.81862e+06 823 2209.75 0.00121507 116 116 0 35 1 1 113 0 2209.75 897566 116-aapdo 
16100 1.80224e+06 822 2192.51 0.00121655 116 116 0 38 0 0 113 0 2192.51 900815 116-aapkd 
16200 1.81862e+06 822 2212.44 0.00121655 116 116 0 49 0 0 114 0 2212.44 886779 116-aaocs 
16300 1.81862e+06 822 2212.44 0.00121655 116 116 0 52 0 0 114 0 2212.44 886779 116-aaocs 
16400 1.81862e+06 822 2212.44 0.00121655 116 116 0 39 2 1 114 0 2212.44 886779 116-aaocs 
16500 1.81862e+06 822 2212.44 0.00121655 116 116 0 42 2 2 114 0 2212.44 886779 116-aaocs 
16600 1.81862e+06 822 2212.44 0.00121655 116 116 0 42 2 1 114 0 2212.44 886779 116-aaocs 
16700 1.81862e+06 822 2212.44 0.00121655 116 116 0 32 0 0 114 0 2212.44 886779 116-aaocs 
16800 1.81862e+06 823 2209.75 0.00121507 116 116 0 40 3 1 112 0 2209.75 870969 116-aanal 
16900 3.67002e+06 793 4628.02 0.00126103 116 116 0 43 0 0 115 0 4628.02 932448 116-aasfw 
17000 3.67002e+06 793 4628.02 0.00126103 116 116 0 267 26 22 115 0 4628.02 932448 116-aasfw 
17100 7.34003e+06 793 9256.03 0.00126103 116 116 0 472 84 57 117 0 9256.03 938786 116-aasuc 
17200 7.34003e+06 793 9256.03 0.00126103 116 116 0 829 30 19 117 0 9256.03 938786 116-aasuc 
17300 7.34003e+06 793 9256.03 0.00126103 116 116 0 892 22 14 117 0 9256.03 938786 116-aasuc 
17400 7.34003e+06 793 9256.03 0.00126103 116 116 0 739 1 0 117 0 9256.03 938786 116-aasuc 
17500 7.34003e+06 793 9256.03 0.00126103 116 116 0 602 28 18 117 0 9256.03 938786 116-aasuc 
17600 7.34003e+06 793 9256.03 0.00126103 116 116 0 495 42 25 117 0 9256.03 938786 116-aasuc 
17700 7.34003e+06 793 9256.03 0.00126103 116 116 0 443 11 9 117 0 9256.03 938786 116-aasuc 
17800 7.34003e+06 793 9256.03 0.00126103 116 116 0 350 5 3 117 0 9256.03 938786 116-aasuc 
17900 7.34003e+06 793 9256.03 0.00126103 116 116 0 322 5 5 117 0 9256.03 938786 116-aasuc 
18000 7.34003e+06 793 9256.03 0.00126103 116 116 0 244 7 4 117 0 9256.03 938786 116-aasuc 
18100 7.34003e+06 793 9256.03 0.00126103 116 116 0 195 11 9 117 0 9256.03 938786 116-aasuc 
18200 7.34003e+06 793 9256.03 0.00126103 116 116 0 166 9 5 117 0 9256.03 938786 116-aasuc 
18300 7.34003e+06 793 9256.03 0.00126103 116 116 0 130 0 0 117 0 9256.03 938786 116-aasuc 
18400 7.34003e+06 793 9256.03 0.00126103 116 116 0 94 3 2 117 0 9256.03 938786 116-aasuc 
18500 7.34003e+06 793 9256.03 0.00126103 116 116 0 98 5 5 117 0 9256.03 938786 116-aasuc 
18600 7.34003e+06 793 9256.03 0.00126103 116 116 0 77 7 3 117 0 9256.03 938786 116-aasuc 
18700 7.2745e+06 641 11348.7 0.00156006 115 115 0 95 4 3 122 0 11348.7 958433 115-aaafg 
18800 7.2745e+06 641 11348.7 0.00156006 115 115 0 121 3 2 122 0 11348.7 958433 115-aaafg 
18900 7.2745e+06 641 11348.7 0.00156006 115 115 0 132 0 0 122 0 11348.7 958433 115-aaafg 
19000 7.2745e+06 641 11348.7 0.00156006 115 115 0 156 3 3 122 0 11348.7 958433 115-aaafg 
19100 7.2745e+06 641 11348.7 0.00156006 115 115 0 141 3 2 122 0 11348.7 958433 115-aaafg 
19200 7.2745e+06 641 11348.7 0.00156006 115 115 0 125 5 4 122 0 11348.7 958433 115-aaafg 
19300 7.2745e+06 641 11348.7 0.00156006 115 115 0 118 5 3 122 0 11348.7 958433 115-aaafg 
19400 7.2745e+06 641 11348.7 0.00156006 115 115 0 83 0 0 122 0 11348.7 958433 115-aaafg 
19500 7.2745e+06 641 11348.7 0.00156006 115 115 0 45 3 3 122 0 11348.7 958433 115-aaafg 
19600 7.2745e+06 641 11348.7 0.00156006 115 115 0 46 2 0 122 0 11348.7 958433 115-aaafg 
19700 7.2745e+06 642 11331 0.00155763 115 115 0 42 1 1 127 0 11331 990960 115-aaani 
19800 7.2745e+06 641 11348.7 0.00156006 115 115 0 36 4 2 125 0 11348.7 984091 115-aaaiq 
19900 7.2745e+06 641 11348.7 0.00156006 115 115 0 40 1 1 123 0 11348.7 960671 115-aaafi 
20000 7.2745e+06 642 11331 0.00155763 115 115 0 42 5 2 124 0 11331 988505 115-aaamj 
20100 7.2745e+06 641 11348.7 0.00156006 115 115 0 36 1 1 125 0 11348.7 984091 115-aaaiq 
20200 7.2745e+06 642 11331 0.00155763 115 115 0 38 0 0 130 0 11331 1017978 115-aacjp 
20300 7.2745e+06 642 11331 0.00155763 115 115 0 45 4 3 124 0 11331 988505 115-aaamj 
20400 7.2745e+06 642 11331 0.00155763 115 115 0 38 2 2 124 0 11331 988505 115-aaamj 
20500 7.2745e+06 642 11331 0.00155763 115 115 0 31 0 0 124 0 11331 988505 115-aaamj 
20600 7.2745e+06 641 11348.7 0.00156006 115 115 0 43 4 4 126 0 11348.7 1033692 115-aadsd 
20700 7.2745e+06 640 11366.4 0.0015625 115 115 0 34 2 1 130 0 11366.4 1018749 115-aacmq 
20800 7.2745e+06 640 11366.4 0.0015625 115 115 0 35 0 0 130 0 11366.4 1018749 115-aacmq 
20900 7.34003e+06 641 11450.9 0.00156006 116 116 0 36 1 1 130 0 11450.9 1043468 116-aaxoa 
21000 7.2745e+06 641 11348.7 0.00156006 115 115 0 43 4 4 131 0 11348.7 1023149 115-aacvh 
21100 7.2745e+06 641 11348.7 0.00156006 115 115 0 55 3 3 131 0 11348.7 1023149 115-aacvh 
21200 7.2745e+06 643 11313.4 0.00155521 115 115 0 45 0 0 129 0 11313.4 1040583 115-aaegg 
21300 7.2745e+06 641 11348.7 0.00156006 115 115 0 32 2 2 126 0 11348.7 1008651 115-aabpo 
21400 7.2745e+06 641 11348.7 0.00156006 115 115 0 45 1 1 126 0 11348.7 1008651 115-aabpo 
21500 7.2745e+06 641 11348.7 0.00156006 115 115 0 48 5 3 126 0 11348.7 1008651 115-aabpo 
21600 7.2745e+06 641 11348.7 0.00156006 115 115 0 48 2 1 126 0 11348.7 1008651 115-aabpo 
21700 7.2745e+06 642 11331 0.00155763 115 115 0 31 0 0 126 0 11331 1026234 115-aadgh 
21800 7.2745e+06 642 11331 0.00155763 115 115 0 34 2 1 129 0 11331 1059374 115-aafrm 
21900 7.2745e+06 644 11295.8 0.0015528 115 115 0 27 0 0 132 0 11295.8 1080590 115-aahpx 
22000 7.2745e+06 641 11348.7 0.00156006 115 115 0 29 1 1 129 0 11348.7 1062479 115-aafyd 
22100 7.2745e+06 641 11348.7 0.00156006 115 115 0 28 2 2 126 0 11348.7 1008651 115-aabpo 
22200 7.2745e+06 640 11366.4 0.0015625 115 115 0 27 0 0 128 0 11366.4 1073573 115-aagyw 
22300 7.2745e+06 640 11366.4 0.0015625 115 115 0 40 0 0 128 0 11366.4 1073573 115-aagyw 
22400 7.2745e+06 642 11331 0.00155763 115 115 0 37 2 1 128 0 11331 1080613 115-aahrz 
22500 7.2745e+06 641 11348.7 0.00156006 115 115 0 38 2 2 132 0 11348.7 1087804 115-aaicg 
22600 7.2745e+06 642 11331 0.00155763 115 115 0 28 0 0 136 0 11331 1107706 115-aajuf 
22700 7.2745e+06 640 11366.4 0.0015625 115 115 0 26 2 2 135 0 11366.4 1093636 115-aaimp 
22800 7.20896e+06 639 11281.6 0.00156495 115 115 0 34 4 2 136 0 11281.6 1099529 115-aajfc 
22900 7.2745e+06 642 11331 0.00155763 115 115 0 35 1 1 133 0 11331 1104924 115-aajky 
23000 7.2745e+06 642 11331 0.00155763 116 116 0 36 1 1 133 0 11331 1106209 116-aaxwd 
23100 7.2745e+06 642 11331 0.00155763 116 116 0 43 0 0 133 0 11331 1106209 116-aaxwd 
23200 7.2745e+06 642 11331 0.00155763 116 116 0 50 1 1 133 0 11331 1106209 116-aaxwd 
23300 7.34003e+06 642 11433.1 0.00155763 116 116 0 31 1 1 134 0 11433.1 1127710 116-aayax 
23400 7.2745e+06 642 11331 0.00155763 115 115 0 23 0 0 137 0 11331 1132126 115-aaltb 
23500 7.34003e+06 642 11433.1 0.00155763 116 116 0 40 0 0 134 0 11433.1 1127710 116-aayax 
23600 7.2745e+06 641 11348.7 0.00156006 115 115 0 32 0 0 140 0 11348.7 1130308 115-aallq 
23700 7.2745e+06 642 11331 0.00155763 115 115 0 36 0 0 132 0 11331 1125242 115-aalkc 
23800 6.94682e+06 533 13033.4 0.00187617 108 108 0 39 1 0 135 0 13033.4 1141197 108-aaadc 
23900 6.94682e+06 533 13033.4 0.00187617 108 108 0 59 6 5 135 0 13033.4 1141197 108-aaadc 
24000 6.94682e+06 533 13033.4 0.00187617 108 108 0 58 4 3 135 0 13033.4 1141197 108-aaadc 
24100 6.94682e+06 533 13033.4 0.00187617 108 108 0 66 5 5 135 0 13033.4 1141197 108-aaadc 
24200 6.94682e+06 533.997 13027 0.00187525 108 108 0 64 4 3 135 0 13033.4 1141197 108-aaadc 
24300 6.94682e+06 533.833 13028.1 0.0018754 108 108 0 74 0 0 135 0 13033.4 1141197 108-aaadc 
24400 6.94682e+06 533.694 13029 0.00187553 108 108 0 69 3 3 135 0 13033.4 1141197 108-aaadc 
24500 6.94682e+06 533.6 13029.6 0.00187562 108 108 0 70 3 2 135 0 13033.4 1141197 108-aaadc 
24600 6.94682e+06 533.535 13030 0.00187568 108 108 0 59 1 1 135 0 13033.4 1141197 108-aaadc 
24700 6.94682e+06 533.486 13030.3 0.00187572 108 108 0 55 0 0 135 0 13033.4 1141197 108-aaadc 
24800 6.94682e+06 533.451 13030.5 0.00187576 108 108 0 42 0 0 135 0 13033.4 1141197 108-aaadc 
24900 7.20896e+06 559 12896.2 0.00178891 114 114 0 38 0 0 132 0 12896.2 1131514 114-aaacj 
25000 7.20896e+06 559 12896.2 0.00178891 114 114 0 42 0 0 132 0 12896.2 1131514 114-aaacj 
25100 6.94682e+06 533 13033.4 0.00187617 108 108 0 53 0 0 137 0 13033.4 1183736 108-aaalo 
25200 6.94682e+06 533 13033.4 0.00187617 108 108 0 35 0 0 137 0 13033.4 1183736 108-aaalo 
25300 6.94682e+06 533 13033.4 0.00187617 108 108 0 29 0 0 137 0 13033.4 1183736 108-aaalo 
25400 7.20896e+06 559 12896.2 0.00178891 114 114 0 46 1 1 137 0 12896.2 1209212 114-aacek 
25500 6.94682e+06 533 13033.4 0.00187617 108 108 0 24 1 1 137 0 13033.4 1183736 108-aaalo 
25600 6.94682e+06 533 13033.4 0.00187617 108 108 0 37 5 5 141 0 13033.4 1220461 108-aablh 
25700 6.88128e+06 491 14014.8 0.00203666 108 108 0 35 2 2 145 0 14014.8 1208324 108-aabbm 
25800 7.20896e+06 559 12896.2 0.00178891 114 114 0 22 3 1 140 0 12896.2 1222859 114-aacpt 
25900 6.94682e+06 451 15403.1 0.00221729 108 108 0 54 0 0 147 0 15403.1 1231081 108-aabwd 
26000 6.94682e+06 451 15403.1 0.00221729 108 108 0 56 2 2 147 0 15403.1 1231081 108-aabwd 
26100 6.94682e+06 451 15403.1 0.00221729 108 108 0 85 3 1 147 0 15403.1 1231081 108-aabwd 
26200 6.94682e+06 451 15403.1 0.00221729 108 108 0 86 5 4 147 0 15403.1 1231081 108-aabwd 
26300 6.94682e+06 451 15403.1 0.00221729 108 108 0 54 8 3 147 0 15403.1 1231081 108-aabwd 
26400 6.94682e+06 451 15403.1 0.00221729 108 108 0 47 1 0 147 0 15403.1 1231081 108-aabwd 
26500 6.94682e+06 451 15403.1 0.00221729 108 108.001 0 45 8 6 147 0 15403.1 1231081 108-aabwd 
26600 6.94682e+06 451 15403.1 0.00221729 108 107.968 0 32 3 3 150 0 15403.1 1249843 108-aacra 
26700 6.94682e+06 451 15403.1 0.00221729 108 108 0 25 1 1 151 0 15403.1 1260630 108-aadcg 
26800 6.94682e+06 451 15403.1 0.00221729 108 108 0 24 1 1 149 0 15403.1 1264318 108-aadjl 
26900 7.01235e+06 453 15479.8 0.00220751 109 109 0 29 0 0 152 0 15479.8 1271843 109-aaast 
27000 7.01235e+06 454 15445.7 0.00220264 109 108.993 0 29 0 0 150 0 15445.7 1266486 109-aaaqp 
27100 6.81574e+06 448 15213.7 0.00223214 107 107 0 23 0 0 153 0 15213.7 1288826 107-aabjx 
27200 6.88128e+06 448 15360 0.00223214 107 107.032 0 25 0 0 153 0 15360 1285861 107-aabhg 
27300 6.81574e+06 447 15247.7 0.00223714 106 106 0 42 4 4 153 0 15247.7 1287582 106-aaalx 
27400 6.81574e+06 447 15247.7 0.00223714 106 106 0 25 3 2 153 0 15247.7 1287582 106-aaalx 
27500 6.81574e+06 448 15213.7 0.00223214 107 107 0 27 3 2 153 0 15213.7 1288826 107-aabjx 
27600 6.94682e+06 451 15403.1 0.00221729 108 107.966 0 26 5 5 154 0 15403.1 1305118 108-aaewg 
27700 6.88128e+06 437 15746.6 0.00228833 107 106.994 0 28 6 5 154 0 15746.6 1307122 107-aabvv 
27800 2.85737e+07 501 57033.3 0.00199601 111 111 0 53 0 0 155 0 57033.3 1334919 111-aaakh 
27900 2.85737e+07 501 57033.3 0.00199601 111 111 0 957 47 32 155 0 57033.3 1334919 111-aaakh 
28000 2.85737e+07 501 57033.3 0.00199601 111 111 0 766 49 35 155 0 57033.3 1334919 111-aaakh 
28100 2.85737e+07 501 57033.3 0.00199601 111 111 0 502 20 16 155 0 57033.3 1334919 111-aaakh 
28200 1.14295e+08 501 228133 0.00199601 111 111 0 723 78 54 156 0 228133 1347794 111-aabeg 
28300 1.14295e+08 501 228133 0.00199601 111 111 0 574 53 34 156 0 228133 1347794 111-aabeg 
28400 1.14295e+08 501 228133 0.00199601 111 111 0 445 28 15 156 0 228133 1347794 111-aabeg 
28500 1.14295e+08 501 228133 0.00199601 111 111 0 334 7 4 156 0 228133 1347794 111-aabeg 
28600 1.14295e+08 501 228133 0.00199601 111 111 0 235 9 6 156 0 228133 1347794 111-aabeg 
28700 1.14295e+08 501 228133 0.00199601 111 111 0 200 3 3 156 0 228133 1347794 111-aabeg 
28800 1.14295e+08 501 228133 0.00199601 111 111 0 161 1 0 156 0 228133 1347794 111-aabeg 
28900 1.14295e+08 501 228133 0.00199601 111 111 0 115 0 0 156 0 228133 1347794 111-aabeg 
29000 1.14295e+08 501 228133 0.00199601 111 111 0 109 1 1 156 0 228133 1347794 111-aabeg 
29100 1.14295e+08 501 228133 0.00199601 111 111 0 64 3 3 156 0 228133 1347794 111-aabeg 
29200 1.14295e+08 501 228133 0.00199601 111 111 0 47 4 3 156 0 228133 1347794 111-aabeg 
29300 1.14295e+08 501 228133 0.00199601 111 111 0 35 4 1 158 0 228133 1377983 111-aadfa 
29400 1.14295e+08 491.133 232723 0.00203616 111 111 0 30 0 0 166 0 233732 1385059 111-aadqb 
29500 1.13246e+08 500 226492 0.002 110 110.005 0 29 1 1 159 0 226492 1372014 110-aabue 
29600 1.13246e+08 486 233017 0.00205761 110 110 0 33 1 1 162 0 233017 1395651 110-aacmu 
29700 1.14295e+08 490.929 232819 0.002037 111 111 0 36 0 0 166 0 233732 1404440 111-aaesq 
29800 1.14295e+08 491.03 232771 0.00203659 111 111 0 53 0 0 166 0 233732 1404440 111-aaesq 
29900 1.14295e+08 488 234211 0.00204918 111 111 0 34 3 2 163 0 234211 1417902 111-aafem 
30000 1.14295e+08 489 233732 0.00204499 111 111 0 41 1 1 166 0 233732 1419956 111-aafhv 
30100 1.14295e+08 489 233732 0.00204499 111 111 0 32 3 2 166 0 233732 1419956 111-aafhv 
30200 1.14295e+08 502 227679 0.00199203 111 111 0 30 2 2 163 0 227679 1437029 111-aafzx 
30300 1.13246e+08 486 233017 0.00205761 110 110.013 0 28 0 0 165 0 233017 1435519 110-aaduu 
30400 1.14295e+08 488 234211 0.00204918 111 111 0 27 0 0 163 0 234211 1438910 111-aagbx 
30500 1.14295e+08 501 228133 0.00199601 111 111 0 34 1 1 161 0 228133 1435839 111-aagds 
30600 1.14295e+08 501 228133 0.00199601 111 111 0 25 5 4 162 0 228133 1443639 111-aaghl 
30700 1.14295e+08 501 228133 0.00199601 111 111 0 25 3 1 162 0 228133 1443639 111-aaghl 
30800 1.14295e+08 501 228133 0.00199601 111 111 0 50 1 1 164 0 228133 1446588 111-aagnf 
30900 1.13246e+08 473 239421 0.00211416 110 110 0 43 3 2 167 0 239421 1451564 110-aaeji 
31000 1.12198e+08 497 225750 0.00201207 109 109 0 49 7 7 161 0 225750 1442144 109-aadft 
31100 1.13246e+08 498 227402 0.00200803 110 110 0 38 3 3 163 0 227402 1425810 110-aadna 
31200 1.13246e+08 498 227402 0.00200803 110 110 0 31 3 3 163 0 227402 1425810 110-aadna 
31300 1.13757e+08 498.487 228203 0.00200607 111 111 0 31 5 5 167 0 229048 1486828 111-aaidq 
31400 1.11683e+08 472.509 236360 0.00211636 109 109.029 0 35 6 3 171 0 237204 1490569 109-aadtm 
31500 1.11685e+08 472.511 236364 0.00211635 109 109.018 0 29 0 0 171 0 237204 1490569 109-aadtm 
31600 1.11681e+08 472.507 236357 0.00211637 109 109.013 0 37 4 3 171 0 237204 1490569 109-aadtm 
31700 1.11685e+08 472.511 236364 0.00211635 109 109.01 0 30 2 2 171 0 237204 1490569 109-aadtm 
31800 1.12198e+08 471 238212 0.00212314 109 109 0 25 0 0 171 0 238212 1510207 109-aaean 
31900 1.12198e+08 476.099 235666 0.00210046 109 109 0 33 8 5 166 0 236704 1480322 109-aadpn 
32000 1.12198e+08 471 238212 0.00212314 109 109 0 24 7 5 171 0 238212 1510207 109-aaean 
32100 1.11482e+08 470.317 237035 0.00212623 110 110.006 0 23 0 0 173 0 238212 1523325 110-aahbe 
32200 1.12198e+08 484 231813 0.00206612 110 110 0 27 0 0 175 0 231813 1518768 110-aagxw 
32300 1.12746e+08 475.523 237098 0.00210295 111 111 0 27 1 1 174 0 237912 1537409 111-aajvt 
32400 1.12742e+08 475.519 237091 0.00210297 111 111 0 42 0 0 174 0 237912 1537409 111-aajvt 
32500 1.12747e+08 475.524 237099 0.00210295 111 111 0 48 1 1 174 0 237912 1537409 111-aajvt 
32600 1.13246e+08 473 239421 0.00211416 110 110 0 36 0 0 174 0 239421 1541537 110-aahtp 
32700 1.13246e+08 484 233980 0.00206612 110 110 0 38 1 1 180 0 233980 1545132 110-aahyv 
32800 1.13246e+08 498 227402 0.00200803 110 110.021 0 32 0 0 172 0 227402 1538369 110-aahsp 
32900 1.12738e+08 475.515 237085 0.00210299 111 111 0 26 0 0 175 0 237912 1558977 111-aakre 
33000 1.13246e+08 473 239421 0.00211416 110 110 0 36 2 2 175 0 239421 1555568 110-aaikw 
33100 1.12754e+08 475.53 237111 0.00210292 111 111 0 23 3 3 177 0 237912 1574369 111-aalej 
33200 1.12754e+08 475.53 237110 0.00210292 111 111 0 30 7 5 177 0 237912 1574369 111-aalej 
33300 1.12198e+08 472 237707 0.00211864 109 109 0 31 4 3 173 0 237707 1576991 109-aafam 
33400 1.12198e+08 472 237707 0.00211864 109 109 0 36 5 3 173 0 237707 1576991 109-aafam 
33500 1.14295e+08 486 235174 0.00205761 111 111 0 29 0 0 187 0 235174 1586588 111-aalph 
33600 1.15343e+08 482.302 239171 0.00207356 112 112 0 22 0 0 174 0 240800 1588963 112-aaapy 
33700 1.12737e+08 475.515 237084 0.00210299 110 110 0 33 2 2 178 0 237912 1588312 110-aakbn 
33800 1.12723e+08 475.501 237061 0.00210305 110 110 0 36 4 3 178 0 237912 1588312 110-aakbn 
33900 1.13246e+08 474 238916 0.0021097 110 110 0 26 0 0 177 0 238916 1609999 110-aakrs 
34000 1.09606e+08 469.528 233438 0.0021298 111 111 0 25 0 0 181 0 234256 1609882 111-aamiy 
34100 1.10644e+08 469.518 235653 0.00212985 110 110.03 0 31 1 1 179 0 236487 1615542 110-aakys 
34200 1.09582e+08 469.506 233398 0.0021299 111 111 0 37 1 0 181 0 234256 1609882 111-aamiy 
34300 1.15343e+08 482.615 239016 0.00207222 112 112 0 34 5 5 176 0 240800 1618969 112-aaasw 
34400 1.13246e+08 473 239421 0.00211416 110 110 0 29 0 0 180 0 239421 1611170 110-aakvg 
34500 1.12198e+08 483 232293 0.00207039 109 109 0 31 6 5 190 0 232293 1634007 109-aafvm 
34600 1.11682e+08 470.509 237364 0.00212536 109 109 0 33 2 2 182 0 238212 1624337 109-aafrn 
34700 1.09587e+08 467.51 234404 0.00213899 111 111 0 25 0 0 182 0 235257 1647308 111-aanoz 
34800 1.15343e+08 491.111 234868 0.00203625 112 112 0 32 4 4 179 0 235876 1647753 112-aaawf 
34900 1.09591e+08 467.514 234412 0.00213897 111 111 0 35 1 0 182 0 235257 1647308 111-aanoz 
35000 1.1273e+08 476.508 236575 0.0020986 110 110 0 46 7 5 185 0 237413 1642683 110-aaluy 
35100 1.11691e+08 469.516 237883 0.00212985 109 109 0 28 1 1 180 0 238718 1631344 109-aafuf 
35200 1.11695e+08 469.52 237890 0.00212984 109 109 0 28 1 1 180 0 238718 1631344 109-aafuf 
35300 1.11695e+08 469.521 237890 0.00212983 109 109 0 27 1 0 180 0 238718 1631344 109-aafuf 
35400 1.13246e+08 471 240438 0.00212314 110 110.006 0 37 1 1 185 0 240438 1687257 110-aankf 
35500 1.13246e+08 475 238413 0.00210526 110 110 0 29 0 0 178 0 238413 1656089 110-aamhb 
35600 1.13246e+08 471 240438 0.00212314 110 110.002 0 41 7 5 185 0 240438 1687257 110-aankf 
35700 1.12198e+08 473 237204 0.00211416 110 110 0 32 4 3 181 0 237204 1666601 110-aampv 
35800 1.12751e+08 473.528 238108 0.00211181 111 111 0 35 0 0 185 0 238916 1693801 111-aapdi 
35900 1.14295e+08 474 241128 0.0021097 111 111 0 33 4 3 184 0 241128 1705005 111-aaplj 
36000 1.13246e+08 472 239928 0.00211864 111 111 0 36 2 1 186 0 239928 1713475 111-aaprp 
36100 1.14295e+08 486 235174 0.00205761 111 111 0 46 0 0 187 0 235174 1714597 111-aapsl 
36200 1.13246e+08 472 239928 0.00211864 111 111 0 31 2 2 186 0 239928 1713475 111-aaprp 
36300 1.117e+08 472.525 236388 0.00211629 109 109 0 35 8 6 191 0 237204 1708650 109-aagvi 
36400 1.11699e+08 472.524 236386 0.0021163 109 109 0 46 5 5 191 0 237204 1708650 109-aagvi 
36500 1.11703e+08 472.528 236394 0.00211628 109 109 0 43 0 0 191 0 237204 1708650 109-aagvi 
36600 1.12198e+08 472 237707 0.00211864 109 109 0 49 1 1 184 0 237707 1718109 109-aagyo 
36700 1.12198e+08 472 237707 0.00211864 109 109 0 43 1 1 184 0 237707 1718109 109-aagyo 
36800 1.12198e+08 472 237707 0.00211864 109 109 0 54 7 4 184 0 237707 1718109 109-aagyo 
36900 1.12198e+08 472 237707 0.00211864 109 109 0 50 6 4 184 0 237707 1718109 109-aagyo 
37000 1.13246e+08 475 238413 0.00210526 111 111 0 34 2 2 189 0 238413 1733049 111-aaqfp 
37100 1.13246e+08 475 238413 0.00210526 111 111 0 42 4 3 189 0 238413 1733049 111-aaqfp 
37200 1.10633e+08 471.508 234636 0.00212086 109 109 0 31 0 0 190 0 235485 1751066 109-aahmu 
37300 1.13246e+08 472 239928 0.00211864 111 111 0 35 0 0 187 0 239928 1723146 111-aapyt 
37400 1.13246e+08 475 238413 0.00210526 111 111 0 33 3 3 186 0 238413 1783122 111-aarre 
37500 1.13246e+08 475 238413 0.00210526 111 111 0 32 0 0 186 0 238413 1783122 111-aarre 
37600 1.12198e+08 473 237204 0.00211416 110 110 0 26 0 0 191 0 237204 1773091 110-aaqom 
37700 1.12749e+08 473.526 238105 0.00211182 110 110 0 30 5 3 196 0 238916 1787229 110-aarau 
37800 1.13792e+08 477.521 238297 0.00209415 111 110.995 0 29 4 3 193 0 239110 1786495 111-aarta 
37900 1.12751e+08 473.528 238108 0.00211181 110 110 0 34 0 0 196 0 238916 1787229 110-aarau 
38000 1.12743e+08 472.52 238598 0.00211632 111 111 0 32 1 0 192 0 239421 1797592 111-aascl 
38100 1.1276e+08 471.536 239132 0.00212073 110 110 0 57 0 0 199 0 239928 1806114 110-aarug 
38200 1.12198e+08 472 237707 0.00211864 109 109 0 42 6 4 189 0 237707 1807876 109-aairy 
38300 1.13246e+08 476 237912 0.00210084 110 110 0 32 1 1 197 0 237912 1832407 110-aasuu 
38400 1.12746e+08 471.523 239109 0.00212079 110 110.004 0 33 7 7 197 0 239928 1810269 110-aarxv 
38500 1.12746e+08 471.523 239110 0.00212079 110 110 0 25 2 1 199 0 239928 1806114 110-aarug 
38600 1.12746e+08 471.523 239110 0.00212079 110 110 0 30 2 1 199 0 239928 1806114 110-aarug 
38700 1.101e+08 469 234756 0.0021322 109 109.002 0 27 0 0 195 0 234756 1828536 109-aaiye 
38800 1.12745e+08 471.522 239109 0.00212079 110 110 0 35 1 1 199 0 239928 1806114 110-aarug 
38900 1.14295e+08 475 240621 0.00210526 111 111 0 36 1 0 191 0 240621 1844292 111-aatlt 
39000 1.12198e+08 472 237707 0.00211864 109 109 0 29 0 0 197 0 237707 1840704 109-aajcy 
39100 1.11149e+08 470 236487 0.00212766 110 110 0 33 3 1 196 0 236487 1860045 110-aatzc 
39200 1.13773e+08 473.503 240279 0.00211192 111 110.985 0 23 3 1 200 0 241128 1868423 111-aaufo 
39300 1.12741e+08 473.518 238091 0.00211185 110 110 0 23 1 1 196 0 238916 1787229 110-aarau 
39400 1.13246e+08 472 239928 0.00211864 110 110 0 39 0 0 193 0 239928 1882438 110-aauuw 
39500 1.14295e+08 487 234692 0.00205339 111 111 0 33 1 1 201 0 234692 1882234 111-aauqs 
39600 1.11702e+08 469.527 237902 0.00212981 109 109.005 0 36 1 1 202 0 238718 1873031 109-aajow 
39700 1.11699e+08 469.525 237898 0.00212982 109 109.004 0 22 2 2 202 0 238718 1873031 109-aajow 
39800 1.13246e+08 470 240949 0.00212766 110 110 0 27 4 2 200 0 240949 1894009 110-aavgf 
39900 1.13246e+08 470 240949 0.00212766 110 110 0 30 1 1 195 0 240949 1889600 110-aavby 
40000 1.13246e+08 470 240949 0.00212766 110 110 0 36 0 0 195 0 240949 1889600 110-aavby 
40100 1.11149e+08 471 235985 0.00212314 110 110 0 23 1 0 200 0 235985 1915592 110-aawcc 
40200 1.11149e+08 471 235985 0.00212314 109 109 0 33 2 1 195 0 235985 1913562 109-aakgi 
40300 1.14295e+08 476 240115 0.00210084 111 111 0 33 2 2 193 0 240115 1916996 111-aavrv 
40400 1.11149e+08 471 235985 0.00212314 110 110 0 34 2 2 200 0 235985 1915592 110-aawcc 
40500 1.11706e+08 469.531 237909 0.00212979 109 109.008 0 29 3 2 205 0 238718 1909320 109-aakdt 
40600 1.13246e+08 474 238916 0.0021097 111 111 0 32 2 2 197 0 238916 1905443 111-aavia 
40700 1.13246e+08 470 240949 0.00212766 110 110 0 39 0 0 195 0 240949 1889600 110-aavby 
40800 1.14295e+08 473 241638 0.00211416 111 111 0 27 0 0 209 0 241638 1956358 111-aawvn 
40900 1.14295e+08 475 240621 0.00210526 111 111 0 30 3 3 192 0 240621 1947399 111-aawqz 
41000 1.09052e+08 466 234017 0.00214592 110 110 0 29 5 4 199 0 234017 1955218 110-aaxso 
41100 1.13246e+08 472 239928 0.00211864 110 110.008 0 25 4 4 210 0 239928 1953246 110-aaxqa 
41200 1.13246e+08 471 240438 0.00212314 110 110.01 0 32 2 2 206 0 240438 1954391 110-aaxqk 
41300 1.13246e+08 475 238413 0.00210526 110 110 0 30 3 2 200 0 238413 1968441 110-aayji 
41400 1.12198e+08 468 239739 0.00213675 110 110 0 31 0 0 200 0 239739 1964919 110-aayej 
41500 1.12198e+08 469 239227 0.0021322 109 109.009 0 30 2 2 207 0 239227 1985880 109-aalbs 
41600 1.13246e+08 473 239421 0.00211416 111 111 0 35 0 0 204 0 239421 1963448 111-aaxdo 
41700 1.14295e+08 477 239612 0.00209644 111 111 0 40 0 0 197 0 239612 1980566 111-aaxrv 
41800 1.14295e+08 477 239612 0.00209644 111 111 0 32 2 1 197 0 239612 1980566 111-aaxrv 
41900 1.13246e+08 473 239421 0.00211416 110 110 0 32 0 0 202 0 239421 1979414 110-aayrq 
42000 1.13246e+08 472 239928 0.00211864 110 110 0 35 1 0 204 0 239928 1978542 110-aayra 
42100 1.13246e+08 471 240438 0.00212314 110 110 0 33 0 0 211 0 240438 2005247 110-aaztw 
42200 1.13246e+08 474 238916 0.0021097 110 110 0 26 1 0 208 0 238916 2015173 110-abadi 
42300 1.14295e+08 473 241638 0.00211416 111 111 0 27 0 0 210 0 241638 2010356 111-aayol 
42400 1.14295e+08 473 241638 0.00211416 111 111 0 25 5 3 210 0 241638 2010356 111-aayol 
42500 1.14295e+08 473 241638 0.00211416 111 111 0 29 4 3 217 0 241638 2034505 111-aazgt 
42600 1.14295e+08 477 239612 0.00209644 111 111 0 26 1 1 198 0 239612 2016052 111-aaysw 
42700 1.14295e+08 476 240115 0.00210084 111 111 0 35 0 0 202 0 240115 2030984 111-aazei 
42800 1.14295e+08 476 240115 0.00210084 111 111 0 23 0 0 202 0 240115 2030984 111-aazei 
42900 1.14295e+08 471 242664 0.00212314 111 111 0 27 2 1 209 0 242664 2034909 111-aazha 
43000 1.12198e+08 470 238718 0.00212766 109 109 0 27 3 2 211 0 238718 2048881 109-aalya 
43100 1.12198e+08 470 238718 0.00212766 110 110 0 27 0 0 219 0 238718 2055572 110-abbru 
43200 1.14295e+08 478 239110 0.00209205 111 111 0 23 0 0 203 0 239110 2066297 111-abajq 
43300 1.13246e+08 473 239421 0.00211416 110 110 0 20 0 0 212 0 239421 2047496 110-abbkw 
43400 1.12198e+08 468 239739 0.00213675 110 110 0 25 2 2 207 0 239739 2073511 110-abcjq 
43500 1.13246e+08 472 239928 0.00211864 110 110 0 31 0 0 213 0 239928 2083196 110-abcrg 
43600 1.13246e+08 471 240438 0.00212314 110 110.014 0 26 4 3 217 0 240438 2087277 110-abcuf 
43700 1.14295e+08 475 240621 0.00210526 111 110.992 0 33 3 3 207 0 240621 2075832 111-abarr 
43800 1.12198e+08 467 240252 0.00214133 109 109 0 35 1 1 213 0 240252 2085958 109-aamlv 
43900 1.12198e+08 467 240252 0.00214133 109 109 0 35 9 5 213 0 240252 2085958 109-aamlv 
44000 1.14295e+08 472 242150 0.00211864 111 111 0 25 1 1 222 0 242150 2101367 111-abbra 
44100 1.12198e+08 469 239227 0.0021322 109 109 0 32 3 3 212 0 239227 2112329 109-aamvt 
44200 1.13246e+08 488 232062 0.00204918 110 110 0 32 0 0 211 0 232062 2099478 110-abdff 
44300 1.13246e+08 488 232062 0.00204918 110 110 0 37 1 0 211 0 232062 2099478 110-abdff 
44400 1.13246e+08 488 232062 0.00204918 110 110 0 34 0 0 211 0 232062 2099478 110-abdff 
44500 1.14295e+08 473 241638 0.00211416 112 112 0 33 0 0 222 0 241638 2134470 112-aadat 
44600 1.13246e+08 472 239928 0.00211864 110 110 0 35 1 1 215 0 239928 2133960 110-abelx 
44700 1.14295e+08 474 241128 0.0021097 111 111 0 39 0 0 213 0 241128 2130739 111-abcox 
44800 1.14295e+08 474 241128 0.0021097 111 111 0 35 1 0 213 0 241128 2130739 111-abcox 
44900 1.13246e+08 472 239928 0.00211864 110 110 0 38 1 1 215 0 239928 2133960 110-abelx 
45000 1.12198e+08 470 238718 0.00212766 110 110 0 32 2 1 228 0 238718 2150438 110-abexl 
45100 1.12198e+08 470 238718 0.00212766 110 110 0 29 1 0 228 0 238718 2150438 110-abexl 
45200 1.13246e+08 472 239928 0.00211864 111 111.011 0 28 0 0 229 0 239928 2164296 111-abdri 
45300 1.13246e+08 471 240438 0.00212314 110 110 0 31 0 0 222 0 240438 2159492 110-abffz 
45400 1.13246e+08 472 239928 0.00211864 111 111 0 28 2 2 227 0 239928 2150094 111-abdeg 
45500 1.13246e+08 472 239928 0.00211864 111 111 0 28 5 5 230 0 239928 2175853 111-abeac 
45600 1.11149e+08 469 236992 0.0021322 108 108.008 0 33 2 2 220 0 236992 2184308 108-aahlv 
45700 1.11149e+08 469 236992 0.0021322 108 108.005 0 22 1 0 220 0 236992 2184308 108-aahlv 
45800 1.13246e+08 472 239928 0.00211864 110 110 0 27 0 0 216 0 239928 2188014 110-abgga 
45900 1.13246e+08 467 242497 0.00214133 110 110 0 29 0 0 231 0 242497 2202586 110-abgsq 
46000 1.12198e+08 471 238212 0.00212314 110 110 0 31 0 0 223 0 238212 2207222 110-abgxn 
46100 1.12198e+08 471 238212 0.00212314 110 110 0 28 1 1 223 0 238212 2207222 110-abgxn 
46200 1.12198e+08 472 237707 0.00211864 111 111 0 33 3 3 224 0 237707 2218878 111-abfht 
46300 1.14295e+08 474 241128 0.0021097 111 111 0 39 4 2 219 0 241128 2188333 111-abekp 
46400 1.14295e+08 474 241128 0.0021097 111 111 0 28 1 0 219 0 241128 2188333 111-abekp 
46500 1.14295e+08 470 243180 0.00212766 111 111 0 25 0 0 227 0 243180 2228022 111-abfoi 
46600 1.12198e+08 470 238718 0.00212766 110 110 0 27 3 2 238 0 238718 2225360 110-abhjz 
46700 1.13246e+08 469 241463 0.0021322 110 110 0 23 0 0 236 0 241463 2240348 110-abhuj 
46800 1.12198e+08 470 238718 0.00212766 110 110.021 0 36 3 1 224 0 238718 2232182 110-abhof 
46900 1.12198e+08 470 238718 0.00212766 110 110.015 0 32 0 0 224 0 238718 2232182 110-abhof 
47000 1.12198e+08 470 238718 0.00212766 110 110.012 0 28 1 1 224 0 238718 2232182 110-abhof 
47100 1.16392e+08 478 243498 0.00209205 113 112.956 0 26 1 0 217 0 243498 2263817 113-aaauc 
47200 1.15343e+08 472 244372 0.00211864 112 112 0 24 4 2 239 0 244372 2246771 112-aaemf 
47300 1.13246e+08 473 239421 0.00211416 110 110.008 0 21 0 0 222 0 239421 2235402 110-abhqm 
47400 1.101e+08 465 236775 0.00215054 111 111 0 30 0 0 238 0 236775 2269950 111-abgwd 
47500 1.101e+08 465 236775 0.00215054 111 111 0 37 0 0 238 0 236775 2269950 111-abgwd 
47600 1.13246e+08 470 240949 0.00212766 110 110 0 24 0 0 240 0 240949 2292020 110-abius 
47700 1.13246e+08 470 240949 0.00212766 110 110 0 37 0 0 240 0 240949 2292020 110-abius 
47800 1.16392e+08 478 243498 0.00209205 113 113 0 23 0 0 219 0 243498 2297297 113-aaazd 
47900 1.15343e+08 471 244890 0.00212314 112 112 0 31 0 0 242 0 244890 2295643 112-aafsa 
48000 1.14295e+08 471 242664 0.00212314 111 111 0 35 4 2 238 0 242664 2282267 111-abhgw 
48100 1.14295e+08 468 244220 0.00213675 111 111 0 43 2 2 239 0 244220 2290751 111-abhoc 
48200 1.14295e+08 480 238114 0.00208333 111 111.007 0 34 1 1 235 0 238114 2300995 111-abhwz 
48300 1.14295e+08 474 241128 0.0021097 111 111 0 27 5 4 235 0 241128 2307901 111-abicc 
48400 1.17441e+08 487 241151 0.00205339 113 113 0 24 0 0 238 0 241151 2305943 113-aabap 
48500 1.14295e+08 471 242664 0.00212314 111 111 0 22 3 2 241 0 242664 2328859 111-abiui 
48600 1.14295e+08 471 242664 0.00212314 111 111 0 38 0 0 241 0 242664 2328859 111-abiui 
48700 1.14295e+08 471 242664 0.00212314 111 111 0 27 0 0 241 0 242664 2328859 111-abiui 
48800 1.14295e+08 471 242664 0.00212314 111 111 0 32 3 1 241 0 242664 2328859 111-abiui 
48900 1.14295e+08 468 244220 0.00213675 111 111 0 29 0 0 242 0 244220 2353593 111-abjpb 
49000 1.14295e+08 468 244220 0.00213675 111 111 0 25 1 1 242 0 244220 2353593 111-abjpb 
49100 1.14295e+08 468 244220 0.00213675 111 111 0 38 3 3 242 0 244220 2353593 111-abjpb 
49200 1.14295e+08 471 242664 0.00212314 111 111 0 42 5 3 241 0 242664 2328859 111-abiui 
49300 1.13246e+08 473 239421 0.00211416 111 111 0 41 2 2 237 0 239421 2358269 111-abjug 
49400 1.14295e+08 471 242664 0.00212314 111 111 0 35 0 0 241 0 242664 2328859 111-abiui 
49500 1.13246e+08 473 239421 0.00211416 111 111 0 26 2 1 237 0 239421 2358269 111-abjug 
49600 1.15343e+08 469 245935 0.0021322 112 112 0 23 6 2 249 0 245935 2388998 112-aaidt 
49700 1.13246e+08 473 239421 0.00211416 110 110.002 0 25 0 0 227 0 239421 2372920 110-abjvw 
49800 1.16392e+08 478 243498 0.00209205 113 113 0 44 1 1 228 0 243498 2401405 113-aacdu 
49900 1.16392e+08 478 243498 0.00209205 113 113 0 45 0 0 228 0 243498 2401405 113-aacdu 
50000 1.17131e+08 475.295 246440 0.00210396 114 114 0 29 1 0 248 0 247243 2402021 114-aaeoz 
50100 1.15343e+08 477 241810 0.00209644 112 112 0 32 7 7 226 0 241810 2408531 112-aaisu 
50200 1.15343e+08 472 244372 0.00211864 114 114 0 32 1 0 246 0 244372 2410627 114-aaeqr 
50300 1.17441e+08 474 247765 0.0021097 114 114 0 23 0 0 247 0 247765 2426247 114-aaeuh 
50400 1.14603e+08 470.294 243683 0.00212633 112 112.015 0 25 1 1 249 0 244890 2424410 112-aajfz 
50500 1.16392e+08 478 243498 0.00209205 113 112.972 0 25 0 0 228 0 243498 2432859 113-aacqr 
50600 1.15343e+08 474 243340 0.0021097 112 112 0 18 1 0 234 0 243340 2396435 112-aaijm 
50700 1.14594e+08 470.285 243669 0.00212637 112 112.007 0 25 3 2 249 0 244890 2424410 112-aajfz 
50800 1.15343e+08 473 243855 0.00211416 112 112 0 24 1 1 249 0 243855 2446044 112-aajwq 
50900 1.14295e+08 474 241128 0.0021097 111 111 0 28 0 0 259 0 241128 2442783 111-abmbp 
51000 1.15152e+08 472.182 243874 0.00211783 113 113 0 29 0 0 253 0 244372 2449878 113-aadad 
51100 1.14295e+08 473 241638 0.00211416 111 111 0 26 1 1 241 0 241638 2457516 111-abmka 
51200 1.14295e+08 471 242664 0.00212314 113 113 0 30 3 2 252 0 242664 2466550 113-aadkt 
51300 1.14295e+08 469 243699 0.0021322 111 111 0 27 2 1 251 0 243699 2460238 111-abmmk 
51400 1.14295e+08 473 241638 0.00211416 111 111 0 28 1 1 241 0 241638 2457516 111-abmka 
51500 1.13246e+08 473 239421 0.00211416 111 111 0 25 0 0 230 0 239421 2419511 111-ablmu 
51600 1.14295e+08 472 242150 0.00211864 112 112 0 27 6 6 254 0 242150 2487830 112-aakzk 
51700 1.17441e+08 473 248289 0.00211416 114 114 0 26 2 2 244 0 248289 2479201 114-aafhl 
51800 1.15343e+08 474 243340 0.0021097 112 112 0 24 0 0 232 0 243340 2433644 112-aajnh 
51900 1.15343e+08 474 243340 0.0021097 112 112 0 23 0 0 232 0 243340 2433644 112-aajnh 
52000 1.16392e+08 474 245553 0.0021097 114 114 0 27 0 0 259 0 245553 2498017 114-aafmo 
52100 1.16392e+08 474 245553 0.0021097 114 114 0 41 1 0 259 0 245553 2498017 114-aafmo 
52200 1.14295e+08 474 241128 0.0021097 114 114 0 37 0 0 254 0 241128 2476379 114-aafgp 
52300 1.15343e+08 470 245411 0.00212766 112 112.016 0 26 3 2 246 0 245411 2514602 112-aaltx 
52400 1.15031e+08 471.298 244073 0.0021218 113 113.008 0 32 2 1 251 0 244890 2524835 113-aafec 
52500 1.16392e+08 477 244008 0.00209644 114 114 0 24 0 0 244 0 244008 2531824 114-aaful 
52600 1.15343e+08 470 245411 0.00212766 112 112.006 0 27 3 3 246 0 245411 2514602 112-aaltx 
52700 1.13246e+08 468 241979 0.00213675 111 111 0 26 2 1 258 0 241979 2545991 111-abnwk 
52800 1.13965e+08 469.315 242833 0.00213077 111 111 0 34 2 2 256 0 243699 2547077 111-abnxc 
52900 1.16392e+08 483 240977 0.00207039 113 113 0 34 4 3 256 0 240977 2551120 113-aagai 
53000 1.15343e+08 471 244890 0.00212314 112 112 0 24 0 0 256 0 244890 2528183 112-aamfo 
53100 1.15343e+08 470 245411 0.00212766 112 112.003 0 35 1 1 246 0 245411 2514602 112-aaltx 
53200 1.15343e+08 470 245411 0.00212766 112 112.002 0 23 0 0 246 0 245411 2514602 112-aaltx 
53300 1.15169e+08 473.166 243402 0.00211342 113 113 0 36 3 1 258 0 243855 2555615 113-aagey 
53400 1.16392e+08 473 246072 0.00211416 114 113.991 0 32 2 1 263 0 246072 2579791 114-aagff 
53500 1.16392e+08 473 246072 0.00211416 114 113.995 0 45 3 1 263 0 246072 2579791 114-aagff 
53600 1.17441e+08 487 241151 0.00205339 114 113.986 0 35 0 0 258 0 241151 2583219 114-aagfv 
53700 1.15343e+08 473 243855 0.00211416 113 113 0 28 1 1 250 0 243855 2593175 113-aahjg 
53800 1.16392e+08 473 246072 0.00211416 114 113.998 0 22 0 0 263 0 246072 2579791 114-aagff 
53900 1.17441e+08 475 247243 0.00210526 114 114 0 24 3 1 266 0 247243 2600864 114-aagkg 
54000 1.17441e+08 475 247243 0.00210526 114 114 0 31 0 0 266 0 247243 2600864 114-aagkg 
54100 1.16392e+08 471 247117 0.00212314 114 114 0 29 1 1 249 0 247117 2605392 114-aagmb 
54200 1.16392e+08 486 239490 0.00205761 113 112.967 0 25 0 0 256 0 239490 2619090 113-aaidv 
54300 1.17441e+08 475 247243 0.00210526 114 114 0 24 0 0 266 0 247243 2600864 114-aagkg 
54400 1.16392e+08 472 246593 0.00211864 113 113 0 24 3 2 259 0 246593 2612939 113-aahzf 
54500 1.16392e+08 472 246593 0.00211864 113 113 0 29 0 0 259 0 246593 2612939 113-aahzf 
54600 1.16392e+08 472 246593 0.00211864 113 113 0 36 2 1 259 0 246593 2612939 113-aahzf 
54700 1.16392e+08 472 246593 0.00211864 113 113 0 38 8 3 259 0 246593 2612939 113-aahzf 
54800 1.15343e+08 471 244890 0.00212314 112 112 0 23 4 4 262 0 244890 2649591 112-aaqdr 
54900 1.16392e+08 472 246593 0.00211864 114 114 0 26 1 1 252 0 246593 2632920 114-aagwe 
55000 1.16392e+08 472 246593 0.00211864 114 114 0 27 5 4 252 0 246593 2632920 114-aagwe 
55100 1.16392e+08 472 246593 0.00211864 113 113 0 29 7 3 262 0 246593 2653659 113-aajcd 
55200 1.15343e+08 470 245411 0.00212766 112 112 0 29 1 1 264 0 245411 2664756 112-aaqrn 
55300 1.14295e+08 468 244220 0.00213675 112 112.002 0 34 9 8 262 0 244220 2654952 112-aaqil 
55400 1.17441e+08 473 248289 0.00211416 115 114.995 0 27 2 2 255 0 248289 2663204 115-aaovm 
55500 1.16392e+08 472 246593 0.00211864 113 113 0 26 0 0 262 0 246593 2653659 113-aajcd 
55600 1.15343e+08 472 244372 0.00211864 113 113 0 25 0 0 264 0 244372 2682207 113-aajyp 
55700 1.15343e+08 472 244372 0.00211864 113 113 0 22 0 0 264 0 244372 2682207 113-aajyp 
55800 1.16392e+08 476 244521 0.00210084 113 113 0 26 2 2 249 0 244521 2650757 113-aajax 
55900 1.17441e+08 473 248289 0.00211416 114 114 0 25 1 0 270 0 248289 2703784 114-aahzr 
56000 1.17441e+08 473 248289 0.00211416 114 114 0 22 0 0 270 0 248289 2703784 114-aahzr 
56100 1.16392e+08 473 246072 0.00211416 113 112.986 0 22 0 0 269 0 246072 2711129 113-aaktq 
56200 1.15343e+08 476 242318 0.00210084 113 113 0 29 2 2 252 0 242318 2724248 113-aalbw 
56300 1.16392e+08 472 246593 0.00211864 114 114 0 23 0 0 252 0 246593 2725990 114-aaiiy 
56400 1.17441e+08 474 247765 0.0021097 115 114.998 0 29 3 3 254 0 247765 2678968 115-aaows 
56500 1.16392e+08 472 246593 0.00211864 114 114 0 27 1 1 252 0 246593 2721689 114-aaihm 
56600 1.12198e+08 469 239227 0.0021322 112 112 0 22 0 0 277 0 239227 2737581 112-aastv 
56700 1.15343e+08 472 244372 0.00211864 112 112 0 21 0 0 272 0 244372 2741526 112-aasvm 
56800 1.16392e+08 473 246072 0.00211416 114 114 0 21 0 0 256 0 246072 2745951 114-aairz 
56900 1.16392e+08 473 246072 0.00211416 114 114 0 31 4 3 273 0 246072 2717727 114-aaifp 
57000 1.14295e+08 470 243180 0.00212766 112 112 0 36 0 0 268 0 243180 2765869 112-aatkq 
57100 1.17441e+08 475 247243 0.00210526 114 113.994 0 28 1 1 276 0 247243 2761946 114-aajab 
57200 1.17441e+08 475 247243 0.00210526 114 113.996 0 41 1 0 276 0 247243 2761946 114-aajab 
57300 1.17441e+08 475 247243 0.00210526 114 113.997 0 41 2 2 276 0 247243 2761946 114-aajab 
57400 1.17441e+08 475 247243 0.00210526 114 113.998 0 29 1 0 276 0 247243 2761946 114-aajab 
57500 1.16392e+08 467 249233 0.00214133 113 113 0 21 1 1 276 0 249233 2775149 113-aamkm 
57600 1.15343e+08 469 245935 0.0021322 112 112 0 31 5 2 278 0 245935 2769318 112-aatmt 
57700 1.18489e+08 475 249451 0.00210526 115 115 0 36 0 0 263 0 249451 2791232 115-aaqas 
57800 1.16392e+08 473 246072 0.00211416 114 114 0 30 0 0 259 0 246072 2801152 114-aajxh 
57900 1.15343e+08 469 245935 0.0021322 112 112 0 30 0 0 278 0 245935 2769318 112-aatmt 
58000 1.15343e+08 469 245935 0.0021322 112 112 0 23 1 1 278 0 245935 2769318 112-aatmt 
58100 1.14295e+08 471 242664 0.00212314 112 112.022 0 28 5 4 283 0 242664 2808441 112-aauhm 
58200 1.15343e+08 475 242828 0.00210526 113 113 0 25 2 1 285 0 242828 2816599 113-aanjm 
58300 1.14295e+08 467 244743 0.00214133 111 111.054 0 24 0 0 277 0 244743 2822255 111-abras 
58400 1.17441e+08 471 249343 0.00212314 115 115 0 31 8 6 276 0 249343 2838510 115-aaqtl 
58500 1.14295e+08 471 242664 0.00212314 112 112 0 24 3 2 272 0 242664 2802348 112-aaudq 
58600 1.15343e+08 472 244372 0.00211864 113 113 0 22 2 0 281 0 244372 2842678 113-aaoba 
58700 1.17441e+08 471 249343 0.00212314 115 115 0 26 0 0 271 0 249343 2852817 115-aaqyb 
58800 1.15343e+08 467 246988 0.00214133 113 113 0 38 1 1 283 0 246988 2860725 113-aaolv 
58900 1.18489e+08 472 251036 0.00211864 115 115 0 24 0 0 278 0 251036 2859409 115-aarap 
59000 1.17441e+08 471 249343 0.00212314 115 115 0 33 6 4 272 0 249343 2861646 115-aarbj 
59100 1.17441e+08 480 244668 0.00208333 114 114 0 25 2 1 260 0 244668 2856136 114-aalff 
59200 1.15343e+08 473 243855 0.00211416 112 112 0 26 0 0 278 0 243855 2860237 112-aavfp 
59300 1.16392e+08 467 249233 0.00214133 113 113 0 31 3 0 280 0 249233 2857334 113-aaojl 
59400 1.17441e+08 472 248815 0.00211864 115 115 0 22 1 0 274 0 248815 2884304 115-aarlg 
59500 1.16392e+08 472 246593 0.00211864 115 115 0 27 1 1 278 0 246593 2894261 115-aaror 
59600 1.15343e+08 475 242828 0.00210526 114 113.993 0 23 1 0 290 0 242828 2878214 114-aalun 
59700 1.13246e+08 470 240949 0.00212766 112 112 0 38 1 1 288 0 240949 2881928 112-aavog 
59800 1.16392e+08 421 276465 0.0023753 114 113.995 0 30 3 3 273 0 276465 2900819 114-aamig 
59900 1.16392e+08 421 276465 0.0023753 114 113.997 0 45 3 3 273 0 276465 2900819 114-aamig 
60000 1.15343e+08 420 274627 0.00238095 113 113 0 29 3 1 270 0 274627 2895687 113-aaplz 
60100 1.16392e+08 468 248701 0.00213675 113 113 0 31 0 0 282 0 248701 2878668 113-aaoxm 
60200 1.15343e+08 420 274627 0.00238095 113 113 0 54 2 2 270 0 274627 2895687 113-aaplz 
60300 1.15343e+08 420 274627 0.00238095 113 113 0 47 4 3 270 0 274627 2895687 113-aaplz 
60400 1.15343e+08 420 274627 0.00238095 113 113 0 52 2 1 270 0 274627 2895687 113-aaplz 
60500 1.15343e+08 420 274627 0.00238095 113 113 0 60 2 1 270 0 274627 2895687 113-aaplz 
60600 1.15343e+08 420 274627 0.00238095 113 113 0 38 2 2 270 0 274627 2895687 113-aaplz 
60700 1.15343e+08 419 275282 0.00238663 113 113 0 29 5 3 276 0 275282 2949216 113-aaqre 
60800 1.16392e+08 421 276465 0.0023753 114 114 0 24 6 5 281 0 276465 2961976 114-aanzv 
60900 1.16392e+08 422 275810 0.00236967 114 114 0 24 1 1 276 0 275810 2951014 114-aantc 
61000 1.16392e+08 422 275810 0.00236967 113 113 0 35 1 0 280 0 275810 2958189 113-aaqxi 
61100 1.16392e+08 422 275810 0.00236967 113 113 0 42 4 2 280 0 275810 2958189 113-aaqxi 
61200 1.16392e+08 422 275810 0.00236967 113 113 0 55 7 4 280 0 275810 2958189 113-aaqxi 
61300 1.16392e+08 422 275810 0.00236967 113 113 0 39 4 3 280 0 275810 2958189 113-aaqxi 
61400 1.15343e+08 419 275282 0.00238663 113 113 0 30 1 1 278 0 275282 2990634 113-aaryw 
61500 1.16392e+08 422 275810 0.00236967 114 114 0 49 2 2 276 0 275810 2950091 114-aanon 
61600 1.16392e+08 422 275810 0.00236967 114 114 0 44 0 0 276 0 275810 2950091 114-aanon 
61700 1.16392e+08 422 275810 0.00236967 114 114 0 23 0 0 276 0 275810 2950091 114-aanon 
61800 1.16392e+08 422 275810 0.00236967 114 114 0 27 1 1 279 0 275810 2959833 114-aanza 
61900 1.16392e+08 422 275810 0.00236967 114 114 0 34 2 1 279 0 275810 2959833 114-aanza 
62000 1.14295e+08 417 274088 0.00239808 113 113.005 0 26 2 1 279 0 274088 2966956 113-aardf 
62100 1.14295e+08 416 274747 0.00240385 113 113 0 32 2 2 286 0 274747 3033192 113-aatqd 
62200 1.14295e+08 416 274747 0.00240385 113 113 0 27 0 0 286 0 274747 3033192 113-aatqd 
62300 1.14295e+08 417 274088 0.00239808 113 113 0 33 4 2 282 0 274088 3037652 113-aatuc 
62400 1.14295e+08 421 271484 0.0023753 113 113.01 0 25 1 1 282 0 271484 3050897 113-aauhx 
62500 1.14295e+08 421 271484 0.0023753 113 113.004 0 36 2 2 282 0 271484 3050897 113-aauhx 
62600 1.16392e+08 421 276465 0.0023753 113 113 0 25 2 2 286 0 276465 3051238 113-aaujr 
62700 1.16392e+08 421 276465 0.0023753 113 113 0 25 7 5 286 0 276465 3051238 113-aaujr 
62800 1.18489e+08 424 279455 0.00235849 116 115.987 0 29 3 1 292 0 279455 3063887 116-abamc 
62900 1.16392e+08 427.517 272252 0.00233909 114 114 0 33 6 4 288 0 272581 3070917 114-aarzo 
63000 1.16392e+08 419 277785 0.00238663 114 113.974 0 24 0 0 284 0 277785 3077883 114-aaseq 
63100 1.14295e+08 418 273432 0.00239234 113 113 0 29 0 0 285 0 273432 3084875 113-aavvb 
63200 1.15343e+08 420 274627 0.00238095 113 113 0 24 3 1 282 0 274627 3087588 113-aavxz 
63300 1.16392e+08 419 277785 0.00238663 114 114 0 29 0 0 286 0 277785 3082444 114-aashq 
63400 1.15343e+08 420 274627 0.00238095 112 112.002 0 33 1 1 285 0 274627 3075222 112-aaxwh 
63500 1.16392e+08 420 277124 0.00238095 114 114 0 38 4 3 290 0 277124 3098630 114-aasum 
63600 1.16392e+08 420 277124 0.00238095 114 114 0 36 7 5 290 0 277124 3098630 114-aasum 
63700 1.16392e+08 420 277124 0.00238095 114 114 0 23 3 3 290 0 277124 3098630 114-aasum 
63800 1.15343e+08 420 274627 0.00238095 114 114 0 32 0 0 284 0 274627 3111132 114-aatcx 
63900 1.17441e+08 424 276982 0.00235849 114 114 0 21 0 0 288 0 276982 3121956 114-aatkm 
64000 1.15343e+08 417 276603 0.00239808 114 114 0 24 2 2 291 0 276603 3085364 114-aaske 
64100 1.14295e+08 417 274088 0.00239808 112 112 0 24 3 2 286 0 274088 3100713 112-aayhn 
64200 1.13246e+08 416 272226 0.00240385 111 111 0 26 0 0 290 0 272226 3137958 111-absob 
64300 1.13246e+08 419 270277 0.00238663 113 113 0 32 0 0 290 0 270277 3152943 113-aayam 
64400 1.13246e+08 415 272882 0.00240964 111 111.006 0 24 0 0 289 0 272882 3134097 111-absnp 
64500 1.14295e+08 417 274088 0.00239808 112 112 0 22 0 0 286 0 274088 3100713 112-aayhn 
64600 1.14295e+08 417 274088 0.00239808 112 112 0 32 0 0 286 0 274088 3100713 112-aayhn 
64700 1.14295e+08 416 274747 0.00240385 112 111.975 0 22 3 3 290 0 274747 3173431 112-aazxm 
64800 1.12198e+08 416 269706 0.00240385 110 110 0 25 0 0 295 0 269706 3143796 110-ablyn 
64900 1.16392e+08 420 277124 0.00238095 113 113 0 27 1 0 299 0 277124 3171806 113-aayln 
65000 1.14295e+08 416 274747 0.00240385 111 111 0 46 1 1 291 0 274747 3166246 111-absxz 
65100 1.14295e+08 416 274747 0.00240385 111 111 0 31 0 0 291 0 274747 3166246 111-absxz 
65200 1.16392e+08 420 277124 0.00238095 113 113 0 30 3 2 298 0 277124 3179889 113-aayqj 
65300 1.15343e+08 419 275282 0.00238663 112 111.99 0 23 1 1 299 0 275282 3188812 112-abaje 
65400 1.15343e+08 416 277268 0.00240385 113 113 0 29 3 2 297 0 277268 3176750 113-aaypj 
65500 1.16392e+08 422 275810 0.00236967 114 113.984 0 32 5 3 299 0 275810 3195318 114-aauwd 
65600 1.15343e+08 416 277268 0.00240385 113 113 0 28 0 0 297 0 277268 3176750 113-aaypj 
65700 1.12198e+08 416 269706 0.00240385 110 110 0 35 2 1 297 0 269706 3198793 110-abmfo 
65800 1.12198e+08 416 269706 0.00240385 110 110 0 22 1 1 297 0 269706 3198793 110-abmfo 
65900 1.17441e+08 425 276331 0.00235294 115 115 0 25 4 3 300 0 276331 3225183 115-aauia 
66000 1.17441e+08 425 276331 0.00235294 115 115 0 30 4 2 300 0 276331 3225183 115-aauia 
66100 1.17441e+08 425 276331 0.00235294 115 115 0 44 2 2 300 0 276331 3225183 115-aauia 
66200 1.13246e+08 412 274869 0.00242718 112 112 0 35 0 0 304 0 274869 3249068 112-abbvm 
66300 1.15343e+08 416 277268 0.00240385 113 113 0 31 1 1 298 0 277268 3235374 113-aazyj 
66400 1.15343e+08 420 274627 0.00238095 113 112.987 0 31 2 2 295 0 274627 3263349 113-abaps 
66500 1.15343e+08 416 277268 0.00240385 113 113 0 25 4 3 298 0 277268 3235374 113-aazyj 
66600 1.19538e+08 425 281265 0.00235294 116 115.957 0 25 4 3 297 0 281265 3266821 116-abbbg 
66700 1.14295e+08 417 274088 0.00239808 112 112 0 24 3 3 303 0 274088 3270107 112-abcgx 
66800 1.18489e+08 422 280780 0.00236967 117 117 0 22 0 0 305 0 280780 3287904 117-abigh 
66900 1.15343e+08 420 274627 0.00238095 113 113 0 25 3 3 298 0 274627 3282634 113-abbay 
67000 1.19538e+08 425 281265 0.00235294 116 116 0 37 4 3 299 0 281265 3299258 116-abbid 
67100 1.14295e+08 416 274747 0.00240385 111 111 0 35 0 0 296 0 274747 3293188 111-abulx 
67200 1.15343e+08 416 277268 0.00240385 115 115 0 29 5 3 308 0 277268 3280198 115-aauwc 
67300 1.16392e+08 421 276465 0.0023753 113 113 0 25 1 0 306 0 276465 3308792 113-abbpe 
67400 1.16392e+08 421 276465 0.0023753 113 113 0 34 6 3 306 0 276465 3308792 113-abbpe 
67500 1.16392e+08 417 279117 0.00239808 114 114 0 30 2 2 312 0 279117 3320276 114-aaxmo 
67600 1.16392e+08 420 277124 0.00238095 114 114 0 24 0 0 308 0 277124 3333595 114-aaxte 
67700 1.16392e+08 418 278450 0.00239234 115 115 0 27 0 0 312 0 278450 3342036 115-aavxo 
67800 1.13246e+08 420 269634 0.00238095 112 112 0 24 0 0 311 0 269634 3331428 112-abdlp 
67900 1.13246e+08 417 271574 0.00239808 112 112 0 25 1 1 310 0 271574 3351612 112-abdrs 
68000 1.19538e+08 426 280605 0.00234742 116 116 0 22 0 0 302 0 280605 3339706 116-abbro 
68100 1.19538e+08 426 280605 0.00234742 116 116 0 33 0 0 302 0 280605 3339706 116-abbro 
68200 1.17441e+08 421 278956 0.0023753 114 114 0 48 7 6 304 0 278956 3359704 114-aayjd 
68300 1.17441e+08 421 278956 0.0023753 114 114 0 50 4 4 304 0 278956 3359704 114-aayjd 
68400 1.13246e+08 411 275538 0.00243309 112 112.011 0 37 2 2 316 0 275538 3369989 112-abean 
68500 1.13246e+08 411 275538 0.00243309 112 112.007 0 35 2 1 316 0 275538 3369989 112-abean 
68600 1.16392e+08 417 279117 0.00239808 115 115.016 0 26 3 2 314 0 279117 3377219 115-aawpm 
68700 1.19538e+08 421 283937 0.0023753 116 116 0 29 10 8 314 0 283937 3386158 116-abcgb 
68800 1.19538e+08 421 283937 0.0023753 116 116 0 34 4 3 314 0 283937 3386158 116-abcgb 
68900 1.15343e+08 416 277268 0.00240385 112 112 0 25 3 3 316 0 277268 3383077 112-abeew 
69000 1.15343e+08 416 277268 0.00240385 112 112 0 36 8 7 316 0 277268 3383077 112-abeew 
69100 1.15646e+08 415.289 278471 0.00240796 116 116 0 32 3 2 319 0 279788 3398728 116-abckq 
69200 1.15343e+08 416 277268 0.00240385 112 112 0 29 4 3 316 0 277268 3383077 112-abeew 
69300 1.14295e+08 418 273432 0.00239234 112 112 0 20 0 0 309 0 273432 3410178 112-abeqk 
69400 1.15343e+08 419 275282 0.00238663 113 113 0 25 5 2 311 0 275282 3428297 113-abdxq 
69500 1.13246e+08 412 274869 0.00242718 114 114 0 29 2 2 313 0 274869 3401150 114-aazin 
69600 1.15343e+08 419 275282 0.00238663 113 113 0 24 2 2 311 0 275282 3428297 113-abdxq 
69700 1.15343e+08 419 275282 0.00238663 113 113 0 28 4 4 311 0 275282 3428297 113-abdxq 
69800 1.19538e+08 422 283265 0.00236967 116 116 0 27 1 1 320 0 283265 3441267 116-abdal 
69900 1.16063e+08 421.686 275234 0.00237143 113 113.007 0 26 1 0 315 0 275810 3422111 113-abdug 
70000 1.15343e+08 419 275282 0.00238663 113 113 0 29 0 0 311 0 275282 3428297 113-abdxq 
70100 1.17441e+08 418 280958 0.00239234 116 115.992 0 24 0 0 322 0 280958 3469005 116-abdnl 
70200 1.17441e+08 418 280958 0.00239234 116 115.996 0 21 0 0 322 0 280958 3469005 116-abdnl 
70300 1.18489e+08 419 282790 0.00238663 116 116.014 0 23 0 0 323 0 282790 3473949 116-abdoy 
70400 1.15343e+08 417 276603 0.00239808 112 112 0 24 3 2 319 0 276603 3476841 112-abfmm 
70500 1.15343e+08 415 277936 0.00240964 114 114.029 0 21 5 5 324 0 277936 3482465 114-abays 
70600 1.20586e+08 423 285074 0.00236407 117 117 0 21 3 2 329 0 285074 3502812 117-abjzr 
70700 1.20586e+08 422 285749 0.00236967 117 117 0 28 0 0 330 0 285749 3497544 117-abjxs 
70800 1.18489e+08 421 281447 0.0023753 117 117 0 28 0 0 324 0 281447 3495678 117-abjxc 
70900 1.19538e+08 423 282595 0.00236407 116 116 0 28 1 1 328 0 282595 3506768 116-abejo 
71000 1.19538e+08 423 282595 0.00236407 116 116 0 38 5 4 326 0 282595 3504128 116-abehl 
71100 1.17441e+08 417 281632 0.00239808 114 114.026 0 25 3 2 326 0 281632 3520493 114-abbre 
71200 1.18489e+08 421 281447 0.0023753 115 115 0 38 2 1 331 0 281447 3533857 115-aazxe 
71300 1.18489e+08 421 281447 0.0023753 115 115 0 49 5 5 331 0 281447 3533857 115-aazxe 
71400 1.16392e+08 416 279788 0.00240385 114 114.006 0 24 1 1 336 0 279788 3526225 114-abbsr 
71500 1.20586e+08 421 286428 0.0023753 117 117 0 26 2 2 332 0 286428 3546455 117-ablgn 
71600 1.16392e+08 420 277124 0.00238095 115 115.019 0 29 0 0 328 0 277124 3552712 115-abaha 
71700 1.14295e+08 414 276074 0.00241546 114 114 0 22 4 3 331 0 276074 3544492 114-abbzw 
71800 1.20586e+08 423 285074 0.00236407 117 116.972 0 26 8 4 334 0 285074 3552879 117-ablhh 
71900 1.20586e+08 423 285074 0.00236407 117 116.987 0 30 2 2 334 0 285074 3552879 117-ablhh 
72000 1.19538e+08 424 281928 0.00235849 116 116 0 23 2 2 330 0 281928 3556914 116-abfss 
72100 1.15343e+08 420 274627 0.00238095 118 118 0 29 6 4 340 0 274627 3566324 118-aabji 
72200 1.19538e+08 421 283937 0.0023753 116 116 0 22 0 0 339 0 283937 3588455 116-abgrr 
72300 1.19538e+08 421 283937 0.0023753 116 116 0 36 0 0 339 0 283937 3588455 116-abgrr 
72400 1.21635e+08 423 287553 0.00236407 118 118 0 35 3 2 334 0 287553 3582853 118-aabmy 
72500 1.18489e+08 420 282117 0.00238095 116 115.987 0 35 2 0 336 0 282117 3590103 116-abgrx 
72600 1.18489e+08 423 280116 0.00236407 116 116 0 28 2 2 333 0 280116 3578433 116-abgjv 
72700 1.18489e+08 423 280116 0.00236407 116 116 0 33 1 1 333 0 280116 3578433 116-abgjv 
72800 1.19538e+08 420 284613 0.00238095 116 116 0 26 1 1 336 0 284613 3584649 116-abgpu 
72900 1.19538e+08 420 284613 0.00238095 116 116.006 0 30 0 0 340 0 284613 3617076 116-abhmh 
73000 1.20586e+08 422 285749 0.00236967 117 117 0 25 6 2 333 0 285749 3605403 117-abmsi 
73100 1.18489e+08 419 282790 0.00238663 115 115 0 40 0 0 338 0 282790 3614138 115-abblg 
73200 1.19538e+08 422 283265 0.00236967 117 117 0 39 2 2 337 0 283265 3633792 117-abnns 
73300 1.19538e+08 422 283265 0.00236967 117 117 0 30 1 1 337 0 283265 3633792 117-abnns 
73400 1.20586e+08 421 286428 0.0023753 117 117.006 0 29 2 2 341 0 286428 3632095 117-abnms 
73500 1.20586e+08 422 285749 0.00236967 117 117 0 32 1 1 333 0 285749 3605403 117-abmsi 
73600 1.18489e+08 422 280780 0.00236967 116 116 0 25 2 2 331 0 280780 3617472 116-abhmm 
73700 1.19538e+08 421 283937 0.0023753 116 116 0 34 3 3 341 0 283937 3658296 116-abiui 
73800 1.18489e+08 421 281447 0.0023753 116 116 0 23 0 0 335 0 281447 3654741 116-abisq 
73900 1.20586e+08 421 286428 0.0023753 117 117 0 24 0 0 340 0 286428 3670059 117-abooe 
74000 1.20586e+08 422 285749 0.00236967 117 117 0 23 4 3 344 0 285749 3675295 117-abosd 
74100 1.20586e+08 422 285749 0.00236967 117 117 0 26 1 1 344 0 285749 3675295 117-abosd 
74200 1.21635e+08 424 286875 0.00235849 118 118 0 25 2 1 343 0 286875 3674501 118-aacvv 
74300 1.18489e+08 419 282790 0.00238663 116 116 0 33 6 4 346 0 282790 3688924 116-abjqd 
74400 1.21635e+08 421 288919 0.0023753 119 118.996 0 35 1 1 341 0 288919 3685522 119-aaamg 
74500 1.19538e+08 425 281265 0.00235294 118 118 0 29 0 0 341 0 281265 3716095 118-aadui 
74600 1.23732e+08 430 287749 0.00232558 121 121 0 27 4 4 352 0 287749 3717374 121-aaafs 
74700 1.20586e+08 425 283732 0.00235294 117 117 0 23 0 0 347 0 283732 3701929 117-abpnb 
74800 1.19538e+08 421 283937 0.0023753 117 117 0 35 0 0 342 0 283937 3689089 117-abpbt 
74900 1.22683e+08 426 287989 0.00234742 119 119 0 33 2 2 348 0 287989 3730545 119-aabat 
75000 1.19538e+08 422 283265 0.00236967 117 116.995 0 58 4 3 347 0 283265 3706614 117-abprs 
75100 1.20586e+08 424 284402 0.00235849 118 118 0 38 1 1 343 0 284402 3728488 118-aaeck 
75200 1.19538e+08 420 284613 0.00238095 116 116.04 0 30 0 0 345 0 284613 3741922 116-abkto 
75300 1.22683e+08 428 286643 0.00233645 119 119 0 24 0 0 350 0 286643 3756521 119-aabiv 
75400 1.20586e+08 421 286428 0.0023753 117 117 0 21 6 6 350 0 286428 3755910 117-abrdw 
75500 1.23732e+08 430 287749 0.00232558 121 121 0 26 3 3 351 0 287749 3744517 121-aaagl 
75600 1.23732e+08 430 287749 0.00232558 121 121 0 32 0 0 352 0 287749 3771467 121-aaahq 
75700 1.23732e+08 430 287749 0.00232558 121 121 0 29 0 0 352 0 287749 3771467 121-aaahq 
75800 1.23732e+08 430 287749 0.00232558 121 121 0 30 0 0 352 0 287749 3771467 121-aaahq 
75900 1.20586e+08 425 283732 0.00235294 118 118 0 25 4 4 345 0 283732 3764634 118-aaeye 
76000 1.19538e+08 422 283265 0.00236967 118 118 0 23 0 0 358 0 283265 3798074 118-aafzd 
76100 1.19538e+08 424 281928 0.00235849 118 118 0 24 1 1 349 0 281928 3803245 118-aagdn 
76200 1.19538e+08 419 285293 0.00238663 117 117.01 0 27 0 0 353 0 285293 3794685 117-absho 
76300 1.21635e+08 425 286200 0.00235294 119 119 0 42 1 1 353 0 286200 3815431 119-aacdd 
76400 1.19538e+08 419 285293 0.00238663 117 117.004 0 44 4 4 353 0 285293 3794685 117-absho 
76500 1.19538e+08 419 285293 0.00238663 117 117.007 0 33 0 0 353 0 285293 3794685 117-absho 
76600 1.19538e+08 419 285293 0.00238663 117 117.007 0 26 0 0 353 0 285293 3794685 117-absho 
76700 1.19538e+08 419 285293 0.00238663 117 117.006 0 34 0 0 353 0 285293 3794685 117-absho 
76800 1.20586e+08 420 287110 0.00238095 117 117 0 29 4 4 351 0 287110 3836454 117-abtil 
76900 1.20586e+08 425 283732 0.00235294 117 116.998 0 38 6 2 357 0 283732 3818638 117-absyi 
77000 1.21635e+08 420 289607 0.00238095 118 117.961 0 25 2 1 351 0 289607 3846616 118-aahkp 
77100 1.21635e+08 420 289607 0.00238095 118 117.981 0 35 1 0 351 0 289607 3846616 118-aahkp 
77200 1.21635e+08 420 289607 0.00238095 118 117.988 0 28 1 1 351 0 289607 3846616 118-aahkp 
77300 1.21635e+08 424 286875 0.00235849 119 118.976 0 27 2 2 358 0 286875 3855983 119-aacyg 
77400 1.21635e+08 424 286875 0.00235849 119 118.982 0 25 0 0 358 0 286875 3855983 119-aacyg 
77500 1.21635e+08 420 289607 0.00238095 118 118 0 26 0 0 353 0 289607 3878037 118-aailf 
77600 1.21635e+08 424 286875 0.00235849 119 118.988 0 27 0 0 358 0 286875 3855983 119-aacyg 
77700 1.21635e+08 420 289607 0.00238095 118 118 0 25 1 1 352 0 289607 3898523 118-aaiyd 
77800 1.20586e+08 423 285074 0.00236407 118 118.009 0 38 0 0 366 0 285074 3876109 118-aaimp 
77900 1.20586e+08 420 287110 0.00238095 118 118 0 28 0 0 361 0 287110 3908286 118-aajec 
78000 1.19538e+08 417 286661 0.00239808 117 117 0 18 1 0 366 0 286661 3895099 117-abuqw 
78100 1.20586e+08 420 287110 0.00238095 118 118 0 23 3 2 361 0 287110 3914724 118-aajjb 
78200 1.19538e+08 417 286661 0.00239808 117 117 0 37 5 3 366 0 286661 3895099 117-abuqw 
78300 1.19538e+08 417 286661 0.00239808 117 117 0 55 8 3 366 0 286661 3895099 117-abuqw 
78400 1.19538e+08 417 286661 0.00239808 117 117 0 22 3 2 366 0 286661 3895099 117-abuqw 
78500 1.21635e+08 420 289607 0.00238095 118 118 0 29 1 1 355 0 289607 3937574 118-aakbm 
78600 1.19538e+08 421 283937 0.0023753 118 118 0 23 2 2 363 0 283937 3945328 118-aakfo 
78700 1.23732e+08 424 291821 0.00235849 120 120 0 29 3 3 372 0 291821 3928420 120-aaclk 
78800 1.23732e+08 424 291821 0.00235849 120 120 0 28 2 1 372 0 291821 3928420 120-aaclk 
78900 1.23732e+08 424 291821 0.00235849 120 120 0 36 1 1 372 0 291821 3928420 120-aaclk 
79000 1.22683e+08 423 290032 0.00236407 119 119 0 27 2 1 365 0 290032 3955719 119-aaflc 
79100 1.22683e+08 425 288667 0.00235294 120 120 0 27 4 1 369 0 288667 3971772 120-aadbz 
79200 1.19538e+08 419 285293 0.00238663 117 117 0 24 2 1 368 0 285293 3970666 117-abwbq 
79300 1.22683e+08 427 287315 0.00234192 119 119 0 29 4 4 369 0 287315 3980719 119-aagcs 
79400 1.21635e+08 424 286875 0.00235849 118 118 0 22 1 1 363 0 286875 3994839 118-aalsr 
79500 1.23732e+08 426 290451 0.00234742 120 120 0 20 1 1 368 0 290451 3993853 120-aadjx 
79600 1.18489e+08 418 283467 0.00239234 118 118.006 0 25 1 1 372 0 283467 3993718 118-aalqy 
79700 1.18489e+08 415 285516 0.00240964 117 117 0 21 5 4 364 0 285516 3988859 117-abwky 
79800 1.21635e+08 421 288919 0.0023753 120 120 0 28 6 2 379 0 288919 4007298 120-aadnz 
79900 1.24781e+08 429 290864 0.002331 122 121.99 0 29 0 0 365 0 290864 3998618 122-aaajp 
80000 1.21635e+08 421 288919 0.0023753 120 120 0 30 2 0 379 0 288919 4007298 120-aadnz 
80100 1.26878e+08 428 296443 0.00233645 123 123 0 27 1 1 375 0 296443 4020461 123-aaaid 
80200 1.20586e+08 420 287110 0.00238095 118 118 0 38 11 7 373 0 287110 4011429 118-aamfi 
80300 1.20586e+08 420 287110 0.00238095 118 118 0 30 3 2 373 0 287110 4011429 118-aamfi 
80400 1.20586e+08 420 287110 0.00238095 118 118 0 28 3 2 373 0 287110 4011429 118-aamfi 
80500 1.22683e+08 422 290719 0.00236967 119 119 0 26 1 1 375 0 290719 4060889 119-aahum 
80600 1.21635e+08 422 288234 0.00236967 120 120 0 25 5 5 383 0 288234 4061071 120-aaeew 
80700 1.22683e+08 423 290032 0.00236407 119 119 0 38 2 1 373 0 290032 4042081 119-aahkr 
80800 1.22683e+08 423 290032 0.00236407 119 119 0 58 5 4 373 0 290032 4042081 119-aahkr 
80900 1.22683e+08 423 290032 0.00236407 119 119 0 41 0 0 373 0 290032 4042081 119-aahkr 
81000 1.22683e+08 423 290032 0.00236407 119 119 0 38 0 0 373 0 290032 4042081 119-aahkr 
81100 1.20586e+08 421 286428 0.0023753 117 117.012 0 28 0 0 379 0 286428 4078268 117-abydb 
81200 1.20586e+08 416 289871 0.00240385 117 117 0 19 3 2 385 0 289871 4081563 117-abyer 
81300 1.26878e+08 428 296443 0.00233645 123 123 0 32 3 3 378 0 296443 4096269 123-aaaoy 
81400 1.18489e+08 418 283467 0.00239234 116 116 0 25 0 0 380 0 283467 4105983 116-abogp 
81500 1.26878e+08 428 296443 0.00233645 123 123 0 25 0 0 379 0 296443 4108127 123-aaaqt 
81600 1.22683e+08 420 292103 0.00238095 119 119 0 27 5 4 385 0 292103 4118959 119-aajar 
81700 1.22683e+08 420 292103 0.00238095 119 119 0 30 5 3 385 0 292103 4118959 119-aajar 
81800 1.23732e+08 424 291821 0.00235849 120 120 0 30 1 1 384 0 291821 4127521 120-aafca 
81900 1.22683e+08 420 292103 0.00238095 119 119 0 28 3 2 385 0 292103 4118959 119-aajar 
82000 1.20586e+08 420 287110 0.00238095 119 118.993 0 26 3 3 386 0 287110 4128776 119-aajkd 
82100 1.22683e+08 420 292103 0.00238095 119 119 0 33 0 0 387 0 292103 4143485 119-aajqn 
82200 1.22683e+08 420 292103 0.00238095 119 119 0 27 0 0 387 0 292103 4143485 119-aajqn 
82300 1.18489e+08 416 284830 0.00240385 116 116 0 27 6 3 374 0 284830 4155430 116-abonj 
82400 1.25829e+08 427 294682 0.00234192 124 124 0 25 6 3 382 0 294682 4119711 124-aabch 
82500 1.21635e+08 423 287553 0.00236407 118 117.991 0 26 1 1 383 0 287553 4157990 118-aapld 
82600 1.23732e+08 425 291134 0.00235294 120 120 0 20 0 0 388 0 291134 4173240 120-aagel 
82700 1.20586e+08 420 287110 0.00238095 119 119.046 0 27 1 1 389 0 287110 4176513 119-aakpu 
82800 1.21635e+08 423 287553 0.00236407 118 117.995 0 28 2 1 383 0 287553 4157990 118-aapld 
82900 1.22683e+08 425 288667 0.00235294 120 120 0 40 5 3 388 0 288667 4120529 120-aaeyy 
83000 1.23732e+08 423 292511 0.00236407 120 119.986 0 27 3 3 388 0 292511 4191458 120-aagpf 
83100 1.23732e+08 423 292511 0.00236407 120 119.992 0 23 1 1 388 0 292511 4191458 120-aagpf 
83200 1.25829e+08 428 293993 0.00233645 123 123 0 30 0 0 394 0 293993 4212964 123-aaaxp 
83300 1.23732e+08 406 304759 0.00246305 121 121.019 0 21 0 0 390 0 304759 4201736 121-aaddu 
83400 1.23732e+08 406 304759 0.00246305 121 121.013 0 25 1 1 390 0 304759 4201736 121-aaddu 
83500 1.23732e+08 406 304759 0.00246305 121 121.01 0 23 1 0 390 0 304759 4201736 121-aaddu 
83600 1.22683e+08 423 290032 0.00236407 120 120.009 0 19 1 0 394 0 290032 4218072 120-aahgz 
83700 1.26878e+08 412 307956 0.00242718 123 123 0 25 3 3 391 0 307956 4235534 123-aaazj 
83800 1.23732e+08 404 306267 0.00247525 120 120.02 0 28 1 0 393 0 306267 4238836 120-aahvp 
83900 1.23732e+08 404 306267 0.00247525 120 120.01 0 49 6 6 393 0 306267 4238836 120-aahvp 
84000 1.23732e+08 404 306267 0.00247525 120 120.006 0 42 2 0 393 0 306267 4238836 120-aahvp 
84100 1.25829e+08 419 300308 0.00238663 122 122 0 23 2 2 396 0 300308 4261103 122-aabpn 
84200 1.22683e+08 422 290719 0.00236967 119 119 0 22 0 0 396 0 290719 4274102 119-aamzm 
84300 1.23732e+08 404 306267 0.00247525 120 120 0 28 7 5 394 0 306267 4272557 120-aaito 
84400 1.25829e+08 410 306900 0.00243902 122 122 0 23 0 0 397 0 306900 4277213 122-aabvd 
84500 1.24781e+08 427 292226 0.00234192 122 122 0 26 1 0 399 0 292226 4281139 122-aabxu 
84600 1.25829e+08 429 293308 0.002331 122 122 0 40 0 0 400 0 293308 4279841 122-aabwq 
84700 1.23732e+08 405 305511 0.00246914 120 120 0 32 0 0 395 0 305511 4291075 120-aajdo 
84800 1.24781e+08 409 305087 0.00244499 121 121 0 28 0 0 400 0 305087 4288407 121-aaeou 
84900 1.25829e+08 410 306900 0.00243902 122 122 0 23 5 5 398 0 306900 4298639 122-aachs 
85000 1.22683e+08 421 291409 0.0023753 120 120 0 25 2 2 380 0 291409 4273076 120-aaity 
85100 1.23887e+08 406.148 305029 0.00246216 121 121 0 20 1 0 400 0 306586 4318629 121-aafgz 
85200 1.27926e+08 413 309749 0.00242131 124 124 0 32 5 5 399 0 309749 4323822 124-aabla 
85300 1.24781e+08 408 305835 0.00245098 121 121 0 30 2 2 401 0 305835 4298014 121-aaetj 
85400 1.24781e+08 409 305087 0.00244499 122 122 0 37 0 0 398 0 305087 4337455 122-aadhu 
85500 1.25829e+08 411 306154 0.00243309 122 122 0 25 4 2 398 0 306154 4316778 122-aacuw 
85600 1.25829e+08 417 301748 0.00239808 123 122.975 0 28 2 1 399 0 301748 4334153 123-aacao 
85700 1.25829e+08 410 306900 0.00243902 122 122 0 30 2 2 400 0 306900 4348374 122-aadqg 
85800 1.25829e+08 410 306900 0.00243902 122 122 0 51 7 5 400 0 306900 4348374 122-aadqg 
85900 1.25829e+08 410 306900 0.00243902 122 122 0 28 3 1 400 0 306900 4348374 122-aadqg 
86000 1.23732e+08 407 304010 0.002457 122 122 0 24 0 0 407 0 304010 4357670 122-aadwu 
86100 1.25829e+08 410 306900 0.00243902 122 122 0 23 4 3 400 0 306900 4348374 122-aadqg 
86200 1.25829e+08 411 306154 0.00243309 122 122 0 20 4 1 404 0 306154 4373466 122-aaegc 
86300 1.24781e+08 407 306586 0.002457 121 121 0 28 0 0 399 0 306586 4386435 121-aaheo 
86400 1.23919e+08 406.178 305084 0.00246198 121 121 0 23 0 0 407 0 306586 4379488 121-aagys 
86500 1.25829e+08 410 306900 0.00243902 123 123 0 43 0 0 410 0 306900 4392909 123-aaczj 
86600 1.24781e+08 417 299234 0.00239808 123 123 0 25 0 0 405 0 299234 4391435 123-aacye 
86700 1.24781e+08 407 306586 0.002457 121 121 0 28 0 0 401 0 306586 4415755 121-aahyw 
86800 1.22683e+08 404 303672 0.00247525 120 120 0 19 0 0 404 0 303672 4421244 120-aalmu 
86900 1.23732e+08 406 304759 0.00246305 121 121 0 21 0 0 410 0 304759 4419274 121-aaiay 
87000 1.25829e+08 411 306154 0.00243309 122 122 0 26 0 0 409 0 306154 4418451 122-aafnu 
87100 1.23732e+08 403 307027 0.00248139 120 119.986 0 32 6 5 408 0 307027 4408787 120-aalgo 
87200 1.25829e+08 411 306154 0.00243309 122 122 0 27 1 1 406 0 306154 4433977 122-aafxj 
87300 1.25829e+08 415 303203 0.00240964 124 124 0 21 2 2 414 0 303203 4430940 124-aaccm 
87400 1.22683e+08 402 305183 0.00248756 120 120 0 22 0 0 417 0 305183 4445543 120-aalye 
87500 1.21635e+08 401 303329 0.00249377 120 120 0 25 3 2 413 0 303329 4449220 120-aalyy 
87600 1.24781e+08 406 307341 0.00246305 121 121.029 0 27 0 0 415 0 307341 4466559 121-aajfj 
87700 1.25829e+08 410 306900 0.00243902 123 123 0 20 1 1 410 0 306900 4470547 123-aaeot 
87800 1.23732e+08 405 305511 0.00246914 120 120 0 29 2 2 416 0 305511 4465693 120-aamho 
87900 1.23732e+08 402 307791 0.00248756 120 120 0 28 0 0 412 0 307791 4475583 120-aammd 
88000 1.26878e+08 414 306468 0.00241546 124 123.989 0 33 6 4 411 0 306468 4476913 124-aacjx 
88100 1.23732e+08 402 307791 0.00248756 120 120 0 26 2 2 412 0 307791 4475583 120-aammd 
88200 1.25829e+08 407 309162 0.002457 123 122.975 0 29 1 1 411 0 309162 4502592 123-aafcf 
88300 1.25829e+08 409 307651 0.00244499 123 123 0 31 6 4 413 0 307651 4499068 123-aaezw 
88400 1.25829e+08 409 307651 0.00244499 123 123 0 38 6 3 413 0 307651 4499068 123-aaezw 
88500 1.25829e+08 409 307651 0.00244499 123 123 0 38 3 3 413 0 307651 4499068 123-aaezw 
88600 1.23732e+08 406 304759 0.00246305 122 122 0 26 1 0 417 0 304759 4508508 122-aahzf 
88700 1.23732e+08 408 303265 0.00245098 121 121 0 23 3 2 412 0 303265 4537349 121-aaksp 
88800 1.25829e+08 409 307651 0.00244499 123 123 0 29 5 3 414 0 307651 4528156 123-aafqc 
88900 1.25508e+08 407.694 307848 0.00245282 122 122 0 26 0 0 422 0 308405 4526266 122-aaimo 
89000 1.22683e+08 406 302176 0.00246305 120 120 0 22 1 1 423 0 302176 4546285 120-aanpj 
89100 1.27926e+08 411 311256 0.00243309 124 124 0 30 9 4 409 0 311256 4542845 124-aadbc 
89200 1.24781e+08 409 305087 0.00244499 122 122 0 28 2 2 427 0 305087 4558972 122-aajmt 
89300 1.26375e+08 408.521 309348 0.00244786 123 123 0 20 0 0 433 0 310214 4565918 123-aagnd 
89400 1.22683e+08 400 306708 0.0025 119 119 0 27 0 0 423 0 306708 4568411 119-aaoui 
89500 1.24781e+08 407 306586 0.002457 122 122 0 24 0 0 421 0 306586 4564812 122-aajsv 
89600 1.28975e+08 413 312288 0.00242131 125 125 0 19 0 0 411 0 312288 4590443 125-aabpb 
89700 1.28975e+08 413 312288 0.00242131 125 125 0 20 4 3 411 0 312288 4590443 125-aabpb 
89800 1.28975e+08 413 312288 0.00242131 125 125 0 24 0 0 411 0 312288 4586835 125-aabou 
89900 1.28975e+08 413 312288 0.00242131 125 125 0 20 7 6 411 0 312288 4586835 125-aabou 
90000 1.23732e+08 406 304759 0.00246305 122 122 0 25 4 3 426 0 304759 4605448 122-aalaa 
90100 1.23732e+08 404 306267 0.00247525 122 121.962 0 23 2 1 430 0 306267 4613453 122-aaleq 
90200 1.23732e+08 404 306267 0.00247525 122 121.983 0 26 1 0 430 0 306267 4613453 122-aaleq 
90300 1.23732e+08 408 303265 0.00245098 122 122 0 24 0 0 423 0 303265 4623097 122-aalmb 
90400 1.25829e+08 408 308405 0.00245098 123 123 0 27 3 2 430 0 308405 4630551 123-aahyp 
90500 1.25829e+08 408 308405 0.00245098 123 123 0 25 4 3 430 0 308405 4630551 123-aahyp 
90600 1.26878e+08 408 310975 0.00245098 123 123 0 31 3 2 425 0 310975 4635473 123-aaicu 
90700 1.24781e+08 407 306586 0.002457 122 122.035 0 19 1 1 429 0 306586 4651397 122-aamfq 
90800 1.20586e+08 402 299966 0.00248756 121 121 0 21 0 0 429 0 299966 4643103 121-aamvd 
90900 1.26878e+08 412 307956 0.00242718 123 123 0 20 0 0 414 0 307956 4634743 123-aaibb 
91000 1.23732e+08 408 303265 0.00245098 121 121 0 26 7 3 435 0 303265 4652644 121-aanbu 
91100 1.26878e+08 408 310975 0.00245098 123 123 0 29 2 2 427 0 310975 4673235 123-aaivr 
91200 1.26878e+08 408 310975 0.00245098 123 123 0 20 0 0 427 0 310975 4673235 123-aaivr 
91300 1.25829e+08 406 309924 0.00246305 123 123 0 35 3 3 428 0 309924 4673337 123-aaiuy 
91400 1.26878e+08 404 314054 0.00247525 123 123 0 27 0 0 420 0 314054 4692398 123-aajfy 
91500 1.26878e+08 404 314054 0.00247525 123 123 0 30 3 2 420 0 314054 4692398 123-aajfy 
91600 1.24781e+08 403 309629 0.00248139 122 121.995 0 28 1 1 437 0 309629 4686540 122-aaneu 
91700 1.27926e+08 407 314315 0.002457 122 122 0 47 2 2 432 0 314315 4696812 122-aanlx 
91800 1.27926e+08 407 314315 0.002457 122 122 0 32 4 4 432 0 314315 4696812 122-aanlx 
91900 1.25829e+08 408 308405 0.00245098 123 123.002 0 23 4 3 443 0 308405 4710921 123-aajqp 
92000 1.26878e+08 412 307956 0.00242718 124 124 0 18 0 0 436 0 307956 4705897 124-aafeg 
92100 1.25829e+08 408 308405 0.00245098 123 123 0 21 2 0 432 0 308405 4733272 123-aakba 
92200 1.26878e+08 411 308705 0.00243309 124 124 0 25 0 0 442 0 308705 4737062 124-aafpf 
92300 1.24781e+08 407 306586 0.002457 124 124 0 30 2 1 445 0 306586 4729804 124-aafmf 
92400 1.23732e+08 404 306267 0.00247525 122 122.016 0 20 3 3 432 0 306267 4749861 122-aaovr 
92500 1.23732e+08 404 306267 0.00247525 122 122.009 0 24 0 0 432 0 306267 4749861 122-aaovr 
92600 1.23732e+08 405 305511 0.00246914 122 122 0 26 0 0 436 0 305511 4766384 122-aaphx 
92700 1.25829e+08 411 306154 0.00243309 123 123 0 37 0 0 429 0 306154 4765786 123-aaktz 
92800 1.25829e+08 411 306154 0.00243309 123 123 0 24 0 0 429 0 306154 4765786 123-aaktz 
92900 1.27926e+08 392 326343 0.00255102 124 124 0 38 1 1 442 0 326343 4752376 124-aafvh 
93000 1.27926e+08 392 326343 0.00255102 124 124 0 23 4 3 443 0 326343 4792602 124-aagol 
93100 1.26878e+08 390 325327 0.0025641 124 124 0 19 4 4 444 0 325327 4797194 124-aagrs 
93200 1.25829e+08 407 309162 0.002457 122 121.984 0 24 6 5 436 0 309162 4804914 122-aaqhj 
93300 1.27926e+08 392 326343 0.00255102 124 124 0 21 1 1 446 0 326343 4810025 124-aagxt 
93400 1.27926e+08 412 310501 0.00242718 124 124 0 26 0 0 420 0 310501 4808479 124-aagya 
93500 1.22683e+08 403 304425 0.00248139 121 121 0 20 2 2 441 0 304425 4804601 121-aaqnc 
93600 1.28908e+08 408 315952 0.00245098 123 122.937 0 26 1 1 442 0 316115 4830084 123-aalzw 
93700 1.24781e+08 405 308100 0.00246914 122 122 0 39 4 3 432 0 308100 4816128 122-aaqoy 
93800 1.24781e+08 405 308100 0.00246914 122 122 0 32 1 1 432 0 308100 4816128 122-aaqoy 
93900 1.24781e+08 405 308100 0.00246914 122 122 0 46 3 2 432 0 308100 4816128 122-aaqoy 
94000 1.27926e+08 405 315867 0.00246914 122 122 0 25 3 2 443 0 315867 4846362 122-aardb 
94100 1.27926e+08 405 315867 0.00246914 122 122 0 16 0 0 443 0 315867 4846362 122-aardb 
94200 1.27926e+08 405 315867 0.00246914 122 122 0 24 2 1 443 0 315867 4846362 122-aardb 
94300 1.27926e+08 392 326343 0.00255102 124 124 0 34 6 3 446 1 326343 4866824 124-aaidc 
94400 1.24781e+08 407 306586 0.002457 123 123 0 28 0 0 450 0 306586 4868931 123-aamud 
94500 1.21635e+08 400 304087 0.0025 119 119 0 27 0 0 440 0 304087 4874243 119-aapuz 
94600 1.26878e+08 407 311739 0.002457 121 121 0 25 7 3 448 0 311739 4889068 121-aasdx 
94700 1.27926e+08 411 311256 0.00243309 124 124 0 26 0 0 450 0 311256 4885187 124-aaipi 
94800 1.26878e+08 391 324495 0.00255754 124 124 0 35 1 1 453 0 324495 4886951 124-aairo 
94900 1.25829e+08 406 309924 0.00246305 123 123 0 34 2 2 451 0 309924 4882064 123-aanbo 
95000 1.30023e+08 410 317130 0.00243902 124 124 0 32 1 1 449 0 317130 4906844 124-aajbr 
95100 1.26878e+08 406 312507 0.00246305 122 121.992 0 23 5 5 440 0 312507 4907351 122-aasfz 
95200 1.27926e+08 392 326343 0.00255102 124 124 0 35 0 0 449 0 326343 4898664 124-aaixe 
95300 1.25829e+08 406 309924 0.00246305 123 123 0 30 3 2 444 0 309924 4907954 123-aanod 
95400 1.27926e+08 391 327177 0.00255754 124 124 0 23 1 1 456 0 327177 4925609 124-aajpu 
95500 1.27926e+08 390 328016 0.0025641 124 124 0 31 0 0 457 0 328016 4920770 124-aajlp 
95600 1.27926e+08 391 327177 0.00255754 124 124 0 27 4 3 450 0 327177 4928423 124-aajsg 
95700 1.27926e+08 391 327177 0.00255754 124 124 0 39 1 1 450 0 327177 4928423 124-aajsg 
95800 1.27926e+08 391 327177 0.00255754 124 124 0 30 2 2 450 0 327177 4928423 124-aajsg 
95900 1.27926e+08 392 326343 0.00255102 124 124 0 24 1 1 443 0 326343 4929436 124-aajto 
96000 1.27926e+08 389 328859 0.00257069 124 124 0 29 0 0 459 0 328859 4964308 124-aakxa 
96100 1.27926e+08 389 328859 0.00257069 124 124 0 52 7 5 459 0 328859 4964308 124-aakxa 
96200 1.27926e+08 389 328859 0.00257069 124 124 0 50 2 2 459 0 328859 4964308 124-aakxa 
96300 1.27926e+08 389 328859 0.00257069 124 124 0 35 0 0 459 0 328859 4964308 124-aakxa 
96400 1.27926e+08 389 328859 0.00257069 124 124 0 39 1 1 459 0 328859 4964308 124-aakxa 
96500 1.27926e+08 389 328859 0.00257069 124 124 0 37 3 2 461 0 328859 4991000 124-aambk 
96600 1.27926e+08 389 328859 0.00257069 124 124 0 41 1 1 461 0 328859 4991000 124-aambk 
96700 1.27926e+08 389 328859 0.00257069 124 124 0 31 1 0 461 0 328859 4991000 124-aambk 
96800 1.27926e+08 391 327177 0.00255754 124 124 0 34 1 1 463 0 327177 5015722 124-aanll 
96900 1.25829e+08 390 322639 0.0025641 123 123 0 26 0 0 461 0 322639 5015581 123-aapoc 
97000 1.25829e+08 390 322639 0.0025641 123 123 0 35 1 0 461 0 322639 5015581 123-aapoc 
97100 1.27926e+08 391 327177 0.00255754 124 124 0 39 0 0 459 0 327177 5028593 124-aanyy 
97200 1.27926e+08 391 327177 0.00255754 124 124 0 47 3 3 463 0 327177 5015722 124-aanll 
97300 1.27926e+08 391 327177 0.00255754 124 124 0 40 0 0 463 0 327177 5015722 124-aanll 
97400 1.27926e+08 391 327177 0.00255754 124 124 0 39 3 2 459 0 327177 5028593 124-aanyy 
97500 1.27926e+08 391 327177 0.00255754 124 124 0 28 2 2 459 0 327177 5028593 124-aanyy 
97600 1.27926e+08 390 328016 0.0025641 124 124 0 49 6 3 466 0 328016 5060175 124-aaprg 
97700 1.27926e+08 390 328016 0.0025641 124 124 0 56 3 2 466 0 328016 5060175 124-aaprg 
97800 1.27926e+08 390 328016 0.0025641 124 124 0 46 2 2 466 0 328016 5060175 124-aaprg 
97900 1.27926e+08 390 328016 0.0025641 124 124 0 40 0 0 466 0 328016 5060175 124-aaprg 
98000 1.25829e+08 387 325140 0.00258398 123 123 0 20 0 0 457 0 325140 5078952 123-aaqsg 
98100 1.26878e+08 388 327004 0.00257732 124 124 0 37 0 0 466 0 327004 5086644 124-aargz 
98200 1.26878e+08 388 327004 0.00257732 124 124 0 30 3 3 466 0 327004 5086644 124-aargz 
98300 1.26878e+08 389 326164 0.00257069 124 124 0 24 0 0 471 0 326164 5104349 124-aasit 
98400 1.27926e+08 390 328016 0.0025641 124 124 0 34 3 2 469 0 328016 5106625 124-aasml 
98500 1.27926e+08 390 328016 0.0025641 124 124 0 29 2 1 469 0 328016 5106625 124-aasml 
98600 1.27926e+08 391 327177 0.00255754 124 124 0 35 4 3 467 0 327177 5116092 124-aatet 
98700 1.25829e+08 387 325140 0.00258398 123 123 0 35 2 1 471 0 325140 5139391 123-aarhz 
98800 1.26878e+08 390 325327 0.0025641 124 124 0 26 2 2 476 0 325327 5130867 124-aaubq 
98900 1.27926e+08 388 329707 0.00257732 124 124 0 27 1 0 475 0 329707 5147162 124-aavcd 
99000 1.27926e+08 388 329707 0.00257732 124 124 0 27 4 1 474 0 329707 5137612 124-aaurc 
99100 1.25829e+08 389 323468 0.00257069 123 123 0 37 6 5 464 0 323468 5109139 123-aaqze 
99200 1.27926e+08 389 328859 0.00257069 124 124 0 26 0 0 472 0 328859 5167634 124-aawko 
99300 1.25829e+08 389 323468 0.00257069 123 123 0 34 1 1 464 0 323468 5109139 123-aaqze 
99400 1.25829e+08 389 323468 0.00257069 123 123 0 29 0 0 464 0 323468 5109139 123-aaqze 
99500 1.27926e+08 392 326343 0.00255102 124 124 0 29 1 0 460 0 326343 5131866 124-aauda 
99600 1.27926e+08 392 326343 0.00255102 124 124 0 27 3 2 460 0 326343 5131866 124-aauda 
99700 1.27926e+08 389 328859 0.00257069 124 124 0 28 1 0 465 0 328859 5183065 124-aaxhl 
99800 1.27926e+08 387 330559 0.00258398 124 124 0 32 2 2 478 0 330559 5209479 124-aayww 
99900 1.27926e+08 387 330559 0.00258398 124 124 0 33 7 6 478 0 330559 5209479 124-aayww 
100000 1.26878e+08 387 327849 0.00258398 123 123 0 27 0 0 467 0 327849 5184009 123-aasab 
