# Avida tasks data
# Mon Jun 18 15:06:45 2018
# First column gives the current update, next columns give the number
# of organisms that have the particular task as a component of their merit
#  1: Update
#  2: Not
#  3: Nand
#  4: And
#  5: OrNot
#  6: Or
#  7: AndNot
#  8: Nor
#  9: Xor

0 0 0 0 0 0 0 0 0 
100 0 0 0 0 0 0 0 0 
200 0 0 0 0 0 0 0 0 
300 0 0 0 0 0 0 0 0 
400 0 0 0 0 0 0 0 0 
500 0 0 0 0 0 0 0 0 
600 0 0 0 0 0 0 0 0 
700 0 0 0 0 0 0 0 0 
800 0 0 0 0 0 0 0 0 
900 0 0 0 0 0 0 0 0 
1000 0 0 0 0 0 0 0 0 
1100 0 0 0 0 0 0 0 0 
1200 0 0 0 0 0 0 0 0 
1300 0 0 0 0 0 0 0 0 
1400 0 0 0 0 0 0 0 0 
1500 0 0 0 0 0 0 0 0 
1600 0 0 0 0 0 0 0 0 
1700 0 0 0 0 0 0 0 0 
1800 0 0 0 0 0 0 0 0 
1900 0 0 0 0 0 0 0 0 
2000 0 0 0 0 0 0 0 0 
2100 0 0 0 0 0 0 0 0 
2200 0 0 0 0 0 0 0 0 
2300 0 0 0 0 0 0 0 0 
2400 0 0 0 0 0 0 0 0 
2500 0 0 0 0 0 0 0 0 
2600 0 0 0 0 0 0 0 0 
2700 0 0 0 0 0 0 0 0 
2800 0 0 0 0 0 0 0 0 
2900 0 0 0 0 0 0 0 0 
3000 0 0 0 0 0 0 0 0 
3100 0 0 0 0 0 0 0 0 
3200 0 0 0 0 0 0 0 0 
3300 0 0 0 0 0 0 0 0 
3400 0 0 0 0 0 0 0 0 
3500 9 0 0 0 0 0 0 0 
3600 43 0 0 0 0 0 0 0 
3700 1922 37 0 0 0 0 0 0 
3800 2995 103 0 112 0 0 0 0 
3900 983 25 0 2253 2 0 0 0 
4000 142 11 0 2436 776 3 0 0 
4100 36 0 0 210 3134 13 0 0 
4200 324 6 0 3308 3321 1 0 0 
4300 3129 0 0 3368 3382 0 0 0 
4400 3504 5 0 3359 3326 0 0 0 
4500 3506 5 0 3375 3346 0 0 0 
4600 3507 4 0 3376 3339 0 0 0 
4700 3534 2 0 3367 3347 1 0 0 
4800 3491 9 0 3355 3324 5 0 0 
4900 3479 20 0 3368 3330 18 0 0 
5000 3496 24 0 3377 3352 16 0 0 
5100 3439 1442 0 3410 1945 1433 6 0 
5200 433 332 0 3405 3064 331 3004 0 
5300 1778 25 0 3348 3310 32 3286 0 
5400 3322 20 0 3361 3331 32 3311 0 
5500 3444 24 0 3364 3316 28 3305 0 
5600 3460 12 0 3356 3302 29 3297 0 
5700 3442 17 0 3374 3341 26 3335 0 
5800 3420 18 0 3324 3300 35 3291 0 
5900 3459 12 0 3345 3344 25 3306 0 
6000 3439 8 0 3344 3311 24 3301 0 
6100 3464 13 0 3378 3332 21 3349 0 
6200 3433 28 0 3319 3301 33 3277 0 
6300 3431 560 0 3375 3340 29 3335 0 
6400 3429 3190 0 3344 3312 31 3328 0 
6500 3437 3509 0 3354 3303 19 3306 0 
6600 3460 3528 0 3374 3314 33 3313 0 
6700 3474 3525 0 3357 3332 19 3334 0 
6800 3462 3521 0 3341 3308 18 3323 0 
6900 3466 3528 2 3380 3343 33 3329 0 
7000 3479 3542 0 3365 3348 21 3327 0 
7100 3460 3514 0 3360 3333 26 3343 0 
7200 3491 3552 0 3400 3400 25 3378 0 
7300 3470 3528 0 3370 3334 27 3320 0 
7400 3508 3549 0 3405 3384 17 3356 0 
7500 3486 3541 1 3408 3396 18 3364 0 
7600 3470 3539 0 3387 3358 24 3341 0 
7700 3484 3541 0 3402 3373 17 3371 0 
7800 3493 3538 0 3405 3364 16 3359 0 
7900 3475 3524 2 3364 3330 14 3330 0 
8000 3486 3551 2 3398 3371 28 3348 0 
8100 3486 3524 0 3374 3362 25 3370 0 
8200 3483 3546 0 3348 3335 23 3327 0 
8300 3467 3520 1 3383 3341 34 3335 0 
8400 3505 3533 0 3400 3374 21 3388 0 
8500 3475 3528 0 3382 3348 36 3333 0 
8600 3498 3538 0 3397 3360 29 3358 0 
8700 3492 3534 0 3419 3381 24 3380 0 
8800 3489 3534 0 3416 3370 22 3363 0 
8900 3482 3524 0 3400 3379 21 3377 0 
9000 3484 3546 0 3406 3378 19 3369 0 
9100 3486 3562 0 3368 3357 16 3329 0 
9200 3476 3548 0 3372 3351 18 3338 0 
9300 3481 3533 0 3393 3364 29 3361 0 
9400 3476 3536 0 3409 3373 17 3375 0 
9500 3511 3539 0 3408 3400 14 3382 0 
9600 3512 3539 1 3417 3397 25 3387 0 
9700 3513 3533 0 3433 3401 15 3391 0 
9800 3482 3511 0 3372 3360 33 3346 0 
9900 3495 3534 0 3381 3364 23 3362 0 
10000 3494 3526 0 3397 3383 24 3361 0 
10100 3489 3526 0 3379 3363 18 3353 0 
10200 3524 3514 0 3406 3379 22 3373 0 
10300 3513 3552 0 3400 3365 13 3338 0 
10400 3488 3531 1 3398 3351 32 3338 0 
10500 3508 3535 0 3399 3366 21 3366 0 
10600 3500 3546 2 3428 3402 21 3382 0 
10700 3516 3545 0 3432 3403 424 3407 0 
10800 3524 3567 5 3446 3368 1306 3361 0 
10900 3561 3558 1 3457 3393 2353 3383 0 
11000 3568 3567 1 3487 3406 2798 3377 0 
11100 3569 3568 1 3465 3384 3095 3355 0 
11200 3577 3581 7 3487 3375 3266 3368 0 
11300 3577 3578 3 3488 3392 3331 3382 0 
11400 3586 3568 3 3503 3404 3405 3392 0 
11500 3581 3579 2 3505 3397 3426 3371 0 
11600 3572 3581 3 3488 3386 3464 3364 0 
11700 3582 3583 2 3523 3406 3490 3419 0 
11800 3575 3578 2 3506 3381 3488 3380 0 
11900 3574 3577 1 3502 3362 3486 3362 0 
12000 3575 3571 0 3508 3410 3489 3390 0 
12100 3583 3583 0 3477 3389 3502 3372 0 
12200 3587 3582 5 3500 3417 3511 3406 0 
12300 3581 3578 2 3495 3394 3517 3388 0 
12400 3579 3588 2 3473 3384 3513 3369 0 
12500 3586 3584 0 3484 3394 3501 3363 0 
12600 3580 3581 2 3498 3422 3510 3387 0 
12700 3583 3573 0 3492 3394 3507 3398 0 
12800 3582 3575 3 3476 3363 3515 3368 0 
12900 3584 3585 3 3473 3377 3523 3376 0 
13000 3584 3593 0 3486 3378 3537 3385 0 
13100 3586 3573 4 3490 3414 3514 3408 0 
13200 3584 3581 6 3491 3417 3522 3387 0 
13300 3582 3572 5 3487 3382 3496 3366 0 
13400 3578 3571 0 3472 3375 3491 3353 0 
13500 3572 3565 3 3492 3384 3510 3395 0 
13600 3583 3563 0 3484 3385 3513 3368 0 
13700 3571 3564 2 3497 3361 3504 3373 0 
13800 3561 3567 2 3493 3379 3509 3413 0 
13900 3567 3569 6 3487 3364 3507 3364 0 
14000 3573 3578 2 3490 3368 3504 3367 0 
14100 3571 3570 0 3490 3374 3519 3364 0 
14200 3557 3568 2 3479 3353 3502 3354 0 
14300 3547 3578 5 3504 3364 3496 3374 0 
14400 3552 3576 3 3497 3380 3510 3370 0 
14500 3558 3575 2 3487 3380 3503 3382 0 
14600 3553 3572 1 3498 3368 3486 3340 0 
14700 3565 3575 4 3510 3383 3495 3350 0 
14800 3565 3577 6 3519 3416 3504 3385 0 
14900 3568 3573 10 3494 3383 3495 3359 0 
15000 3563 3585 2 3485 3376 3509 3357 0 
15100 3580 3580 0 3497 3387 3506 3368 0 
15200 3586 3575 1 3481 3370 3511 3368 0 
15300 3573 3588 1 3448 3364 3503 3332 0 
15400 3576 3582 3 3470 3346 3495 3329 0 
15500 3585 3570 9 3473 3387 3507 3372 0 
15600 3582 3569 1 3455 3362 3496 3345 0 
15700 3588 3584 5 3479 3405 3518 3390 0 
15800 3583 3586 2 3466 3373 3518 3364 0 
15900 3592 3580 6 3473 3372 3508 3380 0 
16000 3576 3586 2 3439 3333 3528 3342 0 
16100 3574 3577 1 3456 3355 3537 3374 0 
16200 3579 3577 0 3471 3410 3530 3385 0 
16300 3586 3582 0 3482 3383 3523 3388 0 
16400 3588 3589 4 3454 3388 3527 3369 0 
16500 3575 3581 3 3450 3365 3510 3348 0 
16600 3587 3572 2 3489 3386 3522 3391 0 
16700 3581 3569 1 3484 3370 3476 3361 0 
16800 3579 3573 3 3468 3373 3520 3374 6 
16900 3592 3579 0 3486 3394 3437 3396 94 
17000 3589 3588 23 3488 3396 2789 3389 723 
17100 3561 3591 1062 3440 3359 2142 3344 1293 
17200 3551 3582 2513 3364 3321 2624 3317 691 
17300 3561 3583 3273 3380 3364 3174 3372 161 
17400 3552 3580 3378 3382 3382 3263 3376 74 
17500 3541 3573 3420 3366 3362 3300 3364 22 
17600 3542 3584 3448 3355 3346 3318 3335 5 
17700 3554 3584 3466 3369 3370 3322 3366 8 
17800 3547 3570 3431 3360 3349 3297 3340 2 
17900 3552 3580 3460 3352 3355 3318 3357 0 
18000 3543 3579 3459 3331 3318 3295 3314 1 
18100 3532 3583 3466 3353 3352 3321 3354 1 
18200 3539 3582 3468 3336 3328 3308 3314 0 
18300 3545 3589 3470 3347 3354 3331 3353 1 
18400 3544 3584 3455 3368 3341 3337 3353 0 
18500 3540 3583 3462 3341 3329 3304 3335 0 
18600 3555 3580 3476 3373 3361 3351 3356 0 
18700 3553 3580 3458 3350 3339 3319 3353 1 
18800 3557 3587 3452 3336 3356 3309 3336 0 
18900 3557 3590 3451 3346 3372 3329 3357 6 
19000 3556 3583 3473 3369 3367 3341 3360 0 
19100 3550 3588 3452 3323 3325 3310 3319 0 
19200 3546 3584 3458 3320 3319 3301 3325 1 
19300 3563 3579 3470 3346 3367 3327 3359 3 
19400 3568 3591 3482 3377 3377 3354 3380 0 
19500 3554 3583 3461 3316 3340 3305 3336 4 
19600 3552 3583 3436 3343 3368 3314 3356 4 
19700 3559 3573 3452 3327 3350 3308 3341 0 
19800 3540 3579 3483 3361 3361 3343 3352 1 
19900 3552 3587 3478 3369 3378 3353 3379 4 
20000 3560 3579 3472 3350 3357 3334 3360 0 
20100 3538 3589 3481 3334 3366 3330 3352 0 
20200 3545 3577 3464 3364 3372 3339 3363 4 
20300 3545 3578 3458 3335 3358 3316 3349 4 
20400 3557 3576 3454 3357 3368 3328 3367 0 
20500 3546 3582 3443 3314 3330 3296 3334 1 
20600 3550 3581 3459 3354 3363 3333 3362 0 
20700 3546 3575 3441 3297 3304 3278 3304 0 
20800 3542 3591 3465 3332 3338 3325 3330 2 
20900 3549 3578 3459 3354 3356 3334 3349 3 
21000 3549 3571 3461 3335 3345 3319 3358 4 
21100 3533 3578 3454 3328 3344 3307 3345 1 
21200 3554 3584 3483 3383 3380 3356 3380 3 
21300 3535 3577 3464 3348 3357 3327 3364 2 
21400 3542 3574 3467 3336 3358 3326 3343 1 
21500 3547 3576 3457 3341 3361 3326 3353 1 
21600 3545 3568 3458 3302 3323 3288 3322 1 
21700 3551 3571 3452 3338 3375 3326 3357 1 
21800 3538 3567 3458 3342 3363 3328 3351 0 
21900 3543 3572 3454 3324 3346 3303 3344 0 
22000 3552 3572 3467 3323 3363 3317 3344 3 
22100 3554 3578 3475 3342 3370 3340 3357 2 
22200 3542 3585 3476 3368 3369 3346 3378 4 
22300 3543 3574 3449 3320 3335 3304 3331 1 
22400 3552 3580 3473 3388 3372 3364 3384 0 
22500 3532 3556 3465 3359 3359 3335 3359 0 
22600 3533 3563 3453 3337 3353 3318 3354 1 
22700 3543 3574 3490 3365 3359 3347 3357 1 
22800 3541 3573 3464 3319 3346 3302 3327 1 
22900 3540 3577 3486 3380 3381 3363 3378 2 
23000 3541 3563 3452 3341 3361 3319 3344 4 
23100 3543 3561 3463 3322 3345 3313 3337 2 
23200 3526 3553 3454 3352 3364 3326 3351 0 
23300 3543 3563 3476 3372 3373 3349 3367 0 
23400 3536 3569 3465 3352 3348 3342 3348 2 
23500 3535 3568 3475 3361 3363 3340 3361 1 
23600 3553 3553 3464 3340 3353 3326 3347 0 
23700 3540 3566 3466 3343 3346 3322 3354 0 
23800 3551 3551 3454 3327 3349 3308 3340 3 
23900 3546 3560 3473 3351 3346 3327 3350 1 
24000 3558 3558 3463 3316 3322 3309 3319 0 
24100 3555 3559 3459 3358 3371 3345 3367 0 
24200 3554 3557 3472 3344 3371 3343 3364 2 
24300 3556 3558 3468 3339 3341 3323 3343 0 
24400 3563 3551 3472 3378 3391 3363 3388 0 
24500 3557 3550 3474 3374 3382 3355 3385 0 
24600 3554 3553 3470 3355 3349 3334 3356 1 
24700 3573 3559 3471 3367 3389 3358 3384 0 
24800 3549 3541 3441 3333 3335 3301 3341 2 
24900 3567 3562 3452 3351 3366 3338 3369 5 
25000 3546 3554 3457 3338 3333 3309 3321 0 
25100 3551 3548 3453 3314 3342 3298 3335 2 
25200 3552 3561 3452 3339 3367 3320 3366 0 
25300 3551 3560 3445 3336 3357 3324 3334 0 
25400 3549 3559 3469 3311 3321 3299 3308 0 
25500 3540 3568 3456 3300 3317 3291 3300 0 
25600 3572 3563 3491 3371 3382 3354 3371 0 
25700 3562 3573 3459 3351 3365 3337 3362 1 
25800 3545 3562 3452 3303 3311 3277 3309 2 
25900 3555 3563 3466 3354 3354 3331 3355 4 
26000 3547 3562 3437 3335 3354 3308 3349 2 
26100 3558 3552 3439 3343 3345 3301 3350 0 
26200 3549 3575 3437 3328 3339 3302 3342 2 
26300 3542 3569 3464 3351 3369 3339 3358 1 
26400 3549 3579 3443 3334 3348 3317 3335 3 
26500 3532 3569 3452 3366 3357 3351 3357 0 
26600 3535 3578 3442 3285 3320 3272 3310 0 
26700 3521 3575 3418 3304 3313 3268 3319 2 
26800 3533 3573 3429 3311 3320 3291 3312 6 
26900 3537 3570 3442 3324 3358 3322 3347 2 
27000 3515 3567 3434 3296 3294 3275 3285 2 
27100 3522 3558 3441 3299 3339 3301 3325 3 
27200 3513 3545 3415 3254 3252 3238 3248 1 
27300 3524 3563 3431 3335 3345 3307 3337 2 
27400 3498 3557 3416 3285 3292 3255 3287 1 
27500 3524 3551 3433 3341 3348 3318 3351 2 
27600 3517 3552 3421 3291 3320 3277 3319 8 
27700 3540 3552 3420 3349 3354 3335 3364 4 
27800 3509 3558 3315 3316 3328 3278 3311 99 
27900 3590 3506 475 3456 3340 3320 3346 2812 
28000 3598 3504 30 3487 3358 3329 3359 3257 
28100 3600 3514 122 3504 3400 3344 3363 3291 
28200 3592 3525 2903 3548 3376 3357 3373 3250 
28300 3596 3523 3274 3551 3397 3347 3399 3279 
28400 3593 3513 3304 3526 3401 3336 3408 3267 
28500 3590 3497 3275 3549 3388 3341 3385 3243 
28600 3592 3491 3243 3538 3376 3314 3365 3219 
28700 3593 3497 3270 3523 3377 3302 3370 3240 
28800 3594 3509 3291 3536 3392 3332 3386 3247 
28900 3591 3519 3303 3537 3384 3342 3388 3262 
29000 3593 3499 3275 3531 3408 3318 3397 3267 
29100 3590 3508 3282 3525 3405 3329 3406 3248 
29200 3596 3507 3268 3521 3379 3342 3365 3233 
29300 3587 3496 3287 3542 3370 3334 3352 3263 
29400 3596 3477 3267 3534 3398 3320 3378 3228 
29500 3581 3506 3298 3547 3387 3366 3387 3244 
29600 3589 3485 3281 3535 3416 3319 3399 3253 
29700 3586 3487 3261 3525 3378 3291 3374 3233 
29800 3586 3475 3285 3534 3390 3335 3388 3265 
29900 3578 3485 3282 3540 3388 3322 3387 3266 
30000 3586 3484 3317 3533 3401 3361 3397 3297 
30100 3586 3473 3245 3525 3369 3308 3359 3243 
30200 3589 3478 3262 3513 3367 3314 3355 3253 
30300 3589 3490 3284 3521 3373 3327 3368 3236 
30400 3578 3493 3288 3539 3350 3333 3359 3226 
30500 3588 3498 3319 3523 3398 3366 3383 3297 
30600 3579 3479 3272 3520 3346 3329 3339 3229 
30700 3583 3485 3308 3545 3381 3368 3386 3260 
30800 3583 3493 3307 3536 3394 3355 3399 3277 
30900 3571 3483 3323 3530 3365 3346 3374 3262 
31000 3580 3461 3276 3537 3374 3315 3382 3257 
31100 3579 3474 3269 3527 3376 3321 3368 3272 
31200 3574 3464 3305 3535 3372 3334 3357 3289 
31300 3581 3478 3307 3527 3361 3328 3373 3273 
31400 3570 3466 3284 3533 3391 3353 3396 3272 
31500 3565 3423 3227 3521 3345 3276 3340 3229 
31600 3578 3474 3286 3526 3374 3316 3382 3254 
31700 3572 3469 3290 3522 3364 3322 3352 3271 
31800 3573 3463 3324 3528 3381 3354 3377 3294 
31900 3574 3476 3323 3522 3382 3346 3387 3278 
32000 3576 3435 3256 3500 3340 3299 3339 3268 
32100 3575 3441 3262 3510 3338 3317 3332 3242 
32200 3591 3471 3317 3543 3358 3350 3356 3284 
32300 3587 3448 3295 3529 3379 3337 3366 3288 
32400 3580 3466 3302 3541 3361 3337 3372 3269 
32500 3581 3480 3332 3545 3394 3362 3394 3314 
32600 3575 3486 3312 3534 3328 3361 3315 3262 
32700 3569 3438 3274 3514 3329 3316 3326 3245 
32800 3582 3496 3332 3547 3370 3374 3366 3295 
32900 3582 3468 3297 3525 3380 3342 3372 3277 
33000 3590 3472 3331 3544 3375 3361 3366 3303 
33100 3585 3469 3295 3529 3340 3332 3340 3249 
33200 3583 3453 3271 3525 3340 3315 3333 3224 
33300 3588 3474 3315 3547 3352 3340 3361 3296 
33400 3584 3464 3295 3518 3333 3311 3337 3261 
33500 3582 3440 3305 3524 3326 3350 3334 3255 
33600 3579 3445 3293 3525 3336 3321 3336 3257 
33700 3583 3465 3303 3538 3334 3353 3334 3275 
33800 3582 3461 3327 3520 3364 3376 3353 3289 
33900 3583 3454 3315 3545 3342 3358 3344 3267 
34000 3585 3470 3330 3533 3367 3373 3374 3312 
34100 3580 3463 3308 3514 3353 3346 3350 3283 
34200 3578 3454 3332 3534 3371 3352 3384 3305 
34300 3581 3478 3326 3525 3333 3351 3343 3297 
34400 3589 3479 3344 3529 3344 3393 3350 3297 
34500 3584 3464 3327 3543 3344 3371 3340 3297 
34600 3587 3450 3330 3542 3373 3365 3381 3321 
34700 3589 3465 3335 3537 3364 3365 3357 3304 
34800 3583 3486 3328 3528 3319 3371 3317 3289 
34900 3567 3468 3347 3535 3376 3375 3373 3313 
35000 3588 3461 3309 3522 3339 3353 3341 3273 
35100 3585 3474 3345 3549 3323 3382 3330 3280 
35200 3576 3470 3311 3528 3348 3342 3336 3290 
35300 3586 3444 3312 3540 3360 3354 3375 3292 
35400 3586 3467 3292 3544 3377 3367 3362 3283 
35500 3586 3471 3308 3539 3324 3358 3333 3287 
35600 3579 3445 3302 3534 3322 3341 3333 3265 
35700 3578 3477 3340 3535 3323 3378 3332 3268 
35800 3576 3454 3312 3539 3367 3340 3370 3287 
35900 3581 3453 3288 3522 3308 3330 3312 3280 
36000 3579 3483 3340 3524 3326 3386 3317 3305 
36100 3574 3448 3317 3531 3355 3343 3355 3291 
36200 3566 3474 3327 3523 3311 3353 3323 3256 
36300 3590 3460 3322 3531 3344 3365 3329 3304 
36400 3583 3457 3316 3531 3331 3360 3320 3293 
36500 3578 3450 3302 3549 3325 3352 3317 3275 
36600 3575 3444 3308 3544 3335 3346 3344 3269 
36700 3585 3445 3294 3526 3311 3342 3317 3264 
36800 3573 3459 3300 3525 3324 3333 3333 3266 
36900 3583 3466 3329 3538 3298 3377 3309 3276 
37000 3583 3442 3305 3529 3345 3355 3336 3282 
37100 3576 3449 3301 3523 3328 3350 3329 3281 
37200 3578 3446 3287 3515 3308 3320 3307 3244 
37300 3584 3440 3289 3530 3357 3324 3356 3291 
37400 3581 3453 3309 3528 3356 3342 3359 3318 
37500 3583 3445 3285 3531 3308 3314 3319 3254 
37600 3577 3439 3300 3536 3329 3339 3330 3285 
37700 3585 3454 3338 3533 3365 3345 3365 3288 
37800 3578 3440 3287 3530 3333 3320 3333 3277 
37900 3587 3466 3320 3539 3317 3352 3324 3292 
38000 3571 3436 3291 3526 3310 3325 3315 3268 
38100 3575 3432 3290 3537 3323 3347 3330 3283 
38200 3578 3458 3315 3538 3345 3359 3350 3288 
38300 3577 3431 3282 3543 3331 3346 3325 3290 
38400 3577 3457 3314 3522 3364 3357 3365 3296 
38500 3583 3455 3326 3543 3355 3368 3358 3310 
38600 3578 3430 3275 3527 3350 3322 3358 3260 
38700 3581 3435 3297 3538 3382 3346 3374 3324 
38800 3585 3420 3281 3518 3311 3325 3314 3251 
38900 3574 3432 3274 3527 3368 3332 3353 3278 
39000 3581 3431 3295 3545 3338 3340 3335 3301 
39100 3567 3443 3279 3513 3335 3322 3337 3290 
39200 3583 3450 3337 3549 3348 3372 3350 3335 
39300 3582 3445 3273 3540 3316 3301 3319 3273 
39400 3581 3414 3266 3523 3328 3305 3332 3254 
39500 3583 3459 3332 3538 3375 3354 3373 3337 
39600 3581 3462 3315 3547 3380 3349 3388 3328 
39700 3579 3446 3303 3539 3365 3355 3355 3302 
39800 3580 3444 3279 3523 3309 3330 3300 3256 
39900 3580 3444 3315 3535 3322 3358 3330 3279 
40000 3570 3452 3295 3539 3325 3346 3321 3278 
40100 3574 3436 3297 3525 3319 3350 3314 3285 
40200 3584 3432 3330 3542 3377 3370 3367 3314 
40300 3586 3439 3317 3542 3361 3353 3359 3295 
40400 3572 3454 3309 3524 3328 3347 3334 3283 
40500 3570 3431 3300 3532 3331 3336 3337 3299 
40600 3578 3419 3268 3531 3327 3322 3327 3265 
40700 3570 3427 3315 3529 3338 3344 3343 3301 
40800 3574 3424 3251 3530 3324 3304 3321 3265 
40900 3581 3448 3310 3550 3335 3347 3338 3295 
41000 3581 3436 3287 3532 3337 3335 3325 3274 
41100 3577 3441 3256 3528 3312 3317 3313 3240 
41200 3570 3419 3259 3535 3328 3331 3322 3248 
41300 3574 3426 3287 3550 3344 3344 3330 3299 
41400 3580 3453 3312 3551 3354 3354 3380 3288 
41500 3576 3420 3281 3531 3322 3306 3328 3277 
41600 3566 3433 3302 3513 3326 3320 3321 3245 
41700 3583 3450 3299 3530 3333 3339 3324 3285 
41800 3561 3436 3264 3530 3327 3318 3318 3273 
41900 3574 3420 3295 3552 3308 3338 3306 3264 
42000 3568 3452 3298 3539 3313 3333 3304 3289 
42100 3580 3455 3315 3540 3337 3364 3341 3276 
42200 3570 3429 3283 3531 3306 3349 3308 3232 
42300 3575 3439 3322 3522 3326 3338 3322 3290 
42400 3572 3441 3323 3538 3362 3350 3370 3297 
42500 3578 3443 3325 3525 3346 3366 3337 3301 
42600 3577 3415 3280 3531 3342 3323 3338 3252 
42700 3581 3421 3297 3525 3306 3336 3304 3263 
42800 3570 3433 3309 3524 3317 3322 3325 3265 
42900 3565 3439 3290 3528 3324 3334 3323 3259 
43000 3577 3430 3326 3544 3349 3356 3353 3303 
43100 3568 3432 3301 3523 3325 3346 3329 3279 
43200 3567 3446 3319 3527 3346 3361 3336 3271 
43300 3577 3410 3280 3523 3303 3332 3291 3240 
43400 3562 3417 3288 3540 3340 3348 3326 3263 
43500 3570 3422 3295 3533 3314 3344 3307 3258 
43600 3564 3442 3311 3532 3328 3332 3326 3272 
43700 3562 3422 3291 3538 3360 3327 3352 3297 
43800 3569 3419 3279 3528 3353 3319 3327 3282 
43900 3577 3447 3335 3530 3344 3358 3345 3288 
44000 3581 3438 3304 3535 3326 3354 3333 3260 
44100 3567 3433 3325 3531 3328 3347 3323 3255 
44200 3572 3424 3289 3537 3308 3320 3311 3253 
44300 3573 3454 3357 3545 3372 3396 3374 3305 
44400 3583 3458 3337 3551 3375 3363 3358 3308 
44500 3577 3454 3341 3550 3372 3371 3375 3313 
44600 3580 3449 3349 3527 3348 3363 3357 3293 
44700 3578 3440 3324 3542 3326 3335 3342 3275 
44800 3573 3448 3315 3530 3327 3348 3331 3270 
44900 3567 3425 3311 3527 3349 3339 3349 3290 
45000 3585 3432 3305 3549 3340 3346 3342 3279 
45100 3570 3436 3292 3533 3375 3310 3368 3307 
45200 3579 3447 3323 3526 3329 3352 3315 3283 
45300 3567 3436 3325 3536 3340 3359 3341 3284 
45400 3571 3449 3315 3539 3321 3347 3315 3245 
45500 3578 3425 3320 3536 3351 3346 3338 3290 
45600 3579 3437 3338 3557 3352 3369 3341 3300 
45700 3562 3422 3278 3524 3319 3324 3313 3266 
45800 3581 3407 3260 3521 3313 3310 3316 3229 
45900 3568 3411 3287 3537 3312 3332 3307 3241 
46000 3577 3436 3308 3540 3336 3345 3326 3274 
46100 3560 3413 3305 3542 3315 3315 3318 3235 
46200 3566 3452 3325 3540 3346 3366 3336 3295 
46300 3580 3437 3295 3531 3336 3352 3319 3255 
46400 3579 3430 3311 3536 3351 3347 3347 3268 
46500 3566 3436 3324 3530 3354 3350 3348 3272 
46600 3566 3422 3292 3535 3318 3321 3310 3243 
46700 3577 3457 3346 3533 3329 3372 3331 3275 
46800 3582 3472 3339 3546 3353 3366 3349 3291 
46900 3559 3446 3311 3517 3293 3348 3297 3248 
47000 3577 3440 3349 3539 3333 3377 3336 3288 
47100 3575 3440 3306 3540 3351 3342 3325 3267 
47200 3578 3454 3352 3534 3336 3379 3335 3288 
47300 3567 3456 3330 3533 3325 3345 3336 3261 
47400 3576 3441 3334 3540 3307 3368 3318 3250 
47500 3581 3444 3312 3545 3312 3363 3313 3290 
47600 3576 3449 3335 3540 3344 3372 3350 3297 
47700 3558 3435 3297 3543 3322 3321 3321 3271 
47800 3583 3470 3354 3554 3375 3377 3388 3300 
47900 3571 3442 3332 3522 3301 3360 3297 3252 
48000 3577 3438 3332 3540 3349 3361 3363 3257 
48100 3570 3439 3302 3524 3332 3343 3319 3238 
48200 3578 3437 3318 3529 3329 3363 3330 3270 
48300 3569 3463 3333 3525 3331 3360 3326 3300 
48400 3573 3418 3305 3516 3344 3350 3331 3275 
48500 3569 3423 3316 3508 3308 3349 3311 3253 
48600 3564 3452 3337 3536 3355 3380 3351 3292 
48700 3576 3413 3294 3538 3326 3314 3308 3232 
48800 3581 3468 3353 3539 3362 3383 3357 3285 
48900 3575 3461 3325 3543 3361 3356 3363 3288 
49000 3575 3468 3344 3538 3354 3389 3354 3297 
49100 3575 3439 3327 3531 3330 3350 3321 3266 
49200 3570 3428 3313 3523 3329 3339 3333 3272 
49300 3571 3438 3323 3529 3308 3338 3305 3245 
49400 3555 3438 3310 3524 3323 3342 3318 3258 
49500 3580 3460 3347 3530 3331 3358 3343 3289 
49600 3576 3451 3319 3529 3312 3338 3318 3253 
49700 3569 3421 3297 3519 3291 3337 3296 3230 
49800 3577 3431 3292 3520 3316 3335 3318 3252 
49900 3587 3442 3324 3539 3344 3354 3350 3287 
50000 3570 3425 3298 3531 3311 3340 3301 3257 
50100 3570 3449 3350 3533 3356 3368 3353 3309 
50200 3575 3447 3332 3531 3315 3357 3322 3288 
50300 3569 3450 3314 3526 3314 3335 3307 3245 
50400 3579 3447 3314 3549 3338 3367 3330 3271 
50500 3568 3443 3294 3537 3296 3334 3289 3247 
50600 3573 3467 3333 3539 3333 3377 3320 3275 
50700 3564 3442 3343 3530 3312 3350 3312 3259 
50800 3583 3466 3325 3524 3291 3351 3284 3265 
50900 3570 3430 3303 3523 3276 3342 3270 3223 
51000 3565 3447 3322 3525 3334 3374 3331 3271 
51100 3574 3430 3301 3540 3316 3340 3297 3233 
51200 3573 3452 3337 3535 3343 3358 3344 3280 
51300 3572 3471 3340 3533 3339 3381 3327 3280 
51400 3583 3444 3308 3523 3319 3346 3315 3281 
51500 3570 3450 3331 3538 3337 3352 3327 3272 
51600 3573 3431 3287 3515 3313 3299 3317 3249 
51700 3571 3439 3322 3511 3337 3348 3323 3264 
51800 3580 3435 3307 3534 3325 3345 3317 3262 
51900 3572 3447 3305 3527 3331 3326 3323 3241 
52000 3576 3452 3347 3520 3346 3379 3338 3282 
52100 3577 3419 3301 3528 3323 3324 3307 3266 
52200 3574 3432 3333 3533 3338 3356 3343 3289 
52300 3575 3423 3300 3523 3309 3335 3315 3247 
52400 3574 3436 3320 3546 3304 3351 3302 3249 
52500 3573 3425 3291 3527 3331 3339 3321 3233 
52600 3572 3442 3304 3536 3352 3361 3332 3272 
52700 3581 3416 3295 3536 3335 3319 3324 3251 
52800 3574 3467 3339 3538 3319 3370 3304 3260 
52900 3580 3417 3302 3531 3297 3339 3292 3226 
53000 3570 3430 3291 3530 3336 3344 3327 3243 
53100 3575 3442 3316 3521 3296 3365 3300 3230 
53200 3579 3431 3266 3539 3289 3313 3276 3235 
53300 3578 3410 3271 3519 3313 3306 3325 3250 
53400 3563 3419 3256 3521 3258 3295 3258 3210 
53500 3582 3417 3292 3524 3331 3331 3310 3264 
53600 3588 3446 3315 3544 3342 3358 3334 3256 
53700 3573 3413 3291 3541 3307 3319 3293 3231 
53800 3577 3454 3323 3532 3305 3364 3294 3238 
53900 3572 3450 3345 3537 3356 3365 3347 3275 
54000 3576 3437 3308 3544 3336 3341 3326 3249 
54100 3574 3400 3285 3525 3304 3310 3300 3234 
54200 3572 3415 3298 3522 3325 3325 3325 3260 
54300 3569 3404 3284 3513 3301 3317 3285 3212 
54400 3572 3402 3271 3513 3291 3323 3298 3217 
54500 3575 3433 3333 3539 3355 3383 3342 3308 
54600 3580 3452 3331 3538 3344 3372 3342 3281 
54700 3582 3419 3286 3529 3315 3328 3302 3246 
54800 3557 3411 3279 3536 3313 3341 3308 3265 
54900 3581 3415 3306 3532 3337 3345 3318 3264 
55000 3561 3406 3285 3520 3339 3337 3335 3270 
55100 3576 3453 3334 3515 3327 3347 3328 3249 
55200 3569 3413 3301 3523 3339 3330 3329 3270 
55300 3568 3417 3285 3533 3318 3334 3318 3229 
55400 3576 3442 3336 3539 3321 3360 3318 3246 
55500 3570 3438 3310 3525 3312 3336 3304 3244 
55600 3579 3468 3354 3539 3363 3390 3336 3307 
55700 3568 3435 3309 3529 3324 3346 3322 3229 
55800 3569 3431 3302 3534 3343 3342 3338 3265 
55900 3574 3437 3302 3538 3320 3335 3310 3228 
56000 3581 3427 3294 3531 3312 3332 3305 3251 
56100 3573 3419 3299 3533 3319 3338 3311 3260 
56200 3575 3461 3317 3551 3379 3357 3361 3294 
56300 3573 3428 3308 3531 3324 3342 3319 3277 
56400 3576 3431 3308 3540 3317 3380 3293 3255 
56500 3560 3415 3299 3523 3309 3328 3321 3250 
56600 3573 3431 3295 3529 3318 3335 3304 3252 
56700 3570 3451 3322 3547 3325 3369 3300 3248 
56800 3574 3457 3318 3527 3332 3354 3329 3272 
56900 3574 3431 3340 3529 3332 3375 3331 3286 
57000 3573 3451 3315 3541 3323 3364 3317 3244 
57100 3572 3464 3350 3543 3341 3380 3343 3285 
57200 3568 3459 3351 3529 3343 3385 3339 3268 
57300 3565 3439 3293 3522 3278 3333 3262 3213 
57400 3577 3463 3327 3527 3329 3362 3333 3252 
57500 3568 3456 3351 3540 3318 3385 3313 3272 
57600 3575 3452 3311 3531 3358 3336 3359 3268 
57700 3588 3449 3326 3546 3357 3366 3347 3309 
57800 3572 3413 3277 3532 3332 3315 3324 3260 
57900 3572 3432 3320 3518 3313 3333 3317 3258 
58000 3565 3417 3278 3511 3330 3308 3324 3257 
58100 3573 3436 3285 3519 3333 3343 3321 3262 
58200 3578 3467 3338 3558 3380 3381 3373 3322 
58300 3577 3428 3312 3544 3358 3350 3360 3272 
58400 3580 3435 3305 3526 3327 3336 3334 3263 
58500 3584 3429 3294 3535 3297 3315 3301 3253 
58600 3575 3442 3328 3533 3368 3367 3363 3304 
58700 3570 3466 3301 3518 3328 3352 3317 3236 
58800 3573 3441 3321 3520 3341 3352 3333 3286 
58900 3577 3450 3329 3550 3335 3354 3329 3289 
59000 3574 3461 3329 3527 3327 3358 3322 3270 
59100 3574 3440 3316 3530 3322 3353 3321 3258 
59200 3574 3460 3321 3530 3327 3351 3320 3261 
59300 3577 3458 3343 3545 3340 3379 3336 3286 
59400 3581 3438 3307 3538 3341 3349 3345 3266 
59500 3577 3424 3314 3540 3338 3367 3340 3283 
59600 3584 3430 3336 3541 3360 3362 3348 3280 
59700 3563 3398 3271 3517 3347 3324 3349 3286 
59800 3568 3430 3307 3512 3334 3335 3331 3257 
59900 3579 3442 3315 3530 3344 3342 3334 3265 
60000 3575 3452 3301 3515 3335 3335 3321 3285 
60100 3577 3435 3293 3524 3343 3336 3348 3262 
60200 3561 3432 3319 3527 3348 3356 3343 3282 
60300 3586 3437 3315 3534 3345 3353 3333 3262 
60400 3566 3444 3329 3543 3342 3348 3346 3275 
60500 3583 3447 3328 3540 3364 3350 3358 3299 
60600 3577 3439 3320 3536 3369 3348 3371 3286 
60700 3584 3459 3325 3543 3355 3363 3355 3270 
60800 3572 3478 3365 3540 3367 3408 3344 3304 
60900 3573 3459 3334 3541 3354 3370 3342 3286 
61000 3570 3429 3321 3538 3335 3339 3346 3262 
61100 3557 3429 3283 3507 3299 3308 3316 3239 
61200 3568 3433 3310 3534 3366 3337 3350 3278 
61300 3575 3470 3349 3552 3368 3398 3358 3288 
61400 3578 3447 3331 3534 3357 3377 3340 3300 
61500 3565 3430 3317 3533 3371 3353 3362 3294 
61600 3561 3454 3334 3536 3365 3373 3352 3264 
61700 3573 3453 3328 3548 3357 3366 3359 3293 
61800 3571 3448 3335 3528 3364 3375 3346 3286 
61900 3579 3456 3327 3551 3373 3378 3367 3317 
62000 3560 3446 3327 3517 3318 3359 3305 3244 
62100 3575 3467 3355 3550 3382 3379 3376 3296 
62200 3578 3476 3351 3540 3384 3393 3376 3302 
62300 3584 3451 3328 3543 3364 3365 3366 3306 
62400 3571 3434 3312 3532 3350 3348 3344 3289 
62500 3574 3463 3340 3533 3363 3379 3351 3289 
62600 3573 3420 3296 3529 3361 3352 3339 3285 
62700 3569 3458 3316 3528 3326 3339 3330 3261 
62800 3575 3456 3348 3543 3371 3378 3359 3300 
62900 3577 3448 3326 3557 3404 3369 3386 3313 
63000 3574 3430 3309 3521 3357 3353 3344 3289 
63100 3582 3478 3356 3545 3383 3386 3377 3312 
63200 3571 3457 3337 3532 3367 3374 3351 3297 
63300 3580 3449 3338 3541 3379 3377 3383 3308 
63400 3570 3415 3300 3535 3355 3352 3345 3282 
63500 3584 3470 3300 3543 3331 3349 3326 3268 
63600 3577 3435 3322 3530 3343 3383 3346 3290 
63700 3582 3433 3291 3527 3359 3358 3348 3277 
63800 3577 3432 3311 3513 3357 3338 3359 3281 
63900 3584 3453 3352 3524 3383 3390 3362 3320 
64000 3578 3436 3321 3531 3371 3364 3354 3290 
64100 3564 3447 3331 3528 3346 3372 3343 3285 
64200 3566 3439 3313 3536 3375 3369 3352 3287 
64300 3567 3426 3331 3522 3378 3362 3370 3297 
64400 3580 3437 3329 3541 3380 3364 3384 3315 
64500 3560 3439 3327 3531 3344 3364 3353 3282 
64600 3545 3430 3319 3503 3346 3343 3335 3279 
64700 3559 3427 3292 3532 3367 3337 3350 3271 
64800 3571 3435 3327 3528 3349 3359 3346 3279 
64900 3576 3430 3318 3529 3363 3355 3360 3290 
65000 3563 3427 3300 3527 3375 3348 3370 3291 
65100 3577 3455 3302 3539 3320 3360 3325 3256 
65200 3580 3464 3359 3537 3355 3386 3346 3280 
65300 3572 3434 3329 3519 3332 3373 3326 3263 
65400 3570 3429 3320 3536 3349 3367 3341 3271 
65500 3578 3433 3311 3533 3350 3345 3349 3303 
65600 3565 3427 3288 3518 3330 3345 3318 3276 
65700 3563 3437 3331 3537 3359 3364 3359 3319 
65800 3578 3427 3317 3525 3372 3353 3361 3287 
65900 3574 3448 3314 3522 3335 3373 3320 3261 
66000 3565 3414 3280 3510 3324 3312 3321 3233 
66100 3578 3452 3334 3532 3343 3384 3341 3267 
66200 3560 3438 3328 3534 3383 3370 3379 3307 
66300 3574 3465 3351 3545 3366 3387 3361 3296 
66400 3560 3445 3305 3525 3338 3349 3336 3276 
66500 3561 3431 3316 3535 3339 3326 3357 3278 
66600 3576 3449 3336 3539 3384 3369 3392 3310 
66700 3568 3426 3280 3531 3364 3328 3343 3287 
66800 3569 3428 3288 3515 3323 3330 3319 3236 
66900 3580 3424 3310 3526 3343 3349 3335 3263 
67000 3578 3456 3352 3528 3372 3386 3361 3304 
67100 3572 3438 3322 3519 3355 3338 3350 3262 
67200 3569 3482 3327 3533 3357 3365 3355 3265 
67300 3578 3438 3320 3525 3369 3371 3352 3272 
67400 3579 3463 3317 3539 3329 3344 3327 3261 
67500 3585 3463 3310 3533 3368 3353 3369 3311 
67600 3576 3444 3341 3536 3375 3396 3360 3287 
67700 3574 3467 3340 3527 3336 3376 3353 3269 
67800 3573 3431 3297 3529 3359 3353 3355 3277 
67900 3569 3459 3313 3513 3347 3350 3348 3285 
68000 3578 3433 3289 3530 3317 3327 3315 3243 
68100 3577 3441 3320 3532 3375 3356 3370 3290 
68200 3580 3475 3351 3533 3368 3373 3372 3292 
68300 3574 3450 3343 3548 3380 3368 3375 3313 
68400 3578 3436 3299 3509 3325 3357 3317 3276 
68500 3581 3456 3331 3546 3370 3364 3367 3297 
68600 3570 3444 3329 3533 3353 3356 3359 3279 
68700 3573 3456 3320 3531 3343 3362 3340 3274 
68800 3585 3484 3350 3543 3360 3379 3349 3298 
68900 3579 3430 3297 3520 3368 3335 3352 3265 
69000 3568 3446 3299 3534 3343 3347 3345 3284 
69100 3575 3438 3305 3524 3367 3320 3364 3276 
69200 3564 3441 3309 3521 3360 3360 3334 3271 
69300 3586 3433 3298 3541 3374 3343 3356 3283 
69400 3566 3450 3309 3543 3360 3360 3352 3288 
69500 3580 3441 3324 3551 3387 3356 3384 3340 
69600 3569 3425 3305 3543 3341 3327 3342 3246 
69700 3579 3457 3319 3534 3370 3358 3360 3289 
69800 3572 3431 3319 3530 3377 3351 3373 3315 
69900 3581 3439 3316 3537 3358 3344 3351 3287 
70000 3584 3428 3314 3535 3341 3362 3331 3293 
70100 3576 3453 3326 3543 3375 3360 3375 3309 
70200 3571 3427 3312 3541 3374 3359 3359 3293 
70300 3577 3447 3313 3532 3357 3361 3339 3281 
70400 3575 3426 3296 3521 3361 3341 3364 3285 
70500 3581 3448 3328 3534 3400 3373 3395 3319 
70600 3573 3430 3285 3536 3352 3338 3340 3294 
70700 3577 3435 3291 3527 3351 3328 3342 3272 
70800 3565 3446 3297 3536 3347 3358 3337 3286 
70900 3583 3445 3316 3539 3375 3360 3375 3290 
71000 3567 3425 3282 3526 3317 3357 3301 3247 
71100 3580 3440 3300 3529 3368 3358 3365 3298 
71200 3576 3449 3310 3534 3358 3378 3354 3292 
71300 3578 3414 3271 3504 3339 3318 3328 3261 
71400 3582 3445 3320 3527 3362 3361 3347 3303 
71500 3577 3459 3360 3537 3406 3399 3389 3341 
71600 3576 3436 3312 3517 3356 3339 3350 3292 
71700 3571 3430 3309 3530 3371 3348 3369 3297 
71800 3568 3415 3290 3524 3354 3348 3339 3280 
71900 3571 3408 3279 3513 3352 3345 3347 3297 
72000 3569 3447 3322 3520 3349 3359 3334 3304 
72100 3569 3410 3280 3500 3336 3308 3339 3259 
72200 3577 3432 3285 3523 3327 3315 3329 3278 
72300 3575 3443 3318 3526 3365 3363 3365 3316 
72400 3566 3433 3292 3524 3339 3346 3330 3281 
72500 3578 3447 3322 3541 3390 3368 3382 3350 
72600 3569 3423 3303 3528 3356 3343 3351 3314 
72700 3558 3409 3277 3515 3335 3311 3337 3278 
72800 3579 3440 3301 3535 3377 3342 3369 3317 
72900 3572 3443 3307 3539 3375 3359 3361 3314 
73000 3573 3410 3298 3541 3353 3338 3363 3296 
73100 3577 3440 3327 3541 3399 3363 3394 3342 
73200 3574 3436 3300 3515 3370 3342 3356 3291 
73300 3579 3445 3325 3529 3336 3354 3354 3307 
73400 3570 3424 3296 3523 3358 3344 3340 3290 
73500 3577 3463 3347 3528 3377 3370 3379 3325 
73600 3572 3441 3311 3528 3376 3342 3368 3315 
73700 3580 3432 3313 3534 3382 3359 3377 3318 
73800 3578 3408 3294 3523 3331 3340 3331 3278 
73900 3566 3433 3294 3524 3343 3333 3350 3286 
74000 3564 3404 3307 3500 3347 3324 3350 3284 
74100 3573 3423 3316 3533 3383 3342 3385 3310 
74200 3566 3428 3294 3527 3349 3338 3356 3297 
74300 3571 3403 3273 3535 3361 3324 3346 3284 
74400 3569 3415 3275 3519 3334 3326 3322 3266 
74500 3575 3435 3311 3539 3375 3352 3385 3323 
74600 3568 3427 3287 3537 3373 3345 3367 3304 
74700 3565 3394 3247 3513 3342 3291 3334 3272 
74800 3574 3452 3324 3527 3376 3353 3377 3319 
74900 3582 3434 3288 3512 3344 3320 3351 3298 
75000 3575 3472 3341 3544 3382 3380 3387 3316 
75100 3579 3422 3311 3535 3371 3349 3368 3328 
75200 3569 3443 3337 3512 3362 3363 3353 3313 
75300 3578 3452 3348 3528 3365 3383 3353 3327 
75400 3580 3437 3314 3546 3379 3353 3366 3313 
75500 3580 3441 3298 3527 3353 3351 3333 3280 
75600 3577 3427 3273 3523 3351 3330 3334 3291 
75700 3566 3424 3312 3520 3370 3336 3365 3317 
75800 3576 3426 3308 3524 3378 3341 3365 3307 
75900 3577 3427 3301 3527 3379 3334 3379 3316 
76000 3574 3438 3310 3519 3357 3359 3336 3284 
76100 3579 3435 3282 3531 3354 3314 3346 3290 
76200 3574 3447 3355 3534 3374 3373 3379 3323 
76300 3578 3458 3322 3526 3363 3362 3368 3292 
76400 3586 3433 3273 3530 3333 3323 3333 3265 
76500 3577 3420 3310 3522 3378 3351 3364 3278 
76600 3581 3439 3311 3507 3360 3352 3349 3282 
76700 3571 3446 3321 3531 3374 3360 3373 3309 
76800 3581 3448 3302 3529 3360 3343 3356 3278 
76900 3567 3447 3329 3529 3380 3373 3362 3299 
77000 3573 3417 3289 3510 3332 3331 3329 3250 
77100 3571 3445 3321 3537 3384 3356 3361 3296 
77200 3565 3452 3330 3519 3361 3364 3354 3293 
77300 3564 3438 3301 3542 3365 3355 3361 3291 
77400 3569 3430 3299 3522 3363 3336 3345 3272 
77500 3567 3432 3319 3532 3362 3351 3365 3288 
77600 3576 3424 3286 3519 3364 3320 3359 3282 
77700 3582 3464 3339 3539 3375 3378 3369 3298 
77800 3560 3431 3311 3517 3362 3348 3356 3305 
77900 3575 3457 3319 3538 3373 3364 3359 3309 
78000 3577 3434 3301 3520 3355 3343 3344 3279 
78100 3578 3437 3296 3518 3343 3336 3333 3264 
78200 3568 3426 3297 3522 3374 3342 3370 3268 
78300 3580 3427 3307 3527 3351 3366 3346 3283 
78400 3582 3435 3311 3541 3334 3352 3334 3274 
78500 3575 3452 3318 3530 3371 3367 3370 3296 
78600 3572 3454 3320 3521 3348 3358 3344 3263 
78700 3573 3425 3298 3517 3342 3329 3346 3247 
78800 3572 3436 3288 3520 3326 3341 3321 3246 
78900 3571 3443 3298 3523 3343 3330 3339 3273 
79000 3571 3430 3306 3532 3374 3319 3362 3284 
79100 3572 3428 3283 3523 3328 3333 3327 3256 
79200 3578 3427 3298 3529 3367 3324 3363 3269 
79300 3575 3457 3306 3521 3364 3338 3357 3276 
79400 3569 3440 3326 3528 3349 3364 3350 3285 
79500 3576 3434 3303 3521 3359 3341 3355 3261 
79600 3580 3421 3273 3522 3335 3325 3322 3252 
79700 3577 3435 3306 3516 3346 3343 3343 3260 
79800 3573 3451 3325 3528 3363 3356 3342 3284 
79900 3563 3453 3308 3535 3369 3352 3366 3275 
80000 3575 3452 3328 3523 3372 3362 3367 3282 
80100 3582 3404 3265 3530 3356 3315 3346 3254 
80200 3567 3420 3277 3506 3314 3339 3296 3221 
80300 3567 3452 3322 3503 3330 3341 3338 3265 
80400 3566 3441 3305 3530 3375 3358 3350 3278 
80500 3560 3427 3272 3518 3346 3328 3336 3268 
80600 3566 3400 3255 3509 3335 3312 3331 3238 
80700 3560 3418 3290 3517 3359 3337 3362 3290 
80800 3572 3423 3280 3514 3332 3312 3331 3250 
80900 3576 3450 3326 3540 3384 3346 3375 3294 
81000 3570 3419 3305 3524 3361 3352 3347 3253 
81100 3570 3424 3289 3529 3354 3329 3355 3261 
81200 3556 3420 3282 3508 3339 3333 3330 3268 
81300 3574 3441 3312 3524 3366 3346 3374 3284 
81400 3579 3425 3297 3526 3354 3324 3355 3269 
81500 3572 3419 3277 3524 3348 3310 3338 3243 
81600 3572 3444 3325 3521 3352 3346 3348 3260 
81700 3552 3433 3307 3516 3349 3332 3335 3262 
81800 3567 3444 3284 3518 3353 3320 3341 3239 
81900 3572 3457 3314 3538 3364 3367 3351 3296 
82000 3570 3470 3361 3534 3349 3397 3352 3282 
82100 3575 3437 3303 3527 3357 3343 3355 3261 
82200 3581 3440 3314 3533 3350 3363 3348 3267 
82300 3559 3419 3287 3502 3333 3329 3324 3252 
82400 3570 3433 3294 3519 3354 3325 3346 3246 
82500 3580 3460 3333 3548 3372 3358 3374 3277 
82600 3572 3462 3327 3530 3347 3359 3342 3272 
82700 3565 3460 3319 3528 3334 3360 3332 3247 
82800 3566 3429 3309 3512 3335 3339 3328 3258 
82900 3566 3434 3290 3532 3334 3328 3319 3242 
83000 3583 3424 3301 3536 3365 3334 3356 3292 
83100 3572 3429 3294 3536 3363 3348 3348 3271 
83200 3569 3417 3276 3524 3353 3308 3353 3256 
83300 3581 3426 3285 3533 3359 3345 3340 3261 
83400 3576 3430 3299 3517 3330 3352 3312 3243 
83500 3564 3401 3275 3514 3326 3326 3313 3225 
83600 3581 3440 3324 3525 3358 3349 3354 3274 
83700 3579 3447 3324 3552 3371 3376 3360 3296 
83800 3572 3430 3309 3534 3360 3357 3355 3266 
83900 3574 3454 3301 3530 3363 3343 3359 3282 
84000 3570 3453 3329 3526 3356 3364 3356 3271 
84100 3577 3426 3287 3514 3361 3319 3348 3268 
84200 3576 3445 3309 3533 3347 3371 3319 3279 
84300 3578 3438 3322 3533 3357 3361 3355 3287 
84400 3573 3431 3324 3525 3389 3346 3384 3330 
84500 3577 3410 3274 3516 3360 3311 3375 3269 
84600 3565 3406 3314 3537 3375 3343 3374 3306 
84700 3581 3462 3330 3519 3394 3370 3380 3311 
84800 3568 3443 3335 3538 3368 3384 3371 3317 
84900 3571 3440 3339 3537 3393 3372 3376 3311 
85000 3576 3462 3331 3548 3377 3373 3370 3304 
85100 3565 3457 3346 3530 3374 3377 3371 3295 
85200 3575 3444 3320 3542 3385 3371 3384 3324 
85300 3571 3467 3338 3545 3374 3385 3358 3311 
85400 3569 3438 3301 3534 3377 3354 3352 3297 
85500 3577 3454 3342 3535 3368 3384 3364 3321 
85600 3580 3436 3321 3540 3388 3360 3396 3324 
85700 3575 3463 3355 3540 3389 3382 3393 3323 
85800 3572 3442 3316 3520 3365 3363 3343 3285 
85900 3576 3460 3334 3550 3392 3380 3390 3339 
86000 3563 3431 3322 3532 3379 3351 3369 3313 
86100 3565 3461 3351 3527 3384 3386 3370 3333 
86200 3585 3453 3336 3543 3365 3366 3362 3311 
86300 3581 3447 3322 3535 3370 3339 3366 3321 
86400 3577 3443 3342 3539 3378 3369 3371 3319 
86500 3573 3454 3344 3542 3394 3384 3391 3331 
86600 3558 3445 3298 3525 3358 3348 3351 3272 
86700 3575 3431 3303 3529 3363 3342 3359 3296 
86800 3569 3454 3346 3540 3365 3386 3354 3307 
86900 3579 3455 3348 3547 3407 3392 3390 3339 
87000 3570 3430 3305 3548 3398 3348 3386 3304 
87100 3579 3446 3323 3529 3345 3367 3348 3283 
87200 3581 3466 3353 3548 3392 3384 3393 3328 
87300 3562 3425 3320 3541 3359 3356 3370 3298 
87400 3557 3444 3331 3536 3378 3379 3360 3320 
87500 3584 3453 3366 3550 3409 3390 3396 3330 
87600 3582 3425 3311 3544 3362 3343 3353 3289 
87700 3573 3416 3283 3516 3356 3322 3342 3301 
87800 3571 3464 3351 3537 3372 3388 3371 3326 
87900 3569 3427 3317 3540 3362 3360 3356 3300 
88000 3574 3450 3334 3556 3382 3377 3373 3300 
88100 3578 3447 3331 3555 3387 3385 3378 3307 
88200 3569 3451 3348 3547 3405 3383 3408 3344 
88300 3577 3442 3324 3531 3390 3344 3392 3327 
88400 3577 3431 3312 3531 3380 3368 3379 3316 
88500 3574 3416 3294 3530 3341 3363 3334 3260 
88600 3571 3442 3316 3531 3399 3380 3374 3300 
88700 3566 3453 3330 3530 3368 3365 3359 3287 
88800 3572 3443 3341 3540 3393 3380 3398 3332 
88900 3572 3438 3330 3531 3362 3388 3358 3317 
89000 3576 3458 3326 3530 3400 3357 3395 3328 
89100 3578 3464 3354 3544 3401 3397 3383 3331 
89200 3568 3422 3306 3539 3398 3361 3386 3321 
89300 3568 3427 3335 3542 3375 3378 3359 3298 
89400 3564 3466 3360 3542 3389 3397 3378 3329 
89500 3575 3460 3322 3538 3341 3366 3331 3282 
89600 3559 3437 3334 3533 3364 3381 3349 3282 
89700 3569 3429 3314 3541 3360 3371 3338 3305 
89800 3577 3456 3335 3553 3400 3374 3390 3326 
89900 3569 3459 3364 3535 3375 3393 3377 3320 
90000 3565 3423 3318 3539 3396 3361 3379 3315 
90100 3572 3465 3371 3550 3408 3404 3405 3355 
90200 3568 3428 3309 3537 3368 3352 3355 3304 
90300 3585 3429 3312 3544 3392 3339 3385 3327 
90400 3571 3414 3299 3530 3381 3357 3373 3291 
90500 3579 3442 3299 3544 3356 3348 3339 3287 
90600 3557 3417 3319 3524 3381 3338 3385 3296 
90700 3575 3426 3313 3545 3379 3336 3368 3312 
90800 3564 3432 3311 3520 3391 3351 3371 3290 
90900 3564 3401 3289 3516 3345 3328 3339 3254 
91000 3574 3413 3312 3528 3384 3345 3380 3302 
91100 3570 3436 3326 3523 3361 3365 3354 3287 
91200 3575 3417 3307 3519 3350 3342 3335 3275 
91300 3577 3415 3304 3533 3366 3353 3365 3306 
91400 3569 3442 3322 3520 3406 3354 3393 3308 
91500 3555 3407 3270 3509 3363 3312 3361 3288 
91600 3566 3428 3306 3535 3368 3348 3359 3287 
91700 3580 3425 3296 3538 3381 3356 3369 3309 
91800 3560 3445 3313 3532 3354 3362 3362 3278 
91900 3575 3399 3266 3534 3349 3310 3350 3277 
92000 3572 3400 3294 3517 3355 3325 3353 3284 
92100 3581 3429 3319 3549 3408 3353 3400 3328 
92200 3570 3431 3336 3524 3380 3355 3379 3310 
92300 3561 3447 3319 3527 3369 3350 3358 3307 
92400 3580 3404 3288 3535 3387 3327 3383 3309 
92500 3576 3412 3292 3527 3372 3340 3366 3269 
92600 3570 3415 3307 3526 3404 3346 3398 3309 
92700 3568 3424 3305 3534 3366 3357 3367 3286 
92800 3576 3406 3295 3528 3395 3343 3391 3298 
92900 3573 3409 3299 3534 3379 3345 3366 3304 
93000 3573 3398 3312 3526 3379 3350 3379 3311 
93100 3566 3395 3276 3520 3355 3323 3340 3268 
93200 3567 3382 3294 3525 3379 3320 3372 3288 
93300 3570 3418 3296 3524 3372 3331 3373 3292 
93400 3567 3402 3274 3523 3367 3324 3349 3279 
93500 3563 3382 3266 3527 3357 3314 3340 3255 
93600 3578 3420 3305 3526 3380 3348 3373 3286 
93700 3572 3433 3324 3530 3416 3354 3409 3320 
93800 3570 3415 3290 3532 3398 3323 3378 3294 
93900 3577 3437 3312 3540 3376 3354 3366 3288 
94000 3568 3415 3286 3536 3381 3339 3367 3283 
94100 3580 3402 3302 3532 3376 3332 3367 3304 
94200 3568 3392 3287 3534 3364 3319 3370 3272 
94300 3573 3404 3287 3524 3388 3333 3384 3288 
94400 3574 3407 3273 3530 3377 3340 3373 3293 
94500 3554 3391 3243 3529 3333 3302 3328 3245 
94600 3581 3391 3237 3524 3355 3278 3341 3244 
94700 3567 3352 3230 3499 3363 3288 3351 3242 
94800 3562 3393 3272 3531 3343 3309 3348 3255 
94900 3563 3422 3300 3529 3368 3322 3374 3292 
95000 3564 3421 3286 3523 3366 3309 3366 3279 
95100 3573 3431 3318 3543 3403 3347 3395 3305 
95200 3564 3403 3285 3520 3397 3307 3390 3304 
95300 3580 3414 3315 3545 3399 3357 3405 3312 
95400 3568 3422 3312 3527 3382 3351 3370 3288 
95500 3580 3414 3272 3523 3342 3311 3350 3256 
95600 3576 3419 3326 3547 3378 3348 3375 3291 
95700 3570 3410 3295 3537 3392 3325 3391 3296 
95800 3565 3407 3262 3522 3339 3306 3335 3261 
95900 3560 3415 3270 3522 3371 3331 3358 3286 
96000 3578 3387 3251 3528 3365 3305 3357 3258 
96100 3569 3427 3285 3535 3374 3340 3363 3263 
96200 3572 3407 3285 3545 3372 3315 3366 3276 
96300 3574 3382 3248 3531 3346 3293 3332 3252 
96400 3575 3408 3262 3519 3353 3308 3354 3266 
96500 3570 3383 3250 3538 3347 3309 3336 3235 
96600 3565 3355 3240 3523 3364 3274 3363 3265 
96700 3574 3379 3233 3533 3350 3284 3349 3257 
96800 3567 3387 3277 3531 3375 3326 3364 3271 
96900 3546 3387 3282 3511 3356 3316 3358 3258 
97000 3559 3384 3277 3534 3357 3312 3350 3259 
97100 3573 3380 3277 3524 3349 3318 3342 3273 
97200 3578 3386 3262 3525 3368 3285 3365 3271 
97300 3569 3382 3270 3529 3380 3314 3373 3280 
97400 3574 3393 3266 3519 3348 3311 3331 3245 
97500 3571 3376 3262 3529 3350 3294 3356 3269 
97600 3575 3384 3276 3532 3374 3310 3381 3286 
97700 3570 3383 3249 3519 3364 3272 3374 3263 
97800 3571 3372 3265 3540 3348 3311 3345 3258 
97900 3562 3370 3260 3511 3360 3295 3346 3257 
98000 3560 3347 3210 3518 3327 3270 3320 3227 
98100 3568 3363 3253 3525 3353 3291 3345 3259 
98200 3550 3362 3231 3512 3339 3290 3324 3244 
98300 3560 3345 3226 3509 3339 3272 3332 3249 
98400 3563 3367 3260 3533 3379 3302 3374 3277 
98500 3568 3357 3240 3530 3340 3266 3339 3250 
98600 3569 3372 3244 3525 3339 3316 3334 3273 
98700 3566 3370 3227 3514 3337 3290 3322 3248 
98800 3557 3373 3237 3515 3363 3291 3339 3248 
98900 3571 3355 3254 3518 3361 3304 3348 3290 
99000 3562 3376 3234 3523 3364 3279 3351 3271 
99100 3577 3380 3266 3532 3401 3303 3388 3335 
99200 3563 3335 3219 3520 3351 3269 3346 3244 
99300 3565 3381 3244 3533 3358 3285 3375 3260 
99400 3567 3377 3283 3539 3386 3323 3383 3306 
99500 3578 3390 3256 3533 3377 3291 3375 3284 
99600 3575 3368 3203 3537 3355 3255 3348 3226 
99700 3551 3359 3246 3510 3316 3286 3308 3242 
99800 3569 3360 3228 3511 3363 3273 3338 3228 
99900 3568 3377 3255 3534 3370 3290 3368 3297 
100000 3578 3364 3222 3531 3353 3253 3352 3255 
