# Avida time data
# Mon Jun 18 15:06:45 2018
#  1: update
#  2: avida time
#  3: average generation
#  4: num_executed?

0 0 0 30 
100 1.03178 6.95536 3360 
200 2.06905 14.9019 108000 
300 3.10346 22.6642 108000 
400 4.13597 30.2956 108000 
500 5.1659 38.0178 108000 
600 6.19179 45.7447 108000 
700 7.21462 53.5139 108000 
800 8.23695 61.3428 108000 
900 9.25947 69.7411 108000 
1000 10.2839 79.7481 108000 
1100 11.3114 92.8028 108000 
1200 12.3466 106.019 108000 
1300 13.3876 118.548 108000 
1400 14.4284 129.592 108000 
1500 15.4708 140.496 108000 
1600 16.516 151.087 108000 
1700 17.5612 161.954 108000 
1800 18.6053 172.563 108000 
1900 19.6445 183.31 108000 
2000 20.6822 194.084 108000 
2100 21.7163 204.761 108000 
2200 22.7465 215.323 108000 
2300 23.7753 226.031 108000 
2400 24.8069 236.65 108000 
2500 25.8356 247.33 108000 
2600 26.8728 258.187 108000 
2700 27.9176 268.976 108000 
2800 28.9613 279.869 108000 
2900 30.0043 290.772 108000 
3000 31.047 301.853 108000 
3100 32.0863 312.864 108000 
3200 33.1199 323.963 108000 
3300 34.1503 335.029 108000 
3400 35.1848 345.99 108000 
3500 36.2204 357.418 108000 
3600 37.2581 369.074 108000 
3700 38.1604 393.329 108000 
3800 38.74 414.552 108000 
3900 39.1789 436.651 108000 
4000 39.4507 454.143 108000 
4100 39.6186 471.372 108000 
4200 39.6757 496.163 108000 
4300 39.7006 519.877 108000 
4400 39.7189 534.172 108000 
4500 39.7368 546.356 108000 
4600 39.7546 558.518 108000 
4700 39.7722 570.45 108000 
4800 39.79 582.482 108000 
4900 39.8074 594.339 108000 
5000 39.8248 606.084 108000 
5100 39.8404 622.134 108000 
5200 39.8465 654.227 108000 
5300 39.8483 671.891 108000 
5400 39.8495 689.041 108000 
5500 39.8505 700.481 108000 
5600 39.8515 711.318 108000 
5700 39.8525 722.196 108000 
5800 39.8536 732.977 108000 
5900 39.8546 743.975 108000 
6000 39.8556 754.881 108000 
6100 39.8566 765.701 108000 
6200 39.8576 776.558 108000 
6300 39.8586 789.417 108000 
6400 39.8593 814.891 108000 
6500 39.8598 828.408 108000 
6600 39.8603 839.542 108000 
6700 39.8608 850.79 108000 
6800 39.8614 862.434 108000 
6900 39.8619 875.219 108000 
7000 39.8624 889.162 108000 
7100 39.8629 903.429 108000 
7200 39.8634 917.446 108000 
7300 39.8639 930.289 108000 
7400 39.8644 943.221 108000 
7500 39.8649 955.421 108000 
7600 39.8653 967.802 108000 
7700 39.8658 980.007 108000 
7800 39.8663 992.292 108000 
7900 39.8668 1004.64 108000 
8000 39.8673 1017.07 108000 
8100 39.8678 1029.37 108000 
8200 39.8683 1041.59 108000 
8300 39.8688 1054.14 108000 
8400 39.8693 1066.3 108000 
8500 39.8698 1078.35 108000 
8600 39.8703 1090.77 108000 
8700 39.8708 1103.14 108000 
8800 39.8713 1115.51 108000 
8900 39.8718 1128.1 108000 
9000 39.8722 1140.54 108000 
9100 39.8727 1152.91 108000 
9200 39.8732 1165.21 108000 
9300 39.8737 1177.22 108000 
9400 39.8742 1189.55 108000 
9500 39.8747 1201.5 108000 
9600 39.8752 1213.88 108000 
9700 39.8757 1226.22 108000 
9800 39.8761 1238.52 108000 
9900 39.8766 1250.81 108000 
10000 39.8771 1263.08 108000 
10100 39.8776 1275.34 108000 
10200 39.8781 1287.81 108000 
10300 39.8786 1299.88 108000 
10400 39.8791 1312.07 108000 
10500 39.8796 1324.29 108000 
10600 39.88 1336.47 108000 
10700 39.8805 1347.75 108000 
10800 39.8806 1355.29 108000 
10900 39.8807 1362.58 108000 
11000 39.8808 1367.1 108000 
11100 39.8809 1371.24 108000 
11200 39.8809 1374.88 108000 
11300 39.881 1377.69 108000 
11400 39.8811 1380.73 108000 
11500 39.8811 1383.62 108000 
11600 39.8812 1386.33 108000 
11700 39.8813 1389.27 108000 
11800 39.8813 1392.2 108000 
11900 39.8814 1395.24 108000 
12000 39.8814 1398.4 108000 
12100 39.8815 1401.63 108000 
12200 39.8815 1405.27 108000 
12300 39.8816 1408.51 108000 
12400 39.8817 1411.92 108000 
12500 39.8817 1415.29 108000 
12600 39.8818 1419.04 108000 
12700 39.8818 1422.66 108000 
12800 39.8819 1426.07 108000 
12900 39.882 1429.65 108000 
13000 39.882 1433.02 108000 
13100 39.8821 1436.29 108000 
13200 39.8821 1439.61 107970 
13300 39.8822 1442.71 107970 
13400 39.8823 1445.95 108000 
13500 39.8823 1449.23 108000 
13600 39.8824 1452.36 108000 
13700 39.8824 1455.79 108000 
13800 39.8825 1458.86 108000 
13900 39.8826 1462.31 108000 
14000 39.8826 1465.49 108000 
14100 39.8827 1468.96 108000 
14200 39.8827 1472.51 108000 
14300 39.8828 1475.89 108000 
14400 39.8829 1479.72 108000 
14500 39.8829 1483.47 107970 
14600 39.883 1487.81 108000 
14700 39.883 1491.6 108000 
14800 39.8831 1496.12 108000 
14900 39.8832 1500.6 107970 
15000 39.8832 1505.28 108000 
15100 39.8833 1509.57 108000 
15200 39.8833 1513.87 108000 
15300 39.8834 1518.17 108000 
15400 39.8835 1522.4 108000 
15500 39.8835 1526.52 108000 
15600 39.8836 1530.81 108000 
15700 39.8836 1535.17 107970 
15800 39.8837 1539.26 108000 
15900 39.8838 1543.43 108000 
16000 39.8838 1547.5 108000 
16100 39.8839 1551.56 108000 
16200 39.8839 1555.71 108000 
16300 39.884 1559.74 108000 
16400 39.8841 1563.78 108000 
16500 39.8841 1567.86 108000 
16600 39.8842 1572.02 108000 
16700 39.8842 1576.15 108000 
16800 39.8843 1580.24 108000 
16900 39.8844 1584.47 108000 
17000 39.8844 1590.61 108000 
17100 39.8845 1602.68 108000 
17200 39.8845 1614.06 108000 
17300 39.8845 1621.84 108000 
17400 39.8845 1626.35 108000 
17500 39.8845 1630.77 108000 
17600 39.8845 1635.22 108000 
17700 39.8846 1639.46 108000 
17800 39.8846 1643.54 108000 
17900 39.8846 1647.62 108000 
18000 39.8846 1651.84 108000 
18100 39.8846 1656.24 108000 
18200 39.8846 1660.46 108000 
18300 39.8846 1664.68 108000 
18400 39.8847 1669.01 108000 
18500 39.8847 1673.71 108000 
18600 39.8847 1678.73 108000 
18700 39.8847 1684.07 108000 
18800 39.8847 1689.63 108000 
18900 39.8847 1695.51 108000 
19000 39.8848 1702.01 108000 
19100 39.8848 1708.7 108000 
19200 39.8848 1714.86 107970 
19300 39.8848 1720.89 108000 
19400 39.8848 1726.52 108000 
19500 39.8848 1731.88 108000 
19600 39.8848 1737.28 108000 
19700 39.8849 1742.76 108000 
19800 39.8849 1748.06 108000 
19900 39.8849 1753.3 108000 
20000 39.8849 1758.51 108000 
20100 39.8849 1763.69 108000 
20200 39.8849 1768.82 108000 
20300 39.8849 1773.95 108000 
20400 39.885 1779.13 108000 
20500 39.885 1784.25 108000 
20600 39.885 1789.49 108000 
20700 39.885 1794.69 108000 
20800 39.885 1799.89 108000 
20900 39.885 1805.03 108000 
21000 39.8851 1810.26 108000 
21100 39.8851 1815.52 108000 
21200 39.8851 1820.7 107970 
21300 39.8851 1825.89 108000 
21400 39.8851 1831.09 108000 
21500 39.8851 1836.23 108000 
21600 39.8851 1841.49 108000 
21700 39.8852 1846.66 108000 
21800 39.8852 1851.8 108000 
21900 39.8852 1857 108000 
22000 39.8852 1862.23 108000 
22100 39.8852 1867.31 108000 
22200 39.8852 1872.51 108000 
22300 39.8853 1877.66 108000 
22400 39.8853 1882.75 108000 
22500 39.8853 1887.84 108000 
22600 39.8853 1892.98 108000 
22700 39.8853 1898.17 108000 
22800 39.8853 1903.33 108000 
22900 39.8853 1908.47 108000 
23000 39.8854 1913.67 108000 
23100 39.8854 1918.82 108000 
23200 39.8854 1924.07 108000 
23300 39.8854 1929.28 108000 
23400 39.8854 1934.39 108000 
23500 39.8854 1939.59 108000 
23600 39.8855 1944.91 108000 
23700 39.8855 1950.39 108000 
23800 39.8855 1956.03 108000 
23900 39.8855 1961.78 108000 
24000 39.8855 1967.98 108000 
24100 39.8855 1974.64 108000 
24200 39.8855 1981.32 108000 
24300 39.8856 1988.29 108000 
24400 39.8856 1994.86 108000 
24500 39.8856 2001.56 108000 
24600 39.8856 2008.23 107970 
24700 39.8856 2014.55 108000 
24800 39.8856 2020.79 108000 
24900 39.8857 2026.81 108000 
25000 39.8857 2032.9 108000 
25100 39.8857 2039.07 108000 
25200 39.8857 2045.15 108000 
25300 39.8857 2051.17 108000 
25400 39.8857 2057.32 108000 
25500 39.8857 2063.3 108000 
25600 39.8858 2069.62 108000 
25700 39.8858 2075.78 108000 
25800 39.8858 2082.02 108000 
25900 39.8858 2088.58 108000 
26000 39.8858 2095.43 108000 
26100 39.8858 2103 108000 
26200 39.8859 2110.93 108000 
26300 39.8859 2119.35 108000 
26400 39.8859 2127.73 108000 
26500 39.8859 2135.7 108000 
26600 39.8859 2143.59 108000 
26700 39.8859 2151.21 108000 
26800 39.886 2158.83 108000 
26900 39.886 2166.64 108000 
27000 39.886 2174.22 108000 
27100 39.886 2181.79 108000 
27200 39.886 2189.4 108000 
27300 39.886 2197.2 108000 
27400 39.886 2204.77 108000 
27500 39.8861 2212.32 108000 
27600 39.8861 2220.02 108000 
27700 39.8861 2227.71 108000 
27800 39.8861 2235.27 108000 
27900 39.8861 2247.57 108000 
28000 39.8861 2255.98 108000 
28100 39.8861 2263.22 108000 
28200 39.8861 2284.6 108000 
28300 39.8861 2294.15 108000 
28400 39.8861 2301.16 108000 
28500 39.8861 2308.01 108000 
28600 39.8861 2314.82 108000 
28700 39.8861 2321.74 108000 
28800 39.8861 2328.71 108000 
28900 39.8861 2335.59 108000 
29000 39.8861 2342.52 108000 
29100 39.8861 2349.45 108000 
29200 39.8861 2356.35 108000 
29300 39.8861 2363.29 108000 
29400 39.8861 2370.2 108000 
29500 39.8861 2377.17 108000 
29600 39.8861 2384.14 108000 
29700 39.8861 2391.09 108000 
29800 39.8861 2398.11 108000 
29900 39.8861 2405.21 108000 
30000 39.8861 2412.14 108000 
30100 39.8862 2419.03 108000 
30200 39.8862 2426 108000 
30300 39.8862 2433.08 108000 
30400 39.8862 2440.14 108000 
30500 39.8862 2447.24 108000 
30600 39.8862 2454.24 108000 
30700 39.8862 2461.49 108000 
30800 39.8862 2468.68 108000 
30900 39.8862 2475.74 108000 
31000 39.8862 2482.84 108000 
31100 39.8862 2490.01 108000 
31200 39.8862 2497.3 108000 
31300 39.8862 2504.6 108000 
31400 39.8862 2511.76 108000 
31500 39.8862 2518.96 108000 
31600 39.8862 2526.29 108000 
31700 39.8862 2533.68 108000 
31800 39.8862 2541.26 108000 
31900 39.8862 2548.51 108000 
32000 39.8862 2555.78 108000 
32100 39.8862 2563.07 108000 
32200 39.8862 2570.38 108000 
32300 39.8862 2577.78 108000 
32400 39.8862 2585.29 108000 
32500 39.8862 2592.42 108000 
32600 39.8862 2599.48 108000 
32700 39.8862 2606.88 108000 
32800 39.8862 2614.05 108000 
32900 39.8862 2621.35 108000 
33000 39.8862 2628.78 108000 
33100 39.8862 2635.98 108000 
33200 39.8862 2643.17 108000 
33300 39.8862 2650.26 108000 
33400 39.8862 2657.61 108000 
33500 39.8862 2665.21 108000 
33600 39.8862 2672.72 108000 
33700 39.8862 2680.08 108000 
33800 39.8862 2687.57 108000 
33900 39.8862 2694.79 108000 
34000 39.8862 2702.25 108000 
34100 39.8862 2709.42 108000 
34200 39.8862 2716.7 108000 
34300 39.8862 2723.75 108000 
34400 39.8862 2730.96 108000 
34500 39.8862 2738.4 108000 
34600 39.8862 2745.66 108000 
34700 39.8862 2752.87 108000 
34800 39.8862 2760.29 108000 
34900 39.8862 2767.32 108000 
35000 39.8862 2774.54 108000 
35100 39.8862 2782.01 108000 
35200 39.8862 2789.02 108000 
35300 39.8862 2796.21 108000 
35400 39.8862 2803.69 108000 
35500 39.8862 2811.15 108000 
35600 39.8862 2818.41 108000 
35700 39.8862 2825.7 108000 
35800 39.8862 2832.73 108000 
35900 39.8862 2840.24 108000 
36000 39.8862 2847.65 108000 
36100 39.8862 2855 108000 
36200 39.8862 2862.47 108000 
36300 39.8862 2869.8 108000 
36400 39.8862 2877.16 108000 
36500 39.8862 2884.37 108000 
36600 39.8862 2891.6 108000 
36700 39.8862 2898.84 108000 
36800 39.8862 2906.2 108000 
36900 39.8862 2913.57 108000 
37000 39.8862 2920.87 108000 
37100 39.8862 2928.25 108000 
37200 39.8862 2935.48 108000 
37300 39.8862 2942.81 108000 
37400 39.8862 2950.31 108000 
37500 39.8862 2957.71 108000 
37600 39.8862 2964.88 108000 
37700 39.8862 2972.29 108000 
37800 39.8862 2979.7 108000 
37900 39.8862 2986.99 108000 
38000 39.8862 2994.32 108000 
38100 39.8862 3001.58 108000 
38200 39.8862 3008.83 108000 
38300 39.8862 3016.23 108000 
38400 39.8862 3023.53 108000 
38500 39.8862 3030.88 108000 
38600 39.8862 3038.02 108000 
38700 39.8862 3045.36 108000 
38800 39.8862 3052.67 108000 
38900 39.8862 3059.91 108000 
39000 39.8862 3067.29 108000 
39100 39.8862 3074.51 108000 
39200 39.8862 3081.71 108000 
39300 39.8862 3089.13 108000 
39400 39.8862 3096.55 108000 
39500 39.8862 3103.74 108000 
39600 39.8862 3110.99 108000 
39700 39.8862 3118.4 108000 
39800 39.8862 3125.66 108000 
39900 39.8863 3133.21 108000 
40000 39.8863 3140.51 108000 
40100 39.8863 3147.58 108000 
40200 39.8863 3154.97 108000 
40300 39.8863 3162.33 108000 
40400 39.8863 3169.61 108000 
40500 39.8863 3176.88 108000 
40600 39.8863 3184.39 108000 
40700 39.8863 3191.67 108000 
40800 39.8863 3199.15 108000 
40900 39.8863 3206.76 108000 
41000 39.8863 3214.07 108000 
41100 39.8863 3221.56 108000 
41200 39.8863 3228.8 108000 
41300 39.8863 3236.07 108000 
41400 39.8863 3242.9 108000 
41500 39.8863 3250.36 108000 
41600 39.8863 3257.6 108000 
41700 39.8863 3264.77 108000 
41800 39.8863 3271.99 108000 
41900 39.8863 3279.25 108000 
42000 39.8863 3286.38 108000 
42100 39.8863 3293.61 108000 
42200 39.8863 3301.1 108000 
42300 39.8863 3308.2 108000 
42400 39.8863 3315.3 108000 
42500 39.8863 3322.42 108000 
42600 39.8863 3329.68 108000 
42700 39.8863 3337.06 108000 
42800 39.8863 3344.29 108000 
42900 39.8863 3351.71 108000 
43000 39.8863 3358.94 108000 
43100 39.8863 3366.05 108000 
43200 39.8863 3373.34 108000 
43300 39.8863 3380.7 108000 
43400 39.8863 3387.99 108000 
43500 39.8863 3395.24 108000 
43600 39.8863 3402.37 108000 
43700 39.8863 3409.71 108000 
43800 39.8863 3416.85 108000 
43900 39.8863 3424.14 108000 
44000 39.8863 3431.23 108000 
44100 39.8863 3438.3 108000 
44200 39.8863 3445.33 108000 
44300 39.8863 3452.63 108000 
44400 39.8863 3459.65 108000 
44500 39.8863 3466.83 108000 
44600 39.8863 3474.17 108000 
44700 39.8863 3481.38 108000 
44800 39.8863 3488.54 108000 
44900 39.8863 3495.82 108000 
45000 39.8863 3502.87 108000 
45100 39.8863 3510.16 108000 
45200 39.8863 3517.3 108000 
45300 39.8863 3524.53 108000 
45400 39.8863 3531.95 108000 
45500 39.8863 3539.24 108000 
45600 39.8863 3546.48 108000 
45700 39.8863 3553.82 108000 
45800 39.8863 3561.05 108000 
45900 39.8863 3568.21 108000 
46000 39.8863 3575.78 108000 
46100 39.8863 3582.84 108000 
46200 39.8863 3590.02 108000 
46300 39.8863 3597.36 108000 
46400 39.8863 3604.74 108000 
46500 39.8863 3612.19 108000 
46600 39.8863 3619.53 108000 
46700 39.8863 3626.9 108000 
46800 39.8863 3634.3 108000 
46900 39.8863 3641.61 108000 
47000 39.8863 3648.85 108000 
47100 39.8863 3656.02 108000 
47200 39.8863 3663.19 108000 
47300 39.8863 3670.67 108000 
47400 39.8863 3678.02 108000 
47500 39.8863 3685.31 108000 
47600 39.8863 3692.43 108000 
47700 39.8863 3699.75 108000 
47800 39.8863 3706.91 108000 
47900 39.8863 3714.45 108000 
48000 39.8863 3721.83 108000 
48100 39.8863 3729.1 108000 
48200 39.8863 3736.4 108000 
48300 39.8863 3743.76 108000 
48400 39.8863 3751.12 108000 
48500 39.8863 3758.57 108000 
48600 39.8863 3765.9 108000 
48700 39.8863 3773.16 108000 
48800 39.8863 3780.62 108000 
48900 39.8863 3788.03 108000 
49000 39.8863 3795.16 108000 
49100 39.8863 3802.43 108000 
49200 39.8863 3809.63 108000 
49300 39.8863 3816.71 108000 
49400 39.8863 3823.9 108000 
49500 39.8863 3831.17 108000 
49600 39.8863 3838.23 108000 
49700 39.8863 3845.78 108000 
49800 39.8863 3853.25 108000 
49900 39.8864 3860.69 108000 
50000 39.8864 3868.24 108000 
50100 39.8864 3875.75 108000 
50200 39.8864 3882.93 108000 
50300 39.8864 3890.2 108000 
50400 39.8864 3897.7 108000 
50500 39.8864 3904.97 108000 
50600 39.8864 3912.2 108000 
50700 39.8864 3919.58 108000 
50800 39.8864 3926.94 108000 
50900 39.8864 3934.28 108000 
51000 39.8864 3941.84 108000 
51100 39.8864 3949.06 108000 
51200 39.8864 3956.47 108000 
51300 39.8864 3963.75 108000 
51400 39.8864 3970.99 108000 
51500 39.8864 3978.48 108000 
51600 39.8864 3985.91 108000 
51700 39.8864 3992.92 108000 
51800 39.8864 3999.99 108000 
51900 39.8864 4007.5 108000 
52000 39.8864 4015.25 108000 
52100 39.8864 4022.62 108000 
52200 39.8864 4030.01 108000 
52300 39.8864 4037.17 108000 
52400 39.8864 4044.66 108000 
52500 39.8864 4051.97 108000 
52600 39.8864 4059.31 108000 
52700 39.8864 4066.83 108000 
52800 39.8864 4073.87 108000 
52900 39.8864 4081.44 108000 
53000 39.8864 4088.98 108000 
53100 39.8864 4096.42 108000 
53200 39.8864 4103.76 108000 
53300 39.8864 4111.3 108000 
53400 39.8864 4118.66 108000 
53500 39.8864 4126.53 107970 
53600 39.8864 4134.17 108000 
53700 39.8864 4141.65 108000 
53800 39.8864 4148.94 108000 
53900 39.8864 4156.03 108000 
54000 39.8864 4163.55 108000 
54100 39.8864 4170.79 108000 
54200 39.8864 4178.05 108000 
54300 39.8864 4185.48 108000 
54400 39.8864 4193.07 108000 
54500 39.8864 4200.37 108000 
54600 39.8864 4207.26 108000 
54700 39.8864 4214.68 108000 
54800 39.8864 4222.08 108000 
54900 39.8864 4229.53 108000 
55000 39.8864 4236.88 108000 
55100 39.8864 4244.48 108000 
55200 39.8864 4251.93 108000 
55300 39.8864 4259.34 108000 
55400 39.8864 4266.76 108000 
55500 39.8864 4274.23 108000 
55600 39.8864 4281.49 108000 
55700 39.8864 4288.72 108000 
55800 39.8864 4295.92 108000 
55900 39.8864 4303.3 108000 
56000 39.8864 4310.82 108000 
56100 39.8864 4318.26 108000 
56200 39.8864 4325.68 108000 
56300 39.8864 4333.07 108000 
56400 39.8864 4340.57 108000 
56500 39.8864 4347.88 108000 
56600 39.8864 4354.95 108000 
56700 39.8864 4362.06 108000 
56800 39.8864 4369.68 108000 
56900 39.8864 4377.12 108000 
57000 39.8864 4384.24 108000 
57100 39.8864 4391.83 108000 
57200 39.8864 4398.63 108000 
57300 39.8864 4405.82 108000 
57400 39.8864 4413.32 108000 
57500 39.8864 4420.6 108000 
57600 39.8864 4428.27 108000 
57700 39.8864 4435.71 108000 
57800 39.8864 4442.98 108000 
57900 39.8864 4450.45 108000 
58000 39.8864 4457.46 108000 
58100 39.8864 4464.9 108000 
58200 39.8864 4472.17 108000 
58300 39.8864 4479.47 108000 
58400 39.8864 4487.02 108000 
58500 39.8864 4494.25 108000 
58600 39.8864 4501.4 108000 
58700 39.8864 4508.95 108000 
58800 39.8864 4516.15 108000 
58900 39.8864 4523.19 108000 
59000 39.8864 4530.89 108000 
59100 39.8864 4538.38 108000 
59200 39.8864 4545.72 108000 
59300 39.8864 4552.9 108000 
59400 39.8864 4560.61 108000 
59500 39.8864 4568.09 108000 
59600 39.8864 4574.89 108000 
59700 39.8864 4582.7 108000 
59800 39.8864 4590.21 108000 
59900 39.8864 4597.61 108000 
60000 39.8865 4605.48 108000 
60100 39.8865 4613.41 108000 
60200 39.8865 4621.53 108000 
60300 39.8865 4630 108000 
60400 39.8865 4639.12 108000 
60500 39.8865 4647.65 108000 
60600 39.8865 4656.23 108000 
60700 39.8865 4665.12 108000 
60800 39.8865 4673.41 108000 
60900 39.8865 4682.28 108000 
61000 39.8865 4691.05 108000 
61100 39.8865 4699.52 108000 
61200 39.8865 4708.03 108000 
61300 39.8865 4716.34 108000 
61400 39.8865 4724.44 108000 
61500 39.8865 4732.51 108000 
61600 39.8865 4740.62 108000 
61700 39.8865 4748.64 108000 
61800 39.8865 4756.77 108000 
61900 39.8865 4764.91 108000 
62000 39.8865 4772.97 108000 
62100 39.8865 4781.07 108000 
62200 39.8865 4789.1 108000 
62300 39.8865 4797.21 108000 
62400 39.8865 4805.41 108000 
62500 39.8865 4813.49 108000 
62600 39.8865 4821.58 108000 
62700 39.8865 4829.61 108000 
62800 39.8865 4837.87 108000 
62900 39.8865 4845.9 108000 
63000 39.8865 4854.09 108000 
63100 39.8865 4862.08 108000 
63200 39.8865 4870.09 108000 
63300 39.8865 4878.02 108000 
63400 39.8865 4886.1 108000 
63500 39.8865 4894.06 108000 
63600 39.8865 4902.19 108000 
63700 39.8865 4910.2 108000 
63800 39.8865 4918.26 108000 
63900 39.8865 4926.5 108000 
64000 39.8865 4934.55 108000 
64100 39.8865 4942.68 108000 
64200 39.8865 4950.66 108000 
64300 39.8865 4958.61 108000 
64400 39.8865 4966.57 108000 
64500 39.8865 4974.52 108000 
64600 39.8865 4982.7 108000 
64700 39.8865 4990.69 108000 
64800 39.8865 4998.74 108000 
64900 39.8865 5006.89 108000 
65000 39.8865 5014.9 108000 
65100 39.8865 5022.93 108000 
65200 39.8865 5031.11 108000 
65300 39.8865 5038.88 108000 
65400 39.8865 5047.11 108000 
65500 39.8865 5055.32 108000 
65600 39.8865 5063.45 108000 
65700 39.8865 5071.45 108000 
65800 39.8865 5079.64 108000 
65900 39.8865 5087.91 108000 
66000 39.8865 5096.22 108000 
66100 39.8865 5104.35 108000 
66200 39.8865 5112.65 108000 
66300 39.8865 5120.49 108000 
66400 39.8865 5129.06 108000 
66500 39.8865 5137.29 108000 
66600 39.8865 5145.63 108000 
66700 39.8865 5153.78 108000 
66800 39.8865 5162.05 108000 
66900 39.8865 5170.32 108000 
67000 39.8865 5178.34 108000 
67100 39.8865 5186.67 108000 
67200 39.8865 5194.87 108000 
67300 39.8865 5202.4 108000 
67400 39.8865 5210.43 108000 
67500 39.8865 5218.98 108000 
67600 39.8865 5226.78 108000 
67700 39.8865 5234.76 108000 
67800 39.8865 5243.06 108000 
67900 39.8865 5251.08 108000 
68000 39.8865 5259.45 108000 
68100 39.8865 5267.8 108000 
68200 39.8865 5275.83 108000 
68300 39.8865 5284.27 108000 
68400 39.8865 5292.3 108000 
68500 39.8865 5300.3 108000 
68600 39.8865 5308.53 108000 
68700 39.8865 5316.78 108000 
68800 39.8865 5324.99 108000 
68900 39.8865 5333.17 108000 
69000 39.8865 5341.4 108000 
69100 39.8865 5349.37 108000 
69200 39.8865 5357.96 108000 
69300 39.8865 5365.91 108000 
69400 39.8865 5373.88 108000 
69500 39.8865 5381.89 108000 
69600 39.8865 5390.09 108000 
69700 39.8865 5398.23 108000 
69800 39.8865 5406.65 108000 
69900 39.8865 5414.75 108000 
70000 39.8865 5422.85 108000 
70100 39.8865 5431.18 108000 
70200 39.8865 5439.59 108000 
70300 39.8866 5447.91 108000 
70400 39.8866 5456.32 108000 
70500 39.8866 5464.56 108000 
70600 39.8866 5472.77 108000 
70700 39.8866 5480.99 108000 
70800 39.8866 5489.58 108000 
70900 39.8866 5497.69 108000 
71000 39.8866 5505.81 108000 
71100 39.8866 5513.84 108000 
71200 39.8866 5521.99 108000 
71300 39.8866 5530.12 108000 
71400 39.8866 5538.07 108000 
71500 39.8866 5546.24 108000 
71600 39.8866 5554.2 108000 
71700 39.8866 5562.4 108000 
71800 39.8866 5570.58 108000 
71900 39.8866 5578.5 108000 
72000 39.8866 5586.76 108000 
72100 39.8866 5594.72 108000 
72200 39.8866 5603.3 108000 
72300 39.8866 5611.47 108000 
72400 39.8866 5619.65 108000 
72500 39.8866 5627.71 108000 
72600 39.8866 5635.58 108000 
72700 39.8866 5643.89 108000 
72800 39.8866 5652.1 108000 
72900 39.8866 5660.07 108000 
73000 39.8866 5668.34 108000 
73100 39.8866 5676.45 108000 
73200 39.8866 5684.71 108000 
73300 39.8866 5693.06 108000 
73400 39.8866 5701.13 108000 
73500 39.8866 5709.22 108000 
73600 39.8866 5717.31 108000 
73700 39.8866 5725.35 108000 
73800 39.8866 5733.56 108000 
73900 39.8866 5741.4 108000 
74000 39.8866 5749.46 108000 
74100 39.8866 5757.87 108000 
74200 39.8866 5766.11 108000 
74300 39.8866 5774.26 108000 
74400 39.8866 5782.47 108000 
74500 39.8866 5790.46 108000 
74600 39.8866 5798.28 108000 
74700 39.8866 5806.25 108000 
74800 39.8866 5814.26 108000 
74900 39.8866 5822.34 108000 
75000 39.8866 5830.34 108000 
75100 39.8866 5838.37 108000 
75200 39.8866 5846.45 108000 
75300 39.8866 5854.62 108000 
75400 39.8866 5862.79 108000 
75500 39.8866 5870.72 108000 
75600 39.8866 5878.46 108000 
75700 39.8866 5886.59 108000 
75800 39.8866 5894.79 108000 
75900 39.8866 5902.7 108000 
76000 39.8866 5910.69 108000 
76100 39.8866 5918.75 108000 
76200 39.8866 5927.21 108000 
76300 39.8866 5935.17 108000 
76400 39.8866 5943.11 108000 
76500 39.8866 5951.18 108000 
76600 39.8866 5959.08 108000 
76700 39.8866 5967.41 108000 
76800 39.8866 5975.36 108000 
76900 39.8866 5983.38 108000 
77000 39.8866 5991.37 108000 
77100 39.8866 5999.72 108000 
77200 39.8866 6007.66 108000 
77300 39.8866 6015.88 108000 
77400 39.8866 6023.67 108000 
77500 39.8866 6031.43 108000 
77600 39.8866 6039.64 108000 
77700 39.8866 6047.62 108000 
77800 39.8866 6055.51 108000 
77900 39.8866 6063.61 108000 
78000 39.8866 6071.37 108000 
78100 39.8866 6079.37 108000 
78200 39.8866 6087.68 108000 
78300 39.8866 6096.13 108000 
78400 39.8866 6104.18 108000 
78500 39.8866 6112.33 108000 
78600 39.8866 6120.46 108000 
78700 39.8866 6128.58 108000 
78800 39.8866 6136.82 108000 
78900 39.8866 6145.06 108000 
79000 39.8866 6153.03 108000 
79100 39.8866 6161.33 108000 
79200 39.8866 6169.66 108000 
79300 39.8866 6177.57 108000 
79400 39.8866 6185.8 108000 
79500 39.8866 6194 108000 
79600 39.8866 6202.34 108000 
79700 39.8866 6210.44 108000 
79800 39.8866 6218.86 108000 
79900 39.8866 6227.11 108000 
80000 39.8866 6235.21 108000 
80100 39.8866 6243.39 108000 
80200 39.8866 6251.66 108000 
80300 39.8866 6259.72 108000 
80400 39.8866 6268.1 108000 
80500 39.8866 6276.05 108000 
80600 39.8866 6284.34 108000 
80700 39.8866 6292.22 108000 
80800 39.8866 6300.29 108000 
80900 39.8867 6308.63 108000 
81000 39.8867 6316.59 108000 
81100 39.8867 6324.81 108000 
81200 39.8867 6333.23 108000 
81300 39.8867 6341.39 108000 
81400 39.8867 6349.47 108000 
81500 39.8867 6357.67 108000 
81600 39.8867 6365.89 108000 
81700 39.8867 6374.11 108000 
81800 39.8867 6382.41 108000 
81900 39.8867 6390.63 108000 
82000 39.8867 6398.69 108000 
82100 39.8867 6406.47 108000 
82200 39.8867 6414.16 108000 
82300 39.8867 6421.93 108000 
82400 39.8867 6429.9 108000 
82500 39.8867 6438.13 108000 
82600 39.8867 6446.22 108000 
82700 39.8867 6454.68 108000 
82800 39.8867 6462.83 108000 
82900 39.8867 6471.12 108000 
83000 39.8867 6479.42 108000 
83100 39.8867 6487.63 108000 
83200 39.8867 6496.29 108000 
83300 39.8867 6504.32 108000 
83400 39.8867 6512.77 108000 
83500 39.8867 6521.81 108000 
83600 39.8867 6530.21 108000 
83700 39.8867 6539.4 108000 
83800 39.8867 6548.54 108000 
83900 39.8867 6557.69 108000 
84000 39.8867 6566.9 108000 
84100 39.8867 6576.17 108000 
84200 39.8867 6585.29 108000 
84300 39.8867 6594.53 108000 
84400 39.8867 6604.71 108000 
84500 39.8867 6614.32 108000 
84600 39.8867 6623.46 108000 
84700 39.8867 6633.38 108000 
84800 39.8867 6642.2 108000 
84900 39.8867 6650.97 108000 
85000 39.8867 6659.31 108000 
85100 39.8867 6667.89 108000 
85200 39.8867 6677.19 108000 
85300 39.8867 6686.75 108000 
85400 39.8867 6695.07 108000 
85500 39.8867 6703.83 108000 
85600 39.8867 6712.55 108000 
85700 39.8867 6721.08 108000 
85800 39.8867 6729.73 108000 
85900 39.8867 6738.2 108000 
86000 39.8867 6746.37 107970 
86100 39.8867 6754.85 108000 
86200 39.8867 6763.13 108000 
86300 39.8867 6771.57 108000 
86400 39.8867 6779.75 108000 
86500 39.8867 6787.79 108000 
86600 39.8867 6796.01 108000 
86700 39.8867 6804 108000 
86800 39.8867 6812.07 108000 
86900 39.8867 6820.2 108000 
87000 39.8867 6828.71 108000 
87100 39.8867 6836.82 108000 
87200 39.8867 6845.15 108000 
87300 39.8867 6853.77 108000 
87400 39.8867 6862.24 108000 
87500 39.8867 6870.53 108000 
87600 39.8867 6878.73 108000 
87700 39.8867 6887.22 108000 
87800 39.8867 6895.42 108000 
87900 39.8867 6903.45 108000 
88000 39.8867 6911.89 108000 
88100 39.8867 6920.18 108000 
88200 39.8867 6928.57 108000 
88300 39.8867 6936.83 108000 
88400 39.8867 6945.12 108000 
88500 39.8867 6953.47 108000 
88600 39.8867 6961.81 108000 
88700 39.8867 6970.07 108000 
88800 39.8867 6978.4 108000 
88900 39.8867 6986.73 108000 
89000 39.8867 6995.03 108000 
89100 39.8867 7003.41 108000 
89200 39.8867 7011.78 108000 
89300 39.8867 7020.11 108000 
89400 39.8867 7028.38 108000 
89500 39.8867 7036.76 108000 
89600 39.8867 7044.98 108000 
89700 39.8867 7053.45 108000 
89800 39.8867 7061.77 108000 
89900 39.8867 7070.23 108000 
90000 39.8867 7078.66 108000 
90100 39.8867 7087.08 108000 
90200 39.8867 7095.01 108000 
90300 39.8867 7103.1 108000 
90400 39.8867 7111.08 108000 
90500 39.8867 7119.27 108000 
90600 39.8867 7127.68 108000 
90700 39.8867 7136.33 108000 
90800 39.8867 7144.44 108000 
90900 39.8867 7152.79 108000 
91000 39.8867 7161.19 108000 
91100 39.8867 7169.84 108000 
91200 39.8867 7178.04 108000 
91300 39.8867 7186.2 108000 
91400 39.8867 7194.57 108000 
91500 39.8867 7202.98 108000 
91600 39.8867 7211.3 108000 
91700 39.8867 7219.99 108000 
91800 39.8867 7228.5 108000 
91900 39.8867 7236.99 108000 
92000 39.8868 7245.46 108000 
92100 39.8868 7253.71 108000 
92200 39.8868 7261.95 108000 
92300 39.8868 7270.69 108000 
92400 39.8868 7279.46 108000 
92500 39.8868 7287.73 108000 
92600 39.8868 7296.47 108000 
92700 39.8868 7305.22 108000 
92800 39.8868 7313.72 108000 
92900 39.8868 7322.43 108000 
93000 39.8868 7330.93 108000 
93100 39.8868 7339.34 108000 
93200 39.8868 7347.54 108000 
93300 39.8868 7355.88 108000 
93400 39.8868 7364.12 108000 
93500 39.8868 7372.72 108000 
93600 39.8868 7381.47 108000 
93700 39.8868 7390.45 108000 
93800 39.8868 7398.88 108000 
93900 39.8868 7407.08 108000 
94000 39.8868 7415.51 108000 
94100 39.8868 7423.64 108000 
94200 39.8868 7432.37 108000 
94300 39.8868 7440.79 108000 
94400 39.8868 7448.66 108000 
94500 39.8868 7456.7 108000 
94600 39.8868 7466 108000 
94700 39.8868 7474.39 108000 
94800 39.8868 7484.02 108000 
94900 39.8868 7492.73 108000 
95000 39.8868 7501.52 108000 
95100 39.8868 7510.34 108000 
95200 39.8868 7519.1 108000 
95300 39.8868 7528.41 108000 
95400 39.8868 7537.31 108000 
95500 39.8868 7546.35 108000 
95600 39.8868 7555.34 108000 
95700 39.8868 7565.6 108000 
95800 39.8868 7575.31 108000 
95900 39.8868 7584.87 108000 
96000 39.8868 7593.96 108000 
96100 39.8868 7602.85 108000 
96200 39.8868 7612.17 108000 
96300 39.8868 7621.94 108000 
96400 39.8868 7631.02 108000 
96500 39.8868 7640.44 108000 
96600 39.8868 7650.01 108000 
96700 39.8868 7659.1 108000 
96800 39.8868 7667.47 108000 
96900 39.8868 7676.26 108000 
97000 39.8868 7685.05 108000 
97100 39.8868 7694.36 108000 
97200 39.8868 7703.67 108000 
97300 39.8868 7712.61 108000 
97400 39.8868 7722.25 108000 
97500 39.8868 7731.57 108000 
97600 39.8868 7740.01 108000 
97700 39.8868 7749.68 108000 
97800 39.8868 7758.65 108000 
97900 39.8868 7767.83 108000 
98000 39.8868 7776.96 108000 
98100 39.8868 7785.92 108000 
98200 39.8868 7794.83 108000 
98300 39.8868 7804.05 108000 
98400 39.8868 7812.95 108000 
98500 39.8868 7821.88 108000 
98600 39.8868 7830.47 108000 
98700 39.8868 7838.81 108000 
98800 39.8868 7847.42 108000 
98900 39.8868 7856.88 108000 
99000 39.8868 7865.65 108000 
99100 39.8868 7874.89 108000 
99200 39.8868 7883.67 108000 
99300 39.8868 7892.92 108000 
99400 39.8868 7901.72 108000 
99500 39.8868 7910.2 108000 
99600 39.8868 7919.24 108000 
99700 39.8868 7928.31 108000 
99800 39.8868 7937.35 108000 
99900 39.8868 7946.61 108000 
100000 39.8868 7955.48 108000 
