# Avida Average Data
# Fri Jun  8 09:33:27 2018
#  1: Update
#  2: Merit
#  3: Gestation Time
#  4: Fitness
#  5: Repro Rate?
#  6: (deprecated) Size
#  7: Copied Size
#  8: Executed Size
#  9: (deprecated) Abundance
# 10: Proportion of organisms that gave birth in this update
# 11: Proportion of Breed True Organisms
# 12: (deprecated) Genotype Depth
# 13: Generation
# 14: Neutral Metric
# 15: Lineage Label
# 16: True Replication Rate (based on births/update, time-averaged)

0 2650 348 0 0 0 100 97 0 1 1 0 0 0 0 0 
100 6884.45 347.783 0.278913 0 0 99.9016 97 0 0.015748 0.015748 0 8.01575 -0.413005 0 0 
200 6510.86 348.23 0.278146 0 0 99.8419 96.8475 0 0.0597222 0.0522222 0 16.8856 -0.753924 0 0 
300 6451.6 348.005 0.278193 0 0 99.8114 96.8131 0 0.0708333 0.0622222 0 25.66 -0.540089 0 0 
400 6525.86 348.401 0.277979 0 0 99.7875 96.8275 0 0.0616667 0.055 0 34.3994 -0.796294 0 0 
500 6559.18 348.223 0.277652 0 0 99.7003 96.6814 0 0.0530556 0.0472222 0 43.225 -0.692619 0 12.2689 
600 6497.14 348.022 0.277241 0 0 99.5522 96.4725 0 0.0616667 0.0536111 0 52.0611 -0.566146 0 12.9488 
700 6498.52 347.582 0.277754 0 0 99.4778 96.5094 0 0.065 0.0552778 0 60.9347 -0.797489 0 13.0245 
800 6532.76 347.47 0.277358 0 0 99.2978 96.3353 0 0.0538889 0.0483333 0 69.815 0.356769 0 13.0457 
900 6511.88 346.506 0.27777 0 0 99.1678 96.1697 0 0.0616667 0.0533333 0 78.7439 -0.37818 0 13.0656 
1000 6455.41 343.234 0.280753 0 0 98.9919 95.9306 0 0.0638889 0.0555556 0 88.0172 -1.11446 0 13.0782 
1100 6463.46 329.455 0.297908 0 0 99.0369 96.0175 0 0.0683333 0.0563889 0 99.3131 -4.79506 0 13.1652 
1200 6466.87 298.577 0.33675 0 0 99.3803 96.2742 0 0.0666667 0.0605556 0 115.079 -12.5195 0 13.4374 
1300 6448.79 273.645 0.370353 0 0 99.6886 96.6347 0 0.0702778 0.0644444 0 132.366 -18.9671 0 14.0209 
1400 6422.62 261.609 0.382207 0 0 99.8669 96.7836 0 0.0725 0.0655556 0 146.407 -21.0458 0 14.7449 
1500 6420.78 259.24 0.384749 0 0 99.885 96.7314 0 0.075 0.0697222 0 158.998 -20.7726 0 15.4749 
1600 6404.35 260.971 0.384555 0 0 99.8836 96.815 0 0.08 0.0686111 0 171.672 -21.2841 0 16.1782 
1700 6419.91 260.263 0.384789 0 0 99.8861 96.7761 0 0.0691667 0.0605556 0 184.037 -22.2401 0 16.6621 
1800 6389.36 260.894 0.384698 0 0 99.9425 96.7886 0 0.0797222 0.0708333 0 196.649 -22.8035 0 16.8459 
1900 6396.33 262.055 0.384432 0 0 99.9656 96.8353 0 0.0813889 0.0702778 0 209.173 -23.1896 0 16.8641 
2000 6379.63 261.204 0.38442 0 0 99.8953 96.7564 0 0.0855556 0.0747222 0 221.483 -23.0089 0 16.8856 
2100 6406.18 261.403 0.384639 0 0 99.9547 96.8583 0 0.0805556 0.0702778 0 234.033 -23.2127 0 16.8912 
2200 6447.87 259.368 0.385239 0 0 99.93 96.7872 0 0.0719444 0.0630556 0 246.443 -24.4712 0 16.8979 
2300 6421.69 259.714 0.384727 0 0 99.9294 96.7531 0 0.0733333 0.0644444 0 258.874 -23.86 0 16.9112 
2400 6403.18 258.075 0.385985 0 0 99.9725 96.8667 0 0.0763889 0.0644444 0 271.19 -23.233 0 16.941 
2500 6419.66 260.314 0.384432 0 0 99.9078 96.7419 0 0.0780556 0.0661111 0 283.655 -24.4728 0 16.9287 
2600 6483.81 260.399 0.384354 0 0 99.9306 96.7675 0 0.0725 0.0644444 0 296.224 -25.3934 0 16.9228 
2700 6439.15 258.782 0.385202 0 0 99.9747 96.8278 0 0.0722222 0.0622222 0 308.757 -25.1014 0 16.9276 
2800 6450.06 261.378 0.384195 0 0 99.9983 96.8978 0 0.0758333 0.0663889 0 321.26 -23.3833 0 16.9296 
2900 6486.97 259.111 0.385488 0 0 99.9806 96.8761 0 0.0708333 0.0619444 0 333.927 -22.3331 0 16.9437 
3000 6471.06 263.133 0.383699 0 0 99.9236 96.8308 0 0.0730556 0.0633333 0 346.397 -22.0397 0 16.9662 
3100 6447.07 260.365 0.386644 0 0 100.023 96.9022 0 0.0838889 0.0741667 0 359.136 -21.1137 0 16.9937 
3200 6532.83 253.659 0.393387 0 0 100.113 96.9883 0 0.0683333 0.0619444 0 372.063 -23.3924 0 17.0592 
3300 6428.16 250.926 0.400398 0 0 100.394 97.2864 0 0.0830556 0.0691667 0 385.444 -25.093 0 17.1644 
3400 6383.57 244.456 0.411513 0 0 100.7 97.5797 0 0.0888889 0.0805556 0 399.359 -29.9662 0 17.2745 
3500 6310.62 235.182 0.42387 0 0 101.023 97.8592 0 0.0897222 0.0802778 0 413.676 -33.3402 0 17.4753 
3600 6296.66 227.116 0.436575 0 0 101.318 98.1994 0 0.0961111 0.0847222 0 428.462 -36.8011 0 17.7143 
3700 6295.72 225.19 0.442497 0 0 101.511 98.4289 0 0.0894444 0.0797222 0 443.124 -36.9153 0 17.9595 
3800 6252.88 220.399 0.446763 0 0 101.409 98.3333 0 0.0955556 0.0833333 0 458.151 -34.2948 0 18.1984 
3900 6270.58 219.663 0.448377 0 0 101.428 98.2578 0 0.0863889 0.0747222 0 472.514 -35.6908 0 18.4536 
4000 6287.65 219.406 0.449185 0 0 101.409 98.32 0 0.0877778 0.0772222 0 486.933 -33.7454 0 18.6099 
4100 6215.4 218.54 0.449144 0 0 101.332 98.165 0 0.0991667 0.0891667 0 501.475 -30.727 0 18.7239 
4200 6270.05 218.866 0.448717 0 0 101.306 98.1897 0 0.0875 0.0788889 0 515.677 -30.3676 0 18.7973 
4300 6340.39 218.614 0.448682 0 0 101.247 98.0889 0 0.0794444 0.07 0 530.015 -29.4527 0 18.8353 
4400 6284.15 218.661 0.449051 0 0 101.177 98.0022 0 0.0877778 0.0755556 0 544.713 -25.9303 0 18.8304 
4500 6292.81 218.399 0.448749 0 0 101.139 97.9375 0 0.0883333 0.0772222 0 558.976 -26.0816 0 18.8654 
4600 6308.04 218.178 0.449138 0 0 101.179 97.9994 0 0.0883333 0.0780556 0 573.405 -25.0999 0 18.8739 
4700 6258.51 217.941 0.449574 0 0 101.127 97.975 0 0.0969444 0.0875 0 588.023 -23.2524 0 18.8662 
4800 6286.68 218.014 0.449452 0 0 101.16 97.9739 0 0.0972222 0.0827778 0 602.383 -22.805 0 18.9084 
4900 6280.85 218.071 0.44901 0 0 101.095 97.8933 0 0.0913889 0.0786111 0 616.705 -19.9876 0 18.9525 
5000 6315.47 218.227 0.448783 0 0 101.059 97.8264 0 0.0905556 0.0813889 0 630.995 -19.2967 0 18.9727 
5100 6350.38 218.114 0.449737 0 0 101.132 97.9097 0 0.0836111 0.0733333 0 645.553 -17.8105 0 18.9914 
5200 6333.62 218.301 0.449842 0 0 101.124 97.9214 0 0.0913889 0.0811111 0 659.832 -17.5271 0 19.0459 
5300 6389.5 217.932 0.450847 0 0 101.203 97.9828 0 0.0808333 0.0733333 0 674.238 -17.0538 0 19.0483 
5400 6395.82 217.411 0.450867 0 0 101.086 97.8681 0 0.0777778 0.0675 0 688.258 -15.3042 0 19.0615 
5500 6382.19 217.56 0.453029 0 0 101.196 98.0469 0 0.0802778 0.0669444 0 702.538 -15.2168 0 19.0894 
5600 6275.37 216.129 0.454176 0 0 101.225 98.0936 0 0.0958333 0.0844444 0 716.981 -18.0384 0 19.1353 
5700 6331.29 215.838 0.454777 0 0 101.203 98.0336 0 0.0886111 0.0786111 0 731.248 -18.5512 0 19.1552 
5800 6321.8 216.086 0.45769 0 0 101.322 98.2072 0 0.0827778 0.0747222 0 745.717 -19.1946 0 19.1994 
5900 6376.06 214.119 0.461509 0 0 101.485 98.3644 0 0.0752778 0.065 0 760.607 -21.2312 0 19.2276 
6000 6268.03 213.182 0.462883 0 0 101.498 98.3653 0 0.0897222 0.0819444 0 775.489 -21.8523 0 19.2688 
6100 6289.27 211.382 0.467318 0 0 101.691 98.5889 0 0.0894444 0.0775 0 790.701 -24.3989 0 19.313 
6200 6282.79 210.148 0.470624 0 0 101.831 98.7067 0 0.0855556 0.0761111 0 806.068 -27.845 0 19.3811 
6300 6238.05 210.519 0.47328 0 0 101.892 98.7025 0 0.0905556 0.0811111 0 821.185 -29.4649 0 19.4341 
6400 6190.65 209.441 0.475732 0 0 101.92 98.7919 0 0.0980556 0.0886111 0 836.554 -30.0284 0 19.5175 
6500 6184.72 207.903 0.477422 0 0 101.989 98.82 0 0.0988889 0.0852778 0 851.743 -29.7841 0 19.6052 
6600 6208.72 208.763 0.477854 0 0 102.016 98.8742 0 0.0925 0.0816667 0 866.74 -31.0055 0 19.6543 
6700 6244.96 207.346 0.478558 0 0 102.045 98.9053 0 0.0869444 0.0786111 0 881.861 -31.4601 0 19.7012 
6800 6191.9 208.903 0.479749 0 0 102.079 99.0197 0 0.0961111 0.0836111 0 897.113 -31.3319 0 19.7398 
6900 6171.45 208.189 0.479865 0 0 102.066 98.9556 0 0.101667 0.085 0 912.395 -30.7563 0 19.7461 
7000 6176.55 208.299 0.480203 0 0 102.016 98.855 0 0.0991667 0.0872222 0 927.749 -31.563 0 19.7452 
7100 6206.16 209.377 0.479633 0 0 101.991 98.8244 0 0.0936111 0.0841667 0 942.855 -31.4705 0 19.7735 
7200 6215.64 208 0.480529 0 0 102.118 98.9783 0 0.0880556 0.0772222 0 958.129 -31.9052 0 19.7841 
7300 6121.28 205.901 0.48244 0 0 102.105 98.9042 0 0.100278 0.0872222 0 973.472 -32.0009 0 19.7962 
7400 6106.69 206.491 0.480868 0 0 101.938 98.7072 0 0.105556 0.0902778 0 988.634 -31.0389 0 19.8021 
7500 6201.2 208.186 0.481378 0 0 102.146 98.9789 0 0.0877778 0.0758333 0 1003.95 -30.2639 0 19.7909 
7600 6210.48 208.382 0.48119 0 0 102.18 99.0417 0 0.0888889 0.0763889 0 1019.33 -30.5372 0 19.7753 
7700 6166.25 207.244 0.481696 0 0 102.135 99.0286 0 0.0916667 0.0811111 0 1034.8 -30.1395 0 19.7487 
7800 6211.63 208.365 0.48196 0 0 102.045 98.9119 0 0.0891667 0.0761111 0 1050.22 -28.5807 0 19.7304 
7900 6144.9 208.576 0.483063 0 0 102.105 99.0033 0 0.0997222 0.0841667 0 1065.37 -28.9581 0 19.7462 
8000 6075.79 205.449 0.484199 0 0 102.044 98.8436 0 0.107778 0.0944444 0 1080.69 -29.8987 0 19.7638 
8100 6147.7 206.724 0.485335 0 0 102.104 98.9889 0 0.0991667 0.0883333 0 1096.46 -32.4602 0 19.7886 
8200 6069.08 203.798 0.486996 0 0 102.097 98.9464 0 0.116944 0.102222 0 1111.89 -32.4273 0 19.8344 
8300 6114.05 204.087 0.489872 0 0 102.299 99.2386 0 0.1025 0.0955556 0 1127.88 -35.6492 0 19.8883 
8400 6175.24 203.963 0.491183 0 0 102.36 99.2133 0 0.0952778 0.085 0 1143.51 -37.6184 0 19.937 
8500 6129.12 204.585 0.493302 0 0 102.528 99.4531 0 0.0991667 0.0883333 0 1159.5 -39.3897 0 19.9892 
8600 6098.53 205.532 0.495488 0 0 102.631 99.5356 0 0.104722 0.09 0 1175.77 -43.4273 0 20.049 
8700 6133.83 203.951 0.499261 0 0 102.764 99.6322 0 0.100556 0.0858333 0 1192.18 -51.6657 0 20.1306 
8800 6097.94 205.18 0.500714 0 0 102.901 99.8308 0 0.1025 0.0911111 0 1208.41 -57.6216 0 20.2082 
8900 6124.94 202.05 0.502945 0 0 102.915 99.8361 0 0.0980556 0.0855556 0 1224.33 -56.9908 0 20.2874 
9000 6081.85 201.047 0.503449 0 0 102.928 99.8344 0 0.106944 0.0925 0 1240.3 -57.1246 0 20.3588 
9100 6088.43 204.011 0.502226 0 0 102.946 99.8431 0 0.110556 0.0980556 0 1256.23 -57.7453 0 20.4108 
9200 6091.79 203.831 0.502935 0 0 102.985 99.8561 0 0.0986111 0.0844444 0 1272.39 -61.4366 0 20.435 
9300 6146.78 201.186 0.505497 0 0 103.072 99.9617 0 0.0969444 0.0836111 0 1288.38 -65.6593 0 20.4715 
9400 6142.14 202.099 0.505192 0 0 103.051 99.955 0 0.0977778 0.0841667 0 1304.23 -63.0351 0 20.5067 
9500 6159.52 202.165 0.505334 0 0 103.002 99.9106 0 0.0938889 0.085 0 1320.04 -65.4475 0 20.5129 
9600 6193.84 203.471 0.504736 0 0 103.092 99.9394 0 0.0913889 0.0758333 0 1336.1 -67.9902 0 20.5288 
9700 6135.75 203.218 0.50426 0 0 103.046 99.9492 0 0.0938889 0.0833333 0 1352.07 -68.4739 0 20.5432 
9800 6053.46 202.842 0.504903 0 0 103.026 99.9358 0 0.111111 0.0986111 0 1368.22 -69.2055 0 20.5284 
9900 6106.37 200.871 0.506001 0 0 103.02 99.9289 0 0.0991667 0.0880556 0 1384.08 -69.8283 0 20.5346 
10000 6170.61 203.432 0.504155 0 0 102.958 99.8697 0 0.0888889 0.0791667 0 1399.84 -69.0921 0 20.5377 
10100 6048.4 200.857 0.506021 0 0 103.002 99.8694 0 0.110556 0.0933333 0 1415.7 -70.1154 0 20.5466 
10200 6099.78 203.829 0.503977 0 0 103.033 99.9133 0 0.106111 0.095 0 1431.45 -70.3265 0 20.5428 
10300 6169.17 202.019 0.504955 0 0 102.997 99.8808 0 0.0944444 0.0830556 0 1447.23 -72.2453 0 20.5664 
10400 6077.65 206.455 0.501589 0 0 103.023 99.855 0 0.109444 0.0966667 0 1463.06 -73.763 0 20.5302 
10500 6143.59 202.581 0.504566 0 0 102.999 99.8594 0 0.0944444 0.085 0 1478.92 -72.1844 0 20.5395 
10600 6094.82 203.297 0.503771 0 0 102.939 99.7725 0 0.0988889 0.0861111 0 1494.98 -71.9518 0 20.5463 
10700 6136.66 205.607 0.502077 0 0 102.959 99.82 0 0.0947222 0.0855556 0 1510.84 -71.3185 0 20.5538 
10800 6098.21 204.647 0.503067 0 0 103.003 99.8339 0 0.101111 0.0919444 0 1526.85 -73.3518 0 20.5229 
10900 6178.33 205.593 0.502055 0 0 102.95 99.8222 0 0.0922222 0.0775 0 1542.78 -70.4059 0 20.5279 
11000 6106.93 204.174 0.502362 0 0 102.937 99.8225 0 0.100833 0.0894444 0 1559.1 -66.8152 0 20.5357 
11100 6183.67 205.195 0.502248 0 0 103.01 99.935 0 0.102778 0.0905556 0 1575.36 -67.3403 0 20.536 
11200 6176.35 204.058 0.502708 0 0 103.018 99.8856 0 0.0997222 0.0891667 0 1591.46 -65.974 0 20.5726 
11300 6146.91 205.711 0.500923 0 0 102.993 99.8992 0 0.105833 0.0955556 0 1607.41 -64.0923 0 20.6235 
11400 6131.36 202.959 0.502713 0 0 103.06 99.9931 0 0.115833 0.100556 0 1623.73 -64.6627 0 20.6875 
11500 6176.71 206.949 0.499681 0 0 102.996 99.8875 0 0.11 0.0977778 0 1639.81 -64.2144 0 20.7235 
11600 6246.49 206.373 0.499358 0 0 102.997 99.9367 0 0.100833 0.0897222 0 1655.67 -64.3696 0 20.7712 
11700 6271.42 204.852 0.500504 0 0 102.967 99.8744 0 0.102778 0.0886111 0 1671.83 -64.3558 0 20.8096 
11800 6347.78 202.368 0.501738 0 0 103.008 99.9194 0 0.101389 0.0922222 0 1688.5 -64.3674 0 20.884 
11900 6381.58 204.608 0.498953 0 0 102.917 99.815 0 0.0919444 0.0791667 0 1705.01 -65.0477 0 20.9639 
12000 6349.61 208.913 0.495943 0 0 102.969 99.8981 0 0.0986111 0.0855556 0 1721.21 -62.1126 0 21.0154 
12100 6421.73 208.188 0.495925 0 0 102.971 99.9344 0 0.0977778 0.0866667 0 1737.75 -61.4731 0 21.0819 
12200 6470.09 206.822 0.496664 0 0 103.088 100.127 0 0.0961111 0.0816667 0 1754.34 -61.0324 0 21.1589 
12300 6506.53 205.555 0.497524 0 0 103.084 100.113 0 0.0941667 0.0838889 0 1771.03 -62.521 0 21.22 
12400 6432.69 205.29 0.497309 0 0 103.068 100.162 0 0.116667 0.101389 0 1787.98 -64.6668 0 21.2807 
12500 6493.75 206.729 0.495716 0 0 103.04 100.165 0 0.112222 0.1025 0 1804.45 -66.8375 0 21.4022 
12600 6619.97 206.174 0.495894 0 0 103.071 100.329 0 0.0963889 0.085 0 1820.82 -69.6212 0 21.4945 
12700 6563.29 205.959 0.496579 0 0 103.102 100.447 0 0.1125 0.100278 0 1837.21 -71.8125 0 21.5921 
12800 6722.53 207.688 0.495247 0 0 103.079 100.499 0 0.0944444 0.0841667 0 1854.1 -72.391 0 21.6929 
12900 6726.7 208.602 0.495039 0 0 103.022 100.554 0 0.0969444 0.0841667 0 1870.57 -73.2547 0 21.7961 
13000 6846.68 210.416 0.494027 0 0 103.082 100.677 0 0.0880556 0.0747222 0 1886.91 -72.6171 0 21.8835 
13100 6868.84 207.194 0.495458 0 0 102.994 100.623 0 0.0855556 0.0738889 0 1903.1 -75.0279 0 21.9885 
13200 6761.15 206.791 0.495824 0 0 103.03 100.738 0 0.0969444 0.0844444 0 1919.11 -74.846 0 22.0951 
13300 6736.82 207.454 0.495574 0 0 103.089 100.76 0 0.100556 0.0880556 0 1934.8 -76.0343 0 22.1614 
13400 6797.66 211.857 0.492555 0 0 103.06 100.791 0 0.108611 0.095 0 1950.79 -77.3112 0 22.2019 
13500 6851.39 208.571 0.495157 0 0 102.98 100.808 0 0.104444 0.0922222 0 1966.76 -78.5081 0 22.2525 
13600 6851.11 209.571 0.494115 0 0 102.934 100.775 0 0.0955556 0.0813889 0 1982.36 -82.242 0 22.3037 
13700 6773.62 208.577 0.494771 0 0 102.976 100.742 0 0.103056 0.0897222 0 1997.89 -83.9556 0 22.3105 
13800 6841.08 207.418 0.495699 0 0 103.017 100.865 0 0.100833 0.0838889 0 2013.48 -85.0998 0 22.3444 
13900 6935.47 209.671 0.494417 0 0 103.041 100.915 0 0.0938889 0.0819444 0 2029.25 -85.4065 0 22.3817 
14000 6938.23 209.289 0.494911 0 0 103.068 100.977 0 0.0863889 0.0766667 0 2044.62 -87.6559 0 22.4083 
14100 6929.14 209.633 0.494193 0 0 103.049 100.906 0 0.0927778 0.0830556 0 2060.19 -85.5946 0 22.4164 
14200 6940.42 210.011 0.494061 0 0 103.062 100.903 0 0.0916667 0.0791667 0 2076.19 -86.9399 0 22.4657 
14300 6912.14 207.039 0.495265 0 0 103.021 100.844 0 0.0991667 0.0866667 0 2091.83 -88.9971 0 22.5106 
14400 7016.29 210.586 0.492298 0 0 103.075 100.885 0 0.0908333 0.0791667 0 2107.81 -88.8374 0 22.5492 
14500 6959.4 212.098 0.491265 0 0 103.027 100.842 0 0.0975 0.0883333 0 2123.25 -89.6181 0 22.59 
14600 6965.92 209.361 0.49354 0 0 103.088 100.998 0 0.100833 0.0883333 0 2138.93 -91.1889 0 22.6245 
14700 6960.18 210.439 0.491949 0 0 103.089 100.847 0 0.0975 0.0866667 0 2154.56 -90.3836 0 22.6396 
14800 7000.87 210.219 0.49294 0 0 103.07 100.954 0 0.0930556 0.0788889 0 2170.19 -91.5739 0 22.6628 
14900 6917.67 210.645 0.492128 0 0 103.02 100.903 0 0.106389 0.0947222 0 2186.02 -90.5019 0 22.685 
15000 7017.89 213.24 0.490419 0 0 103.017 100.812 0 0.0997222 0.0866667 0 2201.78 -90.7957 0 22.7082 
15100 7008.39 210.836 0.492314 0 0 103.085 100.857 0 0.0972222 0.0838889 0 2217.69 -90.8903 0 22.7519 
15200 7067.58 211.196 0.492215 0 0 102.977 100.842 0 0.101111 0.0894444 0 2233.61 -93.267 0 22.7874 
15300 7036.85 213.146 0.490242 0 0 102.996 100.853 0 0.1 0.0863889 0 2249.32 -91.228 0 22.8437 
15400 6976.83 210.189 0.492132 0 0 103.023 100.846 0 0.108056 0.0938889 0 2264.94 -91.9809 0 22.8756 
15500 7017.92 212.852 0.491314 0 0 103.067 100.952 0 0.105833 0.09 0 2280.52 -93.3139 0 22.9225 
15600 7089.93 211.963 0.49202 0 0 103.017 100.934 0 0.095 0.0836111 0 2296.25 -96.6791 0 22.963 
15700 7096.46 212.185 0.490922 0 0 103.163 100.919 0 0.0908333 0.0808333 0 2311.71 -94.8149 0 22.982 
15800 7034.69 210.197 0.492334 0 0 102.971 100.879 0 0.100833 0.0872222 0 2327.46 -95.2294 0 22.9662 
15900 7046.86 211.875 0.491344 0 0 102.873 100.72 0 0.101944 0.0883333 0 2342.84 -95.0237 0 22.9675 
16000 6983.93 210.619 0.492221 0 0 102.984 100.889 0 0.109167 0.0936111 0 2358.14 -92.6382 0 22.9619 
16100 7062.95 212.051 0.491596 0 0 102.988 100.91 0 0.0927778 0.0808333 0 2373.66 -91.6806 0 22.9709 
16200 7130.52 208.825 0.493269 0 0 102.931 100.872 0 0.0844444 0.0744444 0 2388.81 -92.8833 0 22.9875 
16300 7129.04 210.221 0.491702 0 0 102.945 100.755 0 0.0916667 0.0813889 0 2404.41 -93.7932 0 22.9814 
16400 7039.58 210.866 0.492264 0 0 102.969 100.881 0 0.103333 0.0916667 0 2420.07 -92.1467 0 22.9926 
16500 6996.47 209.449 0.492427 0 0 102.914 100.751 0 0.112222 0.0961111 0 2435.29 -93.0588 0 22.9959 
16600 7047.33 212.692 0.490434 0 0 102.943 100.802 0 0.100556 0.0888889 0 2450.57 -92.601 0 22.9939 
16700 7092.05 211.751 0.491716 0 0 102.963 100.832 0 0.0938889 0.0819444 0 2466.18 -92.9648 0 22.9964 
16800 7112.93 210.985 0.491983 0 0 102.99 100.873 0 0.0922222 0.0816667 0 2481.8 -93.0115 0 23.0316 
16900 7113.27 212.913 0.490521 0 0 102.969 100.797 0 0.0927778 0.0802778 0 2497.46 -95.143 0 23.0569 
17000 7160.32 211.631 0.491785 0 0 103.02 100.933 0 0.0855556 0.0747222 0 2513.04 -91.7644 0 23.0665 
17100 7018.92 208.125 0.493708 0 0 102.95 100.818 0 0.105556 0.0902778 0 2529.02 -90.6831 0 23.0726 
17200 7118.32 209.486 0.492834 0 0 102.984 100.846 0 0.0944444 0.0836111 0 2544.42 -91.0506 0 23.0837 
17300 7155.62 209.428 0.493068 0 0 102.991 100.837 0 0.095 0.0830556 0 2560.07 -91.7433 0 23.1028 
17400 7066.94 211.701 0.491571 0 0 103.002 100.912 0 0.108611 0.0958333 0 2576.04 -91.8261 0 23.1281 
17500 7107.1 211.095 0.491371 0 0 103.012 100.914 0 0.0997222 0.0888889 0 2591.68 -92.108 0 23.1607 
17600 7171.24 209.273 0.492505 0 0 102.938 100.772 0 0.0997222 0.0841667 0 2607.47 -90.6339 0 23.1955 
17700 7108.68 210.369 0.492271 0 0 102.998 100.928 0 0.109167 0.0963889 0 2623.22 -93.0833 0 23.2494 
17800 7158.26 211.049 0.49122 0 0 102.96 100.795 0 0.101944 0.0891667 0 2639.23 -94.8743 0 23.305 
17900 7284.56 211.784 0.490091 0 0 103.009 100.906 0 0.0922222 0.0833333 0 2655.39 -94.5075 0 23.353 
18000 7281.9 214.03 0.488496 0 0 102.992 100.844 0 0.0925 0.0786111 0 2671.06 -96.6676 0 23.4155 
18100 7217.95 212.089 0.489392 0 0 103 100.906 0 0.1075 0.0958333 0 2687.28 -100.099 0 23.4537 
18200 7230.65 209.811 0.491686 0 0 103.04 100.987 0 0.0936111 0.0822222 0 2702.67 -100.627 0 23.487 
18300 7370.4 213.438 0.489326 0 0 103.134 101.003 0 0.0788889 0.0686111 0 2718.17 -101.039 0 23.4894 
18400 7300.61 210.115 0.490944 0 0 103.021 100.899 0 0.0936111 0.0825 0 2733.92 -102.07 0 23.5093 
18500 7290.61 212.65 0.489426 0 0 103.094 101.009 0 0.100278 0.0875 0 2749.55 -102.869 0 23.523 
18600 7326.41 211.798 0.489591 0 0 103.093 100.964 0 0.0961111 0.085 0 2765.07 -104.012 0 23.5595 
18700 7406.72 214.167 0.488122 0 0 102.981 100.903 0 0.0827778 0.0733333 0 2780.76 -107.073 0 23.6008 
18800 7364.39 214.542 0.487224 0 0 103.021 100.971 0 0.095 0.0872222 0 2796.32 -108.405 0 23.6453 
18900 7302.49 209.209 0.489641 0 0 102.939 100.768 0 0.103056 0.0908333 0 2811.55 -107.986 0 23.6769 
19000 7313.75 213.019 0.487086 0 0 102.946 100.82 0 0.108889 0.0930556 0 2827.04 -105.492 0 23.699 
19100 7383.31 213.173 0.48692 0 0 102.938 100.81 0 0.0883333 0.0733333 0 2842.6 -105.321 0 23.7206 
19200 7344.31 212.041 0.488282 0 0 103.094 100.901 0 0.0955556 0.0836111 0 2857.87 -105.723 0 23.7125 
19300 7328.64 210.469 0.489306 0 0 103.101 100.921 0 0.103611 0.0902778 0 2873.48 -106.206 0 23.7267 
19400 7318.75 213.01 0.488245 0 0 103.066 100.939 0 0.102778 0.0877778 0 2889.1 -109.014 0 23.7287 
19500 7354.59 211.725 0.488331 0 0 103.044 100.917 0 0.0980556 0.0836111 0 2904.68 -110.704 0 23.7435 
19600 7389.05 214.172 0.486564 0 0 103.048 100.951 0 0.0963889 0.0838889 0 2920.37 -113.985 0 23.7619 
19700 7361.08 211.988 0.486743 0 0 102.927 100.73 0 0.103611 0.0888889 0 2935.89 -113.208 0 23.7852 
19800 7441.02 211.919 0.48735 0 0 103.173 100.877 0 0.1 0.0902778 0 2951.2 -112.426 0 23.811 
19900 7460.31 212.354 0.487085 0 0 103.003 100.879 0 0.0905556 0.0788889 0 2966.56 -112.751 0 23.8759 
20000 7440.41 216.899 0.483879 0 0 102.925 100.87 0 0.0958333 0.0836111 0 2982.14 -113.472 0 23.8947 
20100 7368.51 212.451 0.487505 0 0 103.086 100.889 0 0.103333 0.0916667 0 2997.32 -112.391 0 23.8993 
20200 7420.93 214.322 0.486803 0 0 102.994 100.859 0 0.0986111 0.0863889 0 3012.76 -111.918 0 23.9446 
20300 7526.98 212.945 0.487159 0 0 102.939 100.814 0 0.0858333 0.0738889 0 3028.51 -112.83 0 23.9683 
20400 7458.17 215.847 0.48486 0 0 102.959 100.817 0 0.0975 0.0863889 0 3044.18 -113.514 0 23.9754 
20500 7495.74 215.782 0.484271 0 0 102.962 100.862 0 0.0963889 0.0838889 0 3059.74 -115.451 0 23.996 
20600 7438.11 212.834 0.48678 0 0 103.026 100.904 0 0.0972222 0.0841667 0 3075.54 -116.505 0 24.0296 
20700 7467.82 215.434 0.485099 0 0 102.97 100.82 0 0.1025 0.0891667 0 3090.81 -118.039 0 24.0406 
20800 7453.36 212.865 0.486581 0 0 103.001 100.909 0 0.0975 0.0866667 0 3106.27 -116.79 0 24.0631 
20900 7497.16 210.654 0.487733 0 0 102.966 100.846 0 0.0897222 0.0816667 0 3121.73 -116.597 0 24.0645 
21000 7543.79 213.417 0.486668 0 0 103.001 100.872 0 0.0936111 0.0802778 0 3137.46 -115.968 0 24.0983 
21100 7516.65 213.768 0.485981 0 0 102.983 100.759 0 0.0938889 0.0825 0 3152.68 -116.746 0 24.1211 
21200 7426 211.919 0.487639 0 0 103.086 100.906 0 0.103333 0.0919444 0 3167.94 -114.339 0 24.1375 
21300 7518.47 214.627 0.485687 0 0 103.084 100.876 0 0.0983333 0.0866667 0 3183.34 -113.303 0 24.1624 
21400 7552.62 213.185 0.486266 0 0 103.047 100.854 0 0.0975 0.0819444 0 3198.52 -115.243 0 24.1674 
21500 7598.94 212.822 0.486701 0 0 103.024 100.899 0 0.0858333 0.0772222 0 3213.82 -114.287 0 24.2004 
21600 7583.29 214.48 0.485055 0 0 103.04 100.883 0 0.0880556 0.0769444 0 3229.06 -112.701 0 24.2059 
21700 7488.19 215.405 0.485139 0 0 103.012 100.91 0 0.0958333 0.0863889 0 3244.56 -113.547 0 24.2211 
21800 7473.49 214.018 0.486267 0 0 103.105 101.018 0 0.0988889 0.0847222 0 3259.94 -113.046 0 24.2212 
21900 7570.35 210.76 0.488578 0 0 103.175 101.016 0 0.0913889 0.08 0 3275.28 -113.487 0 24.2498 
22000 7590.64 211.721 0.488003 0 0 103.145 101.025 0 0.0902778 0.0797222 0 3290.52 -113.682 0 24.2431 
22100 7545.52 214.436 0.486683 0 0 103.104 101.001 0 0.0902778 0.0761111 0 3305.98 -113.806 0 24.2705 
22200 7519.34 210.553 0.488321 0 0 103.011 100.889 0 0.0938889 0.0847222 0 3321.33 -113.104 0 24.2749 
22300 7420.54 211.976 0.487223 0 0 102.994 100.863 0 0.105 0.0922222 0 3336.69 -114.824 0 24.2729 
22400 7579.53 212.073 0.488032 0 0 103.22 101.099 0 0.0972222 0.0844444 0 3351.97 -115.941 0 24.2866 
22500 7537.57 210.168 0.489323 0 0 103.253 101.126 0 0.0988889 0.0841667 0 3367.37 -116.67 0 24.3092 
22600 7569.71 212.814 0.48862 0 0 103.219 101.153 0 0.095 0.0816667 0 3382.72 -117.414 0 24.3101 
22700 7519.92 214.896 0.487329 0 0 103.247 101.122 0 0.1075 0.0927778 0 3398.1 -116.87 0 24.3097 
22800 7585.88 213.627 0.487176 0 0 103.257 101.143 0 0.0980556 0.0833333 0 3413.65 -117.093 0 24.3117 
22900 7567.42 212.411 0.488122 0 0 103.215 101.076 0 0.0977778 0.0861111 0 3428.93 -118.642 0 24.3168 
23000 7619.33 209.928 0.490021 0 0 103.271 101.185 0 0.0902778 0.0780556 0 3444.51 -119.201 0 24.3357 
23100 7598.92 209.809 0.489496 0 0 103.231 101.069 0 0.0988889 0.0869444 0 3459.78 -118.241 0 24.3475 
23200 7531.28 211.206 0.489103 0 0 103.246 101.159 0 0.101389 0.0897222 0 3474.89 -118.13 0 24.3868 
23300 7648.11 209.494 0.489899 0 0 103.249 101.138 0 0.0877778 0.0763889 0 3490.24 -117.629 0 24.4335 
23400 7556.03 210.373 0.489248 0 0 103.181 101.024 0 0.0986111 0.0863889 0 3505.86 -116.813 0 24.4591 
23500 7575.53 211.617 0.488907 0 0 103.248 101.14 0 0.100278 0.0872222 0 3520.97 -117.476 0 24.4583 
23600 7534.21 211.525 0.488871 0 0 103.226 101.096 0 0.0977778 0.0836111 0 3536.42 -117.98 0 24.4669 
23700 7536.52 212.576 0.487829 0 0 103.259 101.06 0 0.1 0.0888889 0 3551.67 -119.885 0 24.4293 
23800 7493.33 213.247 0.488702 0 0 103.266 101.172 0 0.106667 0.0913889 0 3567 -119.209 0 24.3862 
23900 7680.05 210.506 0.489896 0 0 103.239 101.16 0 0.0877778 0.0772222 0 3582.55 -118.376 0 24.3731 
24000 7662.43 211.899 0.489132 0 0 103.255 101.17 0 0.0894444 0.0777778 0 3598.08 -120.363 0 24.3681 
24100 7620.51 210.657 0.488736 0 0 103.192 101.088 0 0.0961111 0.0847222 0 3613.29 -120.917 0 24.3733 
24200 7557.72 211.023 0.489261 0 0 103.23 101.141 0 0.0925 0.0802778 0 3628.57 -120.734 0 24.4147 
24300 7527.65 212.831 0.488456 0 0 103.189 101.038 0 0.108611 0.0991667 0 3643.95 -122.481 0 24.4246 
24400 7630.96 209.706 0.489511 0 0 103.268 101.127 0 0.0966667 0.0847222 0 3659.06 -121.995 0 24.4245 
24500 7606.29 210.854 0.489007 0 0 103.265 101.122 0 0.0933333 0.0830556 0 3674.77 -119.349 0 24.424 
24600 7640.79 210.169 0.490036 0 0 103.336 101.215 0 0.0938889 0.0813889 0 3690.59 -120.767 0 24.4228 
24700 7540.79 212.129 0.488711 0 0 103.288 101.176 0 0.0988889 0.0866667 0 3705.91 -122.632 0 24.4307 
24800 7594.21 215.609 0.486699 0 0 103.272 101.133 0 0.103056 0.0894444 0 3720.86 -122.013 0 24.4576 
24900 7584.64 212.964 0.4886 0 0 103.329 101.241 0 0.0927778 0.0797222 0 3736.15 -123.384 0 24.4628 
25000 7587.19 209.849 0.489667 0 0 103.261 101.076 0 0.0894444 0.0775 0 3751.77 -123.51 0 24.4537 
25100 7600.38 210.458 0.48909 0 0 103.223 101.08 0 0.1025 0.0888889 0 3767.74 -125.174 0 24.4469 
25200 7508.99 214.876 0.486397 0 0 103.241 101.121 0 0.108611 0.0916667 0 3783.41 -123.691 0 24.4356 
25300 7662 213.074 0.487796 0 0 103.172 101.061 0 0.0866667 0.0736111 0 3798.63 -125.483 0 24.4557 
25400 7672.67 214.575 0.486178 0 0 103.157 100.946 0 0.0952778 0.0833333 0 3814.09 -124.249 0 24.446 
25500 7610.78 213.226 0.486688 0 0 103.274 101.042 0 0.0983333 0.0838889 0 3829.5 -123.944 0 24.4506 
25600 7659.61 213.044 0.487047 0 0 103.181 101.059 0 0.0880556 0.0747222 0 3844.74 -124.238 0 24.45 
25700 7627.74 212.045 0.487576 0 0 103.154 101.108 0 0.102778 0.0930556 0 3860.27 -126.402 0 24.452 
25800 7589.33 211.961 0.486886 0 0 103.12 100.985 0 0.0980556 0.0891667 0 3875.52 -125.237 0 24.4572 
25900 7636.6 214.075 0.485773 0 0 103.124 100.969 0 0.0936111 0.0775 0 3891.21 -126.963 0 24.4852 
26000 7633.07 212.37 0.487192 0 0 103.189 101.002 0 0.0977778 0.0872222 0 3906.7 -128.603 0 24.4825 
26100 7748.16 212.252 0.487516 0 0 103.136 100.986 0 0.0894444 0.0777778 0 3922.14 -128.724 0 24.5187 
26200 7574.72 210.849 0.488209 0 0 103.118 100.988 0 0.0988889 0.0833333 0 3937.38 -127.368 0 24.5419 
26300 7653.08 212.918 0.486618 0 0 103.143 100.999 0 0.0902778 0.0802778 0 3952.76 -129.273 0 24.5509 
26400 7634.6 212.157 0.487062 0 0 103.088 100.979 0 0.0958333 0.0822222 0 3968.23 -131.419 0 24.5356 
26500 7624.51 215.792 0.484465 0 0 103.078 100.931 0 0.0986111 0.0880556 0 3983.43 -131.166 0 24.5672 
26600 7654.29 210.935 0.487985 0 0 103.071 100.983 0 0.0975 0.0833333 0 3999.28 -132.266 0 24.5558 
26700 7633.81 213.852 0.486459 0 0 103.082 101.022 0 0.0958333 0.0869444 0 4014.56 -132.954 0 24.5532 
26800 7618.04 211.485 0.487324 0 0 103.074 100.956 0 0.0961111 0.0858333 0 4029.66 -133.08 0 24.55 
26900 7637.64 215.786 0.484662 0 0 103.061 100.992 0 0.0969444 0.0866667 0 4044.89 -133.166 0 24.5574 
27000 7588.6 211.039 0.487286 0 0 103.071 100.918 0 0.103611 0.0891667 0 4060.16 -133.537 0 24.5359 
27100 7616.85 212.057 0.486455 0 0 103.024 100.939 0 0.100278 0.0875 0 4075.75 -133.986 0 24.5593 
27200 7614.14 214.341 0.48544 0 0 103.091 100.948 0 0.0969444 0.085 0 4091.08 -133.68 0 24.569 
27300 7619.67 213.787 0.48608 0 0 103.109 100.958 0 0.109167 0.0966667 0 4106.4 -132.248 0 24.5732 
27400 7625.57 212.391 0.486492 0 0 103.034 100.922 0 0.103333 0.0888889 0 4121.67 -134.894 0 24.5936 
27500 7581.22 214.006 0.48479 0 0 102.986 100.829 0 0.101667 0.0897222 0 4136.88 -135.687 0 24.6128 
27600 7780 213.671 0.486429 0 0 103.073 100.918 0 0.0838889 0.0719444 0 4151.96 -136.158 0 24.5845 
27700 7677.22 214.231 0.485795 0 0 103.076 100.979 0 0.0941667 0.0822222 0 4167.15 -135.831 0 24.5748 
27800 7641.97 212.976 0.486319 0 0 103.049 100.983 0 0.102222 0.0902778 0 4182.58 -139.937 0 24.5594 
27900 7664.06 212.93 0.485843 0 0 103.041 100.84 0 0.0994444 0.0897222 0 4197.79 -138.094 0 24.5631 
28000 7713.74 214.885 0.484417 0 0 103.055 100.882 0 0.0869444 0.0794444 0 4212.95 -138.986 0 24.5794 
28100 7675.76 219.096 0.481945 0 0 102.951 100.824 0 0.0933333 0.0802778 0 4228.72 -141.417 0 24.6095 
28200 7710.75 213.019 0.485618 0 0 102.99 100.869 0 0.0891667 0.0772222 0 4244.37 -144.657 0 24.6378 
28300 7605.78 213.223 0.486327 0 0 103.043 100.916 0 0.105556 0.0913889 0 4259.65 -144.924 0 24.652 
28400 7674.86 214.767 0.484008 0 0 102.981 100.79 0 0.1025 0.0891667 0 4275.07 -145.84 0 24.6861 
28500 7646.47 214.363 0.484776 0 0 103.021 100.906 0 0.100278 0.0863889 0 4290.17 -145.769 0 24.6964 
28600 7669.66 212.536 0.486722 0 0 103.02 100.916 0 0.104722 0.0913889 0 4305.58 -149.693 0 24.7154 
28700 7726.23 214.818 0.483892 0 0 103.044 100.871 0 0.0986111 0.0894444 0 4321.29 -151.174 0 24.7286 
28800 7753.85 218.993 0.482375 0 0 103.043 100.912 0 0.0930556 0.08 0 4336.65 -152.11 0 24.7491 
28900 7698.94 215.039 0.483711 0 0 103.054 100.896 0 0.0938889 0.0819444 0 4352.2 -152.701 0 24.7493 
29000 7750.51 214.149 0.484792 0 0 103.096 100.919 0 0.0936111 0.0838889 0 4367.42 -153.747 0 24.7824 
29100 7904.25 214.805 0.483958 0 0 103.049 100.931 0 0.0833333 0.075 0 4383 -155.401 0 24.7935 
29200 7847.04 212.717 0.484949 0 0 103.097 101.001 0 0.0897222 0.0802778 0 4398.57 -156.44 0 24.8187 
29300 7783.85 214.882 0.483821 0 0 103.029 100.876 0 0.0925 0.0788889 0 4414.03 -158.263 0 24.8606 
29400 7748.84 213.609 0.483713 0 0 103.019 100.942 0 0.101944 0.0911111 0 4429.47 -160.524 0 24.8844 
29500 7733.3 214.061 0.483415 0 0 102.977 100.876 0 0.105278 0.0913889 0 4445.02 -163.287 0 24.8996 
29600 7736.82 214.364 0.483325 0 0 103.093 100.872 0 0.102222 0.0883333 0 4460.4 -164.774 0 24.9396 
29700 7853.72 215.659 0.482227 0 0 103.028 100.875 0 0.0925 0.0780556 0 4475.87 -164.27 0 24.9605 
29800 7858.7 216.186 0.482351 0 0 103.008 100.827 0 0.0863889 0.0772222 0 4491.3 -164.612 0 24.9726 
29900 7822.56 213.046 0.484199 0 0 102.914 100.795 0 0.0988889 0.0894444 0 4506.52 -161.742 0 24.9857 
30000 7782.64 213.64 0.483889 0 0 103 100.929 0 0.102222 0.0922222 0 4521.72 -160.185 0 25.0208 
30100 7847.73 215.428 0.483004 0 0 103.025 100.878 0 0.0908333 0.0775 0 4537.01 -158.312 0 25.0301 
30200 7824.55 215.357 0.482083 0 0 103.016 100.803 0 0.0994444 0.0880556 0 4552.05 -158.648 0 25.0304 
30300 7836.26 212.695 0.484605 0 0 103.057 100.966 0 0.0916667 0.0813889 0 4567.48 -159.301 0 25.0512 
30400 7706.84 212.976 0.484238 0 0 103.033 100.887 0 0.105 0.0922222 0 4582.68 -161.837 0 25.0726 
30500 7841.2 212.608 0.483583 0 0 102.941 100.705 0 0.0891667 0.0791667 0 4597.97 -160.197 0 25.0521 
30600 7801.3 214.301 0.483253 0 0 103.065 100.884 0 0.0977778 0.0880556 0 4613.28 -158.893 0 25.0288 
30700 7828 213.657 0.483265 0 0 103.04 100.843 0 0.095 0.0833333 0 4628.35 -156.578 0 25.0363 
30800 7900.29 217.836 0.480875 0 0 103.043 100.756 0 0.0883333 0.0783333 0 4643.59 -156.858 0 25.0063 
30900 7860.93 216.711 0.480915 0 0 102.996 100.799 0 0.0938889 0.0811111 0 4658.59 -159.884 0 24.9944 
31000 7832.12 214.239 0.482755 0 0 102.978 100.856 0 0.104722 0.0925 0 4673.75 -159.362 0 24.9907 
31100 7770.09 213.8 0.483209 0 0 103.008 100.881 0 0.1075 0.0955556 0 4688.83 -158.968 0 25.0172 
31200 7824.14 213.245 0.483512 0 0 102.983 100.784 0 0.0886111 0.0766667 0 4704.01 -163.573 0 25.0026 
31300 7754 216.968 0.481334 0 0 103.015 100.918 0 0.104444 0.09 0 4718.95 -164.325 0 25.0245 
31400 7883.69 214.907 0.482631 0 0 103.082 100.953 0 0.0866667 0.0769444 0 4734.13 -160.665 0 25.0455 
31500 7876.12 215.248 0.482271 0 0 103.094 100.86 0 0.0897222 0.0772222 0 4749.16 -159.75 0 25.0373 
31600 7915.49 216.237 0.48199 0 0 103.056 100.892 0 0.0863889 0.0744444 0 4764.08 -157.72 0 25.0235 
31700 7734.04 215.683 0.481864 0 0 103.055 100.921 0 0.106389 0.0916667 0 4779.32 -155.868 0 25.0426 
31800 7715.34 214.249 0.482668 0 0 103.003 100.839 0 0.108333 0.0958333 0 4794.15 -152.186 0 25.0219 
31900 7830.62 214.759 0.483097 0 0 103.055 100.955 0 0.0963889 0.0825 0 4809.34 -153.202 0 24.9798 
32000 7827.49 215.102 0.482067 0 0 103.05 100.934 0 0.0930556 0.0794444 0 4824.54 -155.546 0 24.9674 
32100 7802.9 213.29 0.483553 0 0 103.084 100.984 0 0.0972222 0.0866667 0 4839.82 -158.717 0 24.9437 
32200 7786.87 214.538 0.483361 0 0 103.107 100.963 0 0.0980556 0.0875 0 4855.17 -159.687 0 24.9098 
32300 7836.81 215.682 0.482104 0 0 103.14 100.994 0 0.09 0.0791667 0 4870.31 -159.331 0 24.9104 
32400 7855.44 214.046 0.482709 0 0 103.054 100.887 0 0.0966667 0.0838889 0 4885.49 -155.401 0 24.9192 
32500 7852.94 212.846 0.484272 0 0 103.139 101.035 0 0.0972222 0.0838889 0 4900.82 -156.852 0 24.9322 
32600 7858 213.736 0.482878 0 0 103.016 100.823 0 0.0983333 0.0875 0 4915.78 -156.487 0 24.9449 
32700 7890.72 213.722 0.483441 0 0 103.103 100.972 0 0.0880556 0.0791667 0 4930.74 -151.469 0 24.9741 
32800 7905.53 214.46 0.482277 0 0 103.074 100.873 0 0.0944444 0.085 0 4945.78 -150.926 0 24.9725 
32900 7830.41 215.395 0.481615 0 0 103.086 100.841 0 0.0991667 0.0880556 0 4961.33 -151.308 0 24.9862 
33000 7802.92 214.493 0.482399 0 0 103.1 100.935 0 0.0991667 0.0902778 0 4976.42 -149.938 0 25.0202 
33100 7896.71 217.293 0.480239 0 0 103.081 100.849 0 0.0919444 0.0819444 0 4991.56 -150.672 0 25.0122 
33200 7932.08 219.539 0.479227 0 0 103.08 100.906 0 0.0838889 0.0713889 0 5006.81 -149.722 0 24.9966 
33300 7984.47 213.577 0.482585 0 0 103.105 100.879 0 0.0794444 0.0716667 0 5022.3 -148.84 0 25.0243 
33400 7862.05 215.181 0.481943 0 0 103.093 100.882 0 0.0975 0.0841667 0 5037.75 -148.018 0 25.0246 
33500 7880.63 215.615 0.481274 0 0 103.17 100.995 0 0.0952778 0.0819444 0 5053.42 -150.286 0 24.9976 
33600 7822.59 217.899 0.480406 0 0 103.144 100.962 0 0.101111 0.0883333 0 5068.87 -150.986 0 25.0528 
33700 7796.57 215.327 0.481699 0 0 103.03 100.849 0 0.1025 0.0913889 0 5084.37 -148.641 0 25.0807 
33800 7880.04 215.134 0.481944 0 0 103.095 100.976 0 0.0963889 0.0836111 0 5099.48 -148.29 0 25.1026 
33900 7795.84 217.144 0.480803 0 0 103.251 101.036 0 0.105278 0.0911111 0 5114.98 -148.194 0 25.1518 
34000 7905.07 216.265 0.48145 0 0 103.078 100.946 0 0.0980556 0.0869444 0 5130.26 -144.177 0 25.1852 
34100 7953.25 215.108 0.480741 0 0 103.043 100.856 0 0.0894444 0.0783333 0 5145.51 -141.468 0 25.1722 
34200 7842.04 214.431 0.480856 0 0 103.037 100.842 0 0.0963889 0.0855556 0 5160.73 -141.491 0 25.189 
34300 7913.93 213.984 0.482049 0 0 103.116 100.929 0 0.0972222 0.0852778 0 5175.92 -140.158 0 25.1718 
34400 7924.5 218.289 0.478905 0 0 103.095 100.878 0 0.0969444 0.0858333 0 5191.24 -139.279 0 25.1431 
34500 7818.09 215.458 0.480301 0 0 102.98 100.826 0 0.113333 0.100833 0 5206.6 -139.935 0 25.1758 
34600 7877.74 215.628 0.480678 0 0 103.098 100.966 0 0.105833 0.0922222 0 5221.88 -140.185 0 25.2054 
34700 7897.37 216.935 0.480185 0 0 103.159 100.986 0 0.103889 0.0911111 0 5237.08 -141.988 0 25.2047 
34800 7966.72 214.106 0.480993 0 0 102.968 100.759 0 0.0897222 0.0786111 0 5252.25 -142.835 0 25.2573 
34900 8118.97 215.974 0.479252 0 0 102.969 100.746 0 0.0761111 0.0686111 0 5267.14 -144.515 0 25.2776 
35000 8050.12 217.085 0.479012 0 0 103.015 100.748 0 0.0894444 0.0777778 0 5282.53 -142.34 0 25.2908 
35100 8054.59 215.027 0.47991 0 0 102.946 100.718 0 0.0863889 0.0763889 0 5297.54 -140.943 0 25.3177 
35200 7992.24 218.548 0.477994 0 0 102.972 100.725 0 0.0861111 0.0766667 0 5312.85 -141.972 0 25.3431 
35300 8076.53 215.495 0.480506 0 0 102.964 100.831 0 0.0913889 0.0794444 0 5328.31 -142.907 0 25.3485 
35400 8140.85 216.153 0.479155 0 0 102.999 100.79 0 0.0872222 0.0758333 0 5343.71 -145.185 0 25.4077 
35500 8095.27 218.318 0.477435 0 0 103.011 100.794 0 0.0875 0.0772222 0 5359.13 -144.798 0 25.4276 
35600 8133.92 216.863 0.478562 0 0 103.061 100.888 0 0.0891667 0.0777778 0 5375 -145.814 0 25.4326 
35700 8031.81 217.369 0.478441 0 0 103.062 100.949 0 0.0977778 0.0872222 0 5390.68 -147.896 0 25.4796 
35800 8052.51 215.794 0.479543 0 0 103.03 100.936 0 0.0969444 0.0855556 0 5406.49 -146.518 0 25.5308 
35900 8091.76 215.718 0.47908 0 0 103.017 100.859 0 0.0988889 0.0875 0 5422.51 -147.088 0 25.5655 
36000 8112.89 216.882 0.478621 0 0 103.033 100.904 0 0.0933333 0.0791667 0 5437.58 -147.602 0 25.6171 
36100 8107.75 214.679 0.479248 0 0 103.039 100.876 0 0.0958333 0.0877778 0 5452.94 -146.557 0 25.6626 
36200 8064.56 217.6 0.477983 0 0 103.088 101.025 0 0.101111 0.0861111 0 5468.46 -145.34 0 25.7021 
36300 8142.21 214.861 0.480015 0 0 103.08 101.013 0 0.0922222 0.0819444 0 5483.72 -146.47 0 25.7318 
36400 8126.85 216.613 0.478714 0 0 103.111 100.998 0 0.0933333 0.0836111 0 5498.43 -144.675 0 25.738 
36500 8113.47 216.752 0.478391 0 0 103.043 100.912 0 0.0961111 0.0830556 0 5513.9 -146.015 0 25.755 
36600 8142.95 217.981 0.4781 0 0 103.128 100.963 0 0.0997222 0.0847222 0 5529.28 -145.229 0 25.7716 
36700 8097.1 215.405 0.479237 0 0 103.05 100.94 0 0.101389 0.0908333 0 5544.18 -144.472 0 25.7778 
36800 8081.71 215.527 0.479228 0 0 103.052 100.961 0 0.1025 0.0930556 0 5559.26 -141.709 0 25.7784 
36900 8170.83 218.801 0.477051 0 0 103.019 100.982 0 0.0913889 0.0813889 0 5574.2 -141.371 0 25.7719 
37000 8265.89 215.866 0.478508 0 0 103.041 100.761 0 0.0813889 0.0713889 0 5589.37 -139.881 0 25.7372 
37100 8288.47 217.262 0.477585 0 0 103.092 100.851 0 0.0802778 0.0686111 0 5604.45 -142.034 0 25.7449 
37200 8049.93 215.309 0.478551 0 0 103.01 100.816 0 0.105833 0.0947222 0 5619.28 -143.356 0 25.7477 
37300 8028.39 217.005 0.477796 0 0 103.013 100.835 0 0.109444 0.0966667 0 5634.37 -141.408 0 25.7541 
37400 8132.72 216.284 0.478835 0 0 103.147 100.968 0 0.101944 0.0891667 0 5649.56 -141.772 0 25.778 
37500 8241.77 218.191 0.477412 0 0 103.001 100.897 0 0.0869444 0.0763889 0 5664.89 -142.066 0 25.8162 
37600 8180.92 216.364 0.478383 0 0 103.061 100.929 0 0.0947222 0.0861111 0 5680.24 -143.076 0 25.8336 
37700 8217.2 218.275 0.477137 0 0 103.042 100.936 0 0.0905556 0.0830556 0 5695.68 -140.872 0 25.8653 
37800 8206.07 215.245 0.479064 0 0 103.096 100.938 0 0.0894444 0.0786111 0 5710.73 -139.489 0 25.8937 
37900 8231.72 218.218 0.477414 0 0 103.078 100.904 0 0.095 0.0852778 0 5725.58 -139.089 0 25.9026 
38000 8193.73 216.526 0.477891 0 0 103.106 100.963 0 0.0955556 0.0841667 0 5740.68 -140.367 0 25.9092 
38100 8187.25 220.054 0.475199 0 0 103.072 100.921 0 0.0933333 0.0786111 0 5755.65 -139.334 0 25.9118 
38200 8263.5 216.731 0.47776 0 0 103.13 100.953 0 0.0930556 0.0805556 0 5770.74 -138.948 0 25.895 
38300 8165.71 217.489 0.476436 0 0 102.954 100.707 0 0.0991667 0.0877778 0 5785.74 -139.11 0 25.861 
38400 8243.65 217.482 0.476885 0 0 103.054 100.933 0 0.0919444 0.0805556 0 5800.58 -138.715 0 25.8426 
38500 8107.3 217.116 0.477676 0 0 103.078 101.007 0 0.104167 0.0905556 0 5815.43 -140.287 0 25.821 
38600 8103.88 216.156 0.47752 0 0 103.021 100.921 0 0.106944 0.0944444 0 5830.42 -140.547 0 25.8174 
38700 8136.57 215.591 0.477742 0 0 102.998 100.892 0 0.0980556 0.0869444 0 5845.63 -143.483 0 25.8319 
38800 8138.8 216.774 0.477196 0 0 103.059 100.957 0 0.0997222 0.0869444 0 5860.56 -144.052 0 25.8443 
38900 8237.63 221.167 0.474567 0 0 103.219 100.95 0 0.0902778 0.0813889 0 5875.56 -143.931 0 25.8505 
39000 8207.92 220.54 0.475039 0 0 103.054 100.965 0 0.0897222 0.0802778 0 5890.37 -144.14 0 25.8546 
39100 8115.98 217.109 0.476788 0 0 103.014 100.868 0 0.103056 0.0902778 0 5905.59 -144.267 0 25.8525 
39200 8217.62 217.991 0.476816 0 0 103.126 100.967 0 0.095 0.0836111 0 5920.61 -146.005 0 25.8342 
39300 8157.33 218.434 0.476738 0 0 103.056 100.967 0 0.0933333 0.0830556 0 5935.59 -145.997 0 25.8598 
39400 8126.1 218.159 0.476398 0 0 103.019 100.937 0 0.103611 0.0905556 0 5951.07 -147.201 0 25.8968 
39500 8170.03 222.154 0.473489 0 0 103.002 100.923 0 0.104167 0.0936111 0 5966.28 -146.196 0 25.9306 
39600 8238.33 218.051 0.475821 0 0 103.086 100.94 0 0.0919444 0.0822222 0 5981.27 -145.286 0 25.9383 
39700 8189.12 220.79 0.473822 0 0 102.989 100.882 0 0.1025 0.0902778 0 5996.51 -144.834 0 25.9462 
39800 8159.67 219.279 0.475179 0 0 103.123 101.017 0 0.100278 0.0869444 0 6011.4 -144.779 0 25.9315 
39900 8224.51 216.11 0.477133 0 0 103.026 100.932 0 0.0933333 0.0822222 0 6026.55 -145.288 0 25.9312 
40000 8173 219.176 0.474513 0 0 103.062 100.896 0 0.100556 0.0875 0 6041.51 -146.281 0 25.936 
40100 8307.89 219.19 0.474827 0 0 103.088 100.829 0 0.0880556 0.0772222 0 6056.62 -148.237 0 25.9377 
40200 8225.76 220.806 0.47406 0 0 103.049 100.958 0 0.0947222 0.0819444 0 6071.45 -149.101 0 25.9417 
40300 8272.67 219.925 0.474177 0 0 103.008 100.901 0 0.0880556 0.0744444 0 6086.23 -147.584 0 25.9466 
40400 8249.87 222.114 0.472209 0 0 102.931 100.836 0 0.0941667 0.0836111 0 6101.43 -147.28 0 25.8957 
40500 8209.3 219.837 0.473719 0 0 103.076 100.975 0 0.0958333 0.0822222 0 6116.71 -147.058 0 25.8531 
40600 8398.23 218.177 0.474908 0 0 103.113 100.976 0 0.0816667 0.0713889 0 6131.89 -147.31 0 25.8419 
40700 8249.74 221.136 0.474038 0 0 103.168 101.052 0 0.0969444 0.0847222 0 6146.6 -149.543 0 25.8252 
40800 8287.51 216.857 0.476169 0 0 103.169 101.094 0 0.0952778 0.0858333 0 6161.74 -149.233 0 25.8296 
40900 8259.13 218.526 0.474844 0 0 103.101 100.966 0 0.0947222 0.0869444 0 6177.09 -149.63 0 25.8725 
41000 8331.92 221.594 0.472416 0 0 103.159 100.993 0 0.0844444 0.075 0 6192.21 -149.427 0 25.9214 
41100 8273.35 220.306 0.473724 0 0 102.987 100.892 0 0.0986111 0.0875 0 6207.26 -146.819 0 25.9349 
41200 8316.97 217.447 0.473519 0 0 102.971 100.803 0 0.09 0.0775 0 6222.38 -146.66 0 25.9633 
41300 8220.05 217.15 0.475337 0 0 103.016 100.96 0 0.1075 0.0955556 0 6237.54 -146.212 0 25.9733 
41400 8281.36 220.021 0.473436 0 0 103.036 100.94 0 0.0913889 0.0841667 0 6252.45 -146.9 0 26.0028 
41500 8314.66 219.678 0.474491 0 0 103.069 101.005 0 0.0936111 0.0830556 0 6267.67 -147.564 0 25.9801 
41600 8227.56 219.82 0.472953 0 0 103.027 100.91 0 0.0994444 0.0877778 0 6283.01 -147.358 0 25.9919 
41700 8284.01 219.101 0.473498 0 0 102.983 100.854 0 0.100556 0.0908333 0 6298.18 -147.083 0 26.0061 
41800 8322.85 221.166 0.472555 0 0 103.061 100.968 0 0.0886111 0.0797222 0 6313.7 -149.166 0 26.0028 
41900 8254.69 220.608 0.473256 0 0 103.117 100.965 0 0.103889 0.0905556 0 6328.77 -150.442 0 25.99 
42000 8277.94 218.59 0.474668 0 0 103.128 101.072 0 0.0922222 0.0825 0 6343.72 -150.684 0 26.0744 
42100 8293.87 217.708 0.474721 0 0 103.118 100.899 0 0.0952778 0.0816667 0 6358.48 -153.632 0 26.0852 
42200 8415.09 220.05 0.472671 0 0 103.098 100.922 0 0.0866667 0.0761111 0 6373.55 -153.717 0 26.0962 
42300 8275.07 220.643 0.473884 0 0 103.18 101.082 0 0.0994444 0.0861111 0 6388.59 -155.286 0 26.0819 
42400 8334.64 219.82 0.473937 0 0 103.183 101.093 0 0.0911111 0.0816667 0 6403.58 -154.5 0 26.0946 
42500 8406.53 217.852 0.474817 0 0 103.297 101.128 0 0.0855556 0.0766667 0 6418.47 -156.343 0 26.0434 
42600 8357.21 220.369 0.474128 0 0 103.235 101.173 0 0.0952778 0.0827778 0 6433.42 -157.426 0 26.0231 
42700 8269.43 219.484 0.473669 0 0 103.264 101.106 0 0.1 0.0897222 0 6448.19 -160.565 0 26.0331 
42800 8330.51 220.083 0.473743 0 0 103.261 101.166 0 0.0947222 0.0844444 0 6463.3 -161.259 0 26.0598 
42900 8305.51 218.943 0.473623 0 0 103.083 100.984 0 0.0994444 0.0880556 0 6478.39 -160.397 0 26.0757 
43000 8409.65 219.248 0.473875 0 0 103.265 101.013 0 0.0852778 0.0775 0 6493.49 -158.243 0 26.0863 
43100 8362.61 219.481 0.473184 0 0 103.163 100.999 0 0.0908333 0.08 0 6508.09 -158.255 0 26.1361 
43200 8425.37 217.534 0.47444 0 0 103.079 101.001 0 0.0866667 0.0777778 0 6522.87 -156.396 0 26.1308 
43300 8353.22 220.587 0.472317 0 0 103.043 100.927 0 0.0994444 0.0833333 0 6537.5 -158.285 0 26.1442 
43400 8346.66 219.197 0.472521 0 0 103.013 100.895 0 0.0886111 0.0783333 0 6552.34 -158.451 0 26.147 
43500 8449.42 220.017 0.472499 0 0 103.06 101.018 0 0.0808333 0.0711111 0 6567.51 -161.195 0 26.1489 
43600 8332.88 219.641 0.472768 0 0 103.252 101.074 0 0.100833 0.0872222 0 6582.44 -161.158 0 26.1252 
43700 8328.3 218.631 0.473427 0 0 103.149 101.041 0 0.0969444 0.0833333 0 6597.36 -160.695 0 26.1382 
43800 8342.6 217.099 0.474273 0 0 103.062 100.882 0 0.0883333 0.0788889 0 6611.81 -163.434 0 26.1514 
43900 8352.26 219.526 0.473286 0 0 103.214 101.142 0 0.0961111 0.085 0 6627.09 -162.758 0 26.1399 
44000 8405.41 216.428 0.474248 0 0 103.225 101.032 0 0.0891667 0.0780556 0 6642.15 -160.514 0 26.1237 
44100 8399.48 216.666 0.47435 0 0 103.42 101.12 0 0.0883333 0.0736111 0 6656.95 -158.903 0 26.1429 
44200 8405.92 215.936 0.474677 0 0 103.233 101.083 0 0.0888889 0.0780556 0 6672.09 -161.054 0 26.137 
44300 8455.8 219.206 0.473134 0 0 103.271 101.12 0 0.0855556 0.0766667 0 6687.26 -163.755 0 26.1212 
44400 8345.37 219.411 0.473366 0 0 103.283 101.179 0 0.0969444 0.0875 0 6702.36 -165.453 0 26.1442 
44500 8387.08 217.489 0.473739 0 0 103.288 101.085 0 0.0991667 0.0855556 0 6717.46 -165.689 0 26.2051 
44600 8423.39 216.27 0.47547 0 0 103.292 101.148 0 0.0927778 0.0822222 0 6732.37 -164.978 0 26.2324 
44700 8488.93 218.722 0.473231 0 0 103.281 101.082 0 0.0852778 0.0722222 0 6747.5 -166.545 0 26.249 
44800 8365.55 216.387 0.475371 0 0 103.336 101.205 0 0.0994444 0.0908333 0 6762.57 -167.145 0 26.2897 
