#  1: Update
#  2: nop-A
#  3: nop-B
#  4: nop-C
#  5: if-n-equ
#  6: if-less
#  7: if-label
#  8: mov-head
#  9: jmp-head
# 10: get-head
# 11: set-flow
# 12: shift-r
# 13: shift-l
# 14: inc
# 15: dec
# 16: push
# 17: pop
# 18: swap-stk
# 19: swap
# 20: add
# 21: sub
# 22: nand
# 23: h-copy
# 24: h-alloc
# 25: h-divide
# 26: IO
# 27: h-search

0 203 1 47 0 0 1 2 0 0 0 0 0 0 0 0 0 0 0 0 0 0 1 1 1 41 2 
100 37930 256 18249 0 9 269 763 0 1 0 1 1 2 0 0 0 8 0 1 0 0 268 544 270 16347 808 
200 616438 3724 220430 69 173 3845 10088 24 68 44 49 60 79 81 39 101 133 51 47 64 48 3866 6707 3847 194193 10434 
300 597801 3778 228325 69 196 4018 10107 12 111 132 93 138 152 109 73 132 155 99 131 116 166 4011 6801 3993 201762 10545 
400 580731 3845 237241 61 290 4109 10315 14 80 167 148 146 201 191 89 175 240 126 201 225 253 4053 6683 4133 210335 10536 
500 591199 3775 230179 166 283 4097 10290 36 142 209 243 135 245 240 109 137 249 167 271 297 350 3959 6860 3985 204219 10591 
600 585612 3868 230984 216 368 4173 10276 68 151 281 253 190 284 349 174 187 361 134 331 259 273 4055 6794 4095 205180 10626 
700 590182 3967 228617 233 384 4241 10233 93 229 352 389 185 270 318 192 231 368 204 321 338 427 4098 6740 4054 202961 10596 
800 584350 3979 229403 248 328 4338 10379 87 320 321 511 200 413 438 170 303 412 298 444 387 544 4211 6809 4125 204063 10723 
900 588123 4070 227333 360 333 4438 10404 54 407 328 495 203 385 441 208 326 453 316 462 405 538 4251 6873 4198 201678 10771 
1000 590776 4086 224240 285 318 4500 10329 37 384 450 443 312 405 505 178 388 322 298 403 504 612 4490 6638 4129 199310 10529 
1100 582332 4100 227623 251 279 4459 10482 19 450 1146 343 343 369 429 160 386 391 320 388 316 690 5175 6550 4142 203209 10681 
1200 580682 4012 228220 225 171 4278 10559 9 391 2557 257 554 270 226 154 259 211 207 256 188 424 6596 6849 4212 205822 10842 
1300 577873 3967 230006 97 76 4218 10504 30 339 3757 148 781 131 157 220 140 105 164 98 92 210 7846 6731 4272 209274 10786 
1400 572590 3938 232067 132 67 4237 10508 17 385 4192 110 837 138 181 165 103 60 153 97 130 144 8347 6719 4308 212069 10811 
1500 572863 3904 232327 148 132 4244 10469 19 393 4324 119 967 119 268 112 103 59 133 131 164 186 8406 6593 4330 212136 10702 
1600 580179 3937 228719 151 118 4222 10444 8 485 4334 168 1057 152 268 249 132 97 143 90 212 127 8352 6771 4307 208935 10808 
1700 582248 3913 228202 173 109 4242 10432 18 335 4253 196 967 152 223 267 84 116 146 193 261 179 8355 6500 4310 208660 10674 
1800 574270 4000 231015 281 133 4345 10421 15 319 4359 151 969 130 144 229 105 98 155 256 187 289 8470 6668 4379 211475 10773 
1900 579859 3947 228258 248 153 4363 10470 9 284 4329 153 829 160 204 231 201 85 153 251 178 399 8567 6620 4558 208626 10825 
2000 574867 3951 229608 237 163 4448 10579 15 296 4461 186 865 223 188 281 149 169 178 244 207 390 8583 6635 4649 209380 10953 
2100 578252 3909 229534 171 152 4520 10594 18 430 4593 160 908 190 231 204 133 147 181 184 128 448 8585 6522 4703 209353 10757 
2200 569310 3975 232865 75 139 4620 10598 22 333 4703 175 1027 203 243 297 163 136 222 168 130 442 8578 6724 4899 212707 10990 
2300 577690 4001 228387 119 153 4521 10590 15 296 4524 157 1314 148 254 305 90 144 294 182 92 528 8485 6639 4875 209008 10810 
2400 573605 4061 230010 163 204 4720 10693 15 422 4570 197 1167 97 201 404 92 104 355 283 104 439 8685 6677 4780 210251 10789 
2500 573224 4184 229648 214 196 4709 10858 21 482 4519 170 1208 142 233 409 97 64 349 344 129 546 8680 6780 4812 210914 10808 
2600 568280 4175 231252 262 269 4716 10734 10 353 4580 169 1054 161 247 402 83 99 341 442 144 815 8689 6949 4939 211627 11007 
2700 580329 4184 226792 321 298 4681 10635 14 293 4450 192 1170 178 242 376 96 87 332 506 87 944 8654 6864 4898 207442 10837 
2800 581561 4287 226034 408 192 4627 10689 21 363 4347 176 1371 274 259 447 87 144 409 428 75 1161 8805 6714 5116 207752 10761 
2900 579128 4241 226444 446 270 4720 10791 8 293 4357 302 1466 230 199 452 76 203 399 460 66 1406 8828 6806 5110 207877 10757 
3000 571100 4298 229855 461 171 4780 10900 18 270 4278 296 1389 232 284 374 136 255 415 411 108 1639 8849 6601 5383 211243 10888 
3100 576545 4251 226530 500 169 4739 10956 21 352 4243 272 1389 163 238 465 173 226 375 625 159 1928 9215 6637 5610 207663 10862 
3200 570303 4363 229911 475 118 4784 10911 18 257 4240 280 1164 354 302 462 170 314 342 974 152 1877 9715 6714 5860 210809 11065 
3300 578332 4422 227199 545 124 4856 10797 15 372 4156 319 1071 300 220 533 123 217 240 1518 125 1958 10794 6549 6548 207419 11023 
3400 579698 4386 226742 516 108 4667 10542 10 273 4058 388 805 322 170 466 146 98 288 2280 82 1704 11959 6454 7141 206143 10797 
3500 587867 4283 224802 405 116 4589 10239 17 247 4150 442 743 241 200 397 141 123 277 2849 66 1442 13248 6391 7961 203522 10705 
3600 586280 4150 227670 295 169 4497 10198 7 176 4283 414 407 143 210 443 145 111 173 3286 163 843 14309 6521 8554 205184 10765 
3700 587333 4150 227801 246 168 4595 10279 15 145 4481 396 232 198 199 333 152 154 127 3436 133 501 14954 6570 8888 204554 10895 
3800 590572 4068 226274 231 205 4610 10125 20 196 4329 338 242 175 192 284 83 178 125 2984 213 435 14535 6423 9109 204384 10649 
3900 585575 4059 226671 254 236 4504 10222 4 225 4415 519 171 193 184 339 69 162 126 3085 142 215 14790 6473 9191 204352 10696 
4000 586412 4134 227350 268 359 4448 10215 12 197 4362 410 209 297 184 412 99 198 176 2763 213 162 14529 6494 9321 205854 10774 
4100 585195 4179 225941 414 456 4540 10204 25 326 4425 386 187 458 221 494 145 133 144 2258 233 150 14249 6461 9405 205497 10844 
4200 593470 4146 223373 418 529 4493 10258 24 277 4491 366 181 333 242 371 144 121 142 2189 190 225 14028 6386 9292 203294 10666 
4300 585009 4148 227154 410 649 4413 10379 20 265 4589 263 199 501 225 334 166 165 191 2095 220 179 13930 6619 9453 207196 10943 
4400 586780 4175 224181 608 648 4439 10302 9 269 4599 297 248 418 270 346 149 246 269 1494 282 108 13519 6548 9390 205275 10751 
4500 583048 4206 225665 572 534 4494 10376 19 249 4538 308 413 381 289 266 115 337 362 1426 400 181 13559 6561 9409 206897 10746 
4600 585812 4165 224885 647 576 4450 10284 21 211 4569 353 406 374 317 299 196 376 343 1273 438 161 13583 6826 9386 206588 10837 
4700 579107 4233 227485 576 548 4509 10388 19 202 4717 313 373 277 456 339 116 379 320 1023 607 186 13532 6643 9443 209596 10747 
4800 583387 4076 224920 595 598 4490 10455 18 243 4645 331 315 310 404 324 85 527 317 903 586 417 13346 6620 9278 207922 10576 
4900 590520 4102 221729 769 656 4605 10266 20 255 4770 246 285 334 397 426 142 538 427 823 703 424 13368 6634 9180 204657 10491 
5000 584867 4176 223662 738 640 4672 10409 9 342 4884 198 479 292 436 560 117 654 538 719 694 605 13287 6846 9351 206478 10617 
5100 586083 4066 223756 870 679 4674 10369 23 344 4840 175 471 288 391 672 156 646 421 568 592 807 13282 6965 9315 206847 10701 
5200 583589 4136 224314 776 591 4776 10383 28 291 4907 194 579 206 522 636 111 793 433 683 625 1158 13651 7162 9429 207303 10867 
5300 586778 4178 223141 873 647 4853 10291 21 169 4896 179 627 260 643 810 171 679 382 803 663 1390 13627 7064 9603 206025 10662 
5400 580665 4281 224342 942 567 4807 10317 14 124 4939 217 628 347 751 836 137 649 484 955 644 1232 13505 6969 9701 206894 10764 
5500 587975 4357 223096 842 451 4778 10219 20 128 4808 272 740 392 747 854 141 607 423 1141 559 1342 13548 6883 9648 205123 10673 
5600 593186 4382 219174 751 457 4639 10041 13 140 4815 344 664 464 819 772 178 508 277 1173 563 1498 13556 6890 9389 201312 10600 
5700 589553 4469 220437 593 548 4579 10151 13 125 4869 492 493 398 965 794 176 515 323 1390 704 1569 13765 7039 9493 203033 10722 
5800 592884 4701 220725 492 450 4599 10203 9 115 4784 590 478 401 947 775 200 357 383 1919 560 1270 14236 6867 9390 201890 10791 
5900 583531 4847 226219 520 367 4553 10343 10 94 4807 442 413 370 883 962 271 337 349 2579 568 1291 14943 6971 9344 206406 10802 
6000 587352 4908 223257 391 280 4473 10154 20 76 4779 370 308 299 736 905 349 285 364 2822 568 1347 15292 7150 9215 203185 10750 
6100 588131 4945 224297 247 295 4462 10249 12 152 4655 310 271 234 717 992 371 297 293 3365 499 1246 15967 6995 9039 203584 10465 
6200 596330 4973 220780 270 337 4319 10127 18 140 4510 307 294 219 598 1208 371 295 306 3783 443 1319 16184 7013 8632 200131 10422 
6300 591213 4990 224478 218 265 4458 10188 18 170 4482 342 340 359 462 1071 341 373 204 4151 309 1156 16580 7173 8881 202970 10506 
6400 596292 4946 220986 271 250 4479 10126 13 190 4566 341 329 365 285 1132 405 236 188 4520 229 1096 16710 7147 8915 199948 10476 
6500 595646 5012 220544 255 303 4546 10140 11 222 4624 280 254 607 272 1181 328 141 196 4726 181 1049 17024 7398 8682 199104 10512 
6600 597156 5092 221396 319 452 4471 10201 19 252 4573 257 200 462 351 1126 245 200 157 4912 152 976 17192 7503 8864 200085 10494 
6700 591264 4976 223383 371 429 4559 10247 21 253 4701 240 268 517 291 1305 232 139 150 4901 165 1122 17259 7456 8867 202429 10531 
6800 592916 5122 223587 329 384 4610 10278 21 169 4832 265 237 478 323 1300 146 121 140 5107 143 977 17422 7383 8851 202042 10572 
6900 599642 5112 220391 302 375 4559 10156 9 259 4621 182 201 433 343 1305 161 139 150 4997 135 988 17107 7166 8778 199205 10343 
7000 600516 5090 219481 312 357 4581 10180 7 241 4460 255 240 315 311 1303 187 180 127 5050 165 950 16888 7245 8840 198793 10353 
7100 600440 5149 219476 263 596 4560 10277 19 178 4611 383 237 267 273 1133 253 169 124 5002 166 960 16857 7216 9061 198783 10539 
7200 598333 5184 221384 357 647 4551 10243 7 111 4543 373 306 336 170 1372 333 140 154 5163 162 891 17032 7109 8850 200190 10534 
7300 595876 5260 221764 385 520 4487 10236 15 198 4622 379 374 302 143 1496 208 241 100 5332 188 659 17300 6949 8668 200825 10380 
7400 597110 5164 219257 251 483 4471 10220 21 204 4747 319 257 336 123 1567 323 245 146 5336 119 913 17373 7138 8767 199081 10423 
7500 592759 5035 222790 210 605 4509 10359 13 134 4660 249 195 381 88 1764 344 170 131 5498 186 956 17820 7218 8555 202051 10475 
7600 590461 4893 224195 287 541 4558 10445 16 240 4664 202 249 406 111 1979 232 135 144 5619 176 1052 17891 7331 8331 203610 10526 
7700 599912 4688 219204 210 551 4531 10322 23 261 4698 328 207 409 132 1862 203 103 82 5473 217 1258 17548 7072 8298 199372 10481 
7800 594354 4542 221086 207 456 4473 10356 14 243 4543 272 176 446 153 1723 216 146 143 5833 145 1185 17255 7254 8281 200885 10602 
7900 599265 4686 219996 300 356 4548 10313 26 218 4583 269 268 360 117 1397 181 170 152 5894 155 1029 17174 6928 8432 199772 10343 
8000 601243 4936 218313 266 298 4545 10187 20 176 4580 258 250 307 76 1342 125 153 231 6038 97 883 17236 6880 8560 197838 10408 
8100 596274 5223 221282 190 321 4504 10293 15 98 4563 189 112 372 86 1431 130 182 199 6084 120 1066 17219 6835 8560 199998 10436 
8200 602506 5484 219160 181 303 4431 10137 23 71 4499 181 81 367 95 1211 108 232 215 5913 144 1123 17419 6674 8696 197417 10440 
8300 601550 5734 220333 186 316 4394 10112 19 52 4552 179 93 441 87 1087 38 248 284 5847 90 1158 17911 6468 8774 197857 10399 
8400 601307 5896 220466 216 301 4344 10174 17 67 4516 208 103 498 73 912 58 208 270 5980 119 1259 18270 6573 8985 197624 10455 
8500 608099 5956 218129 245 222 4290 10118 15 113 4486 133 122 611 46 693 74 283 270 5997 90 1252 18774 6408 9009 195141 10357 
8600 600864 6277 220914 313 151 4363 10110 7 130 4520 106 104 772 80 614 64 246 319 5996 118 1150 19571 6703 9157 197133 10678 
8700 602150 6586 222054 324 105 4195 10098 15 90 4623 89 76 725 82 574 60 306 276 6131 140 848 20005 6760 9274 196406 10690 
8800 602529 7038 223521 217 96 4154 10051 26 145 4724 127 106 605 65 633 30 402 289 6071 108 647 20368 6624 9132 196057 10527 
8900 603161 7283 224536 132 83 4197 10109 15 136 4688 127 68 666 64 474 48 434 139 6094 59 533 20440 6584 9220 195932 10630 
9000 605326 7409 223009 186 86 4221 10018 20 175 4634 156 53 693 35 273 52 422 135 6042 64 482 20556 6559 9387 194220 10688 
9100 602339 7648 224808 287 97 4229 10088 10 158 4688 229 57 635 55 186 65 299 222 6030 68 573 21045 6487 9579 195730 10728 
9200 612296 7496 220387 354 91 4167 9879 13 97 4528 193 68 559 42 216 101 253 195 5951 51 636 20592 6475 9314 191575 10407 
9300 597244 7864 227848 363 61 4209 10086 11 44 4632 180 130 571 111 218 98 288 229 6098 34 554 21441 6635 9563 197641 10647 
9400 599053 7874 226550 337 74 4217 10125 10 65 4595 198 170 501 118 261 103 299 143 6095 54 471 21434 6471 9530 196303 10618 
9500 595613 8151 228766 238 74 4240 10169 14 77 4749 151 213 445 110 212 173 276 167 6120 101 535 21933 6491 9623 197873 10761 
9600 597268 8407 228058 259 64 4157 10103 16 57 4620 170 355 455 296 268 233 281 185 6140 83 437 21312 6585 9594 197687 10870 
9700 604431 8310 224406 250 50 4160 10052 20 128 4465 165 255 437 263 297 183 271 172 6184 69 536 20938 6391 9416 194542 10702 
9800 604648 8340 223333 251 48 4165 10016 16 85 4475 125 154 364 195 169 190 286 321 5930 97 810 21070 6277 9410 193227 10641 
9900 606955 8374 222872 250 50 4097 10023 20 71 4532 130 165 377 194 159 260 218 305 6027 51 943 21060 6376 9381 192531 10654 
10000 599268 8258 227036 286 79 4124 10156 12 121 4569 94 138 389 182 171 300 269 194 6170 81 930 20901 6646 9477 196149 10969 
10100 605973 8180 223366 221 86 4163 9954 32 120 4468 123 112 396 198 128 258 265 169 6009 87 897 20889 6330 9333 192700 10631 
10200 598559 8282 226504 208 104 4223 10150 21 95 4546 148 95 422 134 245 245 342 232 6067 78 1005 21129 6441 9491 195872 10844 
10300 595804 8321 228385 260 206 4094 10225 20 82 4543 163 43 422 162 183 184 381 422 6279 75 808 20996 6559 9574 197391 10995 
10400 609214 8168 221772 268 155 4095 9949 15 129 4520 217 63 341 165 190 179 301 476 6000 74 816 20769 6345 9364 191784 10540 
10500 606791 8162 223014 339 165 4102 10061 24 92 4507 309 56 369 254 220 223 299 605 5940 121 844 20783 6395 9359 192711 10658 
10600 606526 8160 223848 498 159 4095 9915 14 118 4347 337 32 384 189 223 162 268 653 5890 79 631 20330 6363 9321 193460 10571 
10700 592148 8559 229117 534 127 4364 10170 16 128 4402 401 57 380 250 187 190 376 847 5900 162 803 21103 6455 9568 198230 10799 
10800 599678 8621 225738 496 136 4279 10083 39 201 4253 311 102 221 287 219 173 490 1044 5692 203 878 21074 6412 9501 195015 10757 
10900 597095 8757 226413 592 136 4224 10130 15 212 4305 289 144 170 305 280 173 460 1201 5480 244 1410 20875 6411 9497 195934 10744 
11000 608722 8585 220660 440 97 4188 9951 13 134 4360 177 111 166 308 283 142 368 1290 5330 314 2177 20643 6346 9334 191807 10559 
11100 591093 8945 227319 472 68 4314 10187 13 205 4865 127 109 111 379 228 79 347 1337 5377 322 3390 20992 6577 9709 198767 11078 
11200 609043 8816 218457 343 57 4314 9986 14 129 4980 94 144 135 288 281 103 443 1127 5292 404 4085 20655 6342 9425 191600 10635 
11300 600209 8838 220374 531 63 4400 10034 7 213 5623 122 119 190 286 222 77 547 933 5243 334 4644 21010 6376 9529 194324 10748 
11400 609887 8870 215914 605 47 4235 9943 11 211 5995 111 182 154 189 236 67 402 766 4975 281 5837 20831 6298 9482 191020 10565 
11500 607426 8837 214866 519 64 4240 9993 12 162 6344 141 215 194 174 305 67 284 686 5153 250 6809 20598 6263 9510 191409 10533 
11600 602232 8955 217895 513 25 4183 10148 16 206 6396 64 141 110 279 284 103 257 749 5160 222 7073 20721 6409 9610 194372 10842 
11700 600126 8866 217247 503 51 4122 10214 25 254 6437 25 126 185 237 339 84 161 882 5221 248 7530 20778 6394 9617 194512 10793 
11800 594827 8787 218687 471 41 4124 10234 32 187 7073 40 125 178 252 308 74 101 805 5378 231 8759 20837 6332 9743 198363 10779 
11900 606271 8595 210719 272 88 4092 10013 13 168 7350 45 145 245 188 374 119 185 633 5486 179 9756 20301 6260 9539 193435 10560 
12000 603694 8707 210110 350 115 4149 9999 35 219 7917 50 185 246 152 366 168 109 375 5313 202 10753 20573 6153 9482 193849 10523 
12100 604674 8707 208587 395 225 4172 10066 17 165 8439 105 171 274 174 440 186 85 301 5333 260 11862 20840 6372 9568 195009 10641 
12200 603594 8807 207538 263 227 4168 10220 20 184 8933 127 147 219 117 472 177 165 227 5179 254 12904 21115 6639 9622 195957 10827 
12300 604908 8700 205048 274 172 4104 10101 10 208 9269 139 62 267 60 584 164 196 237 5210 265 13668 20926 6396 9648 196670 10529 
12400 614447 8653 198993 223 179 4093 9926 10 189 9721 74 63 240 95 606 189 116 178 5017 196 14347 20922 6258 9367 192056 10353 
12500 609569 8640 199111 191 215 4092 9943 25 290 10348 115 95 313 105 635 190 115 188 5009 163 15073 21142 6198 9387 194578 10322 
12600 607410 8794 198832 286 309 4089 10164 16 371 10685 178 198 344 154 626 253 180 119 5270 188 15789 21038 6420 9428 196352 10507 
12700 609632 8814 196358 284 173 4105 10060 24 433 11031 205 154 348 178 629 219 147 205 5176 208 15758 21032 6357 9393 195075 10484 
12800 606777 8638 195977 324 181 4032 10175 22 291 11766 145 160 238 128 445 209 233 298 5296 133 16819 20807 6364 9402 196698 10422 
12900 607945 8674 195561 285 242 4080 10116 10 224 12280 153 111 215 173 396 233 212 339 5353 165 16888 20755 6236 9294 197149 10406 
13000 600955 8771 198726 346 189 4074 10185 16 200 12834 110 63 223 210 316 153 137 239 5390 69 17767 21047 6392 9465 201090 10622 
13100 606720 8571 194667 229 126 4061 10120 23 155 13074 59 64 124 224 197 122 90 256 5600 82 17846 20735 6286 9396 198326 10555 
13200 616361 8499 190780 295 141 4135 9924 18 145 13352 39 78 127 212 242 109 43 262 5569 104 17629 20606 6080 9378 194205 10232 
13300 613520 8454 192310 164 186 4115 9906 30 77 13557 54 79 123 185 263 93 95 129 5724 91 17774 20589 6043 9471 195742 10284 
13400 602929 8579 195328 155 157 4190 10017 25 168 14125 95 104 91 151 183 77 97 122 5993 44 18253 20784 6173 9598 199514 10493 
13500 601377 8525 194692 143 93 4149 10029 16 131 14445 108 104 68 135 153 64 64 152 6154 58 18987 20401 6241 9473 199325 10598 
13600 598704 8729 195015 113 111 4252 10043 20 102 14813 95 121 149 181 192 45 67 158 6100 154 19108 20557 6128 9516 200251 10575 
13700 611133 8606 190165 108 187 4276 9888 9 109 14483 141 145 118 178 158 52 78 189 6006 249 18653 20390 6047 9297 195973 10318 
13800 609649 8646 189854 65 209 4315 10015 24 136 14609 200 89 95 104 152 41 140 174 6127 313 19059 20662 6139 9392 196426 10455 
13900 607145 8628 190917 58 212 4286 10049 17 181 14627 150 87 120 102 122 53 157 213 6018 339 20023 20661 6287 9462 198493 10489 
14000 600241 8755 194008 107 220 4276 10076 12 159 14682 135 48 126 135 95 84 119 256 5938 249 20330 20787 6215 9749 201759 10547 
14100 594733 8938 195718 85 250 4485 10213 17 133 14698 163 59 62 108 99 96 136 322 6003 271 20642 21126 6267 9803 203583 10566 
14200 606156 8663 189936 160 119 4482 10040 30 183 14406 215 79 49 75 215 80 167 344 6004 335 20904 20749 6133 9589 199287 10407 
14300 603557 8653 188446 235 143 4691 9971 21 197 14512 144 75 53 78 220 84 171 301 5972 371 21559 20721 6137 9526 198628 10421 
14400 602955 8567 188849 243 136 4819 10073 23 236 14315 128 53 77 57 258 135 205 285 6113 358 22349 20618 6208 9494 200325 10406 
14500 606545 8572 187456 219 188 5001 10028 16 176 14137 98 72 86 68 188 72 265 262 6013 285 22412 20791 6149 9579 198670 10427 
14600 602661 8640 188299 220 153 5043 10037 19 160 14532 165 110 71 100 259 62 249 262 5960 287 22467 20901 6212 9706 201280 10527 
14700 605421 8583 186445 248 270 5170 10005 20 121 14301 217 182 109 91 386 50 233 298 5845 262 22232 21002 6211 9645 200395 10408 
14800 607300 8614 184768 238 301 5172 10013 20 170 14222 179 229 107 57 388 42 263 229 5898 293 22299 20985 6124 9641 199142 10417 
14900 607122 8420 183535 219 324 5250 9898 9 195 13860 175 114 91 59 449 102 232 229 5839 215 22458 20559 6057 9491 198907 10308 
15000 606516 8598 184343 289 172 5522 9954 23 139 13948 190 101 111 93 584 121 206 232 5880 189 22689 20461 6212 9356 200778 10492 
15100 606124 8546 184161 394 163 5480 10010 41 147 14036 238 75 125 104 633 203 182 193 5820 137 22902 20601 6030 9334 201606 10348 
15200 598206 8730 185475 448 246 5654 10159 19 129 14220 224 103 139 94 678 213 179 104 6012 199 23418 20738 6140 9295 204551 10482 
15300 608820 8593 181865 517 226 5782 10029 7 91 13832 303 96 156 163 866 122 96 113 5906 174 22868 20600 6060 8875 201265 10278 
15400 611519 8614 179723 411 102 6066 9901 16 131 13512 236 99 188 105 1112 98 65 182 5809 147 22462 20516 5990 8451 198947 10157 
15500 610391 8538 181146 328 44 6257 9926 26 105 13373 232 78 184 68 1310 94 62 201 5867 87 22694 20466 6027 8443 200760 10164 
15600 610537 8665 181489 382 97 6255 9975 27 132 13397 220 90 142 106 1508 93 80 202 5967 46 22953 20347 6073 8286 201039 10340 
15700 599744 8769 185508 367 138 6248 10109 13 153 13753 238 65 222 136 1623 76 142 210 6072 48 23366 20520 6114 8515 205823 10456 
15800 613216 8830 179615 244 99 6185 9891 26 178 13340 215 97 147 141 1831 100 245 216 5884 102 22484 20386 6004 8078 199108 10247 
15900 606013 8945 181778 232 147 6328 9953 22 177 13294 199 95 184 153 1823 62 193 214 5943 94 22912 20226 6033 8118 202386 10342 
16000 611527 8922 179359 311 158 6549 9872 8 112 12933 125 70 193 133 1976 107 141 237 5861 101 22665 20203 6071 7816 200089 10345 
16100 615426 8910 178713 294 187 6714 9910 21 134 12691 170 61 216 164 1959 125 117 219 5922 102 22510 20316 6065 7764 199120 10293 
16200 601357 9000 183076 392 185 6713 10048 18 165 12945 166 75 236 155 2051 135 227 200 6067 164 23034 20554 6481 7792 204790 10517 
16300 600307 9039 183078 399 191 6615 10018 40 172 13054 174 109 239 137 2017 111 153 226 5995 84 23029 20508 6389 7716 204696 10426 
16400 603079 9181 182488 367 219 6634 10005 15 126 12972 176 96 191 135 2085 148 152 249 5956 94 22847 20608 6296 7558 203505 10363 
16500 609828 9002 179064 381 189 6797 9895 23 152 12640 209 114 185 149 2030 90 75 219 5841 110 22675 20249 6227 7518 200366 10254 
16600 604165 9071 181929 479 283 6996 9994 24 160 12665 285 145 150 75 2084 88 128 219 5952 156 23279 20403 6323 7606 203748 10523 
16700 608514 8895 180162 386 178 6952 10006 23 115 12414 251 162 141 114 2160 160 129 155 5942 99 23361 20387 6322 7437 201445 10342 
16800 611187 8942 178927 356 250 7131 9976 87 137 12207 205 205 178 137 2305 147 132 228 5921 144 23439 20315 6412 7272 200508 10337 
16900 601435 9198 181821 403 189 7370 10057 52 168 12217 203 198 187 153 2381 139 119 302 6017 173 24127 20549 6188 7545 204568 10367 
17000 601362 9344 181801 492 194 7526 10069 46 186 11973 212 250 82 169 2608 199 159 299 6121 107 24335 20607 6250 7224 204965 10373 
17100 610146 9270 178460 385 193 7638 9873 38 156 11467 196 294 84 130 2532 165 138 231 5810 195 23804 20668 6055 7210 200781 10265 
17200 606289 9404 180118 239 139 7840 9980 18 161 11492 236 258 74 163 2749 196 179 193 6054 186 24188 20883 6150 7094 203074 10353 
17300 603041 9255 179839 307 111 7716 10010 15 136 11540 190 172 70 148 2625 141 174 168 6099 181 24536 20691 6192 7071 203205 10388 
17400 608401 9241 178533 214 65 7988 9913 10 150 10951 135 126 45 143 2501 172 133 174 6032 307 25096 20840 6141 7172 202801 10345 
17500 612243 9128 176146 261 100 7995 9881 31 107 10816 161 82 41 137 2452 123 134 115 6062 231 25094 20652 6097 7208 200931 10277 
17600 603800 9099 177448 220 98 8169 9962 25 96 10945 140 97 111 124 2354 81 55 261 6101 227 26006 20568 6117 7432 203376 10350 
17700 612774 8779 175307 133 85 8165 9850 12 155 10642 129 101 97 75 2094 72 77 354 6024 300 26113 20420 6017 7563 201482 10205 
17800 611414 8743 173948 110 175 8479 9873 20 194 10530 68 181 140 91 1852 74 75 281 5960 231 26604 20519 6133 7844 201350 10318 
17900 605115 8672 176485 133 126 8711 10047 26 188 10440 114 132 129 92 1716 111 128 184 6087 231 28074 20691 6167 8094 205888 10392 
18000 607731 8630 174444 86 138 8808 10015 15 146 10185 140 127 102 91 1665 121 107 173 5956 195 28311 20855 6153 8087 204177 10266 
18100 612964 8193 171471 65 82 8805 9858 13 122 10016 243 89 69 87 1590 108 184 211 5899 160 28349 20331 6013 8229 201929 10068 
18200 609397 8219 172868 111 72 8916 9897 26 82 10195 156 61 86 137 1566 133 247 287 5838 250 28674 20749 6091 8407 204076 10124 
18300 605792 8198 174102 106 81 8972 10015 73 60 10288 148 87 86 115 1466 167 234 346 5924 285 29299 20987 6189 8734 206196 10274 
18400 604693 8216 172339 178 96 8832 9968 57 47 10254 113 114 78 74 1139 291 276 345 5923 227 29925 20850 6281 9033 205396 10345 
18500 609177 8227 171423 152 107 9061 9999 55 27 10294 107 110 95 60 991 280 290 437 5936 185 30076 20734 6263 9043 204683 10414 
18600 609719 8295 170977 181 106 9052 9925 35 83 10354 102 83 79 38 860 178 263 442 5916 111 30098 20626 6160 9184 204910 10387 
18700 611603 8326 168942 189 153 9203 9967 17 148 10085 121 84 70 65 653 230 240 378 5927 150 30678 20583 6078 9359 203788 10220 
18800 605533 8318 170082 169 151 9229 9997 23 247 10054 195 158 77 78 659 157 237 375 5956 187 31163 20516 6116 9456 205736 10277 
18900 605146 8394 170144 138 114 9294 9962 17 273 10002 294 162 106 87 712 184 196 395 5872 109 30797 20546 6031 9402 205960 10227 
19000 603218 8445 170512 174 160 9345 9973 21 151 10012 194 159 110 133 622 210 225 437 5904 98 30968 20643 6111 9262 206775 10277 
19100 608252 8439 168689 232 168 9343 9964 24 176 10027 213 104 142 168 453 215 275 389 5918 265 31215 20569 6138 9279 205382 10394 
19200 609669 8341 168523 139 148 9602 9923 23 178 10033 230 113 180 200 532 214 316 384 5897 165 31197 20889 6187 9376 205764 10273 
19300 613631 8397 166479 81 106 9668 9909 13 131 9996 205 81 191 166 412 166 379 322 5920 135 31381 21024 6195 9497 203855 10200 
19400 610896 8416 166638 139 146 9881 9906 29 127 9963 237 108 211 95 306 225 428 354 6015 98 31961 20999 6303 9450 205063 10124 
19500 609993 8484 166926 136 182 9888 9919 16 89 10021 273 100 228 45 314 236 367 332 5985 76 32133 20992 6133 9306 206150 10071 
19600 602287 8578 168197 131 171 9852 9947 17 55 10195 270 92 201 60 293 213 226 262 5990 124 32985 20958 6219 9434 209372 10017 
19700 613948 8430 164024 106 256 9743 9824 24 57 10074 265 62 169 88 304 154 281 259 5924 125 32509 20592 6105 9127 204218 9737 
19800 609772 8400 165926 144 161 9762 9929 16 152 10304 265 58 107 107 286 133 243 238 6079 85 32859 20570 6318 9230 207284 10135 
19900 604785 8450 167197 197 142 9831 10009 30 131 10488 305 80 106 126 394 121 284 228 6228 101 33000 20620 6352 9160 209084 10067 
20000 609307 8326 165027 194 107 9924 9920 44 76 10438 382 64 59 112 393 105 398 144 6143 130 32797 20377 6250 8910 207019 9844 
20100 610486 8206 165590 276 91 9981 9930 49 86 10374 239 100 82 129 435 84 415 143 6045 55 32570 20550 6142 8796 207067 9793 
20200 610797 8201 165120 256 78 10095 9960 32 87 10260 311 55 64 197 570 72 486 206 6053 42 32652 20658 6135 8718 206786 9702 
20300 601794 8281 167424 224 83 10263 10014 31 105 10283 335 76 65 253 546 120 455 170 6055 59 33200 20585 6167 8577 210696 9885 
20400 609398 8251 164152 146 53 10390 9902 41 116 10312 383 148 42 179 452 139 380 208 6009 64 32415 20289 6044 8053 207316 9836 
20500 595081 8627 168677 148 96 10799 10132 12 155 10654 349 158 115 183 390 177 541 171 6128 100 33453 20839 6132 7990 214165 10210 
20600 608146 8590 164867 113 92 11007 9976 17 135 10569 264 180 124 126 358 126 430 98 6010 66 32645 20754 6045 7404 209848 10073 
20700 610193 8532 162863 145 90 11089 9875 21 128 10575 325 158 91 132 291 98 485 118 5961 68 32626 20404 6013 7201 207813 9899 
20800 611447 8575 163217 79 99 11398 9884 23 138 10572 268 171 89 178 269 85 525 75 5952 48 32717 20649 6058 6863 208658 9979 
20900 612971 8617 162189 130 91 11452 9897 9 100 10665 306 181 122 135 180 103 419 82 5976 79 32641 20430 6018 6889 207647 9871 
21000 606438 8506 163420 107 122 11835 9965 18 108 10776 252 145 124 152 223 120 340 119 6094 67 33292 20612 6272 6721 210079 9964 
21100 604868 8666 164481 108 141 12306 10041 13 84 10833 275 211 117 126 216 119 259 148 6040 73 33390 20817 6118 6549 211361 9798 
21200 610578 8656 162644 65 113 11899 9852 13 164 10599 259 186 55 87 214 158 216 149 5891 102 32934 20559 6100 6511 208891 9891 
21300 610073 8745 162561 62 87 11841 9956 13 165 10565 176 75 76 123 174 112 154 183 5940 100 33131 20619 6148 6278 209159 10040 
21400 606724 8953 164030 97 135 11961 10003 20 172 10534 142 66 130 84 146 126 131 239 6000 62 33763 20726 6189 6181 211566 9906 
21500 605082 8998 163982 144 116 11973 10056 18 140 10630 93 88 135 178 168 90 166 306 6000 59 33748 20813 6148 5991 211528 10041 
21600 604488 9036 164693 181 131 12315 10042 57 86 10831 83 83 200 167 185 157 125 270 5970 81 33382 20939 6100 5870 212226 10282 
21700 616794 8918 159890 150 93 11970 9821 45 72 10525 112 79 176 248 190 110 63 211 5768 92 32326 20850 5974 5714 206099 10005 
21800 615232 8821 160827 102 95 11908 9794 38 55 10645 151 52 127 323 273 178 74 284 5786 69 32655 20771 6009 5613 207874 9966 
21900 614501 8786 161843 95 167 12136 9890 23 44 10690 92 46 148 395 284 152 83 246 5922 58 33015 20795 6168 5575 209498 10110 
22000 607280 8855 163609 113 207 12530 9998 35 143 10797 125 71 147 324 300 185 118 242 5990 68 33243 21124 6114 5476 211808 10191 
22100 610008 8964 162492 100 176 12795 9921 20 278 10726 161 35 116 255 329 211 111 291 5880 105 32790 21168 6007 5200 210010 9963 
22200 615411 8863 160340 57 242 12513 9823 29 309 10538 143 55 109 214 298 258 61 379 5809 117 32509 20814 5944 5298 207525 10035 
22300 615206 8746 159599 48 324 12658 9807 25 348 10335 174 124 80 130 271 189 37 335 5785 99 32252 21122 5938 4972 206026 9907 
22400 603766 8942 164307 81 207 13117 10009 20 251 10691 255 115 98 89 301 159 93 195 5905 92 33417 21608 6130 4879 212236 10098 
22500 613937 8698 161044 144 231 12820 9855 15 171 10420 237 122 100 180 276 172 136 223 5813 102 33113 21429 6102 4867 208510 10014 
22600 607164 8795 162973 206 196 13190 9918 9 174 10339 220 124 88 192 212 91 279 336 6000 44 33648 21828 6138 4687 211122 10072 
22700 609074 8888 162014 207 223 13113 9912 20 107 10295 149 149 176 193 255 94 292 313 5960 77 33636 21815 6271 4744 209803 10000 
22800 604954 8968 163925 122 179 13424 9970 29 111 10202 106 152 137 214 225 131 402 380 6012 56 33865 21942 6273 4633 212744 10196 
22900 606286 9122 162231 179 291 13376 9980 33 158 10086 130 65 118 262 262 95 392 278 5975 29 33642 22117 6342 4618 210699 10194 
23000 612591 9037 161163 184 200 13380 9885 31 171 9907 110 114 89 298 240 56 495 223 5986 56 33079 21883 6321 4363 209345 10142 
23100 605877 9229 162569 207 244 13593 9921 10 160 9812 91 98 119 353 216 60 557 305 5995 59 33443 22094 6339 4332 211141 10070 
23200 616899 9049 159797 163 337 13553 9855 13 144 9595 92 74 101 437 183 71 590 422 5916 64 33004 21790 6362 4190 207838 10006 
23300 603845 9108 164215 181 255 13912 10030 26 107 10020 142 54 87 297 148 96 667 443 6019 134 33861 22034 6544 4216 213462 10312 
23400 613494 9131 159730 219 315 13365 9821 24 63 9737 94 52 113 372 171 88 745 389 5861 125 33392 21798 6460 4169 208224 9904 
23500 608927 9154 161502 271 239 13394 9923 17 56 9906 113 37 61 328 169 119 820 412 6012 150 34183 22092 6633 4234 211053 10030 
23600 615779 8872 159352 393 222 13288 9836 18 69 9867 67 122 78 362 170 143 673 375 5980 247 33269 21928 6707 4197 207167 10025 
23700 608133 8859 162001 368 307 13451 9918 18 77 9919 78 87 165 411 181 166 699 356 6101 292 33809 22247 6641 4235 210694 10098 
23800 607778 8928 162162 373 228 13542 9975 25 93 9889 131 79 153 585 270 112 737 441 5983 367 33694 22378 6683 4253 211067 10193 
23900 606072 8628 162261 243 150 13335 10126 28 61 9952 158 105 163 657 295 154 745 320 6073 402 34382 21997 6683 4317 211381 10278 
24000 600655 8734 164872 161 122 13781 10162 47 76 9982 127 68 150 442 327 160 746 309 6094 489 34626 22273 6688 4461 214696 10513 
24100 606872 8617 162550 200 120 13716 10039 15 78 9773 111 65 125 423 331 161 706 285 5961 457 33958 21729 6444 4286 211483 10367 
24200 607541 8691 162160 195 140 13749 9919 12 72 9709 121 96 73 491 375 105 785 227 5869 432 33758 21780 6425 4361 210831 10221 
24300 616187 8602 158787 212 147 13523 9805 15 57 9610 116 46 86 400 363 130 936 165 5809 415 33327 21556 6319 4236 206911 9979 
24400 603215 8723 163222 283 162 13821 10020 19 82 9812 159 61 88 425 264 190 974 300 5923 420 34364 21858 6462 4280 213064 10229 
24500 608524 8793 161151 278 99 13835 9946 15 132 9794 83 118 129 454 226 131 767 267 5892 540 33827 22134 6565 4275 210539 10118 
24600 602889 8919 163331 164 83 13969 10019 16 74 9838 103 88 206 383 191 81 611 293 5976 467 33877 22476 6852 4274 213331 10376 
24700 610358 8886 160574 192 100 13775 9996 26 50 9719 149 125 171 307 292 96 490 311 5876 410 33159 22104 6532 4217 209186 10197 
24800 610967 8780 161522 264 107 13852 9969 15 40 9774 63 91 161 235 308 77 562 347 5917 405 33340 22211 6529 4334 210019 10278 
24900 611952 8872 160722 287 111 13932 10054 23 82 9830 61 103 155 262 231 140 559 540 5976 355 33313 21976 6446 4318 209452 10270 
25000 613132 8806 160348 264 150 13844 9889 16 99 9662 67 84 138 231 194 193 707 573 5946 385 33251 21755 6622 4312 209475 10288 
25100 609033 8968 160576 165 96 13887 9942 24 67 9940 82 54 158 182 169 228 578 483 5979 346 33515 21745 6588 4266 210157 10177 
25200 612659 9266 158940 122 123 13892 9849 18 96 9931 78 75 135 115 209 123 698 362 5903 310 32798 21751 6711 4239 208206 10183 
25300 604884 9051 162279 171 78 14019 10003 24 131 10095 73 61 120 101 207 184 720 292 6073 330 33856 21588 6750 4183 212480 10268 
25400 598425 9101 163825 141 80 14218 10034 12 127 10215 69 88 129 139 196 119 763 321 6062 361 34119 21767 6737 4171 214595 10295 
25500 607205 9189 162103 113 69 14081 9960 20 127 10132 82 97 94 146 171 163 875 327 5943 365 33797 21646 6820 4203 212060 10235 
25600 605952 9282 161477 124 47 14068 9980 26 133 10106 106 156 92 185 239 124 877 235 5969 418 34212 21649 6655 4144 211814 10212 
25700 609073 9268 160670 95 43 14004 9942 9 99 10164 106 134 102 184 157 99 894 182 6012 497 34283 21367 6725 4167 211332 10284 
25800 609307 9404 159720 135 61 14077 9910 17 127 10007 146 142 80 161 173 90 924 168 5952 459 33879 21651 6911 4216 210284 10014 
25900 611493 9344 158642 202 58 13996 9884 15 118 10022 200 102 97 181 82 137 795 211 5957 414 33831 21233 7165 4185 209265 10162 
26000 611605 9341 159234 233 28 14030 9919 14 168 10024 251 73 103 189 70 140 731 256 5930 399 34139 21289 7186 4231 209982 10200 
26100 604995 9364 160727 199 33 14258 10027 17 130 10182 235 75 80 235 71 134 571 158 6028 344 34668 21170 7212 4282 212206 10304 
26200 610891 9684 157685 180 68 14029 9884 21 75 10131 280 100 41 254 94 97 567 143 5859 311 34135 21445 7243 4298 209140 10362 
26300 609887 9639 158495 142 79 14038 10010 10 101 10307 306 134 39 235 99 140 557 242 5950 275 34832 21258 7254 4340 210490 10521 
26400 605486 9648 159070 116 82 13955 9963 18 113 10305 383 123 88 401 138 173 394 336 5931 264 35159 21047 7227 4199 211824 10554 
26500 612198 9500 157466 99 116 13870 9907 14 95 10256 268 128 79 433 143 197 348 294 5884 289 35065 20868 7022 4159 209987 10461 
26600 607487 9515 158180 90 137 13871 10035 30 141 10312 179 108 131 484 152 125 188 291 5942 275 35709 20858 6910 4246 210691 10381 
26700 607598 9702 158327 184 126 13944 10045 27 77 10379 159 140 98 492 190 121 239 234 5902 213 35570 21298 6862 4221 210564 10313 
26800 614324 9447 155270 190 110 13715 9951 26 54 10260 209 167 188 570 231 129 306 259 5888 241 35426 20892 6807 4158 206872 10082 
26900 604384 9605 158878 129 159 13861 10046 40 90 10477 188 125 110 557 251 180 328 334 5939 236 36365 21132 6867 4338 211664 10473 
27000 609184 9517 157164 185 142 13854 9896 73 108 10395 206 129 117 614 301 148 297 371 5882 206 35941 21008 6829 4200 209839 10213 
27100 609913 9356 156947 153 167 13738 9874 66 67 10428 260 106 95 517 83 115 216 357 5910 194 36125 20656 6778 4199 209865 10127 
27200 616386 9121 155255 135 214 13733 9837 61 78 10351 225 124 104 558 137 108 191 328 5883 127 35938 20787 6592 4237 207287 9963 
27300 605911 9284 158689 156 149 14074 9982 84 83 10493 232 125 32 653 154 150 123 253 5918 145 37017 21053 6722 4254 212084 10256 
27400 606027 9290 158641 176 63 13941 9973 115 140 10488 329 93 87 570 300 172 115 236 5876 88 36957 20876 6545 4218 211894 10267 
27500 611169 9449 155884 169 159 13783 9868 70 139 10405 345 113 102 587 354 148 132 140 5814 87 36045 20841 6557 4298 208376 10060 
27600 601687 9448 159966 242 157 13863 10040 74 102 10585 371 143 49 574 375 145 134 207 5996 88 37090 20740 6701 4280 213792 10306 
27700 608572 9318 158645 172 175 13765 9982 92 57 10541 376 95 70 563 430 138 182 116 5878 96 36574 20998 6621 4293 211796 10307 
27800 608348 9342 157927 165 118 13915 9921 120 130 10451 502 45 77 475 490 161 161 81 5852 114 36280 20760 6505 4279 210791 9947 
27900 610314 9112 157626 133 156 13646 9916 97 95 10503 452 39 75 532 411 142 180 72 5880 142 36673 20446 6419 4342 210908 10024 
28000 608865 9085 158451 113 208 13841 10001 118 159 10478 517 40 61 529 350 141 188 63 5884 152 36948 20694 6376 4492 211635 9992 
28100 606867 8917 157891 189 181 13825 10022 120 89 10472 608 23 138 440 316 165 241 101 5913 145 36882 20747 6414 4414 211169 9853 
28200 614909 8747 155560 203 102 13625 9887 46 128 10425 871 53 122 398 344 94 265 210 5869 121 36715 20311 6272 4262 208834 9556 
28300 610623 8870 156662 216 81 13773 9880 39 62 10489 1055 100 135 328 277 109 190 207 5837 116 36825 20788 6190 4339 210593 9519 
28400 605435 8842 157361 334 92 13807 9935 46 60 10512 1418 110 93 241 234 146 284 260 5883 189 37060 20729 6253 4332 212660 9155 
28500 610445 8971 156213 385 120 13771 9962 39 65 10588 1451 122 117 185 147 125 362 252 5837 191 36444 20826 6209 4277 210136 9020 
28600 609446 8994 156848 441 99 13743 9921 46 58 10561 1794 28 81 177 212 180 297 334 5904 172 36610 20899 6099 4195 211644 8643 
28700 614093 8817 154889 565 66 13595 9904 24 81 10513 2044 71 133 159 284 193 272 310 5919 115 36363 20690 6037 4116 210122 8349 
28800 602655 8926 158099 624 80 13870 10033 25 97 10735 2294 50 164 123 250 54 275 269 6023 126 37108 21119 6170 4243 215111 8306 
28900 614933 8867 153761 619 70 13627 9865 38 107 10408 2622 72 259 115 175 108 282 315 5841 166 36201 20834 6087 4221 210155 7747 
29000 611376 8840 155179 616 116 13699 9909 19 137 10521 2625 60 263 85 129 127 158 266 5827 169 36584 20656 6180 4155 212416 7782 
29100 600464 8925 158290 400 210 13962 10097 7 100 10681 2893 128 183 86 102 174 139 347 5964 184 37793 20719 6449 4133 217810 7812 
29200 608265 8835 155852 352 228 13840 10015 21 96 10500 2941 74 224 33 169 127 202 492 5877 210 37273 20841 6165 4183 214395 7473 
29300 615165 8840 152804 371 186 13598 9894 18 152 10270 2948 83 201 56 194 83 191 554 5812 223 36725 20500 6103 4126 210913 7329 
29400 613431 9009 152748 347 204 13689 9981 19 238 10243 3136 84 178 58 118 94 337 625 5789 254 36821 20621 6026 4131 211814 6971 
29500 609899 9175 154005 290 104 13833 9953 18 171 10308 3107 124 137 80 174 126 344 831 5828 248 37199 20553 6038 4085 214237 7119 
29600 607837 9218 153256 330 130 13874 10029 13 218 10199 3355 82 139 43 201 129 338 834 5903 215 37148 20893 6118 4117 213227 6980 
29700 607727 9172 154013 324 140 13942 10118 17 264 10254 3833 56 164 100 186 97 392 598 5973 206 37733 20704 6112 4100 215132 6592 
29800 604496 9243 154750 468 82 13954 10084 14 337 10295 4044 143 121 59 232 84 289 550 5932 183 37939 20722 6055 4129 217283 6522 
29900 612099 9032 151252 449 131 13591 9894 18 275 10042 3817 107 96 80 178 36 309 610 5884 247 37214 20113 5924 4059 212122 6513 
30000 615491 9190 151182 472 114 13618 9915 12 169 10157 3923 123 126 104 253 83 288 486 5852 290 37071 20620 5880 4156 212190 6430 
30100 605949 9472 153547 322 237 13727 10031 14 159 10371 3906 106 153 75 203 74 290 540 5947 269 37876 20794 5932 4143 216597 6600 
30200 596017 9608 156211 431 205 13911 10063 24 130 10502 3913 127 146 36 196 47 403 597 5966 308 38363 21067 5965 4172 220133 6650 
30300 610588 9220 152194 427 177 13518 9876 36 156 10330 4055 87 133 58 132 66 329 603 5902 290 37500 20736 5970 4094 214300 6179 
30400 619416 9130 149024 313 137 13407 9737 11 191 10108 3888 79 171 44 190 87 309 568 5799 194 36672 20725 5858 4085 209364 6047 
30500 609572 9279 152234 375 117 13697 9986 19 194 10492 4278 100 132 49 181 107 351 599 6024 175 37751 20922 6155 4077 213894 5843 
30600 612071 9106 151599 291 104 13695 9858 17 241 10390 4308 99 117 84 101 118 337 510 5879 178 37339 20824 6205 4066 213261 5640 
30700 607719 9508 152896 275 128 13954 9983 14 224 10441 4019 177 85 74 187 101 256 605 5955 137 37830 20853 6173 4130 215685 5975 
30800 602913 9632 154076 223 95 14043 10082 4 263 10578 3914 153 103 88 173 100 227 585 5968 118 38086 20737 6183 4137 217556 6139 
30900 603968 9492 153394 288 106 13994 10072 13 349 10599 3991 177 130 55 131 159 327 533 6000 71 38158 20734 6115 4172 216891 6033 
31000 608422 9302 152671 206 154 13881 10072 24 372 10491 4057 229 157 100 128 149 381 430 5909 39 37746 20454 6111 4166 215440 5874 
31100 612992 9313 150683 190 146 13822 10006 31 364 10304 4041 226 136 90 113 129 329 559 5861 86 37364 20638 6092 4177 212514 5803 
31200 611212 9249 151104 215 135 13957 9892 29 223 10334 4081 193 110 69 157 112 274 617 5866 96 37554 20664 6124 4241 213514 5929 
31300 610735 9323 151511 185 179 13906 9912 24 233 10215 4088 264 138 69 131 78 299 761 5803 109 37529 20972 6093 4282 214173 5888 
31400 613548 9333 150250 180 170 13765 9973 11 244 10224 3894 301 75 118 45 122 265 791 5880 102 37996 20730 6158 4228 213495 6051 
31500 606261 9614 152770 211 98 13883 10009 16 212 10432 3859 316 50 125 39 98 217 693 5907 130 38612 20821 6295 4288 217506 6131 
31600 607962 9599 151905 174 130 13934 10069 31 203 10431 3802 371 71 181 85 86 199 751 5874 189 38301 20835 6289 4279 216210 6064 
31700 616828 9355 148026 118 123 13723 9914 10 185 10389 3630 376 134 205 107 95 219 878 5795 131 37701 20624 6227 4320 211627 6057 
31800 615834 9447 147966 188 129 13711 10008 26 242 10456 3648 372 174 172 104 75 204 686 5831 155 37760 20608 6210 4297 211389 5966 
31900 610859 9456 150255 108 127 13838 10081 10 225 10451 3716 424 205 204 127 52 221 867 5906 99 38787 20414 6233 4377 215209 6113 
32000 611024 9502 149389 137 174 13762 10187 19 229 10399 3729 502 143 173 157 30 266 991 5926 77 38229 20759 6297 4430 213209 6040 
32100 610503 9350 149419 171 244 13711 10148 19 269 10405 4035 414 156 141 157 106 344 1055 5868 120 38095 20927 6253 4463 213257 5729 
32200 612312 9218 149437 148 223 13627 10020 20 249 10376 4177 383 106 111 245 87 261 1040 5897 95 38051 21146 6253 4371 212842 5539 
32300 614932 9214 149114 136 159 13585 10108 13 152 10338 4124 313 179 170 281 67 167 1057 5964 116 38095 21024 6141 4404 212594 5507 
32400 601476 9640 152351 188 205 13875 10225 12 230 10591 3981 263 245 186 244 95 179 1251 6045 79 39010 21249 6280 4445 217891 5921 
32500 602354 9590 152825 129 147 13848 10207 16 118 10595 3862 263 189 157 198 125 156 1215 6032 73 38953 21313 6305 4490 218186 5857 
32600 607626 9759 150299 152 180 13674 10073 28 89 10575 3686 307 255 192 164 96 165 1357 5925 69 38562 21103 6197 4500 215747 5938 
32700 614574 9875 148383 138 234 13589 9951 35 84 10608 3646 352 203 190 121 101 108 1298 5916 79 38474 20892 6234 4391 213703 6052 
32800 600917 9966 151373 114 233 13839 10075 12 64 10809 3715 331 212 238 178 113 224 1426 6086 165 39213 21193 6383 4520 218253 6083 
32900 610913 9762 148380 134 253 13692 9870 17 117 10634 3642 269 195 249 182 85 160 1380 5885 143 38387 21063 6200 4349 214427 5908 
33000 617398 9732 147191 149 272 13535 9788 19 123 10519 3404 310 115 305 171 110 170 1481 5825 199 37965 21035 6161 4331 212261 6053 
33100 601743 9789 151007 169 365 13726 9979 19 102 10725 3703 292 70 288 118 95 76 1551 5991 138 39504 21298 6212 4347 217651 6020 
33200 603411 9690 151041 152 306 13929 9964 33 71 10689 3746 353 49 265 179 94 175 1634 5978 156 39770 21133 6129 4307 218364 5786 
33300 601690 9580 151842 162 314 14043 10073 17 84 10742 4010 260 124 251 145 113 241 1794 6103 124 40183 21114 6263 4362 219421 5729 
33400 608029 9441 149126 189 331 13712 9892 27 95 10586 4128 273 137 194 143 121 116 1939 5967 127 39976 20873 6096 4417 215951 5600 
33500 610413 9397 148569 203 331 13628 10016 24 137 10622 4274 134 172 138 137 133 127 1982 6054 163 40130 21181 6230 4472 215113 5507 
33600 617341 9201 145791 333 288 13340 9868 23 207 10390 4238 131 167 98 139 160 227 2166 5844 135 39710 20989 6281 4430 212369 5530 
33700 618755 9017 145016 402 228 13239 9786 19 235 10251 4338 81 113 92 83 80 241 2320 5807 231 39642 20610 6084 4312 211065 5344 
33800 614887 9200 146627 279 172 13454 9862 21 143 10413 4208 72 132 132 82 71 326 2484 5828 214 40307 20972 6224 4417 214176 5575 
33900 617611 9116 144986 205 200 13282 9780 10 159 10230 4244 82 165 81 118 63 255 2620 5738 177 40328 20810 6298 4416 212387 5382 
34000 611580 9002 145903 305 237 13613 9889 14 104 10548 4556 222 171 116 88 70 248 2641 5879 128 41187 20885 6446 4417 214904 5081 
34100 608571 9076 145631 223 342 13728 9961 19 83 10604 4653 182 163 96 189 59 210 2662 5903 169 41523 20899 6500 4366 215514 5170 
34200 614700 8938 143891 214 307 13577 9904 18 56 10393 4678 107 95 136 104 92 177 2750 5794 237 40950 21206 6427 4317 213128 5104 
34300 612340 8799 144624 179 383 13642 10005 26 53 10509 4748 106 61 186 131 106 134 2831 5879 266 41709 21084 6398 4264 215093 5037 
34400 615412 8517 142849 127 453 13427 10050 20 39 10529 5040 181 106 214 93 102 125 2878 5845 291 41903 20773 6268 4252 212926 4845 
34500 612881 8686 142984 125 395 13489 9908 15 28 10484 4852 160 81 203 122 102 74 3079 5729 137 42154 20755 6029 4226 213632 4916 
34600 612287 8640 142793 47 461 13553 9997 13 55 10430 4825 116 74 200 186 126 93 3272 5821 144 42469 21013 6019 4297 213949 5027 
34700 607750 8818 144221 73 355 13693 10022 9 92 10541 4677 116 72 203 201 112 64 3285 5824 108 43056 21090 6081 4343 216602 5114 
34800 608561 8841 143404 36 379 13604 9916 13 102 10474 4568 97 84 147 95 62 96 3226 5845 101 43146 20765 5947 4240 215934 5136 
34900 607058 8852 144542 89 554 13628 10038 28 87 10453 4515 68 38 146 104 65 66 3189 5955 126 43762 20675 6107 4293 218141 5161 
35000 610637 8877 143383 99 508 13650 9948 44 100 10279 4436 58 51 216 155 76 57 3250 5882 69 43697 20436 6080 4201 216381 5100 
35100 604519 8957 143831 133 518 13782 10033 26 58 10225 4518 82 80 224 154 57 120 3287 5935 59 44246 20696 6163 4190 217025 5199 
35200 606924 8933 143363 182 402 13760 9952 19 71 10273 4517 56 125 238 159 54 141 3246 5886 90 44472 20820 6096 4237 217159 5183 
35300 605807 8813 143451 245 354 13635 9945 10 62 10319 4484 97 99 225 127 36 84 3133 5924 134 44923 20395 6127 4184 218277 5146 
35400 611137 8660 142047 274 237 13528 9932 28 51 10232 4565 108 87 228 75 38 61 3338 5918 91 44849 20204 6174 4146 216640 4990 
35500 614288 8621 140337 296 255 13367 9960 16 67 10204 4610 106 144 238 149 54 72 3387 5826 80 44372 20423 6122 4240 215264 4899 
35600 612405 8816 140370 254 262 13412 10010 21 84 10301 4747 93 114 253 92 94 66 3494 5875 97 44779 20783 6174 4280 217240 4969 
35700 617556 8853 137677 329 160 13273 9787 16 43 10340 4729 102 89 254 74 64 75 3668 5726 119 44509 20542 6063 4239 215454 4905 
35800 611009 9080 138793 453 172 13375 9896 21 58 10500 4944 64 197 152 108 66 101 3842 5789 133 45306 20864 6112 4206 218392 4835 
35900 610075 8939 137287 375 142 13304 9941 12 61 10645 5277 114 133 117 79 85 56 4037 5809 76 45931 20977 6126 4266 218387 4642 
36000 613783 8989 136528 477 158 13274 9907 20 75 10795 5131 96 140 112 41 92 85 4094 5850 73 45727 21301 6151 4267 217449 4598 
36100 612682 8892 135205 393 190 13156 9794 11 80 10647 5174 90 151 146 90 69 101 4183 5822 76 45702 20810 6162 4179 216464 4545 
36200 605072 9252 137250 434 338 13574 9933 18 130 10595 5104 181 100 196 65 130 124 4361 5768 78 46776 21444 6205 4266 221072 4638 
36300 607363 9242 136081 341 252 13508 9949 20 199 10744 5102 219 123 198 50 144 120 4483 5866 75 46989 21281 6253 4171 220249 4518 
36400 616059 8890 133778 415 237 13341 9791 23 232 10352 5035 267 60 257 84 157 123 4380 5814 63 46207 20938 6229 4085 216413 4442 
36500 618018 8963 132903 250 182 13361 9820 10 379 10406 5095 178 81 200 94 159 82 4502 5740 46 46070 20805 6149 4069 215366 4388 
36600 609763 9122 135101 237 156 13574 10050 39 450 10599 5285 90 51 129 153 135 147 4684 5925 109 47007 21276 6212 4181 219508 4491 
36700 611185 8922 134692 277 155 13489 9965 140 417 10604 5354 59 59 116 143 129 131 4614 5873 219 47186 20770 6215 4131 218691 4469 
36800 614744 9053 133880 347 167 13396 10078 103 513 10554 5156 102 112 55 124 123 123 4612 5886 177 46943 20791 6238 4227 217070 4388 
36900 607315 9083 135733 380 231 13558 10108 99 632 10743 5258 40 130 84 143 117 99 4618 5974 157 47595 20936 6341 4210 219909 4447 
37000 603304 9266 136564 448 217 13575 10123 64 411 10848 5199 90 134 67 172 71 92 4683 5915 103 48096 20984 6402 4193 221504 4509 
37100 604477 9219 136204 416 221 13514 10183 66 422 10990 5142 45 127 85 200 84 68 4690 5982 126 48289 20899 6405 4161 221017 4466 
37200 619278 8883 131609 322 191 13085 9817 102 447 10518 5061 49 92 41 319 52 47 4503 5684 45 46119 20671 6121 4082 213408 4375 
37300 613162 8817 133168 289 280 13206 9770 116 538 10526 5280 66 132 74 224 92 110 4558 5742 50 46795 20675 6074 4144 216500 4454 
37400 608971 9094 134736 319 212 13287 9919 59 603 10482 5262 79 191 69 223 103 80 4608 5909 56 47683 21069 6241 4211 219251 4455 
37500 613406 9124 133943 410 193 12994 9888 49 691 10234 5176 81 138 68 286 132 112 4569 5941 67 47399 20670 6236 4194 217725 4385 
37600 612969 9138 132596 513 120 12821 9907 13 697 10207 5242 73 92 71 242 78 86 4750 5824 81 47088 20955 6266 4228 216543 4442 
37700 610736 9354 133801 398 128 12867 9860 12 777 10078 5054 101 72 158 189 39 80 4862 5897 59 47656 20805 6630 4180 219068 4437 
37800 614925 9299 132163 382 110 12739 9795 16 672 10186 4987 87 91 215 192 38 86 4822 5872 62 47172 20743 6286 4153 217077 4380 
37900 606118 9432 134246 437 75 13044 10001 11 577 10627 5084 88 84 149 182 83 173 4916 6057 111 47931 21235 6397 4198 220426 4480 
38000 621080 9221 130849 504 86 12675 9806 18 571 10416 4928 46 128 125 182 98 125 4822 5852 135 46921 20585 6328 4107 215155 4369 
38100 617610 9263 131449 555 100 12832 9852 16 530 10633 4843 75 125 190 145 38 160 4635 5805 113 47249 20794 6297 4149 216535 4299 
38200 609700 9203 133309 531 92 13032 9935 14 701 10776 5059 103 115 179 158 42 126 4753 5925 72 48037 20842 6300 4172 220176 4386 
38300 608953 9348 132172 568 146 13160 9857 8 744 10740 4943 86 138 101 214 92 170 4850 5763 58 47537 20984 6251 4310 219099 4422 
38400 609314 9133 132275 691 167 13092 9908 9 937 10613 4892 191 198 72 137 74 227 4895 5862 59 47837 20944 6214 4309 219162 4405 
38500 617314 8981 130985 636 164 13112 9766 22 1085 10382 4751 257 161 37 140 59 178 4816 5758 57 47224 20887 6072 4317 216650 4429 
38600 608975 9205 132628 482 212 13458 9893 12 1023 10787 4742 319 230 38 175 92 146 4847 5819 88 48078 21014 6140 4369 220235 4481 
38700 622585 9020 127707 517 199 13058 9708 18 1052 10635 4701 376 140 63 193 90 217 4670 5677 77 46318 20737 6078 4249 212839 4351 
38800 616878 9102 129982 471 231 13352 9785 7 1252 10543 4770 479 173 76 203 135 203 4753 5753 100 46974 20391 6067 4193 216503 4437 
38900 613305 8952 131196 396 291 13613 9893 15 1265 10891 5044 396 151 40 138 70 133 4743 5828 217 47442 20714 6133 4275 219067 4452 
39000 612930 8968 131380 436 313 13610 9907 17 1350 10981 5099 418 79 32 134 66 79 4967 5847 220 47411 20780 6053 4355 219532 4428 
39100 616808 8691 129500 196 265 13563 9779 11 1224 10878 5197 452 50 68 134 147 72 4879 5742 165 46638 20623 5955 4208 216336 4413 
39200 610872 8607 131421 140 193 13636 9866 19 967 11296 5361 374 64 67 176 126 97 4764 5820 93 47481 20810 6124 4252 219960 4421 
39300 616676 8564 129594 146 186 13442 9789 14 872 11480 5414 237 137 73 207 54 54 4690 5681 193 46663 20739 6130 4206 217107 4376 
39400 613525 8622 129905 120 226 13606 9810 17 751 11728 5467 215 135 78 258 52 67 4697 5594 165 46915 20791 6039 4241 219557 4394 
39500 610959 8649 129820 120 283 13644 9872 15 713 12000 5559 181 142 126 301 62 96 4856 5557 203 46956 20803 6046 4179 220635 4444 
39600 613775 8543 129008 189 206 13831 9858 20 660 12276 5656 91 103 119 298 77 159 4837 5610 138 46706 20741 6033 4155 220198 4454 
39700 610814 8633 129091 187 165 13897 9833 18 514 12633 5578 79 113 76 229 89 118 4831 5673 114 46971 20811 6013 4219 221484 4471 
39800 615196 8795 128853 244 196 13967 9822 21 516 12631 5645 63 100 52 182 104 158 4638 5704 126 46677 20815 5991 4181 220445 4470 
39900 612683 8869 129060 235 177 13966 9841 12 449 12890 5654 66 74 57 167 87 116 4562 5634 147 47040 20624 5995 4160 221878 4474 
40000 613688 8988 127965 419 202 13857 9861 29 550 12800 5672 95 88 55 105 165 149 4579 5692 160 46730 20778 5984 4227 220073 4453 
40100 612425 8845 128514 398 193 13872 9980 15 456 13063 5805 131 94 84 88 129 85 4483 5647 229 47412 20566 6146 4227 221448 4436 
40200 610714 8791 128841 417 261 13862 9932 15 469 13044 5626 244 113 82 120 168 75 4427 5498 167 47473 20618 6038 4250 221882 4563 
40300 608805 8725 128829 452 173 13919 10107 15 468 13130 5722 267 146 136 147 121 160 4337 5588 196 47616 20734 6181 4233 221700 4550 
40400 606700 8710 128784 364 166 13840 10144 21 417 13476 5803 335 91 179 116 93 147 4389 5604 218 47955 20807 6221 4187 222324 4541 
40500 608082 8920 127874 355 183 13837 10030 21 403 13706 5822 310 79 190 100 82 112 4519 5554 267 47610 21372 6221 4245 222073 4574 
40600 609637 8713 127561 332 201 13705 9986 10 636 13347 5973 389 81 96 103 58 77 4561 5702 196 48023 21226 6442 4112 222161 4450 
40700 608405 8758 127337 365 155 13946 9954 16 606 13287 5883 397 48 76 126 67 48 4568 5623 174 48182 21490 6471 4156 222663 4529 
40800 614829 8610 126055 347 216 13801 9929 11 625 12953 5967 317 62 69 131 67 70 4707 5619 201 47800 21084 6316 4054 220732 4421 
40900 609502 8657 126944 395 221 13979 9986 14 716 12926 6042 312 78 39 193 86 47 4966 5606 152 48139 21095 6239 4150 223413 4495 
41000 612990 8535 125649 325 152 13672 9984 20 761 12883 5972 243 145 52 418 94 71 4970 5658 130 47565 21030 6153 4149 221458 4443 
41100 611544 8672 125775 225 116 13704 10021 26 765 12984 5944 207 129 71 403 50 73 5070 5762 147 47651 21012 6163 4142 221509 4470 
41200 610503 8731 125612 262 145 13672 9972 16 737 12957 6046 180 126 81 352 108 83 5126 5684 210 47756 20755 6112 4086 222410 4499 
41300 612807 8699 125190 207 140 13659 9827 21 880 12731 5962 149 97 167 378 95 94 5131 5703 131 47549 20726 6030 4118 221740 4603 
41400 611289 8814 125259 153 199 13600 9876 18 950 12717 5941 128 94 148 527 103 103 5233 5718 122 47925 20857 6032 4157 221994 4479 
41500 608093 8940 126206 74 340 13501 9979 13 1053 12731 5992 147 96 229 567 81 136 5399 5730 69 48102 21255 6124 4177 223738 4463 
41600 612057 8905 124622 114 381 13135 9812 17 869 12951 5848 101 53 170 645 129 169 5342 5652 124 47818 20615 6123 4153 221800 4397 
41700 611146 9059 124816 85 261 13100 9882 11 1081 12763 5755 146 137 167 740 96 177 5444 5659 91 47902 20959 6113 4194 222207 4447 
41800 611195 9291 124888 74 154 12978 9883 12 1112 12619 5461 115 194 249 776 118 164 5550 5404 71 47870 21227 6060 4181 222769 4486 
41900 615944 9077 123801 111 191 12886 9782 8 963 12696 5382 129 181 140 761 121 188 5428 5296 96 47882 20862 6013 4232 221402 4436 
42000 615903 8996 123106 146 192 13034 9758 10 906 12834 5247 154 180 129 604 92 188 5349 5263 102 47843 21007 6121 4342 220598 4417 
42100 617043 8811 123026 192 134 13177 9768 14 869 12761 5182 136 97 100 605 98 146 5337 5182 176 48035 21049 6164 4434 220143 4381 
42200 607118 8885 125398 182 125 13188 9884 14 853 13098 5208 134 117 82 653 98 179 5310 5246 178 49276 21309 6260 4609 224745 4420 
42300 612078 9043 124663 200 145 12987 9831 31 787 13080 4755 185 171 126 698 109 125 5213 5110 142 48889 21826 6150 4835 223633 4436 
42400 615293 9063 123376 192 109 12920 9803 31 701 13158 4700 116 249 182 634 99 46 5055 5119 145 48649 21712 6198 4859 221688 4410 
42500 610214 9080 125212 182 122 13186 9925 41 695 13366 4717 93 159 142 588 92 78 5224 5178 111 49757 21764 6238 4820 224576 4419 
42600 604142 9223 126236 160 107 13257 10004 39 698 13502 4791 124 196 150 587 41 116 5306 5011 63 50392 22037 6278 4846 226941 4502 
42700 614727 8988 123116 222 97 12851 9812 30 720 13223 4865 206 215 186 600 39 194 5339 4942 67 49163 21601 6084 4777 221540 4463 
42800 612047 8954 123827 208 120 13120 9877 23 607 13414 4901 186 170 151 651 43 161 5189 5005 128 49864 21647 6150 4844 223398 4470 
42900 615951 9103 122368 172 107 12973 9795 18 666 13279 4874 219 111 177 614 59 53 5230 4931 98 49835 21102 5988 4736 221485 4387 
43000 610395 9100 123674 199 100 12972 9918 15 523 13625 5058 101 54 150 595 123 50 5225 4965 71 50812 21354 6101 4761 224182 4403 
43100 616991 9089 122026 231 76 12983 9861 15 643 13309 5270 57 46 149 606 58 30 5224 4810 65 50293 21083 6004 4702 221326 4386 
43200 614375 8898 122726 302 73 12663 9850 11 686 13440 5282 61 77 184 731 114 67 5283 4901 99 50477 20811 6060 4629 222774 4387 
43300 607064 9044 124012 302 151 12823 9921 21 903 13223 5518 143 132 134 740 86 165 5567 4847 70 50996 21074 6074 4639 225597 4485 
43400 613987 8761 122298 296 181 12600 9855 20 1007 12906 5392 95 136 79 693 89 195 5462 4876 176 50553 20801 6010 4696 223018 4376 
43500 615909 8927 120911 281 106 12697 9877 14 923 13030 5310 96 124 85 587 86 180 5379 4624 152 50586 21000 6117 4774 221195 4441 
43600 609737 9014 122275 317 119 12904 9918 18 928 13436 5176 211 123 119 771 155 133 5400 4763 101 51522 21268 6145 4828 225725 4456 
43700 616809 8862 120363 374 233 12642 9874 16 884 13109 5161 164 127 116 705 80 231 5366 4732 94 50641 21265 5987 4770 221699 4361 
43800 620337 8750 118959 444 233 12473 9720 15 1065 12636 5032 203 182 147 650 59 215 5540 4593 56 50128 21108 5972 4766 219066 4345 
43900 616600 8823 119969 537 257 12696 9812 20 867 13196 5118 165 115 128 409 57 236 5505 4461 96 50780 21297 6045 4824 221357 4402 
44000 609547 8939 121402 533 263 12833 9876 20 740 13426 5148 148 109 132 312 27 225 5454 4700 132 51733 21721 6102 4875 224969 4454 
44100 618047 8740 120476 603 259 12505 9782 19 723 13319 4900 148 43 122 262 40 248 5224 4723 148 50977 22041 6042 5036 222570 4444 
44200 618637 8621 119491 600 332 12421 9784 17 670 13268 5098 209 81 189 306 63 141 5066 4504 176 51289 21716 6078 4921 221765 4365 
44300 614576 8692 120069 450 306 12498 9877 14 634 13208 5357 209 82 197 273 32 179 5154 4524 124 52142 21824 6153 4731 224256 4447 
44400 618974 8701 118688 428 407 12374 9747 13 556 12998 5331 214 94 200 289 30 149 5143 4498 99 51327 21745 6067 4656 222076 4448 
44500 619871 8525 118840 422 330 12015 9701 23 543 13039 5115 247 111 170 289 36 237 5123 4425 110 51426 21856 6044 4770 222352 4396 
44600 619235 8458 118848 269 366 12214 9791 11 589 13293 5270 245 69 170 341 61 296 5042 4487 119 51676 21821 6084 4699 223065 4413 
44700 614132 8639 119672 292 467 12398 10012 19 427 13537 5433 179 91 165 241 99 299 4975 4428 97 52514 22072 6113 4647 225052 4488 
44800 620210 8535 118748 319 485 12261 9847 15 477 13283 5373 178 50 113 210 116 264 4914 4569 92 51781 21830 5986 4478 223195 4414 
