# Avida tasks data
# Fri Jun  8 09:33:27 2018
# First column gives the current update, next columns give the number
# of organisms that have the particular task as a component of their merit
#  1: Update
#  2: Echo
#  3: Nand
#  4: Not
#  5: And
#  6: OrNot

0 0 0 0 0 0 
100 254 0 0 0 0 
200 3600 10 0 0 0 
300 3600 29 0 0 0 
400 3600 53 0 0 0 
500 3600 59 2 0 0 
600 3600 42 7 0 0 
700 3600 97 10 0 0 
800 3600 152 22 0 0 
900 3600 185 9 0 0 
1000 3600 208 23 0 0 
1100 3600 239 30 0 0 
1200 3600 167 11 0 0 
1300 3600 73 2 0 0 
1400 3600 48 0 0 0 
1500 3600 43 0 0 0 
1600 3600 57 0 0 0 
1700 3600 90 2 0 0 
1800 3600 125 24 0 0 
1900 3600 109 96 0 0 
2000 3600 76 82 0 0 
2100 3600 112 88 0 0 
2200 3600 174 74 0 0 
2300 3600 238 93 0 0 
2400 3600 175 72 0 0 
2500 3600 244 63 0 0 
2600 3600 400 132 0 0 
2700 3600 464 143 0 0 
2800 3600 661 162 0 0 
2900 3600 756 228 0 0 
3000 3600 845 257 0 0 
3100 3600 1031 254 0 0 
3200 3600 1057 224 0 0 
3300 3600 1145 213 0 0 
3400 3600 982 177 0 0 
3500 3600 811 100 0 0 
3600 3600 460 29 0 0 
3700 3600 228 25 0 0 
3800 3600 157 9 0 0 
3900 3600 51 16 0 0 
4000 3600 17 20 0 8 
4100 3600 11 36 0 6 
4200 3600 45 25 0 20 
4300 3600 57 20 0 0 
4400 3600 40 27 0 0 
4500 3600 58 28 0 0 
4600 3600 89 18 0 0 
4700 3600 106 9 0 0 
4800 3600 243 5 0 0 
4900 3600 279 0 0 0 
5000 3600 405 0 0 0 
5100 3600 550 0 0 0 
5200 3600 758 1 0 0 
5300 3600 956 0 0 0 
5400 3600 811 2 0 0 
5500 3600 863 5 0 0 
5600 3600 930 19 0 0 
5700 3600 939 11 0 0 
5800 3600 752 4 0 0 
5900 3600 700 18 0 0 
6000 3600 732 27 0 0 
6100 3600 720 18 0 0 
6200 3600 765 30 0 2 
6300 3600 620 18 0 0 
6400 3600 628 19 0 0 
6500 3600 574 56 0 0 
6600 3600 479 37 0 0 
6700 3600 591 34 0 0 
6800 3600 509 29 0 0 
6900 3600 543 30 0 0 
7000 3600 479 40 0 0 
7100 3600 508 47 0 3 
7200 3600 449 87 0 1 
7300 3600 384 38 0 0 
7400 3600 496 34 0 0 
7500 3600 537 22 0 0 
7600 3600 568 14 0 0 
7700 3600 697 36 0 0 
7800 3600 720 17 0 2 
7900 3600 665 16 0 0 
8000 3600 566 7 0 0 
8100 3600 648 3 0 0 
8200 3600 697 3 0 0 
8300 3600 790 0 0 0 
8400 3600 818 5 0 0 
8500 3600 819 14 0 0 
8600 3600 724 3 0 0 
8700 3600 524 0 0 0 
8800 3600 371 2 0 0 
8900 3600 297 1 0 0 
9000 3600 249 2 0 0 
9100 3600 269 1 0 0 
9200 3600 295 12 0 0 
9300 3600 214 17 0 0 
9400 3600 195 5 0 0 
9500 3600 176 6 0 0 
9600 3600 197 4 0 0 
9700 3600 300 3 0 0 
9800 3600 430 6 0 0 
9900 3600 522 3 0 0 
10000 3600 501 20 0 0 
10100 3600 438 73 0 0 
10200 3600 513 67 0 0 
10300 3600 340 42 0 0 
10400 3600 357 17 0 0 
10500 3600 324 32 0 0 
10600 3600 231 21 0 0 
10700 3600 303 17 0 0 
10800 3600 290 32 0 2 
10900 3600 479 27 0 2 
11000 3600 749 42 0 0 
11100 3600 1119 62 0 0 
11200 3600 1333 79 0 0 
11300 3600 1488 71 0 4 
11400 3600 1844 115 0 8 
11500 3600 2055 144 0 10 
11600 3600 2062 153 0 11 
11700 3600 2116 151 0 19 
11800 3600 2362 251 0 70 
11900 3600 2624 284 0 97 
12000 3600 2879 264 0 178 
12100 3600 3091 400 0 220 
12200 3600 3271 528 0 296 
12300 3600 3330 725 0 372 
12400 3600 3453 998 0 368 
12500 3600 3523 1278 0 454 
12600 3600 3561 1446 0 355 
12700 3600 3508 1708 0 358 
12800 3600 3582 2083 0 412 
12900 3600 3593 2363 0 323 
13000 3600 3594 2550 0 498 
13100 3600 3590 2755 0 472 
13200 3600 3595 2926 0 429 
13300 3600 3584 3032 0 390 
13400 3600 3586 3205 0 348 
13500 3600 3591 3357 0 526 
13600 3600 3596 3463 0 573 
13700 3600 3595 3436 0 489 
13800 3600 3600 3474 0 483 
13900 3600 3583 3508 0 613 
14000 3600 3576 3494 0 646 
14100 3600 3576 3466 0 638 
14200 3600 3583 3506 0 611 
14300 3600 3597 3518 0 778 
14400 3600 3600 3527 0 809 
14500 3600 3599 3518 0 862 
14600 3600 3592 3496 0 740 
14700 3600 3589 3523 0 706 
14800 3600 3598 3522 0 654 
14900 3600 3600 3489 0 685 
15000 3600 3600 3509 0 576 
15100 3600 3600 3478 0 571 
15200 3600 3600 3555 0 507 
15300 3600 3600 3524 0 388 
15400 3600 3599 3544 0 275 
15500 3600 3600 3550 0 210 
15600 3600 3600 3542 0 193 
15700 3600 3600 3538 0 162 
15800 3600 3600 3545 0 124 
15900 3600 3600 3506 0 97 
16000 3600 3600 3513 0 107 
16100 3600 3600 3502 0 65 
16200 3600 3600 3500 0 33 
16300 3600 3600 3501 0 39 
16400 3600 3600 3490 0 35 
16500 3600 3600 3499 0 11 
16600 3600 3600 3507 0 20 
16700 3600 3600 3534 0 27 
16800 3600 3600 3512 0 41 
16900 3600 3600 3530 0 78 
17000 3600 3598 3522 0 70 
17100 3600 3600 3542 0 48 
17200 3600 3600 3554 0 34 
17300 3600 3600 3553 0 21 
17400 3600 3600 3551 0 31 
17500 3600 3600 3542 0 31 
17600 3600 3600 3546 0 84 
17700 3600 3600 3567 0 90 
17800 3600 3600 3519 0 59 
17900 3600 3600 3514 0 70 
18000 3600 3600 3526 0 71 
18100 3600 3600 3526 0 81 
18200 3600 3600 3507 0 87 
18300 3600 3600 3479 0 89 
18400 3600 3600 3463 0 86 
18500 3600 3600 3475 0 95 
18600 3600 3600 3474 0 57 
18700 3600 3600 3524 0 71 
18800 3600 3600 3462 0 44 
18900 3600 3600 3481 0 14 
19000 3600 3600 3449 0 19 
19100 3600 3600 3472 0 2 
19200 3600 3600 3515 0 7 
19300 3600 3600 3563 0 4 
19400 3600 3600 3528 0 16 
19500 3600 3600 3523 0 44 
19600 3600 3600 3483 0 33 
19700 3600 3598 3505 0 65 
19800 3600 3600 3570 0 27 
19900 3600 3600 3543 0 30 
20000 3600 3600 3528 0 27 
20100 3600 3600 3530 0 20 
20200 3600 3600 3538 0 24 
20300 3600 3600 3543 0 56 
20400 3600 3600 3538 0 41 
20500 3600 3600 3518 0 46 
20600 3600 3600 3526 0 44 
20700 3600 3600 3519 0 37 
20800 3600 3600 3515 0 50 
20900 3600 3600 3490 0 66 
21000 3600 3600 3530 0 175 
21100 3600 3600 3530 0 224 
21200 3600 3600 3496 0 231 
21300 3600 3600 3531 0 302 
21400 3600 3600 3506 0 313 
21500 3600 3600 3468 0 428 
21600 3600 3600 3493 0 467 
21700 3600 3600 3519 0 583 
21800 3600 3600 3510 0 701 
21900 3600 3600 3519 0 799 
22000 3600 3598 3511 0 941 
22100 3600 3600 3464 0 1001 
22200 3600 3600 3430 0 943 
22300 3600 3600 3426 0 1224 
22400 3600 3600 3439 0 1310 
22500 3600 3600 3440 0 1459 
22600 3600 3600 3481 0 1673 
22700 3600 3600 3464 0 1659 
22800 3600 3600 3513 0 1767 
22900 3600 3600 3528 0 1875 
23000 3600 3600 3507 0 1967 
23100 3600 3600 3561 0 1999 
23200 3600 3600 3523 0 1806 
23300 3600 3600 3548 0 1891 
23400 3600 3600 3567 0 2014 
23500 3600 3600 3534 0 2088 
23600 3600 3600 3535 0 2234 
23700 3600 3600 3568 0 2310 
23800 3600 3600 3555 0 2367 
23900 3600 3600 3556 0 2524 
24000 3600 3600 3527 0 2710 
24100 3600 3600 3533 0 2630 
24200 3600 3600 3491 0 2621 
24300 3600 3600 3491 0 2759 
24400 3600 3600 3508 0 2651 
24500 3600 3600 3539 0 2788 
24600 3600 3600 3525 0 2891 
24700 3600 3600 3494 0 2949 
24800 3600 3600 3521 0 2882 
24900 3600 3600 3478 0 2783 
25000 3600 3600 3486 0 2861 
25100 3600 3600 3494 0 2997 
25200 3600 3600 3509 0 3101 
25300 3600 3600 3550 0 3093 
25400 3600 3600 3528 0 3194 
25500 3600 3600 3503 0 3229 
25600 3600 3600 3481 0 3268 
25700 3600 3600 3489 0 3380 
25800 3600 3600 3527 0 3362 
25900 3600 3600 3518 0 3454 
26000 3600 3600 3534 0 3515 
26100 3600 3600 3544 0 3504 
26200 3600 3600 3543 0 3499 
26300 3600 3600 3518 0 3463 
26400 3600 3600 3524 0 3440 
26500 3600 3600 3526 0 3477 
26600 3600 3600 3552 0 3486 
26700 3600 3600 3519 0 3437 
26800 3600 3600 3551 0 3362 
26900 3600 3600 3547 0 3362 
27000 3600 3600 3537 0 3369 
27100 3600 3600 3538 0 3422 
27200 3600 3600 3495 0 3442 
27300 3600 3600 3517 0 3466 
27400 3600 3600 3508 0 3405 
27500 3600 3600 3471 0 3420 
27600 3600 3600 3510 0 3462 
27700 3600 3600 3482 0 3483 
27800 3600 3600 3452 0 3457 
27900 3600 3600 3430 0 3484 
28000 3600 3600 3460 0 3490 
28100 3600 3600 3494 0 3476 
28200 3600 3600 3437 0 3419 
28300 3600 3600 3456 0 3354 
28400 3600 3600 3456 0 3405 
28500 3600 3600 3475 0 3439 
28600 3600 3600 3499 0 3450 
28700 3600 3600 3511 0 3380 
28800 3600 3600 3508 0 3451 
28900 3600 3600 3433 0 3388 
29000 3600 3600 3414 0 3321 
29100 3600 3600 3497 0 3328 
29200 3600 3600 3502 0 3309 
29300 3600 3600 3484 0 3323 
29400 3600 3600 3498 0 3411 
29500 3600 3600 3534 0 3449 
29600 3600 3600 3544 0 3461 
29700 3600 3600 3519 0 3436 
29800 3600 3600 3529 0 3426 
29900 3600 3600 3525 0 3495 
30000 3600 3600 3549 0 3489 
30100 3600 3600 3530 0 3445 
30200 3600 3600 3536 0 3462 
30300 3600 3600 3531 0 3483 
30400 3600 3600 3496 0 3456 
30500 3600 3600 3489 0 3343 
30600 3600 3600 3516 0 3438 
30700 3600 3600 3510 0 3445 
30800 3600 3600 3477 0 3456 
30900 3600 3600 3482 0 3440 
31000 3600 3600 3438 0 3485 
31100 3600 3600 3463 0 3453 
31200 3600 3600 3513 0 3472 
31300 3600 3600 3527 0 3462 
31400 3600 3600 3549 0 3424 
31500 3600 3600 3528 0 3452 
31600 3600 3600 3552 0 3457 
31700 3600 3600 3556 0 3450 
31800 3600 3600 3542 0 3440 
31900 3600 3600 3508 0 3445 
32000 3600 3600 3515 0 3333 
32100 3600 3600 3580 0 3306 
32200 3600 3600 3575 0 3297 
32300 3600 3600 3560 0 3324 
32400 3600 3600 3557 0 3354 
32500 3600 3600 3509 0 3355 
32600 3600 3600 3524 0 3393 
32700 3600 3600 3549 0 3445 
32800 3600 3600 3514 0 3434 
32900 3600 3599 3485 0 3455 
33000 3600 3600 3514 0 3429 
33100 3600 3600 3507 0 3478 
33200 3600 3600 3489 0 3464 
33300 3600 3600 3478 0 3393 
33400 3600 3600 3519 0 3426 
33500 3600 3600 3505 0 3443 
33600 3600 3600 3486 0 3461 
33700 3600 3600 3499 0 3470 
33800 3600 3600 3491 0 3444 
33900 3600 3600 3540 0 3517 
34000 3600 3600 3494 0 3457 
34100 3600 3600 3434 0 3497 
34200 3600 3600 3428 0 3480 
34300 3600 3600 3465 0 3510 
34400 3600 3600 3468 0 3491 
34500 3600 3600 3524 0 3463 
34600 3600 3600 3563 0 3393 
34700 3600 3600 3510 0 3379 
34800 3600 3600 3536 0 3465 
34900 3600 3600 3544 0 3475 
35000 3600 3600 3549 0 3492 
35100 3600 3600 3567 0 3517 
35200 3600 3600 3529 0 3481 
35300 3600 3600 3552 0 3499 
35400 3600 3600 3549 0 3512 
35500 3600 3600 3558 0 3518 
35600 3600 3600 3522 0 3502 
35700 3600 3600 3541 0 3421 
35800 3600 3600 3508 0 3385 
35900 3600 3600 3518 0 3449 
36000 3600 3600 3517 0 3482 
36100 3600 3600 3511 0 3490 
36200 3600 3600 3421 0 3540 
36300 3600 3600 3396 0 3516 
36400 3600 3600 3429 0 3431 
36500 3600 3600 3501 0 3398 
36600 3600 3600 3506 0 3451 
36700 3600 3600 3530 0 3439 
36800 3600 3600 3542 0 3462 
36900 3600 3600 3549 0 3449 
37000 3600 3600 3552 0 3457 
37100 3600 3600 3548 0 3413 
37200 3600 3600 3565 0 3455 
37300 3600 3600 3527 0 3469 
37400 3600 3600 3507 0 3488 
37500 3600 3600 3535 0 3528 
37600 3600 3600 3535 0 3526 
37700 3600 3600 3524 0 3523 
37800 3600 3600 3486 0 3529 
37900 3600 3600 3498 0 3514 
38000 3600 3600 3482 0 3491 
38100 3600 3600 3472 0 3527 
38200 3600 3600 3456 0 3498 
38300 3600 3600 3473 0 3449 
38400 3600 3600 3480 0 3478 
38500 3600 3600 3490 0 3510 
38600 3600 3600 3507 0 3542 
38700 3600 3600 3469 0 3476 
38800 3600 3600 3530 0 3334 
38900 3600 3600 3528 0 3391 
39000 3600 3600 3496 0 3383 
39100 3600 3600 3532 0 3438 
39200 3600 3600 3476 0 3456 
39300 3600 3600 3461 0 3465 
39400 3600 3600 3413 0 3469 
39500 3600 3600 3326 0 3427 
39600 3600 3600 3338 0 3496 
39700 3600 3600 3396 0 3496 
39800 3600 3600 3437 0 3463 
39900 3600 3600 3418 0 3475 
40000 3600 3600 3498 0 3420 
40100 3600 3600 3443 0 3451 
40200 3600 3600 3371 0 3449 
40300 3600 3600 3389 0 3431 
40400 3600 3600 3350 0 3436 
40500 3600 3600 3312 0 3456 
40600 3600 3600 3356 0 3424 
40700 3600 3600 3352 0 3472 
40800 3600 3600 3345 0 3499 
40900 3600 3600 3375 0 3458 
41000 3600 3600 3422 0 3424 
41100 3600 3600 3481 0 3433 
41200 3600 3600 3440 0 3453 
41300 3600 3600 3441 0 3487 
41400 3600 3600 3454 0 3494 
41500 3600 3600 3423 0 3444 
41600 3600 3600 3481 0 3442 
41700 3600 3600 3485 0 3452 
41800 3600 3600 3502 0 3446 
41900 3600 3600 3430 0 3468 
42000 3600 3600 3419 0 3431 
42100 3600 3600 3483 0 3423 
42200 3600 3600 3446 0 3412 
42300 3600 3600 3471 0 3428 
42400 3600 3600 3497 0 3378 
42500 3600 3600 3548 0 3434 
42600 3600 3600 3511 0 3482 
42700 3600 3600 3497 0 3477 
42800 3600 3600 3520 0 3444 
42900 3600 3600 3540 0 3408 
43000 3600 3600 3524 0 3450 
43100 3600 3600 3562 0 3431 
43200 3600 3600 3521 0 3353 
43300 3600 3600 3546 0 3347 
43400 3600 3600 3549 0 3316 
43500 3600 3600 3573 0 3248 
43600 3600 3600 3574 0 3154 
43700 3600 3600 3560 0 3111 
43800 3600 3600 3541 0 3256 
43900 3600 3600 3564 0 3237 
44000 3600 3600 3593 0 3174 
44100 3600 3600 3591 0 3117 
44200 3600 3600 3570 0 3106 
44300 3600 3600 3574 0 3039 
44400 3600 3600 3556 0 2971 
44500 3600 3600 3565 0 2969 
44600 3600 3600 3541 0 2837 
44700 3600 3600 3516 0 2771 
44800 3600 3600 3503 0 2897 
