# Avida Average Data
# Mon Jun 18 10:12:26 2018
#  1: Update
#  2: Merit
#  3: Gestation Time
#  4: Fitness
#  5: Repro Rate?
#  6: (deprecated) Size
#  7: Copied Size
#  8: Executed Size
#  9: (deprecated) Abundance
# 10: Proportion of organisms that gave birth in this update
# 11: Proportion of Breed True Organisms
# 12: (deprecated) Genotype Depth
# 13: Generation
# 14: Neutral Metric
# 15: Lineage Label
# 16: True Replication Rate (based on births/update, time-averaged)

0 97 389 0 0 0 100 97 0 1 1 0 0 0 0 0 
100 96.2411 387.393 0.248194 0 0 99.6518 96.2411 0 0.0178571 0.00892857 0 6.95536 -0.197834 0 0 
200 96.08 387.59 0.247986 0 0 99.9478 96.2867 0 0.0152778 0.00944444 0 14.9381 -0.166809 0 0 
300 96.2283 387.729 0.248326 0 0 100.179 96.4106 0 0.0463889 0.0275 0 22.8264 -0.116566 0 0 
400 96.3556 387.113 0.248867 0 0 100.356 96.3856 0 0.0605556 0.0383333 0 30.63 -0.230983 0 0 
500 96.6481 388.156 0.24892 0 0 100.829 96.7069 0 0.0633333 0.0411111 0 38.4142 0.337327 0 0.165327 
600 96.605 389.224 0.2484 0 0 101.152 96.8736 0 0.0488889 0.0322222 0 46.1472 0.538567 0 0.165906 
700 97.36 389.911 0.249722 0 0 101.566 97.4417 0 0.0427778 0.0275 0 53.9622 1.02629 0 0.166053 
800 97.0814 388.748 0.249796 0 0 101.318 97.1653 0 0.0505556 0.0316667 0 61.7722 1.59424 0 0.166155 
900 98.0061 391.373 0.251559 0 0 102.166 98.4133 0 0.0569444 0.0361111 0 69.6306 1.87056 0 0.166663 
1000 98.9539 391.922 0.255117 0 0 103.381 99.2331 0 0.0575 0.0402778 0 77.6703 1.09864 0 0.167145 
1100 98.5581 370.981 0.272107 0 0 102.834 98.8039 0 0.0633333 0.0361111 0 87.4286 0.45661 0 0.168631 
1200 97.5272 339.603 0.298394 0 0 101.683 97.5583 0 0.0572222 0.04 0 99.9225 -0.346115 0 0.172182 
1300 96.6331 313.041 0.320456 0 0 100.85 96.88 0 0.0591667 0.0383333 0 113.332 -2.18845 0 0.178607 
1400 96.0872 297.132 0.331934 0 0 100.377 96.2583 0 0.0627778 0.0430556 0 125.685 -3.10368 0 0.18688 
1500 95.6372 293.991 0.335092 0 0 100.107 95.6917 0 0.0680556 0.0463889 0 137.151 -2.67324 0 0.195769 
1600 95.9922 293.91 0.336427 0 0 100.199 96.0983 0 0.0597222 0.0438889 0 148.114 -2.19379 0 0.203572 
1700 96.2903 291.334 0.339077 0 0 100.28 96.2944 0 0.0711111 0.0502778 0 159.104 -2.84471 0 0.209268 
1800 95.7381 291.983 0.337647 0 0 99.945 95.7419 0 0.0633333 0.0444444 0 169.963 -3.83863 0 0.212053 
1900 95.7942 290.103 0.339131 0 0 99.9336 95.8089 0 0.0683333 0.0472222 0 180.798 -2.86274 0 0.213032 
2000 95.9656 292.588 0.338243 0 0 100.32 95.9675 0 0.0680556 0.0452778 0 191.535 -1.75539 0 0.213174 
2100 96.1158 291.179 0.339167 0 0 100.649 96.2906 0 0.0638889 0.0444444 0 202.483 -2.31294 0 0.213427 
2200 98.2367 291.094 0.346562 0 0 100.983 96.5722 0 0.0694444 0.0491667 0 213.418 -2.58275 0 0.213685 
2300 170.655 289.799 0.612193 0 0 100.621 91.5903 0 0.0688889 0.0469444 0 234.147 2.73747 0 0.22452 
2400 341.882 282.718 1.25042 0 0 99.9214 89.7064 0 0.0658333 0.0475 0 260.289 1.29929 0 0.309185 
2500 575.382 279.388 2.13268 0 0 100.236 84.8125 0 0.0708333 0.0438889 0 280.963 -1.0568 0 0.469537 
2600 656.433 277.942 2.4255 0 0 100.322 85.4236 0 0.0738889 0.0486111 0 296.178 -2.11974 0 0.721352 
2700 675.543 283.064 2.46999 0 0 100.365 87.8831 0 0.0733333 0.0480556 0 308.238 -2.65599 0 0.989396 
2800 698.97 286.247 2.52953 0 0 100.594 90.2561 0 0.0688889 0.0472222 0 320.114 -2.35076 0 1.25404 
2900 709.211 285.797 2.55713 0 0 100.926 91.9458 0 0.0686111 0.0480556 0 331.661 -1.63844 0 1.45038 
3000 721.465 289.151 2.58363 0 0 101.041 93.0356 0 0.0691667 0.0527778 0 343.098 -0.726826 0 1.57285 
3100 725.868 286.855 2.6042 0 0 100.714 94.1606 0 0.0738889 0.0519444 0 354.673 1.00976 0 1.60764 
3200 735.678 287.354 2.64962 0 0 100.183 94.4842 0 0.0602778 0.0425 0 366.228 2.48253 0 1.62781 
3300 738.166 281.329 2.67535 0 0 99.9478 94.7211 0 0.0708333 0.0505556 0 377.619 3.15086 0 1.64492 
3400 736.651 286.852 2.65469 0 0 99.9367 94.8 0 0.0663889 0.0494444 0 388.664 3.53159 0 1.65647 
3500 732.791 285.617 2.6508 0 0 99.7419 94.7267 0 0.0766667 0.0513889 0 400.457 2.83325 0 1.66701 
3600 728.588 289.087 2.62973 0 0 99.7722 94.8136 0 0.06 0.0425 0 412.019 2.62434 0 1.67383 
3700 739.089 285.024 2.68258 0 0 99.9103 95.1314 0 0.0733333 0.0475 0 423.544 3.79437 0 1.67782 
3800 738.547 282.85 2.67984 0 0 99.9056 95.3511 0 0.0652778 0.0430556 0 435.087 3.53308 0 1.68181 
3900 1138.27 281.804 4.17996 0 0 99.8322 94.0844 0 0.0747222 0.0530556 0 450.176 3.50312 0 1.7028 
4000 4464.57 278.389 16.6281 0 0 99.7514 90.1089 0 0.0566667 0.0413889 0 484.603 4.17408 0 2.66782 
4100 88306.1 279.302 326.408 0 0 99.7181 94.4428 0 0.0955556 0.0633333 0 524.944 14.2608 0 23.9074 
4200 88626.9 281.465 326.547 0 0 99.7736 94.5247 0 0.0652778 0.0430556 0 537.611 14.2851 0 65.4415 
4300 89578.2 280.344 330.105 0 0 99.7908 94.5819 0 0.0647222 0.0405556 0 549.791 14.1888 0 107.422 
4400 89055.1 280.846 328.468 0 0 99.8569 94.6808 0 0.0716667 0.0452778 0 561.978 14.0314 0 149.549 
4500 89946.6 280.246 330.916 0 0 100.418 95.2578 0 0.0744444 0.0511111 0 574.167 12.9244 0 190.456 
4600 90126.7 284.522 328.991 0 0 100.652 95.6275 0 0.0686111 0.0458333 0 586.244 13.1356 0 211.291 
4700 89907.1 283.676 328.016 0 0 100.622 95.5342 0 0.0733333 0.0513889 0 598.464 13.6794 0 211.437 
4800 90075 278.987 330.509 0 0 100.524 95.3875 0 0.0725 0.0488889 0 610.689 12.8367 0 211.489 
4900 89388.1 279.562 329.704 0 0 100.001 94.8106 0 0.0769444 0.0513889 0 622.831 14.0216 0 211.168 
5000 90574.1 278.989 333.374 0 0 100.305 95.2394 0 0.0727778 0.0536111 0 635.148 14.5298 0 211.173 
5100 90490.3 280.331 333.132 0 0 100.146 95.2781 0 0.0827778 0.0577778 0 647.276 14.0418 0 211.114 
5200 89921.8 281.134 330.733 0 0 100.109 95.23 0 0.0613889 0.0422222 0 659.306 14.2852 0 211.794 
5300 90780.2 279.853 333.99 0 0 100.036 95.1672 0 0.0636111 0.0383333 0 671.489 12.786 0 211.715 
5400 90065.9 280.798 332.042 0 0 100.121 95.1497 0 0.0630556 0.0438889 0 683.738 13.087 0 211.761 
5500 91432.7 279.2 337.309 0 0 99.9647 95.1814 0 0.0702778 0.0472222 0 696.08 12.7238 0 212.304 
5600 90671.7 284.09 333.057 0 0 100.181 95.3819 0 0.0741667 0.0497222 0 708.266 12.6964 0 211.945 
5700 91455.4 275.461 338.427 0 0 100.178 95.5331 0 0.0686111 0.05 0 720.444 11.7918 0 212.162 
5800 89388.9 276.974 330.857 0 0 100.086 95.3464 0 0.0727778 0.0488889 0 732.513 11.6597 0 212.481 
5900 89818.7 278.095 332.052 0 0 100.193 95.3886 0 0.0755556 0.0577778 0 744.724 11.1769 0 212.797 
6000 91035.3 277.332 335.801 0 0 100.254 95.5614 0 0.0811111 0.0575 0 756.848 10.2627 0 212.636 
6100 90370.4 276.806 334.868 0 0 100.167 95.4061 0 0.0675 0.0483333 0 768.972 10.6161 0 213.678 
6200 90978.3 277.036 336.648 0 0 100.278 95.4911 0 0.0727778 0.0469444 0 781.2 8.69346 0 213.381 
6300 90575.2 280.11 334.006 0 0 100.261 95.3644 0 0.0713889 0.0513889 0 793.331 8.40433 0 213.359 
6400 91625 277.754 338.542 0 0 100.413 95.5542 0 0.0736111 0.0547222 0 805.725 6.85434 0 213.384 
6500 92388.8 280.605 338.607 0 0 100.998 96.1217 0 0.0666667 0.0455556 0 818.004 5.10811 0 213.774 
6600 145087 279.283 537.985 0 0 100.006 94.9 0 0.0880556 0.0666667 0 838.12 -11.2695 0 221.69 
6700 175989 280.145 651.73 0 0 99.8342 94.7125 0 0.0655556 0.045 0 856.31 -20.4833 0 256.834 
6800 284286 283.017 1040.78 0 0 99.6836 95.6069 0 0.0755556 0.0561111 0 875.647 -15.4829 0 311.8 
6900 620890 286.264 2276.59 0 0 99.7581 96.2814 0 0.0525 0.0355556 0 902.324 -13.3001 0 475.046 
7000 703049 284.079 2580.26 0 0 99.8294 96.3417 0 0.0705556 0.0494444 0 918.492 -13.6521 0 755.964 
7100 702897 285.819 2580.65 0 0 99.8197 96.2517 0 0.0777778 0.05 0 931.232 -13.9657 0 1040 
7200 710922 283.887 2607.01 0 0 99.8169 96.4056 0 0.0783333 0.0538889 0 943.744 -13.761 0 1293 
7300 707231 282.964 2598.21 0 0 99.7694 96.2006 0 0.0738889 0.0494444 0 956.307 -13.4596 0 1531.09 
7400 701957 281.694 2588.38 0 0 99.8117 96.3381 0 0.0616667 0.0413889 0 968.92 -13.6062 0 1662.11 
7500 708128 282.548 2615.91 0 0 99.8697 96.2017 0 0.0611111 0.0447222 0 981.523 -13.8372 0 1672.76 
7600 710135 277.735 2648.24 0 0 99.8567 96.1917 0 0.0819444 0.0591667 0 994.867 -13.8901 0 1675.71 
7700 714281 270.277 2715.19 0 0 100.044 96.4017 0 0.0755556 0.0544444 0 1009.39 -14.5466 0 1689.01 
7800 713934 261.495 2794.5 0 0 100.247 96.5467 0 0.0655556 0.0486111 0 1025.66 -15.011 0 1704.94 
7900 716468 254.619 2864.16 0 0 100.462 96.7292 0 0.0741667 0.0513889 0 1041.92 -15.2282 0 1728.26 
8000 716525 247.692 2923.75 0 0 100.676 96.9281 0 0.0788889 0.0541667 0 1058.28 -15.9512 0 1759.19 
8100 718327 244.761 2965.41 0 0 100.759 96.9075 0 0.07 0.05 0 1074.14 -16.3079 0 1794.11 
8200 719380 241.474 2990.78 0 0 100.842 96.9486 0 0.0688889 0.0502778 0 1089.13 -16.9892 0 1826.05 
8300 713641 243.25 2978.23 0 0 100.773 96.6997 0 0.0816667 0.0594444 0 1103.9 -16.0369 0 1853.58 
8400 734913 239.395 3073.25 0 0 100.95 97.0444 0 0.0758333 0.0513889 0 1118.67 -14.2991 0 1876.56 
8500 870047 240.795 3630.4 0 0 100.763 96.5214 0 0.0880556 0.0633333 0 1139.51 -10.3881 0 1922.49 
8600 982807 241.985 4084.85 0 0 100.817 96.5039 0 0.0694444 0.0497222 0 1161.28 -7.36348 0 2035.19 
8700 1.02577e+06 241.613 4271.38 0 0 100.767 96.2986 0 0.0783333 0.0577778 0 1177.73 -7.03549 0 2174.98 
8800 1.09331e+06 241.204 4555.62 0 0 100.817 96.0339 0 0.0930556 0.0658333 0 1193.61 -8.15972 0 2334.91 
8900 1.26919e+06 239.244 5322.96 0 0 100.865 94.6442 0 0.0741667 0.05 0 1212.74 -12.608 0 2574.48 
9000 1.3719e+06 239.053 5764.7 0 0 100.883 94.0108 0 0.075 0.0538889 0 1229.3 -14.4306 0 2867.27 
9100 1.38263e+06 238.893 5812.45 0 0 100.733 93.8394 0 0.075 0.0530556 0 1243.87 -16.1754 0 3116.75 
9200 1.40262e+06 238.763 5899.12 0 0 100.845 93.9775 0 0.0791667 0.0547222 0 1258.11 -16.5429 0 3336.66 
9300 1.39754e+06 240.019 5863.41 0 0 100.733 93.9486 0 0.0766667 0.0516667 0 1272.49 -17.3474 0 3536.5 
9400 1.39151e+06 239.509 5845.2 0 0 100.909 94.2864 0 0.0725 0.0480556 0 1286.72 -16.19 0 3653.18 
9500 1.39492e+06 239.844 5849.59 0 0 100.815 94.3822 0 0.0805556 0.0536111 0 1301.2 -17.5271 0 3676.7 
9600 1.41467e+06 238.417 5936.8 0 0 100.946 94.6408 0 0.0747222 0.0508333 0 1315.39 -18.4461 0 3678.69 
9700 1.40407e+06 239.006 5896.31 0 0 100.778 94.3861 0 0.0808333 0.0572222 0 1329.53 -19.4353 0 3679.53 
9800 1.40133e+06 240.324 5867.35 0 0 100.881 94.6139 0 0.0775 0.0555556 0 1343.85 -20.4871 0 3675.24 
9900 1.40671e+06 240.253 5891.95 0 0 100.969 94.8508 0 0.0830556 0.0577778 0 1358.2 -20.2728 0 3669.89 
10000 1.3899e+06 239.665 5822.45 0 0 100.961 94.9431 0 0.0847222 0.0597222 0 1372.85 -20.31 0 3680.08 
10100 1.40331e+06 240.182 5868.65 0 0 101.072 95.2756 0 0.0763889 0.0536111 0 1387.09 -21.0932 0 3683.15 
10200 1.40036e+06 240.062 5865.37 0 0 101.072 95.4092 0 0.0813889 0.0547222 0 1401.32 -20.7417 0 3680.99 
10300 1.42608e+06 239.933 5967.62 0 0 101.058 95.3414 0 0.0697222 0.0513889 0 1415.42 -22.6545 0 3690.66 
10400 1.39961e+06 240.785 5857.91 0 0 100.939 95.4986 0 0.0830556 0.0597222 0 1430.22 -24.2634 0 3693.71 
10500 1.42744e+06 239.835 5981.11 0 0 101.125 96.0533 0 0.0747222 0.0522222 0 1445.72 -25.6922 0 3695.79 
10600 1.4215e+06 239.338 5962.25 0 0 101.094 96.0525 0 0.0855556 0.0591667 0 1460.21 -25.9656 0 3701.96 
10700 1.41216e+06 237.558 5955.57 0 0 101.121 96.0292 0 0.0869444 0.0655556 0 1474.73 -26.3805 0 3722.36 
10800 1.44848e+06 238.892 6101.29 0 0 101.305 96.47 0 0.0725 0.0486111 0 1490.08 -27.3496 0 3732.7 
10900 1.42391e+06 237.409 6040.97 0 0 101.335 96.5472 0 0.0886111 0.0586111 0 1505.44 -28.5926 0 3753.23 
11000 1.42778e+06 234.394 6109.54 0 0 101.518 96.8608 0 0.0975 0.065 0 1521.42 -29.7973 0 3783.4 
11100 1.44396e+06 234.057 6252.93 0 0 101.513 96.8411 0 0.0758333 0.0580556 0 1537.87 -31.1982 0 3811.75 
11200 1.46163e+06 233.066 6355.01 0 0 101.677 96.9589 0 0.0752778 0.0525 0 1553.48 -32.8358 0 3834.24 
11300 1.45166e+06 229.35 6354.2 0 0 101.668 97.1411 0 0.0777778 0.0502778 0 1569.28 -33.6549 0 3867.22 
11400 1.43547e+06 230.218 6301.61 0 0 101.743 97.2783 0 0.0813889 0.0547222 0 1584.76 -34.0751 0 3897.54 
11500 1.44727e+06 230.799 6378.09 0 0 101.802 97.2847 0 0.0797222 0.0552778 0 1600.63 -35.6599 0 3921.88 
11600 1.44052e+06 228.514 6357.53 0 0 101.919 97.4947 0 0.0852778 0.0605556 0 1615.52 -35.6808 0 3948.79 
11700 1.43181e+06 229.668 6326.89 0 0 101.87 97.1544 0 0.0813889 0.0577778 0 1630.85 -36.1752 0 3965.74 
11800 1.44749e+06 228.827 6397.61 0 0 101.963 97.3778 0 0.0916667 0.0638889 0 1645.92 -35.6617 0 3974.5 
11900 1.43544e+06 227.979 6355.02 0 0 102.032 97.4325 0 0.0897222 0.0616667 0 1660.74 -35.9077 0 3990.36 
12000 1.46588e+06 228.079 6488.65 0 0 101.99 97.3883 0 0.0788889 0.0544444 0 1675.65 -36.1869 0 3991.19 
12100 1.43402e+06 229.139 6342.69 0 0 102.019 97.4336 0 0.0755556 0.0544444 0 1690.5 -36.094 0 3990.7 
12200 1.45231e+06 230.679 6424.14 0 0 101.921 97.3433 0 0.0811111 0.0558333 0 1705.35 -35.8072 0 3995.54 
12300 1.43906e+06 226.613 6372.12 0 0 102.057 97.5 0 0.0813889 0.0583333 0 1720.31 -34.8136 0 4005.38 
12400 1.44513e+06 228.633 6389.16 0 0 102.168 97.6053 0 0.0963889 0.0716667 0 1735.2 -35.2605 0 3995.87 
12500 1.44625e+06 230.539 6381.14 0 0 102.177 97.5672 0 0.0819444 0.0588889 0 1749.92 -35.862 0 4004.99 
12600 1.43958e+06 230.118 6364.19 0 0 102.089 97.4447 0 0.0738889 0.0527778 0 1764.81 -35.4398 0 4009.23 
12700 1.43683e+06 226.725 6373.65 0 0 102.015 97.1506 0 0.0847222 0.0613889 0 1779.82 -33.6358 0 4005.54 
12800 1.44956e+06 227.33 6426.07 0 0 102.122 97.4311 0 0.0883333 0.0611111 0 1794.56 -33.8143 0 4005.61 
12900 1.44662e+06 228.029 6421.36 0 0 102.085 97.3381 0 0.0877778 0.0655556 0 1809.74 -33.7123 0 4017.61 
13000 1.43676e+06 227.047 6375.85 0 0 102.107 97.3364 0 0.0944444 0.0675 0 1824.58 -33.8656 0 4020.01 
13100 1.43625e+06 231.159 6355.18 0 0 102.123 97.3586 0 0.0875 0.0608333 0 1839.35 -34.0811 0 4015.62 
13200 1.45065e+06 229.799 6433.2 0 0 102.133 97.3972 0 0.0822222 0.0622222 0 1854.47 -32.2542 0 4014.67 
13300 1.46531e+06 229.381 6472.27 0 0 102.17 97.4222 0 0.0769444 0.0572222 0 1869.46 -31.3263 0 4009.45 
13400 1.4408e+06 230.058 6391.69 0 0 102.309 97.5028 0 0.0830556 0.0588889 0 1884.45 -30.5921 0 4013.42 
13500 1.44345e+06 226.92 6440.49 0 0 102.246 97.285 0 0.0725 0.0527778 0 1899.76 -34.6439 0 4012.93 
13600 1.43764e+06 225.386 6427.29 0 0 102.382 97.5228 0 0.0811111 0.0566667 0 1915.06 -36.2858 0 4025.2 
13700 1.43678e+06 226.821 6440.09 0 0 102.376 97.4353 0 0.08 0.0580556 0 1930.69 -38.1219 0 4038.01 
13800 1.42015e+06 224.16 6420.2 0 0 102.366 97.2453 0 0.0866907 0.0580717 0 1946.48 -40.0258 0 4048.61 
13900 1.43541e+06 224.859 6514.02 0 0 102.37 97.1975 0 0.0877778 0.0622222 0 1962.5 -40.9978 0 4055.62 
14000 1.43986e+06 225.225 6551.6 0 0 102.421 97.0783 0 0.0847222 0.0575 0 1978.38 -43.8287 0 4070.5 
14100 1.44369e+06 223.821 6606.49 0 0 102.479 97.0206 0 0.0825 0.0541667 0 1994.89 -46.4876 0 4080.39 
14200 1.42209e+06 224.291 6546.76 0 0 102.749 97.0156 0 0.0797222 0.0538889 0 2011.61 -49.713 0 4103.67 
14300 1.44676e+06 223.298 6687.03 0 0 102.713 96.845 0 0.0838889 0.0602778 0 2028.03 -52.7458 0 4124.91 
14400 1.43371e+06 223.109 6640.88 0 0 102.815 96.8044 0 0.0822222 0.0613889 0 2044.13 -52.5899 0 4144.96 
14500 1.43337e+06 220.182 6668.72 0 0 102.793 96.8536 0 0.0902778 0.0633333 0 2060.42 -54.6708 0 4170.88 
14600 1.43314e+06 219.181 6668.51 0 0 102.829 96.7792 0 0.0947222 0.065 0 2076.73 -57.7465 0 4186.48 
14700 1.43384e+06 221.121 6682.28 0 0 102.848 96.8181 0 0.0819444 0.0591667 0 2093.22 -58.1388 0 4199.11 
14800 1.4359e+06 219.561 6706.83 0 0 102.915 97.0203 0 0.0922222 0.0677778 0 2109.3 -58.2722 0 4209.4 
14900 1.42453e+06 221.244 6640.22 0 0 102.827 96.8822 0 0.0863889 0.0625 0 2125.19 -59.1493 0 4218.23 
15000 1.44234e+06 221.297 6726.56 0 0 103.067 97.04 0 0.0825 0.0619444 0 2141.04 -60.7531 0 4214.46 
15100 1.43141e+06 222.166 6659.15 0 0 103.083 97.1886 0 0.0758333 0.0555556 0 2156.9 -60.8969 0 4225.2 
15200 1.43475e+06 220.01 6675.22 0 0 102.919 97.0519 0 0.0911111 0.0652778 0 2172.59 -62.6858 0 4224.61 
15300 1.43722e+06 219.44 6687.97 0 0 102.997 97.1328 0 0.0891667 0.0602778 0 2188.55 -66.5379 0 4225.2 
15400 1.42554e+06 222.533 6618.39 0 0 103.144 97.4294 0 0.0855556 0.0608333 0 2204.21 -66.9375 0 4221.09 
15500 1.427e+06 222.386 6632.61 0 0 103.086 97.355 0 0.0763889 0.0538889 0 2220.33 -68.4501 0 4216.53 
15600 1.44463e+06 221.457 6712.66 0 0 103.091 97.3303 0 0.0902778 0.0622222 0 2236.28 -67.9773 0 4212.48 
15700 1.43389e+06 219.216 6683.87 0 0 102.999 97.0431 0 0.0847222 0.0597222 0 2251.97 -65.8431 0 4212.89 
15800 1.45013e+06 218.322 6758.81 0 0 103.157 97.3533 0 0.0963889 0.0677778 0 2267.83 -70.7078 0 4210.98 
15900 1.43866e+06 218.614 6715.81 0 0 103.18 97.2094 0 0.0841667 0.0586111 0 2283.6 -70.9573 0 4218.47 
16000 1.44336e+06 218.398 6719.06 0 0 103.329 97.3136 0 0.0705556 0.0463889 0 2299.2 -73.2567 0 4227.66 
16100 1.44068e+06 218.593 6713.58 0 0 103.362 97.4242 0 0.0977778 0.0675 0 2314.96 -72.1045 0 4225.3 
16200 1.4372e+06 219.08 6698.71 0 0 103.363 97.5242 0 0.1 0.0730556 0 2330.98 -74.4403 0 4231.54 
16300 1.45544e+06 218.871 6779.12 0 0 103.332 97.4183 0 0.0777778 0.0525 0 2346.8 -74.9101 0 4242.81 
16400 1.43419e+06 217.555 6686.76 0 0 103.432 97.3544 0 0.0722222 0.0497222 0 2362.23 -76.3482 0 4245.94 
16500 1.44235e+06 219.597 6731.58 0 0 103.255 97.3186 0 0.0863889 0.0586111 0 2378.25 -77.2001 0 4238.42 
16600 1.45076e+06 219.691 6771.08 0 0 103.416 97.5969 0 0.0908333 0.0636111 0 2394.22 -78.2029 0 4245.55 
16700 1.43812e+06 219.071 6720.43 0 0 103.417 97.5156 0 0.0905556 0.0622222 0 2409.78 -77.8635 0 4240.36 
16800 1.44525e+06 220.393 6751.14 0 0 103.416 97.545 0 0.0925 0.0638889 0 2425.52 -74.2509 0 4233.85 
16900 1.44966e+06 217.57 6781.65 0 0 103.321 97.4408 0 0.0816667 0.0572222 0 2441.16 -73.2217 0 4229.45 
17000 1.45223e+06 220.126 6780.3 0 0 103.417 97.4525 0 0.0838889 0.0588889 0 2456.95 -73.9376 0 4234.31 
17100 1.44346e+06 216.99 6730.85 0 0 103.528 97.7631 0 0.0905556 0.0625 0 2472.9 -75.4521 0 4233.65 
17200 1.43836e+06 219.628 6698.87 0 0 103.528 97.7219 0 0.0894444 0.0605556 0 2488.65 -73.8759 0 4245.57 
17300 1.4339e+06 218.663 6673.75 0 0 103.406 97.66 0 0.0969444 0.0644444 0 2504.79 -73.8064 0 4246.24 
17400 1.44296e+06 217.723 6726.37 0 0 103.604 98.0267 0 0.0944444 0.0694444 0 2520.82 -70.5399 0 4249.35 
17500 1.4432e+06 218.953 6730.83 0 0 103.622 98.0058 0 0.0913889 0.0602778 0 2537.03 -68.0845 0 4254.39 
17600 1.44331e+06 218.772 6723.62 0 0 103.617 98.0264 0 0.0894444 0.0577778 0 2552.38 -69.2527 0 4250.7 
17700 1.46143e+06 217.174 6807.63 0 0 103.651 98.0817 0 0.0908333 0.0611111 0 2567.95 -68.7619 0 4249.49 
17800 1.45484e+06 218.938 6769.33 0 0 103.865 98.2864 0 0.0927778 0.0641667 0 2583.96 -68.3424 0 4251.7 
17900 1.45005e+06 216.978 6770.24 0 0 103.771 98.1442 0 0.0961111 0.0638889 0 2600.35 -66.0158 0 4250.86 
18000 1.46185e+06 218.336 6813.58 0 0 103.87 98.3031 0 0.0822222 0.0552778 0 2616.09 -67.121 0 4252.13 
18100 1.45452e+06 220.688 6759.37 0 0 103.928 98.3467 0 0.0858333 0.0613889 0 2632.25 -63.7429 0 4259.58 
18200 1.45218e+06 219.39 6764.29 0 0 103.994 98.3442 0 0.08 0.0552778 0 2647.85 -61.2929 0 4252.65 
18300 1.45847e+06 218.41 6808.15 0 0 104.001 98.5342 0 0.0880556 0.0588889 0 2663.92 -58.2761 0 4260.86 
18400 1.45161e+06 217.165 6776.54 0 0 103.848 98.3181 0 0.0822222 0.0552778 0 2680.15 -58.0843 0 4268.21 
18500 1.45613e+06 216.732 6810.02 0 0 103.651 98.1914 0 0.0961111 0.0655556 0 2696.2 -56.5359 0 4275.79 
18600 1.45148e+06 218.167 6771.54 0 0 103.748 98.3644 0 0.0844444 0.0580556 0 2712.85 -56.772 0 4270 
18700 1.43961e+06 216.188 6739.75 0 0 103.591 98.0975 0 0.0925 0.0661111 0 2728.96 -59.6976 0 4275.75 
18800 1.47819e+06 219.667 6902.35 0 0 103.794 98.4922 0 0.09 0.0602778 0 2745.83 -57.1014 0 4274.18 
18900 1.45958e+06 215.567 6839.29 0 0 103.687 98.3222 0 0.0894444 0.0633333 0 2761.44 -56.6765 0 4271.43 
19000 1.4618e+06 217.122 6852.08 0 0 103.841 98.3958 0 0.0902778 0.0611111 0 2777.44 -53.7197 0 4274.54 
19100 1.48146e+06 217.571 6911.45 0 0 103.885 98.6164 0 0.0858333 0.0580556 0 2793.42 -51.6933 0 4290.77 
19200 1.46251e+06 217.278 6851.52 0 0 103.838 98.4603 0 0.0897222 0.0636111 0 2809.15 -53.5056 0 4285.93 
19300 1.45634e+06 216.809 6820.63 0 0 103.833 98.4028 0 0.0761111 0.0511111 0 2824.9 -53.6857 0 4284.75 
19400 1.47353e+06 216.252 6901.71 0 0 103.904 98.5356 0 0.0922222 0.0655556 0 2840.9 -51.1179 0 4290.87 
19500 1.47004e+06 215.979 6883.95 0 0 103.8 98.3622 0 0.0958333 0.0672222 0 2856.08 -52.0378 0 4288.52 
19600 1.45537e+06 216.772 6802.67 0 0 103.939 98.5756 0 0.0738889 0.05 0 2872.15 -49.8272 0 4279.07 
19700 1.45672e+06 217.172 6818.7 0 0 103.891 98.4617 0 0.0983333 0.0666667 0 2887.72 -51.8926 0 4283.22 
19800 1.48129e+06 217.609 6915.56 0 0 104.025 98.7408 0 0.0802778 0.0552778 0 2904.3 -48.1064 0 4292.57 
19900 1.47043e+06 216.537 6878.86 0 0 104.013 98.9094 0 0.0916667 0.0672222 0 2921.15 -44.6964 0 4290.34 
20000 1.45673e+06 215.649 6830.35 0 0 103.948 98.7547 0 0.0913889 0.0638889 0 2937.28 -44.9252 0 4294.3 
20100 1.46335e+06 218.36 6849.59 0 0 103.944 98.5942 0 0.0883333 0.06 0 2953.05 -46.2578 0 4301.51 
20200 1.46993e+06 215.561 6885.79 0 0 104.125 98.8836 0 0.103056 0.0711111 0 2968.91 -47.1447 0 4305.55 
20300 1.46885e+06 216.497 6881.89 0 0 103.956 98.5772 0 0.0758333 0.0513889 0 2984.95 -46.5592 0 4309.02 
20400 1.46673e+06 214.756 6877.76 0 0 103.954 98.6936 0 0.09 0.0577778 0 3001.13 -49.2752 0 4315.03 
20500 1.45701e+06 217.265 6829.06 0 0 103.867 98.5094 0 0.0802778 0.0527778 0 3016.98 -48.4828 0 4309.17 
20600 1.46591e+06 216.754 6866.79 0 0 103.965 98.7197 0 0.0919444 0.0680556 0 3033.13 -51.0203 0 4313.52 
20700 1.46907e+06 216.476 6886.98 0 0 104.094 98.9144 0 0.0808333 0.055 0 3049.25 -51.8857 0 4320.61 
20800 1.49006e+06 215.966 6988.44 0 0 103.906 98.7242 0 0.0833333 0.0555556 0 3065.88 -49.2592 0 4311.74 
20900 1.48079e+06 215.526 6943.74 0 0 104.001 98.9731 0 0.0955556 0.0672222 0 3081.91 -48.2799 0 4311.74 
21000 1.46726e+06 216.21 6877.81 0 0 104.005 98.9442 0 0.0919444 0.0638889 0 3098.06 -51.2913 0 4310.31 
21100 1.47243e+06 214.683 6914.94 0 0 104.125 99.0692 0 0.0875 0.0644444 0 3114.2 -50.494 0 4315.88 
21200 1.47186e+06 216.743 6903.84 0 0 104.014 98.93 0 0.0938889 0.0630556 0 3130.03 -51.5959 0 4320.58 
21300 1.49221e+06 215.981 7000.77 0 0 104.226 99.2681 0 0.0894444 0.0611111 0 3146.25 -51.1643 0 4331.42 
21400 1.46316e+06 217.208 6849.04 0 0 104.222 99.2481 0 0.0869444 0.0594444 0 3161.84 -50.4964 0 4330.9 
21500 1.48857e+06 216.407 6964.63 0 0 104.232 99.1803 0 0.0880556 0.0641667 0 3177.77 -48.181 0 4338.62 
21600 1.45807e+06 217.716 6793.41 0 0 104.24 99.3094 0 0.0808333 0.0558333 0 3193.36 -51.5601 0 4334.26 
21700 1.48491e+06 217.703 6926.51 0 0 104.073 99.1322 0 0.0925 0.0655556 0 3208.91 -52.2873 0 4335.6 
21800 1.46935e+06 218.697 6856.18 0 0 103.879 98.9475 0 0.0816667 0.0527778 0 3224.09 -51.0158 0 4330.94 
21900 1.47816e+06 217.388 6909.17 0 0 104.212 99.2481 0 0.0958333 0.0655556 0 3239.92 -50.6894 0 4326.72 
22000 1.46971e+06 216.013 6863.96 0 0 104.145 99.1361 0 0.0983333 0.0683333 0 3255.68 -51.8678 0 4324.26 
22100 1.47044e+06 215.96 6867.97 0 0 104.078 99.2575 0 0.0902778 0.0605556 0 3271.54 -54.5533 0 4319.9 
22200 1.48494e+06 220.159 6913.91 0 0 104.075 99.32 0 0.0933333 0.0672222 0 3287.74 -52.9566 0 4309.98 
22300 1.48873e+06 216.232 6961.39 0 0 104.084 99.1189 0 0.0869444 0.0602778 0 3303.55 -51.2615 0 4312.27 
22400 1.46962e+06 217.66 6845.19 0 0 104.299 99.4517 0 0.0944444 0.0663889 0 3319.16 -48.7461 0 4321.68 
22500 1.47292e+06 219.549 6859.36 0 0 104.302 99.4031 0 0.0875 0.0611111 0 3335.03 -49.9436 0 4324.65 
22600 1.48447e+06 217.164 6930.73 0 0 104.328 99.3939 0 0.0902778 0.0647222 0 3350.78 -50.5094 0 4325.93 
22700 1.46755e+06 218.847 6847.39 0 0 104.333 99.37 0 0.0788889 0.0580556 0 3366.25 -54.3776 0 4333.66 
22800 1.47788e+06 220.09 6868.5 0 0 104.35 99.4617 0 0.0902778 0.0622222 0 3381.92 -54.4904 0 4329.33 
22900 1.47471e+06 218.199 6873.27 0 0 104.317 99.4586 0 0.0913889 0.0644444 0 3397.62 -53.0227 0 4325.88 
23000 1.48348e+06 219.592 6909.79 0 0 104.307 99.3472 0 0.0922222 0.0633333 0 3413.2 -52.126 0 4320.03 
23100 1.46774e+06 219.47 6828.35 0 0 104.387 99.4278 0 0.0797222 0.0527778 0 3429.1 -51.1406 0 4317.32 
23200 1.47796e+06 220.627 6870.21 0 0 104.515 99.5158 0 0.0761111 0.0533333 0 3445.24 -50.9065 0 4307.15 
23300 1.49094e+06 218.708 6934.8 0 0 104.496 99.4328 0 0.0911111 0.0655556 0 3460.97 -52.1968 0 4303.76 
23400 1.47595e+06 220.34 6873.27 0 0 104.569 99.575 0 0.0927778 0.0675 0 3477.22 -51.4187 0 4296.19 
23500 1.47237e+06 219.582 6853.29 0 0 104.665 99.7172 0 0.0866667 0.0580556 0 3493.47 -51.5143 0 4298.56 
23600 1.48147e+06 219.329 6904.27 0 0 104.6 99.5933 0 0.0825 0.0538889 0 3508.66 -50.4554 0 4303.06 
23700 1.47607e+06 218.834 6884.15 0 0 104.745 99.7281 0 0.0891667 0.0572222 0 3524.24 -47.0109 0 4312.55 
23800 1.49841e+06 218.783 6993.17 0 0 104.845 99.8131 0 0.0888889 0.0580556 0 3540.95 -43.0681 0 4324.78 
23900 1.48847e+06 219.93 6918.94 0 0 105.082 100.053 0 0.0897222 0.0616667 0 3556.66 -45.7564 0 4327.62 
24000 1.46346e+06 219.471 6815.87 0 0 104.956 99.8619 0 0.0822222 0.0569444 0 3572.98 -47.3647 0 4336.12 
24100 1.46301e+06 221.831 6788.97 0 0 105.069 99.9478 0 0.0913889 0.0611111 0 3588.9 -47.482 0 4330.62 
24200 1.4838e+06 220.003 6887.81 0 0 105.166 100.117 0 0.0897222 0.0622222 0 3605.15 -47.2983 0 4330.08 
24300 1.48764e+06 218.699 6921.21 0 0 105.184 100.281 0 0.0891667 0.0669444 0 3620.71 -50.8771 0 4328.93 
24400 1.49523e+06 219.344 6964.64 0 0 104.961 99.9578 0 0.0902778 0.0619444 0 3636.26 -50.6131 0 4338.32 
24500 1.47169e+06 219.219 6845.12 0 0 105.296 100.451 0 0.0819444 0.0566667 0 3652.6 -47.3604 0 4338.15 
24600 1.49169e+06 219.343 6934.34 0 0 105.314 100.491 0 0.0838889 0.0566667 0 3668.74 -48.1602 0 4344.67 
24700 1.47826e+06 219.434 6873.91 0 0 105.217 100.329 0 0.0838889 0.0575 0 3684.16 -46.2133 0 4352.26 
24800 1.50128e+06 221.037 7004.76 0 0 105.092 100.06 0 0.0894444 0.06 0 3699.84 -45.6702 0 4358.39 
24900 1.50035e+06 219.878 6988.05 0 0 105.1 100.342 0 0.0908333 0.0652778 0 3716.25 -46.2314 0 4364.46 
25000 1.48126e+06 218.668 6904.48 0 0 105.142 100.482 0 0.0858333 0.0563889 0 3731.94 -50.1033 0 4369.86 
25100 1.48309e+06 217.303 6922.35 0 0 105.091 100.479 0 0.0894444 0.0597222 0 3747.79 -51.5995 0 4367.68 
25200 1.48644e+06 220.113 6921.02 0 0 104.935 100.242 0 0.0886111 0.06 0 3763.62 -54.9432 0 4365.22 
25300 1.48037e+06 219.777 6895.39 0 0 105.183 100.328 0 0.0966667 0.0675 0 3779.35 -52.3221 0 4353.48 
25400 1.47954e+06 218.294 6894.01 0 0 105.337 100.555 0 0.0977778 0.0680556 0 3795.43 -50.2925 0 4349.02 
25500 1.4774e+06 221.001 6871.33 0 0 105.266 100.484 0 0.0888889 0.0594444 0 3811.42 -48.3424 0 4345.05 
25600 1.50068e+06 218.479 6980.59 0 0 105.354 100.631 0 0.0811111 0.0597222 0 3826.72 -47.9842 0 4346.17 
25700 1.48196e+06 222.628 6889.43 0 0 105.392 100.659 0 0.0930556 0.0613889 0 3842.65 -46.4234 0 4344.87 
25800 1.4875e+06 221.764 6903.8 0 0 105.537 100.669 0 0.0877778 0.06 0 3858.49 -41.3259 0 4348.47 
25900 1.47639e+06 219.482 6880.12 0 0 105.442 100.615 0 0.0808333 0.0561111 0 3874.01 -45.2723 0 4351.22 
26000 1.48268e+06 219.924 6910.27 0 0 105.567 100.734 0 0.0897222 0.0638889 0 3890.08 -39.4306 0 4348.9 
26100 1.50638e+06 220.953 7006.65 0 0 105.718 100.774 0 0.0855556 0.0577778 0 3906.54 -30.7893 0 4362.09 
26200 1.48525e+06 219.265 6906.18 0 0 105.808 100.991 0 0.0822222 0.0536111 0 3922.22 -29.6852 0 4369.26 
26300 1.49806e+06 220.287 6948.99 0 0 105.919 101.136 0 0.0975 0.0644444 0 3937.66 -29.6263 0 4370.76 
26400 1.50583e+06 220.687 7004.67 0 0 105.922 101.199 0 0.0894444 0.0597222 0 3953.3 -28.6341 0 4359.25 
26500 1.49204e+06 221.343 6939.75 0 0 105.956 101.044 0 0.0830556 0.0575 0 3968.3 -30.4042 0 4371.32 
26600 1.51653e+06 218.063 7063.46 0 0 105.755 100.936 0 0.0836111 0.06 0 3984.24 -30.2422 0 4367.09 
26700 1.50532e+06 219.778 6982 0 0 106.114 101.342 0 0.0816667 0.055 0 4000.62 -26.0913 0 4367.82 
26800 1.48524e+06 219.364 6897.84 0 0 106.006 101.056 0 0.0855556 0.0619444 0 4016.24 -26.1402 0 4372.3 
26900 1.49381e+06 218.887 6941.1 0 0 105.992 101.145 0 0.0905556 0.0630556 0 4032.03 -25.155 0 4378.37 
27000 1.47898e+06 220.126 6877.31 0 0 105.764 100.716 0 0.0808333 0.0536111 0 4047.48 -30.4822 0 4367.09 
27100 1.49415e+06 217.239 6952.07 0 0 105.889 101.245 0 0.0919444 0.0627778 0 4063.16 -26.8185 0 4363.31 
27200 1.49554e+06 217.559 6964.71 0 0 105.981 101.382 0 0.0872222 0.0613889 0 4079.49 -21.4518 0 4361.33 
27300 1.4957e+06 218.306 6963.56 0 0 105.973 101.361 0 0.0966667 0.0627778 0 4095.06 -21.8233 0 4363.69 
27400 1.50182e+06 216.64 6994.13 0 0 105.841 101.335 0 0.0869444 0.0605556 0 4110.68 -21.2402 0 4366.99 
27500 1.4955e+06 218.853 6981.54 0 0 105.735 101.072 0 0.0816667 0.0561111 0 4126.52 -22.9299 0 4369.29 
27600 1.49463e+06 216.954 6991.36 0 0 105.655 101.002 0 0.0808333 0.0552778 0 4142.27 -22.6708 0 4376.94 
27700 1.50579e+06 218.998 7029.1 0 0 105.768 101.256 0 0.0772222 0.0544444 0 4158.77 -14.8268 0 4377.03 
27800 1.49153e+06 219.456 6954.58 0 0 105.583 101.172 0 0.0925 0.0613889 0 4174.78 -15.8053 0 4380.03 
27900 1.50744e+06 217.367 7051.53 0 0 105.617 101.252 0 0.0980556 0.0680556 0 4190.93 -14.8768 0 4385.98 
28000 1.49561e+06 219.724 6981.37 0 0 105.454 100.907 0 0.0833333 0.055 0 4206.52 -12.3223 0 4401.26 
28100 1.51241e+06 216.32 7071.57 0 0 105.6 101.075 0 0.0822222 0.0575 0 4221.77 -13.5153 0 4398.73 
28200 1.5143e+06 217.156 7074.52 0 0 105.686 101.311 0 0.0888889 0.0616667 0 4238.59 -7.175 0 4397.7 
28300 1.48474e+06 217.211 6955.15 0 0 105.52 101.136 0 0.0886111 0.0619444 0 4254.92 -4.18604 0 4389.85 
28400 1.48972e+06 216.978 6976.6 0 0 105.392 101.086 0 0.0886111 0.0613889 0 4270.96 -5.57595 0 4393.48 
28500 1.49621e+06 216.67 7015.88 0 0 105.253 101.09 0 0.0775 0.0513889 0 4287.31 0.139784 0 4387.16 
28600 1.49294e+06 214.994 7004.83 0 0 105.315 101.111 0 0.0822222 0.0577778 0 4304.21 5.07605 0 4388.16 
28700 1.49505e+06 215.894 7023.42 0 0 105.391 101.184 0 0.0833333 0.0594444 0 4320.73 10.8819 0 4394.21 
28800 1.48531e+06 215.245 6978.02 0 0 105.408 101.279 0 0.0788889 0.0583333 0 4336.85 9.27033 0 4409.18 
28900 1.50357e+06 216.11 7052.43 0 0 105.466 101.298 0 0.0813889 0.0566667 0 4352.64 10.6299 0 4408.93 
29000 1.51603e+06 215.759 7101.07 0 0 105.526 101.254 0 0.09 0.065 0 4369.05 14.2059 0 4411.29 
29100 1.51362e+06 217.996 7086.46 0 0 105.586 101.478 0 0.0775 0.0566667 0 4384.66 12.1802 0 4419.02 
29200 1.5092e+06 216.712 7083.63 0 0 105.668 101.507 0 0.0802778 0.0566667 0 4400.49 12.1068 0 4424.3 
29300 1.51532e+06 216.507 7092.46 0 0 105.786 101.579 0 0.0797222 0.055 0 4416.56 11.2745 0 4416.34 
29400 1.52621e+06 217.063 7141.23 0 0 105.932 101.809 0 0.0888889 0.0672222 0 4432.62 13.3094 0 4422.38 
29500 1.51974e+06 216.476 7123.7 0 0 106.018 101.683 0 0.0863889 0.06 0 4448.38 10.9741 0 4427.72 
29600 1.52246e+06 216.678 7127.41 0 0 105.973 101.588 0 0.0758333 0.0530556 0 4464.21 10.3984 0 4427.18 
29700 1.52858e+06 218.125 7147.91 0 0 106.384 102.083 0 0.0911111 0.0611111 0 4479.82 10.7208 0 4422.03 
29800 1.51746e+06 215.863 7107.84 0 0 106.056 101.608 0 0.0875 0.0591667 0 4495.46 9.21469 0 4428.43 
29900 1.51611e+06 217.286 7105.34 0 0 105.995 101.562 0 0.0833333 0.0583333 0 4511.32 7.51732 0 4425.03 
30000 1.50704e+06 216.092 7058.05 0 0 106.21 101.692 0 0.0908333 0.0661111 0 4527.18 7.96988 0 4417.08 
30100 1.5062e+06 217.549 7030.94 0 0 106.362 102.036 0 0.0938889 0.0713889 0 4542.76 7.91329 0 4410.82 
30200 1.518e+06 217.347 7112.64 0 0 106.114 101.732 0 0.0855556 0.0597222 0 4558.43 5.43198 0 4413.92 
30300 1.49803e+06 219.436 7003.64 0 0 106.127 101.844 0 0.0816667 0.0563889 0 4574.04 2.28055 0 4411.56 
30400 1.5069e+06 216.598 7064.7 0 0 106.134 101.969 0 0.0738889 0.0536111 0 4589.97 3.80421 0 4412.35 
30500 1.52479e+06 215.161 7151.35 0 0 105.968 101.65 0 0.0886111 0.0602778 0 4605.94 4.55433 0 4418.36 
30600 1.51127e+06 216.075 7094.43 0 0 105.786 101.476 0 0.0805556 0.0538889 0 4622.34 6.0673 0 4429.24 
30700 1.50499e+06 214.196 7065.63 0 0 105.933 101.798 0 0.0922222 0.0686111 0 4638.19 8.43657 0 4424.67 
30800 1.50849e+06 215.729 7071.31 0 0 105.931 101.68 0 0.0877778 0.0575 0 4654.12 6.88262 0 4423.47 
30900 1.51202e+06 217.939 7075.78 0 0 106.014 101.756 0 0.08 0.0544444 0 4670.01 5.85159 0 4424.36 
31000 1.51657e+06 218.851 7088.2 0 0 105.862 101.62 0 0.0861111 0.0575 0 4686.17 3.89559 0 4415.25 
31100 1.52176e+06 218.841 7138.51 0 0 105.786 101.524 0 0.103056 0.0705556 0 4702.17 2.87971 0 4406.02 
31200 1.51109e+06 217.786 7077.77 0 0 105.999 101.757 0 0.0797222 0.0541667 0 4717.47 1.57594 0 4419.96 
31300 1.51531e+06 215.879 7103.75 0 0 105.818 101.626 0 0.0891667 0.0608333 0 4733.74 -1.48296 0 4421.24 
31400 1.51031e+06 217.546 7075.93 0 0 105.619 101.522 0 0.0822222 0.0569444 0 4750.17 -5.37324 0 4419.32 
31500 1.50271e+06 217.139 7041.77 0 0 105.647 101.621 0 0.0902778 0.0638889 0 4766.2 -7.63424 0 4426.72 
31600 1.50448e+06 216.357 7063.82 0 0 105.704 101.649 0 0.0802778 0.0591667 0 4782.06 -8.79343 0 4431.48 
31700 1.49927e+06 216.694 7038.76 0 0 105.637 101.499 0 0.0936111 0.0658333 0 4797.79 -11.2945 0 4423.12 
31800 1.5205e+06 219.419 7128.2 0 0 105.569 101.493 0 0.0872222 0.0613889 0 4813.84 -12.0523 0 4425.17 
31900 1.49886e+06 219.127 7016.16 0 0 105.514 101.394 0 0.0955556 0.0663889 0 4829.36 -10.7039 0 4421.56 
32000 1.50705e+06 218.778 7049.91 0 0 105.635 101.562 0 0.0830556 0.0572222 0 4845.41 -11.1235 0 4417.75 
32100 1.49672e+06 218.516 6999.2 0 0 105.463 101.443 0 0.0963889 0.0658333 0 4861.41 -11.2121 0 4415.39 
32200 1.51846e+06 218.357 7128.2 0 0 105.41 101.416 0 0.0936111 0.0619444 0 4877.25 -10.0499 0 4404.9 
32300 1.51502e+06 216.317 7107.77 0 0 105.427 101.585 0 0.0775 0.055 0 4893.55 -8.4327 0 4413.92 
32400 1.51188e+06 215.717 7100.7 0 0 105.097 101.244 0 0.0986111 0.0675 0 4909.8 -8.94857 0 4414.11 
32500 1.50989e+06 216.446 7076.82 0 0 105.326 101.414 0 0.0852778 0.0580556 0 4925.34 -12.5285 0 4422.67 
32600 1.5312e+06 216.919 7176.16 0 0 105.364 101.437 0 0.0877778 0.0661111 0 4940.95 -14.9885 0 4426.49 
32700 1.51332e+06 218.449 7081.94 0 0 105.492 101.47 0 0.0997222 0.0663889 0 4956.09 -13.9751 0 4441.03 
32800 1.52546e+06 218.021 7145.94 0 0 105.282 101.329 0 0.0947222 0.0636111 0 4972 -15.7809 0 4427.79 
32900 1.49954e+06 215.585 7031.66 0 0 105.113 101.293 0 0.104167 0.075 0 4987.8 -17.223 0 4432.1 
33000 1.5131e+06 217.177 7113.53 0 0 105.112 101.271 0 0.0919444 0.0622222 0 5003.45 -17.113 0 4429.68 
33100 1.50942e+06 216.957 7077.88 0 0 105.216 101.324 0 0.1 0.0705556 0 5018.83 -17.041 0 4431.57 
33200 1.51385e+06 217.536 7093.55 0 0 105.159 101.1 0 0.0841667 0.0544444 0 5034.51 -17.8152 0 4433.74 
33300 1.50308e+06 216.648 7031.9 0 0 105.131 100.996 0 0.0802778 0.0569444 0 5049.93 -18.0781 0 4434.59 
33400 1.50099e+06 216.522 7033.05 0 0 105.244 101.163 0 0.075 0.0472222 0 5065.78 -18.0299 0 4429.74 
33500 1.51568e+06 216.158 7092.5 0 0 105.175 101.101 0 0.0922222 0.0636111 0 5081.86 -18.6827 0 4422.66 
33600 1.50968e+06 215.646 7071.87 0 0 105.151 101.118 0 0.0891667 0.0658333 0 5098.1 -20.845 0 4420.35 
33700 1.49569e+06 216.657 7000.97 0 0 105.006 101.096 0 0.0944444 0.0652778 0 5114.32 -22.9314 0 4411.62 
33800 1.52376e+06 214.785 7140.37 0 0 105.169 101.306 0 0.0977778 0.0711111 0 5130.11 -21.4907 0 4408.78 
33900 1.50782e+06 215.914 7076.56 0 0 104.993 101.099 0 0.0847222 0.0580556 0 5145.87 -23.7052 0 4406.79 
34000 1.53449e+06 216.361 7201.41 0 0 104.988 101.128 0 0.0947222 0.0644444 0 5161.79 -21.6395 0 4413.07 
34100 1.5075e+06 215.4 7073.86 0 0 105.069 101.241 0 0.0863889 0.0577778 0 5177.64 -22.469 0 4414.2 
34200 1.51454e+06 217.392 7094.57 0 0 105.033 101.225 0 0.0877778 0.0625 0 5193.03 -22.3678 0 4407.21 
34300 1.49491e+06 215.331 7015.35 0 0 104.809 100.765 0 0.0872222 0.0591667 0 5208.88 -24.8122 0 4410.74 
34400 1.49868e+06 214.709 7033.19 0 0 104.826 100.819 0 0.0927778 0.0625 0 5224.67 -25.107 0 4411.61 
34500 1.50671e+06 216.825 7058.12 0 0 104.861 100.891 0 0.0852778 0.0583333 0 5240.36 -25.5075 0 4407.01 
34600 1.50114e+06 216 7027.81 0 0 104.801 100.702 0 0.0758333 0.0527778 0 5256.04 -25.6901 0 4398.07 
34700 1.49481e+06 215.724 7007.17 0 0 104.934 100.901 0 0.0866667 0.0616667 0 5271.85 -27.1261 0 4396.93 
34800 1.49412e+06 216.152 7000.18 0 0 104.78 100.677 0 0.0941667 0.0627778 0 5287.57 -27.2565 0 4389.08 
34900 1.5105e+06 218.198 7070.55 0 0 104.772 100.419 0 0.0902778 0.0597222 0 5303.43 -28.6833 0 4385.29 
35000 1.49392e+06 216.748 6990.22 0 0 104.9 100.711 0 0.0933333 0.0680556 0 5319.18 -32.4451 0 4377.41 
35100 1.49995e+06 216.699 7006.88 0 0 104.948 100.936 0 0.0952778 0.0666667 0 5334.57 -36.0748 0 4381.45 
35200 1.55652e+06 216.726 7263.01 0 0 104.979 100.865 0 0.0836111 0.0575 0 5350.14 -38.126 0 4392.67 
35300 2.8754e+06 217.762 13443.1 0 0 104.741 101.234 0 0.0733333 0.0538889 0 5376.31 -23.2897 0 4810.83 
35400 3.00408e+06 216.909 14045.5 0 0 104.705 101.24 0 0.0786111 0.055 0 5393.76 -22.317 0 5666.72 
35500 3.02654e+06 216.482 14136 0 0 104.686 101.056 0 0.0925 0.0644444 0 5409.7 -20.8914 0 6540.86 
35600 3.50642e+06 217.334 16344.9 0 0 104.738 100.934 0 0.08 0.0569444 0 5430.68 -19.1477 0 7490.53 
35700 4.45364e+06 220.757 20690.3 0 0 104.775 100.992 0 0.0813889 0.0577778 0 5457.93 -16.7737 0 8866.93 
35800 5.72001e+06 220.532 26537.6 0 0 104.734 101.003 0 0.0880556 0.0630556 0 5480.52 -17.4693 0 10532.3 
35900 5.90876e+06 218.975 27439.1 0 0 104.776 100.966 0 0.0952778 0.0652778 0 5497.74 -17.3959 0 12170.9 
36000 5.91943e+06 219.869 27445.6 0 0 104.751 100.993 0 0.0836111 0.0633333 0 5513.4 -17.3732 0 13856.6 
36100 6.02942e+06 218.409 27982.7 0 0 104.821 101.09 0 0.0786111 0.0536111 0 5529.18 -16.1517 0 15423.1 
36200 5.96583e+06 218.652 27709.9 0 0 104.769 100.873 0 0.0736111 0.0466667 0 5544.83 -15.7031 0 16554.8 
36300 5.91599e+06 219.43 27477.9 0 0 104.635 100.81 0 0.0916667 0.0580556 0 5560.48 -17.384 0 17041.7 
