# Avida count data
# Fri Jun 15 12:07:36 2018
#  1: update
#  2: number of insts executed this update
#  3: number of organisms
#  4: number of different genotypes
#  5: number of different threshold genotypes
#  6: (deprecated) number of different species
#  7: (deprecated) number of different threshold species
#  8: (deprecated) number of different lineages
#  9: number of births in this update
# 10: number of deaths in this update
# 11: number of breed true
# 12: number of breed true organisms?
# 13: number of no-birth organisms
# 14: number of single-threaded organisms
# 15: number of multi-threaded organisms
# 16: number of modified organisms

0 30 1 1 1 0 0 0 1 0 1 1 1 1 0 0 
100 3780 126 41 7 0 0 0 0 0 0 85 64 126 0 020200 108000 3600 1434 372 0 0 0 69 69 44 2497 1844 3600 0 0 
300 108000 3600 1751 609 0 0 0 245 245 172 2470 1851 3600 0 0 
400 108000 3600 1876 663 0 0 0 261 261 183 2432 1828 3600 0 0 
500 108000 3600 1940 697 0 0 0 219 219 149 2404 1838 3600 0 0 
600 108000 3600 1952 723 0 0 0 201 201 123 2394 1811 3600 0 0 
700 108000 3600 1910 704 0 0 0 184 184 120 2402 1823 3600 0 0 
800 108000 3600 1971 692 0 0 0 179 179 113 2349 1821 3600 0 0 
900 108000 3600 1939 676 0 0 0 206 206 120 2356 1828 3600 0 0 
1000 108000 3600 2006 686 0 0 0 194 194 131 2318 1869 3600 0 0 
1100 108000 3600 1963 679 0 0 0 168 168 106 2344 1859 3600 0 0 
1200 108000 3600 1701 555 0 0 0 149 149 105 2489 1838 3600 0 0 
1300 108000 3600 1674 514 0 0 0 129 129 94 2489 1877 3600 0 0 
1400 108000 3600 1779 593 0 0 0 197 197 144 2492 1859 3600 0 0 
1500 108000 3600 1767 638 0 0 0 195 195 138 2498 1823 3600 0 0 
1600 108000 3600 1814 640 0 0 0 203 203 151 2493 1838 3600 0 0 
1700 108000 3600 1836 642 0 0 0 219 219 139 2462 1870 3600 0 0 
1800 108000 3600 1783 614 0 0 0 204 204 142 2478 1830 3600 0 0 
1900 108000 3600 1635 466 0 0 0 235 235 167 2477 1870 3600 0 0 
2000 108000 3600 1687 530 0 0 0 192 192 140 2474 1848 3600 0 0 
2100 108000 3600 1573 465 0 0 0 79 79 47 2520 1828 3600 0 0 
2200 108000 3600 1581 461 0 0 0 222 222 154 2539 1841 3600 0 0 
2300 108000 3600 1540 453 0 0 0 318 318 226 2580 1865 3600 0 0 
2400 108000 3600 1738 590 0 0 0 236 236 154 2488 1828 3600 0 0 
2500 108000 3600 1728 561 0 0 0 192 192 139 2500 1846 3600 0 0 
2600 108000 3600 1775 573 0 0 0 194 194 123 2475 1829 3600 0 0 
2700 108000 3600 1856 631 0 0 0 209 209 144 2383 1842 3600 0 0 
2800 108000 3600 1831 612 0 0 0 199 199 134 2435 1845 3600 0 0 
2900 108000 3600 1798 616 0 0 0 212 212 150 2481 1845 3600 0 0 
3000 108000 3600 1786 569 0 0 0 222 222 149 2413 1849 3600 0 0 
3100 108000 3600 1648 527 0 0 0 205 205 140 2511 1850 3600 0 0 
3200 108000 3600 1668 488 0 0 0 255 255 172 2459 1892 3600 0 0 
3300 108000 3600 1640 471 0 0 0 224 224 147 2490 1902 3600 0 0 
3400 108000 3600 1609 463 0 0 0 201 201 132 2517 1918 3600 0 0 
3500 108000 3600 1549 381 0 0 0 288 288 204 2472 1916 3600 0 0 
3600 108000 3600 1611 447 0 0 0 233 233 158 2493 1943 3600 0 0 
3700 108000 3600 1615 467 0 0 0 265 265 185 2509 1925 3600 0 0 
3800 108000 3600 1609 476 0 0 0 275 275 186 2514 1919 3600 0 0 
3900 108000 3600 1669 491 0 0 0 290 290 202 2475 1912 3600 0 0 
4000 108000 3600 1578 495 0 0 0 243 243 170 2557 1914 3600 0 0 
4100 108000 3600 1620 506 0 0 0 256 256 185 2522 1915 3600 0 0 
4200 108000 3600 1639 521 0 0 0 297 297 192 2516 1944 3600 0 0 
4300 108000 3600 1607 490 0 0 0 286 286 202 2527 1937 3600 0 0 
4400 108000 3600 1591 517 0 0 0 291 291 211 2570 1912 3600 0 0 
4500 108000 3600 1640 494 0 0 0 310 310 221 2529 1943 3600 0 0 
4600 108000 3600 1623 497 0 0 0 301 301 211 2536 1915 3600 0 0 
4700 108000 3600 1620 509 0 0 0 295 295 208 2528 1949 3600 0 0 
4800 108000 3600 1620 486 0 0 0 270 270 185 2515 1906 3600 0 0 
4900 108000 3600 1578 504 0 0 0 306 306 219 2560 1923 3600 0 0 
5000 108000 3600 1603 484 0 0 0 276 276 209 2522 1951 3600 0 0 
5100 108000 3600 1639 489 0 0 0 326 326 225 2498 1973 3600 0 0 
5200 108000 3600 1611 503 0 0 0 308 308 217 2523 1936 3600 0 0 
5300 108000 3600 1667 513 0 0 0 314 314 215 2479 1929 3600 0 0 
5400 108000 3600 1583 476 0 0 0 335 335 243 2536 1966 3600 0 0 
5500 108000 3600 1628 495 0 0 0 242 242 177 2516 1926 3600 0 0 
5600 108000 3600 1656 479 0 0 0 320 320 213 2474 1936 3600 0 0 
5700 108000 3600 1622 495 0 0 0 318 318 218 2511 1939 3600 0 0 
5800 108000 3600 1609 507 0 0 0 312 312 232 2530 1948 3600 0 0 
5900 108000 3600 1660 491 0 0 0 274 274 192 2465 1932 3600 0 0 
6000 108000 3600 1723 505 0 0 0 324 324 220 2431 1943 3600 0 0 
6100 108000 3600 1645 493 0 0 0 264 264 176 2509 1957 3600 0 0 
6200 108000 3600 1631 527 0 0 0 318 318 225 2529 1939 3600 0 0 
6300 108000 3600 1329 286 0 0 0 359 359 258 2504 1936 3600 0 0 
6400 108000 3600 1504 392 0 0 0 323 323 229 2505 1949 3600 0 0 
6500 108000 3600 1619 450 0 0 0 268 268 173 2469 1938 3600 0 0 
6600 108000 3600 1625 482 0 0 0 316 316 224 2513 1942 3600 0 0 
6700 108000 3600 1610 484 0 0 0 310 310 209 2519 1919 3600 0 0 
6800 108000 3600 1653 484 0 0 0 279 279 182 2483 1965 3600 0 0 
6900 108000 3600 1634 472 0 0 0 300 300 202 2488 1951 3600 0 0 
7000 108000 3600 1605 464 0 0 0 320 320 227 2500 1929 3600 0 0 
7100 108000 3600 1631 462 0 0 0 321 321 212 2468 1924 3600 0 0 
7200 108000 3600 1434 307 0 0 0 321 321 227 2477 1943 3600 0 0 
7300 108000 3600 1496 357 0 0 0 327 327 228 2497 1955 3600 0 0 
7400 108000 3600 1492 407 0 0 0 336 336 242 2559 1945 3600 0 0 
7500 108000 3600 1543 422 0 0 0 317 317 220 2527 1938 3600 0 0 
7600 108000 3600 1580 427 0 0 0 257 257 175 2485 1942 3600 0 0 
7700 108000 3600 1638 462 0 0 0 292 292 191 2461 1935 3600 0 0 
7800 108000 3600 1584 461 0 0 0 300 300 206 2517 1928 3600 0 0 
7900 108000 3600 1569 442 0 0 0 323 323 229 2515 1930 3600 0 0 
8000 108000 3600 1587 461 0 0 0 315 315 214 2529 1925 3600 0 0 
8100 108000 3600 1606 461 0 0 0 298 298 206 2499 1943 3600 0 0 
8200 108000 3600 1610 460 0 0 0 324 324 219 2521 1941 3600 0 0 
8300 108000 3600 1561 446 0 0 0 298 298 204 2521 1939 3600 0 0 
8400 108000 3600 1643 452 0 0 0 319 319 228 2477 1967 3600 0 0 
8500 108000 3600 1563 448 0 0 0 281 281 193 2531 1908 3600 0 0 
8600 108000 3600 1580 453 0 0 0 335 335 232 2525 1925 3600 0 0 
8700 108000 3600 1606 437 0 0 0 336 336 229 2482 1900 3600 0 0 
8800 108000 3600 1634 488 0 0 0 349 349 247 2500 1910 3600 0 0 
8900 108000 3600 1552 472 0 0 0 300 300 216 2559 1904 3600 0 0 
9000 108000 3600 1561 433 0 0 0 348 348 245 2539 1926 3600 0 0 
9100 108000 3600 1556 451 0 0 0 302 302 208 2545 1917 3600 0 0 
9200 108000 3600 1583 451 0 0 0 336 336 241 2532 1930 3600 0 0 
9300 108000 3600 1649 465 0 0 0 363 363 244 2473 1931 3600 0 0 
9400 108000 3600 1625 452 0 0 0 282 282 196 2490 1951 3600 0 0 
9500 108000 3600 1614 472 0 0 0 343 343 240 2530 1906 3600 0 0 
9600 108000 3600 1647 458 0 0 0 303 303 202 2474 1933 3600 0 0 
9700 108000 3600 1592 447 0 0 0 304 304 204 2506 1921 3600 0 0 
9800 108000 3600 1629 460 0 0 0 357 357 242 2459 1906 3600 0 0 
9900 108000 3600 1566 440 0 0 0 322 322 219 2532 1897 3600 0 0 
10000 108000 3600 1537 446 0 0 0 328 328 234 2562 1923 3600 0 0 
10100 108000 3600 1627 433 0 0 0 325 325 214 2472 1952 3600 0 0 
10200 108000 3600 1637 462 0 0 0 323 323 217 2480 1901 3600 0 0 
10300 108000 3600 1602 440 0 0 0 328 328 218 2491 1922 3600 0 0 
10400 108000 3600 1596 458 0 0 0 314 314 218 2524 1910 3600 0 0 
10500 108000 3600 1560 442 0 0 0 326 326 231 2533 1928 3600 0 0 
10600 108000 3600 1565 486 0 0 0 322 322 235 2559 1924 3600 0 0 
10700 108000 3600 1655 452 0 0 0 341 341 237 2452 1925 3600 0 0 
10800 108000 3600 1591 471 0 0 0 349 349 247 2541 1899 3600 0 0 
10900 108000 3600 1669 464 0 0 0 294 294 212 2452 1961 3600 0 0 
11000 108000 3600 1606 471 0 0 0 367 367 252 2541 1956 3600 0 0 
11100 108000 3600 1555 451 0 0 0 329 329 230 2553 1909 3600 0 0 
11200 108000 3600 1624 470 0 0 0 323 323 227 2495 1940 3600 0 0 
11300 108000 3600 1603 477 0 0 0 352 352 261 2529 1922 3600 0 0 
11400 108000 3600 1642 460 0 0 0 297 297 209 2473 1942 3600 0 0 
11500 108000 3600 1579 472 0 0 0 320 320 224 2569 1900 3600 0 0 
11600 108000 3600 1643 465 0 0 0 355 355 249 2473 1927 3600 0 0 
11700 108000 3600 1585 461 0 0 0 342 342 232 2513 1905 3600 0 0 
11800 108000 3600 1606 446 0 0 0 332 332 233 2501 1940 3600 0 0 
11900 108000 3600 1570 464 0 0 0 331 331 238 2550 1935 3600 0 0 
12000 108000 3600 1610 478 0 0 0 327 327 209 2528 1904 3600 0 0 
12100 108000 3600 1600 434 0 0 0 343 343 228 2508 1924 3600 0 0 
12200 108000 3600 1587 454 0 0 0 353 353 240 2511 1922 3600 0 0 
12300 108000 3600 1595 448 0 0 0 349 349 233 2506 1909 3600 0 0 
12400 108000 3600 1579 448 0 0 0 321 321 227 2525 1943 3600 0 0 
12500 108000 3600 1591 439 0 0 0 304 304 214 2522 1938 3600 0 0 
12600 108000 3600 1608 456 0 0 0 323 323 230 2491 1923 3600 0 0 
12700 108000 3600 1613 458 0 0 0 297 297 198 2486 1909 3600 0 0 
12800 108000 3600 1532 436 0 0 0 306 306 215 2561 1913 3600 0 0 
12900 108000 3600 1638 445 0 0 0 300 300 202 2478 1928 3600 0 0 
13000 108000 3600 1603 471 0 0 0 286 286 212 2524 1950 3600 0 0 
13100 108000 3600 1607 449 0 0 0 291 291 208 2519 1935 3600 0 0 
13200 108000 3600 1628 452 0 0 0 336 336 243 2473 1907 3600 0 0 
13300 108000 3600 1615 438 0 0 0 310 310 217 2471 1935 3600 0 0 
13400 108000 3600 1631 468 0 0 0 336 336 224 2502 1922 3600 0 0 
13500 108000 3600 1628 440 0 0 0 338 338 224 2486 1934 3600 0 0 
13600 108000 3600 1631 465 0 0 0 314 314 195 2484 1931 3600 0 0 
13700 108000 3600 1578 428 0 0 0 298 298 209 2515 1948 3600 0 0 
13800 108000 3600 1590 419 0 0 0 328 328 238 2484 1954 3600 0 0 
13900 108000 3600 1669 465 0 0 0 315 315 218 2447 1933 3600 0 0 
14000 108000 3600 1594 467 0 0 0 358 358 265 2529 1903 3600 0 0 
14100 108000 3600 1601 445 0 0 0 319 319 209 2498 1942 3600 0 0 
14200 108000 3600 1559 440 0 0 0 313 313 226 2524 1915 3600 0 0 
14300 108000 3600 1567 441 0 0 0 270 270 180 2516 1923 3600 0 0 
14400 108000 3600 1569 449 0 0 0 354 354 246 2523 1909 3600 0 0 
14500 108000 3600 1633 441 0 0 0 345 345 231 2464 1956 3600 0 0 
14600 108000 3600 1541 448 0 0 0 340 340 227 2568 1923 3600 0 0 
14700 108000 3600 1628 422 0 0 0 307 307 213 2462 1935 3600 0 0 
14800 108000 3600 1639 473 0 0 0 338 338 237 2490 1930 3600 0 0 
14900 108000 3600 1571 465 0 0 0 307 307 215 2539 1907 3600 0 0 
15000 108000 3600 1624 435 0 0 0 305 305 208 2485 1941 3600 0 0 
15100 108000 3600 1583 457 0 0 0 333 333 239 2527 1926 3600 0 0 
15200 108000 3600 1621 428 0 0 0 347 347 243 2463 1956 3600 0 0 
15300 108000 3600 1648 457 0 0 0 319 319 235 2434 1948 3600 0 0 
15400 108000 3600 1651 458 0 0 0 333 333 234 2491 1939 3600 0 0 
15500 108000 3600 1462 335 0 0 0 330 330 228 2510 1924 3600 0 0 
15600 108000 3600 1525 387 0 0 0 322 322 227 2515 1922 3600 0 0 
15700 108000 3600 1604 433 0 0 0 308 308 220 2469 1951 3600 0 0 
15800 108000 3600 1642 463 0 0 0 300 300 204 2458 1968 3600 0 0 
15900 108000 3600 1552 466 0 0 0 334 334 228 2546 1917 3600 0 0 
16000 108000 3600 1600 443 0 0 0 316 316 227 2492 1986 3600 0 0 
16100 108000 3600 1582 455 0 0 0 350 350 254 2524 1922 3600 0 0 
16200 108000 3600 1611 488 0 0 0 336 336 230 2535 1940 3600 0 0 
16300 108000 3600 1629 451 0 0 0 336 336 234 2465 1918 3600 0 0 
16400 108000 3600 1610 457 0 0 0 318 318 218 2513 1942 3600 0 0 
16500 108000 3600 1654 482 0 0 0 322 322 234 2485 1952 3600 0 0 
16600 108000 3600 1623 479 0 0 0 308 308 215 2497 1948 3600 0 0 
16700 108000 3600 1608 477 0 0 0 329 329 226 2512 1943 3600 0 0 
16800 108000 3600 1560 463 0 0 0 369 369 266 2565 1938 3600 0 0 
16900 108000 3600 1622 441 0 0 0 324 324 221 2486 1954 3600 0 0 
17000 108000 3600 1630 472 0 0 0 299 299 204 2475 1949 3600 0 0 
17100 108000 3600 1597 508 0 0 0 349 349 243 2566 1934 3600 0 0 
17200 108000 3600 1646 453 0 0 0 310 310 202 2466 1936 3600 0 0 
17300 108000 3600 1618 463 0 0 0 321 321 232 2513 1947 3600 0 0 
17400 108000 3600 1643 476 0 0 0 326 326 223 2493 1954 3600 0 0 
17500 108000 3600 1592 474 0 0 0 358 358 265 2538 1958 3600 0 0 
17600 108000 3600 1566 443 0 0 0 341 341 234 2510 1933 3600 0 0 
17700 108000 3600 1595 458 0 0 0 329 329 237 2518 1948 3600 0 0 
17800 108000 3600 1571 457 0 0 0 337 337 227 2544 1934 3600 0 0 
17900 108000 3600 1626 461 0 0 0 324 324 227 2490 1936 3600 0 0 
18000 108000 3600 1645 463 0 0 0 327 327 225 2461 1943 3600 0 0 
18100 108000 3600 1619 488 0 0 0 339 339 244 2504 1958 3600 0 0 
18200 108000 3600 1651 474 0 0 0 324 324 222 2467 1946 3600 0 0 
18300 108000 3600 1596 444 0 0 0 325 325 225 2483 1951 3600 0 0 
18400 108000 3600 1587 442 0 0 0 346 346 251 2490 1915 3600 0 0 
18500 108000 3600 1600 446 0 0 0 318 318 233 2518 1912 3600 0 0 
18600 108000 3600 1631 453 0 0 0 306 306 203 2478 1957 3600 0 0 
18700 108000 3600 1623 494 0 0 0 311 311 216 2522 1909 3600 0 0 
18800 108000 3600 1618 453 0 0 0 317 317 218 2502 1942 3600 0 0 
18900 108000 3600 1656 478 0 0 0 320 320 221 2477 1965 3600 0 0 
19000 108000 3600 1580 482 0 0 0 322 322 221 2557 1914 3600 0 0 
19100 108000 3600 1612 424 0 0 0 340 340 242 2475 1947 3600 0 0 
19200 108000 3600 1615 457 0 0 0 341 341 249 2498 1947 3600 0 0 
19300 108000 3600 1575 446 0 0 0 307 307 208 2523 1938 3600 0 0 
19400 108000 3600 1507 433 0 0 0 298 298 213 2564 1915 3600 0 0 
19500 108000 3600 1590 465 0 0 0 328 328 237 2527 1933 3600 0 0 
19600 108000 3600 1630 465 0 0 0 340 340 231 2480 1947 3600 0 0 
19700 108000 3600 1538 426 0 0 0 300 300 211 2517 1915 3600 0 0 
19800 108000 3600 1620 478 0 0 0 339 339 246 2521 1940 3600 0 0 
19900 108000 3600 1606 472 0 0 0 330 330 232 2505 1960 3600 0 0 
20000 108000 3600 1546 446 0 0 0 353 353 247 2540 1951 3600 0 0 
20100 108000 3600 1563 432 0 0 0 319 319 223 2517 1959 3600 0 0 
20200 108000 3600 1597 429 0 0 0 304 304 221 2517 1982 3600 0 0 
20300 108000 3600 1583 453 0 0 0 342 342 247 2501 1937 3600 0 0 
20400 108000 3600 1582 436 0 0 0 359 359 261 2514 1936 3600 0 0 
20500 108000 3600 1577 437 0 0 0 312 312 227 2488 1969 3600 0 0 
20600 108000 3600 1587 461 0 0 0 361 361 254 2517 1953 3600 0 0 
20700 108000 3600 1549 436 0 0 0 315 315 222 2532 1934 3600 0 0 
20800 108000 3600 1595 439 0 0 0 311 311 221 2492 1959 3600 0 0 
20900 108000 3600 1526 452 0 0 0 307 307 226 2568 1909 3600 0 0 
21000 108000 3600 1643 429 0 0 0 340 340 233 2444 1954 3600 0 0 
21100 108000 3600 1641 437 0 0 0 304 304 208 2450 1949 3600 0 0 
21200 108000 3600 1561 461 0 0 0 333 333 232 2545 1953 3600 0 0 
21300 108000 3600 1560 444 0 0 0 303 303 216 2534 1942 3600 0 0 
21400 108000 3600 1539 470 0 0 0 341 341 231 2570 1943 3600 0 0 
21500 108000 3600 1624 464 0 0 0 337 337 233 2477 1950 3600 0 0 
21600 108000 3600 1637 462 0 0 0 330 330 230 2493 1937 3600 0 0 
21700 108000 3600 1646 440 0 0 0 348 348 236 2451 1940 3600 0 0 
21800 108000 3600 1546 431 0 0 0 344 344 225 2532 1938 3600 0 0 
21900 108000 3600 1592 430 0 0 0 355 355 236 2506 1945 3600 0 0 
22000 108000 3600 1586 425 0 0 0 320 320 224 2499 1961 3600 0 0 
22100 108000 3600 1572 436 0 0 0 328 328 230 2506 1968 3600 0 0 
22200 108000 3600 1638 462 0 0 0 330 330 219 2483 1961 3600 0 0 
22300 108000 3600 1591 453 0 0 0 358 358 228 2478 1953 3600 0 0 
22400 108000 3600 1621 439 0 0 0 346 346 241 2464 1951 3600 0 0 
22500 108000 3600 1626 464 0 0 0 308 308 216 2506 1961 3600 0 0 
22600 108000 3600 1606 465 0 0 0 350 350 246 2505 1977 3600 0 0 
22700 108000 3600 1561 460 0 0 0 306 306 221 2536 1938 3600 0 0 
22800 108000 3600 1578 463 0 0 0 309 309 222 2529 1947 3600 0 0 
22900 108000 3600 1639 448 0 0 0 364 364 243 2470 1949 3600 0 0 
23000 108000 3600 1546 416 0 0 0 348 348 249 2524 1981 3600 0 0 
23100 108000 3600 1538 421 0 0 0 315 315 226 2534 1950 3600 0 0 
23200 108000 3600 1619 419 0 0 0 384 384 260 2473 1972 3600 0 0 
23300 108000 3600 1653 469 0 0 0 326 326 235 2463 1953 3600 0 0 
23400 108000 3600 1630 462 0 0 0 317 317 234 2488 1937 3600 0 0 
23500 108000 3600 1589 468 0 0 0 347 347 244 2536 1946 3600 0 0 
23600 108000 3600 1617 440 0 0 0 329 329 232 2490 1959 3600 0 0 
23700 108000 3600 1577 475 0 0 0 357 357 252 2545 1947 3600 0 0 
23800 108000 3600 1633 484 0 0 0 344 344 238 2485 1944 3600 0 0 
23900 108000 3600 1624 467 0 0 0 335 335 236 2487 1965 3600 0 0 
24000 108000 3600 1619 450 0 0 0 359 359 253 2501 1963 3600 0 0 
24100 108000 3600 1609 445 0 0 0 314 314 214 2478 1918 3600 0 0 
24200 108000 3600 1589 454 0 0 0 316 316 219 2506 1942 3600 0 0 
24300 108000 3600 1608 471 0 0 0 271 271 187 2508 1942 3600 0 0 
24400 108000 3600 1539 431 0 0 0 338 338 239 2553 1926 3600 0 0 
24500 108000 3600 1565 450 0 0 0 345 345 251 2534 1921 3600 0 0 
24600 108000 3600 1610 452 0 0 0 344 344 243 2493 1934 3600 0 0 
24700 108000 3600 1603 471 0 0 0 349 349 249 2523 1942 3600 0 0 
24800 108000 3600 1634 457 0 0 0 343 343 242 2475 1972 3600 0 0 
24900 108000 3600 1617 463 0 0 0 293 293 206 2489 1943 3600 0 0 
25000 108000 3600 1570 444 0 0 0 306 306 199 2506 1950 3600 0 0 
25100 108000 3600 1539 446 0 0 0 309 309 221 2535 1940 3600 0 0 
25200 108000 3600 1632 453 0 0 0 292 292 201 2481 1944 3600 0 0 
25300 108000 3600 1643 448 0 0 0 318 318 217 2463 1978 3600 0 0 
25400 108000 3600 1577 448 0 0 0 342 342 234 2508 1952 3600 0 0 
25500 108000 3600 1660 460 0 0 0 290 290 192 2465 1973 3600 0 0 
25600 108000 3600 1593 451 0 0 0 299 299 211 2489 1957 3600 0 0 
25700 108000 3600 1648 473 0 0 0 305 305 210 2469 1959 3600 0 0 
25800 108000 3600 1605 445 0 0 0 346 346 229 2493 1950 3600 0 0 
25900 108000 3600 1547 452 0 0 0 318 318 240 2576 1961 3600 0 0 
26000 108000 3600 1578 461 0 0 0 355 355 248 2523 1918 3600 0 0 
26100 108000 3600 1577 434 0 0 0 331 331 232 2500 1947 3600 0 0 
26200 108000 3600 1590 445 0 0 0 302 302 208 2511 1946 3600 0 0 
26300 108000 3600 1568 459 0 0 0 296 296 208 2527 1952 3600 0 0 
26400 108000 3600 1546 437 0 0 0 283 283 194 2556 1947 3600 0 0 
26500 108000 3600 1659 461 0 0 0 284 284 190 2453 1979 3600 0 0 
26600 108000 3600 1607 469 0 0 0 351 351 245 2517 1935 3600 0 0 
26700 108000 3600 1560 449 0 0 0 332 332 239 2525 1932 3600 0 0 
26800 108000 3600 1602 444 0 0 0 312 312 228 2509 1956 3600 0 0 
26900 108000 3600 1601 432 0 0 0 342 342 240 2492 1980 3600 0 0 
27000 108000 3600 1590 444 0 0 0 333 333 242 2501 1971 3600 0 0 
27100 108000 3600 1645 469 0 0 0 349 349 242 2470 1956 3600 0 0 
27200 108000 3600 1597 462 0 0 0 319 319 236 2499 1938 3600 0 0 
27300 108000 3600 1568 466 0 0 0 331 331 228 2548 1930 3600 0 0 
27400 108000 3600 1596 461 0 0 0 370 370 244 2525 1973 3600 0 0 
27500 108000 3600 1596 431 0 0 0 302 302 221 2496 1940 3600 0 0 
27600 108000 3600 1617 485 0 0 0 332 332 234 2513 1928 3600 0 0 
27700 108000 3600 1622 470 0 0 0 340 340 226 2484 1954 3600 0 0 
27800 108000 3600 1625 467 0 0 0 330 330 229 2485 1938 3600 0 0 
27900 108000 3600 1662 457 0 0 0 325 325 226 2436 1950 3600 0 0 
28000 108000 3600 1618 462 0 0 0 325 325 220 2497 1950 3600 0 0 
28100 108000 3600 1551 473 0 0 0 305 305 216 2580 1934 3600 0 0 
28200 108000 3600 1549 432 0 0 0 332 332 238 2534 1924 3600 0 0 
28300 108000 3600 1602 452 0 0 0 364 364 249 2504 1950 3600 0 0 
28400 108000 3600 1599 454 0 0 0 338 338 243 2511 1949 3600 0 0 
28500 108000 3600 1558 424 0 0 0 280 280 209 2532 1966 3600 0 0 
28600 108000 3600 1617 458 0 0 0 337 337 228 2514 1961 3600 0 0 
28700 108000 3600 1686 485 0 0 0 321 321 224 2427 1948 3600 0 0 
28800 108000 3600 1584 468 0 0 0 315 315 225 2532 1930 3600 0 0 
28900 108000 3600 1631 452 0 0 0 337 337 213 2495 1941 3600 0 0 
29000 108000 3600 1412 288 0 0 0 363 363 253 2472 1950 3600 0 0 
29100 108000 3600 1498 353 0 0 0 314 314 213 2493 1961 3600 0 0 
29200 108000 3600 1562 403 0 0 0 344 344 228 2497 1948 3600 0 0 
29300 108000 3600 1579 443 0 0 0 289 289 208 2495 1928 3600 0 0 
29400 108000 3600 1584 436 0 0 0 324 324 210 2510 1932 3600 0 0 
29500 108000 3600 1593 417 0 0 0 302 302 214 2481 1926 3600 0 0 
29600 108000 3600 1626 450 0 0 0 371 371 265 2505 1947 3600 0 0 
29700 108000 3600 1626 453 0 0 0 325 325 224 2480 1967 3600 0 0 
29800 108000 3600 1662 452 0 0 0 334 334 231 2441 1960 3600 0 0 
29900 108000 3600 1621 482 0 0 0 356 356 237 2516 1943 3600 0 0 
30000 108000 3600 1571 452 0 0 0 341 341 229 2525 1956 3600 0 0 
30100 108000 3600 1565 414 0 0 0 328 328 233 2509 1966 3600 0 0 
30200 108000 3600 1573 419 0 0 0 315 315 222 2500 1941 3600 0 0 
30300 108000 3600 1603 451 0 0 0 353 353 243 2491 1950 3600 0 0 
30400 108000 3600 1578 482 0 0 0 373 373 267 2550 1910 3600 0 0 
30500 108000 3600 1652 469 0 0 0 315 315 220 2460 1915 3600 0 0 
30600 108000 3600 1597 442 0 0 0 344 344 243 2524 1943 3600 0 0 
30700 108000 3600 1579 443 0 0 0 359 359 246 2519 1960 3600 0 0 
30800 108000 3600 1623 400 0 0 0 309 309 208 2453 1992 3600 0 0 
30900 108000 3600 1619 418 0 0 0 327 327 225 2438 1947 3600 0 0 
31000 108000 3600 1588 430 0 0 0 312 312 220 2479 1949 3600 0 0 
31100 108000 3600 1585 436 0 0 0 338 338 243 2509 1956 3600 0 0 
31200 108000 3600 1623 439 0 0 0 294 294 215 2476 1987 3600 0 0 
31300 108000 3600 1603 424 0 0 0 340 340 236 2484 1951 3600 0 0 
31400 108000 3600 1568 424 0 0 0 336 336 241 2512 1961 3600 0 0 
31500 108000 3600 1587 464 0 0 0 328 328 213 2532 1958 3600 0 0 
31600 108000 3600 1589 419 0 0 0 335 335 224 2514 1966 3600 0 0 
31700 108000 3600 1637 429 0 0 0 311 311 209 2456 1965 3600 0 0 
31800 108000 3600 1546 439 0 0 0 337 337 231 2563 1930 3600 0 0 
31900 108000 3600 1520 415 0 0 0 317 317 211 2536 1930 3600 0 0 
32000 108000 3600 1573 388 0 0 0 325 325 226 2470 1943 3600 0 0 
32100 108000 3600 1555 406 0 0 0 312 312 216 2514 1977 3600 0 0 
32200 108000 3600 1542 408 0 0 0 365 365 254 2516 1956 3600 0 0 
32300 108000 3600 1548 431 0 0 0 342 342 243 2522 1895 3600 0 0 
32400 108000 3600 1577 421 0 0 0 307 307 208 2505 1940 3600 0 0 
32500 108000 3600 1629 412 0 0 0 305 305 202 2448 1983 3600 0 0 
32600 108000 3600 1571 437 0 0 0 368 368 251 2535 1914 3600 0 0 
32700 108000 3600 1536 402 0 0 0 360 360 244 2493 1943 3600 0 0 
32800 108000 3600 1611 432 0 0 0 361 361 252 2478 1964 3600 0 0 
32900 108000 3600 1644 458 0 0 0 329 329 239 2465 1974 3600 0 0 
33000 108000 3600 1595 458 0 0 0 326 326 208 2513 1945 3600 0 0 
33100 108000 3600 1646 433 0 0 0 365 365 241 2457 1934 3600 0 0 
33200 108000 3600 1591 429 0 0 0 332 332 216 2494 1967 3600 0 0 
33300 108000 3600 1615 439 0 0 0 317 317 208 2481 1951 3600 0 0 
33400 108000 3600 1606 428 0 0 0 338 338 252 2475 1959 3600 0 0 
33500 108000 3600 1606 431 0 0 0 306 306 209 2494 1942 3600 0 0 
33600 108000 3600 1616 441 0 0 0 305 305 203 2477 1962 3600 0 0 
33700 108000 3600 1567 448 0 0 0 343 343 243 2517 1924 3600 0 0 
33800 108000 3600 1627 458 0 0 0 338 338 230 2489 1923 3600 0 0 
33900 108000 3600 1603 443 0 0 0 345 345 224 2499 1928 3600 0 0 
34000 108000 3600 1627 454 0 0 0 315 315 215 2463 1934 3600 0 0 
34100 108000 3600 1549 435 0 0 0 350 350 251 2531 1952 3600 0 0 
34200 108000 3600 1577 417 0 0 0 309 309 216 2476 1922 3600 0 0 
34300 108000 3600 1680 451 0 0 0 333 333 224 2418 1947 3600 0 0 
34400 108000 3600 1620 431 0 0 0 334 334 226 2472 1937 3600 0 0 
34500 108000 3600 1603 463 0 0 0 338 338 237 2504 1937 3600 0 0 
34600 108000 3600 1594 442 0 0 0 314 314 214 2499 1944 3600 0 0 
34700 108000 3600 1589 449 0 0 0 330 330 218 2518 1931 3600 0 0 
34800 108000 3600 1624 426 0 0 0 322 322 226 2471 1941 3600 0 0 
34900 108000 3600 1609 423 0 0 0 324 324 223 2475 1931 3600 0 0 
35000 108000 3600 1581 451 0 0 0 341 341 233 2519 1937 3600 0 0 
35100 108000 3600 1625 438 0 0 0 332 332 245 2467 1979 3600 0 0 
35200 108000 3600 1580 435 0 0 0 332 332 235 2506 1967 3600 0 0 
35300 108000 3600 1599 419 0 0 0 272 272 185 2466 1947 3600 0 0 
35400 108000 3600 1578 440 0 0 0 301 301 201 2514 1965 3600 0 0 
35500 108000 3600 1589 445 0 0 0 290 290 218 2512 1942 3600 0 0 
35600 108000 3600 1574 449 0 0 0 365 365 263 2522 1935 3600 0 0 
35700 108000 3600 1611 419 0 0 0 310 310 221 2467 1950 3600 0 0 
35800 108000 3600 1579 429 0 0 0 326 326 251 2493 1943 3600 0 0 
35900 108000 3600 1596 443 0 0 0 311 311 220 2500 1931 3600 0 0 
36000 108000 3600 1605 460 0 0 0 334 334 238 2517 1942 3600 0 0 
36100 108000 3600 1672 463 0 0 0 345 345 238 2460 1975 3600 0 0 
36200 108000 3600 1606 454 0 0 0 347 347 242 2500 1936 3600 0 0 
36300 108000 3600 1582 442 0 0 0 367 367 248 2506 1947 3600 0 0 
36400 108000 3600 1628 439 0 0 0 319 319 217 2461 1973 3600 0 0 
36500 108000 3600 1611 440 0 0 0 294 294 209 2470 1942 3600 0 0 
36600 108000 3600 1621 438 0 0 0 378 378 257 2467 1948 3600 0 0 
36700 108000 3600 1591 450 0 0 0 320 320 223 2495 1963 3600 0 0 
36800 108000 3600 1547 443 0 0 0 308 308 216 2543 1952 3600 0 0 
36900 108000 3600 1626 438 0 0 0 328 328 231 2476 1940 3600 0 0 
37000 108000 3600 1581 428 0 0 0 348 348 247 2509 1948 3600 0 0 
37100 108000 3600 1575 464 0 0 0 322 322 232 2533 1975 3600 0 0 
37200 108000 3600 1575 416 0 0 0 323 323 223 2471 1941 3600 0 0 
37300 108000 3600 1580 432 0 0 0 366 366 250 2502 1954 3600 0 0 
37400 108000 3600 1634 423 0 0 0 347 347 241 2435 1966 3600 0 0 
37500 108000 3600 1612 427 0 0 0 328 328 224 2466 1953 3600 0 0 
37600 108000 3600 1666 436 0 0 0 305 305 210 2423 1941 3600 0 0 
37700 108000 3600 1540 422 0 0 0 327 327 241 2541 1942 3600 0 0 
37800 108000 3600 1579 417 0 0 0 296 296 211 2492 1936 3600 0 0 
37900 108000 3600 1544 400 0 0 0 361 361 246 2510 1922 3600 0 0 
38000 108000 3600 1600 430 0 0 0 360 360 250 2488 1974 3600 0 0 
38100 108000 3600 1607 436 0 0 0 350 350 243 2487 1948 3600 0 0 
38200 108000 3600 1603 422 0 0 0 331 331 230 2475 1957 3600 0 0 
38300 108000 3600 1610 465 0 0 0 334 334 235 2501 1932 3600 0 0 
38400 108000 3600 1632 450 0 0 0 337 337 229 2481 1945 3600 0 0 
38500 108000 3600 1576 470 0 0 0 315 315 225 2527 1926 3600 0 0 
38600 108000 3600 1622 451 0 0 0 358 358 258 2487 1959 3600 0 0 
38700 108000 3600 1608 458 0 0 0 301 301 203 2487 1948 3600 0 0 
38800 108000 3600 1651 457 0 0 0 335 335 212 2467 1963 3600 0 0 
38900 108000 3600 1561 440 0 0 0 331 331 240 2521 1942 3600 0 0 
39000 108000 3600 1594 432 0 0 0 327 327 235 2489 1951 3600 0 0 
39100 108000 3600 1626 451 0 0 0 343 343 254 2499 1977 3600 0 0 
39200 108000 3600 1611 449 0 0 0 349 349 245 2483 1956 3600 0 0 
39300 108000 3600 1520 432 0 0 0 330 330 233 2564 1932 3600 0 0 
39400 108000 3600 1629 431 0 0 0 317 317 214 2467 1943 3600 0 0 
39500 108000 3600 1619 438 0 0 0 353 353 238 2464 1951 3600 0 0 
39600 108000 3600 1542 429 0 0 0 307 307 219 2536 1923 3600 0 0 
39700 108000 3600 1622 455 0 0 0 332 332 238 2474 1979 3600 0 0 
39800 108000 3600 1654 461 0 0 0 318 318 219 2455 1950 3600 0 0 
39900 108000 3600 1632 458 0 0 0 314 314 219 2465 1929 3600 0 0 
40000 108000 3600 1664 457 0 0 0 319 319 220 2456 1971 3600 0 0 
40100 108000 3600 1594 470 0 0 0 359 359 248 2496 1944 3600 0 0 
40200 108000 3600 1632 446 0 0 0 314 314 210 2488 1985 3600 0 0 
40300 108000 3600 1599 438 0 0 0 349 349 243 2495 1912 3600 0 0 
40400 108000 3600 1572 429 0 0 0 335 335 234 2497 1934 3600 0 0 
40500 108000 3600 1630 464 0 0 0 337 337 240 2479 1918 3600 0 0 
40600 108000 3600 1613 425 0 0 0 320 320 217 2461 1934 3600 0 0 
40700 108000 3600 1621 439 0 0 0 325 325 225 2481 1961 3600 0 0 
40800 108000 3600 1632 435 0 0 0 339 339 236 2454 1963 3600 0 0 
40900 108000 3600 1595 446 0 0 0 342 342 234 2491 1952 3600 0 0 
41000 108000 3600 1582 420 0 0 0 288 288 202 2454 1950 3600 0 0 
41100 108000 3600 1616 456 0 0 0 349 349 239 2478 1930 3600 0 0 
41200 108000 3600 1643 439 0 0 0 351 351 233 2444 1949 3600 0 0 
41300 108000 3600 1569 457 0 0 0 294 294 209 2557 1927 3600 0 0 
41400 108000 3600 1607 436 0 0 0 329 329 230 2479 1920 3600 0 0 
41500 108000 3600 1604 454 0 0 0 314 314 221 2498 1947 3600 0 0 
41600 108000 3600 1650 470 0 0 0 360 360 247 2478 1957 3600 0 0 
41700 108000 3600 1630 474 0 0 0 310 310 203 2493 1930 3600 0 0 
41800 108000 3600 1633 448 0 0 0 350 350 237 2476 1947 3600 0 0 
41900 108000 3600 1650 468 0 0 0 341 341 229 2464 1950 3600 0 0 
42000 108000 3600 1625 440 0 0 0 322 322 217 2446 1927 3600 0 0 
42100 108000 3600 1581 441 0 0 0 333 333 220 2515 1940 3600 0 0 
42200 108000 3600 1647 470 0 0 0 299 299 209 2470 1986 3600 0 0 
42300 108000 3600 1621 421 0 0 0 334 334 224 2467 1966 3600 0 0 
42400 108000 3600 1510 426 0 0 0 334 334 220 2557 1948 3600 0 0 
42500 108000 3600 1621 452 0 0 0 285 285 195 2485 1957 3600 0 0 
42600 108000 3600 1586 449 0 0 0 357 357 254 2513 1959 3600 0 0 
42700 108000 3600 1616 450 0 0 0 336 336 229 2490 1974 3600 0 0 
42800 108000 3600 1574 436 0 0 0 383 383 282 2509 1934 3600 0 0 
42900 108000 3600 1555 480 0 0 0 327 327 254 2552 1950 3600 0 0 
43000 108000 3600 1609 452 0 0 0 324 324 229 2499 1933 3600 0 0 
43100 108000 3600 1643 453 0 0 0 273 273 198 2456 1964 3600 0 0 
43200 108000 3600 1559 438 0 0 0 340 340 236 2529 1950 3600 0 0 
43300 108000 3600 1567 452 0 0 0 291 291 203 2529 1945 3600 0 0 
43400 108000 3600 1622 441 0 0 0 355 355 250 2496 1959 3600 0 0 
43500 108000 3600 1619 441 0 0 0 308 308 221 2481 1958 3600 0 0 
43600 108000 3600 1609 431 0 0 0 282 282 190 2480 1939 3600 0 0 
43700 108000 3600 1637 474 0 0 0 340 340 240 2491 1933 3600 0 0 
43800 108000 3600 1599 422 0 0 0 337 337 230 2492 1979 3600 0 0 
43900 108000 3600 1607 414 0 0 0 312 312 213 2461 1964 3600 0 0 
44000 108000 3600 1643 431 0 0 0 313 313 217 2453 1959 3600 0 0 
44100 108000 3600 1618 451 0 0 0 319 319 218 2480 1953 3600 0 0 
44200 108000 3600 1608 442 0 0 0 334 334 236 2498 1947 3600 0 0 
44300 108000 3600 1585 462 0 0 0 325 325 233 2510 1935 3600 0 0 
44400 108000 3600 1650 454 0 0 0 343 343 235 2474 1925 3600 0 0 
44500 108000 3600 1588 460 0 0 0 340 340 235 2523 1937 3600 0 0 
44600 108000 3600 1569 451 0 0 0 314 314 227 2523 1918 3600 0 0 
44700 108000 3600 1618 451 0 0 0 322 322 209 2476 1935 3600 0 0 
44800 108000 3600 1540 443 0 0 0 329 329 232 2557 1924 3600 0 0 
44900 108000 3600 1623 426 0 0 0 308 308 201 2452 1949 3600 0 0 
45000 108000 3600 1631 478 0 0 0 311 311 207 2462 1932 3600 0 0 
45100 108000 3600 1602 448 0 0 0 344 344 235 2491 1950 3600 0 0 
45200 108000 3600 1680 454 0 0 0 283 283 194 2433 1979 3600 0 0 
45300 108000 3600 1664 468 0 0 0 300 300 211 2450 1921 3600 0 0 
45400 108000 3600 1629 475 0 0 0 337 337 226 2492 1949 3600 0 0 
45500 108000 3600 1648 464 0 0 0 350 350 246 2482 1949 3600 0 0 
45600 108000 3600 1621 471 0 0 0 294 294 204 2498 1955 3600 0 0 
45700 108000 3600 1639 459 0 0 0 272 272 183 2463 1961 3600 0 0 
45800 108000 3600 1642 449 0 0 0 318 318 221 2453 1952 3600 0 0 
45900 108000 3600 1559 446 0 0 0 334 334 224 2523 1937 3600 0 0 
46000 108000 3600 1563 445 0 0 0 358 358 232 2534 1924 3600 0 0 
46100 108000 3600 1604 437 0 0 0 368 368 247 2495 1965 3600 0 0 
46200 108000 3600 1637 450 0 0 0 321 321 216 2476 1908 3600 0 0 
46300 108000 3600 1636 443 0 0 0 343 343 252 2445 1966 3600 0 0 
46400 108000 3600 1628 472 0 0 0 325 325 232 2495 1927 3600 0 0 
46500 108000 3600 1684 467 0 0 0 311 311 200 2441 1976 3600 0 0 
46600 108000 3600 1617 427 0 0 0 337 337 225 2478 1944 3600 0 0 
46700 108000 3600 1621 453 0 0 0 337 337 224 2478 1913 3600 0 0 
46800 108000 3600 1638 463 0 0 0 366 366 251 2483 1965 3600 0 0 
46900 108000 3600 1627 447 0 0 0 362 362 235 2487 1936 3600 0 0 
47000 108000 3600 1625 457 0 0 0 318 318 204 2503 1972 3600 0 0 
47100 108000 3600 1616 458 0 0 0 311 311 224 2486 1951 3600 0 0 
47200 108000 3600 1597 462 0 0 0 342 342 235 2500 1926 3600 0 0 
47300 108000 3600 1577 447 0 0 0 306 306 211 2517 1906 3600 0 0 
47400 108000 3600 1624 452 0 0 0 343 343 242 2459 1927 3600 0 0 
47500 108000 3600 1616 439 0 0 0 290 290 201 2458 1965 3600 0 0 
47600 108000 3600 1638 468 0 0 0 326 326 212 2480 1951 3600 0 0 
47700 108000 3600 1637 479 0 0 0 322 322 233 2478 1987 3600 0 0 
47800 108000 3600 1653 438 0 0 0 365 365 254 2452 1966 3600 0 0 
47900 108000 3600 1551 429 0 0 0 324 324 209 2525 1947 3600 0 0 
48000 108000 3600 1606 434 0 0 0 294 294 207 2490 1925 3600 0 0 
48100 108000 3600 1564 453 0 0 0 359 359 265 2511 1912 3600 0 0 
48200 108000 3600 1546 423 0 0 0 368 368 258 2521 1928 3600 0 0 
48300 108000 3600 1635 448 0 0 0 335 335 240 2468 1935 3600 0 0 
48400 108000 3600 1633 414 0 0 0 322 322 216 2447 1948 3600 0 0 
48500 108000 3600 1601 472 0 0 0 347 347 244 2523 1935 3600 0 0 
48600 108000 3600 1601 452 0 0 0 300 300 212 2499 1955 3600 0 0 
48700 108000 3600 1592 456 0 0 0 357 357 241 2525 1926 3600 0 0 
48800 108000 3600 1684 473 0 0 0 297 297 208 2446 1971 3600 0 0 
48900 108000 3600 1596 471 0 0 0 303 303 207 2534 1937 3600 0 0 
49000 108000 3600 1639 446 0 0 0 294 294 195 2486 1947 3600 0 0 
49100 108000 3600 1628 440 0 0 0 283 283 196 2470 1950 3600 0 0 
49200 108000 3600 1649 434 0 0 0 327 327 223 2451 1938 3600 0 0 
49300 108000 3600 1645 457 0 0 0 330 330 226 2461 1923 3600 0 0 
49400 108000 3600 1631 443 0 0 0 267 267 172 2479 1916 3600 0 0 
49500 108000 3600 1589 427 0 0 0 320 320 224 2475 1970 3600 0 0 
49600 108000 3600 1640 407 0 0 0 344 344 224 2436 1968 3600 0 0 
49700 108000 3600 1644 467 0 0 0 298 298 198 2492 1936 3600 0 0 
49800 108000 3600 1670 456 0 0 0 323 323 223 2442 1961 3600 0 0 
49900 108000 3600 1598 461 0 0 0 326 326 220 2511 1946 3600 0 0 
50000 108000 3600 1622 426 0 0 0 308 308 213 2447 1931 3600 0 0 
50100 108000 3600 1636 459 0 0 0 335 335 231 2480 1929 3600 0 0 
50200 108000 3600 1638 470 0 0 0 299 299 207 2473 1927 3600 0 0 
50300 108000 3600 1632 457 0 0 0 326 326 215 2480 1955 3600 0 0 
50400 108000 3600 1618 436 0 0 0 311 311 205 2467 1928 3600 0 0 
50500 108000 3600 1623 453 0 0 0 358 358 252 2475 1934 3600 0 0 
50600 108000 3600 1649 444 0 0 0 295 295 200 2431 1939 3600 0 0 
50700 108000 3600 1646 438 0 0 0 372 372 249 2448 1963 3600 0 0 
50800 108000 3600 1573 430 0 0 0 314 314 222 2508 1957 3600 0 0 
50900 108000 3600 1623 483 0 0 0 366 366 255 2525 1941 3600 0 0 
51000 108000 3600 1652 458 0 0 0 333 333 229 2481 1948 3600 0 0 
51100 108000 3600 1660 466 0 0 0 340 340 228 2454 1948 3600 0 0 
51200 108000 3600 1649 473 0 0 0 292 292 201 2477 1960 3600 0 0 
51300 107970 3600 1664 469 0 0 0 368 367 250 2455 1928 3600 0 0 
51400 108000 3600 1642 473 0 0 0 323 323 216 2479 1923 3600 0 0 
51500 108000 3600 1640 453 0 0 0 330 330 215 2462 1944 3600 0 0 
51600 108000 3600 1661 451 0 0 0 343 343 230 2445 1946 3600 0 0 
51700 108000 3600 1588 447 0 0 0 338 338 237 2518 1943 3600 0 0 
51800 108000 3600 1653 441 0 0 0 351 351 247 2439 1977 3600 0 0 
51900 108000 3600 1613 418 0 0 0 333 333 227 2474 1977 3600 0 0 
52000 108000 3600 1606 435 0 0 0 339 339 245 2490 1956 3600 0 0 
52100 108000 3600 1655 466 0 0 0 323 323 234 2469 1935 3600 0 0 
52200 108000 3600 1632 502 0 0 0 307 307 211 2502 1939 3600 0 0 
52300 108000 3600 1616 474 0 0 0 329 329 225 2505 1912 3600 0 0 
52400 108000 3600 1681 461 0 0 0 312 312 213 2442 1980 3600 0 0 
52500 108000 3600 1686 480 0 0 0 337 337 226 2439 1951 3600 0 0 
52600 108000 3600 1656 445 0 0 0 297 297 200 2438 1953 3600 0 0 
52700 108000 3600 1564 457 0 0 0 272 272 187 2531 1938 3600 0 0 
52800 108000 3600 1629 444 0 0 0 322 322 216 2467 1980 3600 0 0 
52900 108000 3600 1585 444 0 0 0 370 370 259 2499 1922 3600 0 0 
53000 108000 3600 1616 457 0 0 0 290 290 200 2498 1946 3600 0 0 
53100 108000 3600 1592 447 0 0 0 302 302 209 2501 1914 3600 0 0 
53200 108000 3600 1664 454 0 0 0 326 326 228 2436 1935 3600 0 0 
53300 108000 3600 1707 462 0 0 0 319 319 211 2404 1943 3600 0 0 
53400 108000 3600 1652 474 0 0 0 319 319 205 2471 1934 3600 0 0 
53500 108000 3600 1588 421 0 0 0 350 350 243 2494 1933 3600 0 0 
53600 108000 3600 1362 253 0 0 0 261 261 189 2456 1925 3600 0 0 
53700 108000 3600 1443 329 0 0 0 346 346 238 2502 1931 3600 0 0 
53800 108000 3600 1564 358 0 0 0 340 340 234 2429 1968 3600 0 0 
53900 108000 3600 1528 377 0 0 0 298 298 211 2507 1920 3600 0 0 
54000 108000 3600 1671 419 0 0 0 307 307 200 2398 1964 3600 0 0 
54100 108000 3600 1558 410 0 0 0 316 316 224 2506 1932 3600 0 0 
54200 108000 3600 1529 399 0 0 0 343 343 246 2519 1947 3600 0 0 
54300 108000 3600 1607 425 0 0 0 330 330 252 2478 1931 3600 0 0 
54400 108000 3600 1580 419 0 0 0 347 347 233 2503 1918 3600 0 0 
54500 108000 3600 1537 404 0 0 0 323 323 222 2543 1943 3600 0 0 
54600 108000 3600 1628 416 0 0 0 334 334 224 2452 1943 3600 0 0 
54700 108000 3600 1579 398 0 0 0 319 319 220 2481 1969 3600 0 0 
54800 108000 3600 1632 409 0 0 0 331 331 232 2442 1988 3600 0 0 
54900 108000 3600 1610 415 0 0 0 329 329 227 2483 1939 3600 0 0 
55000 108000 3600 1588 433 0 0 0 285 285 186 2504 1920 3600 0 0 
55100 108000 3600 1638 432 0 0 0 281 281 173 2436 1935 3600 0 0 
55200 108000 3600 1578 426 0 0 0 305 305 228 2508 1946 3600 0 0 
55300 108000 3600 1627 445 0 0 0 300 300 214 2480 1929 3600 0 0 
55400 108000 3600 1672 459 0 0 0 294 294 212 2459 1915 3600 0 0 
55500 108000 3600 1573 421 0 0 0 316 316 202 2498 1929 3600 0 0 
55600 108000 3600 1594 443 0 0 0 282 282 191 2493 1943 3600 0 0 
55700 108000 3600 1612 420 0 0 0 309 309 218 2468 1967 3600 0 0 
55800 108000 3600 1582 417 0 0 0 304 304 214 2489 1953 3600 0 0 
55900 108000 3600 1605 443 0 0 0 320 320 239 2493 1945 3600 0 0 
56000 108000 3600 1645 417 0 0 0 286 286 203 2445 1943 3600 0 0 
56100 108000 3600 1644 407 0 0 0 298 298 196 2420 1966 3600 0 0 
56200 108000 3600 1553 393 0 0 0 291 291 197 2517 1940 3600 0 0 
56300 108000 3600 1614 388 0 0 0 328 328 235 2434 1969 3600 0 0 
56400 108000 3600 1633 425 0 0 0 298 298 206 2452 1958 3600 0 0 
56500 108000 3600 1611 409 0 0 0 361 361 250 2458 1965 3600 0 0 
56600 108000 3600 1532 392 0 0 0 341 341 223 2527 1932 3600 0 0 
56700 108000 3600 1582 410 0 0 0 333 333 233 2469 1933 3600 0 0 
56800 108000 3600 1613 421 0 0 0 336 336 224 2479 1921 3600 0 0 
56900 108000 3600 1563 393 0 0 0 344 344 239 2476 1952 3600 0 0 
57000 108000 3600 1568 418 0 0 0 336 336 222 2520 1927 3600 0 0 
57100 108000 3600 1582 388 0 0 0 312 312 209 2477 1949 3600 0 0 
57200 108000 3600 1557 404 0 0 0 301 301 222 2483 1945 3600 0 0 
57300 108000 3600 1561 403 0 0 0 314 314 212 2491 1939 3600 0 0 
57400 108000 3600 1581 378 0 0 0 291 291 199 2445 1939 3600 0 0 
57500 108000 3600 1595 425 0 0 0 308 308 212 2492 1915 3600 0 0 
57600 108000 3600 1644 410 0 0 0 285 285 189 2427 1932 3600 0 0 
57700 108000 3600 1577 409 0 0 0 317 317 212 2498 1964 3600 0 0 
57800 108000 3600 1596 408 0 0 0 345 345 219 2491 1971 3600 0 0 
57900 108000 3600 1603 402 0 0 0 304 304 201 2472 1939 3600 0 0 
58000 108000 3600 1576 426 0 0 0 314 314 219 2513 1940 3600 0 0 
58100 108000 3600 1602 427 0 0 0 328 328 221 2472 1959 3600 0 0 
58200 108000 3600 1617 412 0 0 0 307 307 203 2446 1955 3600 0 0 
58300 108000 3600 1665 447 0 0 0 318 318 201 2446 1962 3600 0 0 
58400 108000 3600 1678 431 0 0 0 332 332 219 2425 1953 3600 0 0 
58500 108000 3600 1599 423 0 0 0 303 303 199 2475 1927 3600 0 0 
58600 108000 3600 1595 384 0 0 0 302 302 210 2448 1946 3600 0 0 
58700 108000 3600 1594 377 0 0 0 312 312 214 2437 1946 3600 0 0 
58800 108000 3600 1574 398 0 0 0 317 317 222 2481 1924 3600 0 0 
58900 108000 3600 1576 393 0 0 0 352 352 244 2487 1981 3600 0 0 
59000 108000 3600 1645 423 0 0 0 300 300 198 2443 1958 3600 0 0 
59100 108000 3600 1549 392 0 0 0 346 346 246 2495 1953 3600 0 0 
59200 108000 3600 1566 413 0 0 0 316 316 234 2502 1949 3600 0 0 
59300 108000 3600 1620 425 0 0 0 304 304 218 2482 1959 3600 0 0 
59400 108000 3600 1627 421 0 0 0 317 317 215 2455 1969 3600 0 0 
59500 108000 3600 1689 440 0 0 0 313 313 218 2437 1936 3600 0 0 
59600 108000 3600 1635 426 0 0 0 320 320 210 2451 1945 3600 0 0 
59700 108000 3600 1612 414 0 0 0 345 345 231 2471 1958 3600 0 0 
59800 108000 3600 1636 416 0 0 0 289 289 205 2445 1982 3600 0 0 
59900 108000 3600 1619 409 0 0 0 376 376 263 2463 1945 3600 0 0 
60000 108000 3600 1565 404 0 0 0 317 317 219 2499 1961 3600 0 0 
60100 108000 3600 1548 383 0 0 0 334 334 237 2508 1961 3600 0 0 
60200 108000 3600 1554 398 0 0 0 290 290 194 2514 1922 3600 0 0 
60300 108000 3600 1660 424 0 0 0 324 324 220 2432 1927 3600 0 0 
60400 108000 3600 1644 425 0 0 0 266 266 170 2434 1954 3600 0 0 
60500 108000 3600 1570 414 0 0 0 334 334 211 2507 1927 3600 0 0 
60600 108000 3600 1591 400 0 0 0 285 285 198 2478 1973 3600 0 0 
60700 108000 3600 1575 407 0 0 0 359 359 243 2481 1953 3600 0 0 
60800 108000 3600 1636 397 0 0 0 333 333 232 2427 1943 3600 0 0 
60900 108000 3600 1650 434 0 0 0 341 341 234 2433 1938 3600 0 0 
61000 108000 3600 1653 413 0 0 0 312 312 214 2448 1960 3600 0 0 
61100 108000 3600 1643 413 0 0 0 283 283 183 2434 1949 3600 0 0 
61200 108000 3600 1595 423 0 0 0 338 338 230 2489 1936 3600 0 0 
61300 108000 3600 1593 407 0 0 0 340 340 236 2473 1975 3600 0 0 
61400 108000 3600 1649 427 0 0 0 376 376 256 2416 1955 3600 0 0 
61500 108000 3600 1600 405 0 0 0 340 340 225 2476 1956 3600 0 0 
61600 108000 3600 1625 407 0 0 0 305 305 220 2451 1933 3600 0 0 
61700 108000 3600 1617 455 0 0 0 317 317 218 2495 1938 3600 0 0 
61800 108000 3600 1624 423 0 0 0 330 330 203 2460 1932 3600 0 0 
61900 108000 3600 1543 407 0 0 0 349 349 229 2514 1932 3600 0 0 
62000 108000 3600 1643 401 0 0 0 304 304 222 2410 1959 3600 0 0 
62100 108000 3600 1595 383 0 0 0 333 333 226 2439 1957 3600 0 0 
62200 108000 3600 1670 418 0 0 0 302 302 197 2442 1951 3600 0 0 
62300 108000 3600 1624 418 0 0 0 287 287 179 2456 1937 3600 0 0 
62400 108000 3600 1585 408 0 0 0 334 334 230 2490 1937 3600 0 0 
62500 108000 3600 1551 392 0 0 0 319 319 204 2494 1922 3600 0 0 
62600 108000 3600 1626 437 0 0 0 361 361 250 2468 1940 3600 0 0 
62700 108000 3600 1588 414 0 0 0 337 337 241 2489 1956 3600 0 0 
62800 108000 3600 1558 391 0 0 0 346 346 248 2515 1913 3600 0 0 
62900 108000 3600 1617 422 0 0 0 333 333 227 2471 1943 3600 0 0 
63000 108000 3600 1583 397 0 0 0 326 326 218 2488 1921 3600 0 0 
63100 108000 3600 1591 411 0 0 0 334 334 232 2485 1918 3600 0 0 
63200 108000 3600 1630 399 0 0 0 352 352 237 2443 1974 3600 0 0 
63300 108000 3600 1608 407 0 0 0 316 316 219 2463 1922 3600 0 0 
63400 108000 3600 1598 426 0 0 0 307 307 216 2475 1940 3600 0 0 
63500 108000 3600 1637 413 0 0 0 349 349 228 2421 1945 3600 0 0 
63600 108000 3600 1606 413 0 0 0 338 338 227 2479 1922 3600 0 0 
63700 108000 3600 1592 395 0 0 0 278 278 192 2471 1997 3600 0 0 
63800 108000 3600 1578 384 0 0 0 327 327 228 2457 1956 3600 0 0 
63900 108000 3600 1540 395 0 0 0 351 351 241 2515 1933 3600 0 0 
64000 108000 3600 1530 401 0 0 0 323 323 240 2539 1921 3600 0 0 
64100 108000 3600 1653 414 0 0 0 339 339 248 2422 1955 3600 0 0 
64200 108000 3600 1584 414 0 0 0 347 347 240 2492 1913 3600 0 0 
64300 108000 3600 1619 380 0 0 0 337 337 226 2447 1957 3600 0 0 
64400 108000 3600 1573 421 0 0 0 342 342 245 2515 1965 3600 0 0 
64500 108000 3600 1601 398 0 0 0 337 337 219 2478 1945 3600 0 0 
64600 108000 3600 1575 401 0 0 0 360 360 251 2476 1956 3600 0 0 
64700 108000 3600 1683 404 0 0 0 349 349 231 2388 1958 3600 0 0 
64800 108000 3600 1548 396 0 0 0 340 340 238 2518 1927 3600 0 0 
64900 108000 3600 1525 392 0 0 0 304 304 221 2515 1919 3600 0 0 
65000 108000 3600 1625 392 0 0 0 307 307 203 2445 1935 3600 0 0 
65100 108000 3600 1557 359 0 0 0 318 318 213 2460 1939 3600 0 0 
65200 108000 3600 1534 397 0 0 0 333 333 225 2515 1955 3600 0 0 
65300 108000 3600 1614 391 0 0 0 312 312 216 2442 1965 3600 0 0 
65400 108000 3600 1562 382 0 0 0 322 322 224 2483 1955 3600 0 0 
65500 108000 3600 1551 386 0 0 0 313 313 218 2505 1963 3600 0 0 
65600 108000 3600 1575 418 0 0 0 320 320 221 2502 1949 3600 0 0 
65700 108000 3600 1528 387 0 0 0 327 327 235 2533 1938 3600 0 0 
65800 108000 3600 1588 390 0 0 0 339 339 242 2467 1947 3600 0 0 
65900 108000 3600 1593 386 0 0 0 310 310 194 2473 1921 3600 0 0 
66000 108000 3600 1597 425 0 0 0 354 354 248 2473 1929 3600 0 0 
66100 108000 3600 1620 414 0 0 0 321 321 214 2470 1955 3600 0 0 
66200 108000 3600 1628 411 0 0 0 327 327 227 2449 1954 3600 0 0 
66300 108000 3600 1644 408 0 0 0 345 345 230 2401 1965 3600 0 0 
66400 108000 3600 1628 406 0 0 0 319 319 229 2418 1977 3600 0 0 
66500 108000 3600 1659 419 0 0 0 321 321 224 2413 1932 3600 0 0 
66600 108000 3600 1597 401 0 0 0 291 291 190 2468 1970 3600 0 0 
66700 108000 3600 1569 396 0 0 0 327 327 237 2496 1973 3600 0 0 
66800 108000 3600 1501 400 0 0 0 299 299 213 2561 1940 3600 0 0 
66900 108000 3600 1576 401 0 0 0 309 309 217 2481 1943 3600 0 0 
67000 108000 3600 1584 399 0 0 0 322 322 217 2481 1947 3600 0 0 
67100 108000 3600 1584 378 0 0 0 310 310 223 2470 1969 3600 0 0 
67200 108000 3600 1590 395 0 0 0 292 292 198 2473 1961 3600 0 0 
67300 108000 3600 1626 375 0 0 0 325 325 230 2416 1954 3600 0 0 
67400 108000 3600 1571 379 0 0 0 359 359 231 2474 1933 3600 0 0 
67500 108000 3600 1557 390 0 0 0 318 318 219 2503 1959 3600 0 0 
67600 108000 3600 1561 387 0 0 0 297 297 202 2486 1941 3600 0 0 
67700 108000 3600 1613 425 0 0 0 332 332 222 2465 1941 3600 0 0 
67800 108000 3600 1631 411 0 0 0 313 313 217 2439 1949 3600 0 0 
67900 108000 3600 1649 410 0 0 0 321 321 209 2398 1949 3600 0 0 
68000 108000 3600 1556 385 0 0 0 315 315 207 2476 1942 3600 0 0 
68100 108000 3600 1588 399 0 0 0 293 293 225 2486 1968 3600 0 0 
68200 108000 3600 1598 420 0 0 0 315 315 221 2461 1947 3600 0 0 
68300 108000 3600 1559 397 0 0 0 287 287 191 2489 1930 3600 0 0 
68400 108000 3600 1553 384 0 0 0 300 300 198 2490 1924 3600 0 0 
68500 108000 3600 1573 394 0 0 0 328 328 234 2468 1961 3600 0 0 
68600 108000 3600 1588 398 0 0 0 334 334 230 2482 1974 3600 0 0 
68700 108000 3600 1632 429 0 0 0 372 372 250 2444 1937 3600 0 0 
68800 108000 3600 1644 407 0 0 0 273 273 193 2409 1927 3600 0 0 
68900 108000 3600 1590 412 0 0 0 339 339 228 2469 1938 3600 0 0 
69000 108000 3600 1636 410 0 0 0 320 320 224 2437 1979 3600 0 0 
69100 108000 3600 1612 397 0 0 0 304 304 197 2435 1943 3600 0 0 
69200 108000 3600 1590 405 0 0 0 260 260 176 2473 1973 3600 0 0 
69300 108000 3600 1621 411 0 0 0 309 309 218 2461 1971 3600 0 0 
69400 108000 3600 1589 378 0 0 0 336 336 231 2465 1920 3600 0 0 
69500 108000 3600 1571 395 0 0 0 313 313 220 2469 1941 3600 0 0 
69600 108000 3600 1634 403 0 0 0 368 368 247 2437 1961 3600 0 0 
69700 108000 3600 1568 385 0 0 0 340 340 240 2467 1941 3600 0 0 
69800 108000 3600 1605 408 0 0 0 324 324 226 2464 1954 3600 0 0 
69900 108000 3600 1595 405 0 0 0 332 332 226 2466 1956 3600 0 0 
70000 108000 3600 1599 398 0 0 0 331 331 231 2467 1925 3600 0 0 
70100 108000 3600 1625 392 0 0 0 317 317 223 2428 1939 3600 0 0 
70200 108000 3600 1667 404 0 0 0 297 297 199 2405 1964 3600 0 0 
70300 108000 3600 1583 381 0 0 0 323 323 225 2462 1944 3600 0 0 
70400 108000 3600 1613 389 0 0 0 271 271 181 2442 1928 3600 0 0 
70500 108000 3600 1594 388 0 0 0 370 370 250 2445 1971 3600 0 0 
70600 108000 3600 1593 407 0 0 0 343 343 232 2477 1922 3600 0 0 
70700 108000 3600 1541 382 0 0 0 360 360 259 2506 1950 3600 0 0 
70800 108000 3600 1575 394 0 0 0 345 345 235 2471 1950 3600 0 0 
70900 108000 3600 1601 392 0 0 0 296 296 197 2462 1958 3600 0 0 
71000 108000 3600 1577 399 0 0 0 289 289 196 2489 1975 3600 0 0 
71100 108000 3600 1588 392 0 0 0 291 291 212 2467 1930 3600 0 0 
71200 108000 3600 1613 408 0 0 0 307 307 222 2476 1940 3600 0 0 
71300 108000 3600 1580 419 0 0 0 309 309 206 2489 1936 3600 0 0 
71400 108000 3600 1565 395 0 0 0 338 338 230 2491 1962 3600 0 0 
71500 108000 3600 1644 413 0 0 0 346 346 231 2425 1985 3600 0 0 
71600 108000 3600 1613 418 0 0 0 310 310 212 2450 1942 3600 0 0 
71700 108000 3600 1616 386 0 0 0 327 327 212 2434 1963 3600 0 0 
71800 108000 3600 1579 381 0 0 0 331 331 233 2479 1952 3600 0 0 
71900 108000 3600 1585 405 0 0 0 324 324 229 2471 1939 3600 0 0 
72000 108000 3600 1583 397 0 0 0 307 307 218 2465 1959 3600 0 0 
72100 108000 3600 1551 394 0 0 0 342 342 234 2509 1934 3600 0 0 
72200 108000 3600 1610 399 0 0 0 355 355 254 2451 1966 3600 0 0 
72300 108000 3600 1560 394 0 0 0 329 329 231 2506 1928 3600 0 0 
72400 108000 3600 1617 390 0 0 0 300 300 206 2458 1981 3600 0 0 
72500 108000 3600 1574 399 0 0 0 320 320 235 2486 1938 3600 0 0 
72600 108000 3600 1633 416 0 0 0 358 358 241 2438 1954 3600 0 0 
72700 108000 3600 1617 405 0 0 0 330 330 216 2436 1960 3600 0 0 
72800 108000 3600 1574 410 0 0 0 329 329 234 2479 1929 3600 0 0 
72900 108000 3600 1648 409 0 0 0 330 330 223 2425 1951 3600 0 0 
73000 108000 3600 1627 401 0 0 0 282 282 190 2426 1976 3600 0 0 
73100 108000 3600 1629 396 0 0 0 317 317 221 2425 1945 3600 0 0 
73200 108000 3600 1654 393 0 0 0 322 322 211 2405 1977 3600 0 0 
73300 108000 3600 1605 375 0 0 0 281 281 174 2452 1935 3600 0 0 
73400 108000 3600 1620 402 0 0 0 309 309 212 2440 1955 3600 0 0 
73500 108000 3600 1625 407 0 0 0 344 344 249 2447 1947 3600 0 0 
73600 108000 3600 1546 410 0 0 0 307 307 220 2503 1961 3600 0 0 
73700 108000 3600 1598 398 0 0 0 299 299 205 2465 1947 3600 0 0 
73800 108000 3600 1623 407 0 0 0 297 297 202 2456 1971 3600 0 0 
73900 108000 3600 1624 389 0 0 0 322 322 221 2425 1961 3600 0 0 
74000 108000 3600 1625 378 0 0 0 331 331 230 2422 1950 3600 0 0 
74100 108000 3600 1631 401 0 0 0 326 326 220 2430 1969 3600 0 0 
74200 108000 3600 1623 431 0 0 0 355 355 255 2465 1946 3600 0 0 
74300 108000 3600 1652 429 0 0 0 286 286 200 2420 1952 3600 0 0 
74400 108000 3600 1630 394 0 0 0 331 331 218 2428 1941 3600 0 0 
74500 108000 3600 1621 396 0 0 0 337 337 221 2455 1954 3600 0 0 
74600 108000 3600 1628 409 0 0 0 324 324 216 2433 1944 3600 0 0 
74700 108000 3600 1586 405 0 0 0 324 324 218 2460 1923 3600 0 0 
74800 108000 3600 1614 403 0 0 0 300 300 219 2441 1929 3600 0 0 
74900 108000 3600 1612 415 0 0 0 340 340 243 2468 1976 3600 0 0 
75000 108000 3600 1595 428 0 0 0 349 349 238 2478 1920 3600 0 0 
75100 108000 3600 1578 399 0 0 0 331 331 240 2486 1954 3600 0 0 
75200 108000 3600 1563 380 0 0 0 346 346 244 2459 1968 3600 0 0 
75300 108000 3600 1592 388 0 0 0 312 312 222 2466 1936 3600 0 0 
75400 108000 3600 1639 390 0 0 0 286 286 192 2414 1986 3600 0 0 
75500 108000 3600 1625 383 0 0 0 308 308 215 2405 1961 3600 0 0 
75600 108000 3600 1574 408 0 0 0 329 329 223 2485 1964 3600 0 0 
75700 108000 3600 1607 413 0 0 0 292 292 188 2458 1952 3600 0 0 
75800 108000 3600 1555 399 0 0 0 349 349 239 2491 1954 3600 0 0 
75900 108000 3600 1651 392 0 0 0 314 314 213 2419 1937 3600 0 0 
76000 108000 3600 1599 417 0 0 0 343 343 230 2484 1962 3600 0 0 
76100 108000 3600 1591 403 0 0 0 297 297 200 2478 1949 3600 0 0 
76200 108000 3600 1658 421 0 0 0 298 298 205 2409 1958 3600 0 0 
76300 108000 3600 1612 409 0 0 0 330 330 227 2468 1967 3600 0 0 
76400 108000 3600 1562 406 0 0 0 302 302 210 2507 1941 3600 0 0 
76500 108000 3600 1576 374 0 0 0 311 311 201 2481 1956 3600 0 0 
76600 108000 3600 1611 401 0 0 0 304 304 198 2474 1974 3600 0 0 
76700 108000 3600 1594 379 0 0 0 324 324 231 2445 1976 3600 0 0 
76800 108000 3600 1612 424 0 0 0 343 343 239 2458 1955 3600 0 0 
76900 108000 3600 1635 418 0 0 0 318 318 219 2448 1949 3600 0 0 
77000 108000 3600 1634 422 0 0 0 322 322 221 2448 1960 3600 0 0 
77100 108000 3600 1627 411 0 0 0 377 377 261 2430 1928 3600 0 0 
77200 108000 3600 1622 421 0 0 0 304 304 204 2453 1964 3600 0 0 
77300 108000 3600 1599 400 0 0 0 328 328 221 2466 1955 3600 0 0 
77400 108000 3600 1641 406 0 0 0 323 323 218 2444 1970 3600 0 0 
77500 108000 3600 1650 405 0 0 0 309 309 212 2412 1981 3600 0 0 
77600 108000 3600 1570 402 0 0 0 303 303 203 2479 1951 3600 0 0 
77700 108000 3600 1619 407 0 0 0 306 306 216 2439 1964 3600 0 0 
77800 108000 3600 1550 384 0 0 0 297 297 195 2466 1935 3600 0 0 
77900 108000 3600 1679 421 0 0 0 324 324 206 2401 1951 3600 0 0 
78000 108000 3600 1658 396 0 0 0 352 352 233 2419 1972 3600 0 0 
78100 108000 3600 1592 411 0 0 0 312 312 212 2481 1941 3600 0 0 
78200 108000 3600 1622 409 0 0 0 311 311 229 2451 1965 3600 0 0 
78300 108000 3600 1625 423 0 0 0 297 297 201 2460 1958 3600 0 0 
78400 108000 3600 1610 398 0 0 0 323 323 226 2458 1947 3600 0 0 
78500 108000 3600 1605 391 0 0 0 327 327 223 2443 1962 3600 0 0 
78600 108000 3600 1603 408 0 0 0 350 350 257 2451 1926 3600 0 0 
78700 108000 3600 1593 391 0 0 0 315 315 225 2449 1965 3600 0 0 
78800 108000 3600 1612 400 0 0 0 347 347 234 2441 1925 3600 0 0 
78900 108000 3600 1651 405 0 0 0 338 338 227 2411 1973 3600 0 0 
79000 108000 3600 1614 423 0 0 0 306 306 209 2465 1929 3600 0 0 
79100 108000 3600 1568 420 0 0 0 298 298 210 2526 1966 3600 0 0 
79200 108000 3600 1622 430 0 0 0 322 322 233 2459 1943 3600 0 0 
79300 108000 3600 1632 413 0 0 0 312 312 216 2442 1950 3600 0 0 
79400 108000 3600 1589 407 0 0 0 341 341 241 2487 1974 3600 0 0 
79500 108000 3600 1612 396 0 0 0 249 249 170 2463 1975 3600 0 0 
79600 108000 3600 1618 404 0 0 0 301 301 208 2456 1978 3600 0 0 
79700 108000 3600 1653 386 0 0 0 325 325 223 2384 1971 3600 0 0 
79800 108000 3600 1553 419 0 0 0 316 316 222 2500 1943 3600 0 0 
79900 108000 3600 1660 435 0 0 0 316 316 210 2420 1972 3600 0 0 
80000 108000 3600 1678 418 0 0 0 298 298 196 2415 1959 3600 0 0 
80100 108000 3600 1653 416 0 0 0 316 316 214 2410 1976 3600 0 0 
80200 108000 3600 1559 413 0 0 0 341 341 234 2495 1929 3600 0 0 
80300 108000 3600 1570 404 0 0 0 280 280 211 2483 1980 3600 0 0 
80400 108000 3600 1625 400 0 0 0 351 351 243 2442 1975 3600 0 0 
80500 108000 3600 1572 401 0 0 0 355 355 248 2483 1951 3600 0 0 
80600 108000 3600 1641 425 0 0 0 321 321 220 2436 1946 3600 0 0 
80700 108000 3600 1632 412 0 0 0 334 334 219 2458 1923 3600 0 0 
80800 108000 3600 1635 419 0 0 0 277 277 196 2442 1949 3600 0 0 
80900 108000 3600 1663 420 0 0 0 321 321 223 2403 1956 3600 0 0 
81000 108000 3600 1602 401 0 0 0 323 323 224 2458 1956 3600 0 0 
81100 108000 3600 1629 408 0 0 0 290 290 193 2429 1974 3600 0 0 
81200 108000 3600 1702 430 0 0 0 293 293 189 2400 1973 3600 0 0 
81300 108000 3600 1658 404 0 0 0 307 307 196 2430 1960 3600 0 0 
81400 108000 3600 1616 395 0 0 0 247 247 177 2433 1973 3600 0 0 
81500 108000 3600 1659 404 0 0 0 276 276 190 2388 1990 3600 0 0 
81600 108000 3600 1596 383 0 0 0 343 343 215 2455 1943 3600 0 0 
81700 108000 3600 1614 404 0 0 0 320 320 209 2437 1960 3600 0 0 
81800 108000 3600 1655 419 0 0 0 320 320 221 2409 1980 3600 0 0 
81900 108000 3600 1614 405 0 0 0 294 294 204 2452 1954 3600 0 0 
82000 108000 3600 1662 421 0 0 0 315 315 209 2428 1967 3600 0 0 
82100 108000 3600 1598 412 0 0 0 358 358 235 2483 1940 3600 0 0 
82200 108000 3600 1574 397 0 0 0 300 300 203 2475 1947 3600 0 0 
82300 108000 3600 1591 413 0 0 0 266 266 174 2467 1980 3600 0 0 
82400 108000 3600 1681 400 0 0 0 336 336 224 2373 1970 3600 0 0 
82500 108000 3600 1624 417 0 0 0 326 326 231 2445 1976 3600 0 0 
82600 108000 3600 1650 398 0 0 0 308 308 214 2407 1945 3600 0 0 
82700 108000 3600 1621 413 0 0 0 324 324 231 2424 1947 3600 0 0 
82800 108000 3600 1665 421 0 0 0 292 292 190 2415 1925 3600 0 0 
82900 108000 3600 1605 406 0 0 0 318 318 210 2458 1947 3600 0 0 
83000 108000 3600 1631 418 0 0 0 316 316 221 2418 1951 3600 0 0 
83100 108000 3600 1610 398 0 0 0 316 316 212 2439 1967 3600 0 0 
83200 108000 3600 1645 407 0 0 0 263 263 185 2435 1967 3600 0 0 
83300 108000 3600 1666 394 0 0 0 309 309 208 2386 1965 3600 0 0 
83400 108000 3600 1581 401 0 0 0 362 362 252 2476 1924 3600 0 0 
83500 108000 3600 1573 399 0 0 0 318 318 225 2483 1975 3600 0 0 
83600 108000 3600 1676 398 0 0 0 324 324 229 2391 1960 3600 0 0 
83700 108000 3600 1634 427 0 0 0 304 304 209 2456 1965 3600 0 0 
83800 108000 3600 1685 423 0 0 0 291 291 186 2405 1959 3600 0 0 
83900 108000 3600 1683 431 0 0 0 319 319 215 2404 1955 3600 0 0 
84000 108000 3600 1638 458 0 0 0 342 342 236 2480 1959 3600 0 0 
84100 108000 3600 1643 401 0 0 0 268 268 170 2423 1940 3600 0 0 
84200 108000 3600 1633 402 0 0 0 343 343 236 2429 1947 3600 0 0 
84300 108000 3600 1611 393 0 0 0 290 290 195 2439 1977 3600 0 0 
84400 108000 3600 1621 397 0 0 0 337 337 235 2431 1977 3600 0 0 
84500 108000 3600 1619 403 0 0 0 309 309 214 2450 1959 3600 0 0 
84600 108000 3600 1623 420 0 0 0 307 307 213 2468 1940 3600 0 0 
84700 108000 3600 1609 402 0 0 0 349 349 255 2462 1932 3600 0 0 
84800 108000 3600 1598 418 0 0 0 313 313 204 2468 1947 3600 0 0 
84900 108000 3600 1605 390 0 0 0 316 316 223 2439 1951 3600 0 0 
85000 108000 3600 1630 427 0 0 0 315 315 218 2448 1973 3600 0 0 
85100 108000 3600 1633 390 0 0 0 292 292 215 2413 1969 3600 0 0 
85200 108000 3600 1603 404 0 0 0 351 351 243 2465 1913 3600 0 0 
85300 108000 3600 1601 416 0 0 0 327 327 224 2460 1968 3600 0 0 
85400 108000 3600 1573 403 0 0 0 320 320 227 2499 1964 3600 0 0 
85500 108000 3600 1591 395 0 0 0 303 303 199 2481 1963 3600 0 0 
85600 108000 3600 1659 448 0 0 0 336 336 227 2443 1960 3600 0 0 
85700 108000 3600 1612 396 0 0 0 277 277 179 2448 1935 3600 0 0 
85800 108000 3600 1616 408 0 0 0 312 312 213 2462 1941 3600 0 0 
85900 108000 3600 1566 422 0 0 0 321 321 228 2508 1945 3600 0 0 
86000 108000 3600 1639 437 0 0 0 274 274 195 2443 1952 3600 0 0 
86100 108000 3600 1635 430 0 0 0 353 353 235 2444 1956 3600 0 0 
86200 108000 3600 1695 415 0 0 0 265 265 184 2391 1961 3600 0 0 
86300 108000 3600 1649 434 0 0 0 312 312 203 2447 1969 3600 0 0 
86400 108000 3600 1582 418 0 0 0 328 328 216 2476 1936 3600 0 0 
86500 108000 3600 1644 433 0 0 0 312 312 211 2421 1943 3600 0 0 
86600 108000 3600 1608 386 0 0 0 321 321 221 2440 1981 3600 0 0 
86700 108000 3600 1612 408 0 0 0 319 319 219 2450 1937 3600 0 0 
86800 108000 3600 1627 411 0 0 0 325 325 221 2456 1954 3600 0 0 
86900 108000 3600 1627 428 0 0 0 306 306 211 2448 1978 3600 0 0 
87000 108000 3600 1620 416 0 0 0 329 329 222 2460 1947 3600 0 0 
87100 108000 3600 1660 425 0 0 0 303 303 211 2415 1931 3600 0 0 
87200 108000 3600 1609 417 0 0 0 323 323 224 2464 1935 3600 0 0 
87300 108000 3600 1673 422 0 0 0 292 292 191 2431 1954 3600 0 0 
87400 108000 3600 1667 417 0 0 0 293 293 188 2402 1982 3600 0 0 
87500 108000 3600 1631 410 0 0 0 319 319 223 2449 1979 3600 0 0 
87600 108000 3600 1559 403 0 0 0 279 279 181 2491 1924 3600 0 0 
87700 108000 3600 1607 429 0 0 0 312 312 226 2479 1950 3600 0 0 
87800 108000 3600 1626 416 0 0 0 309 309 190 2443 1962 3600 0 0 
87900 108000 3600 1618 431 0 0 0 290 290 197 2466 1958 3600 0 0 
88000 108000 3600 1620 412 0 0 0 331 331 224 2426 1969 3600 0 0 
88100 108000 3600 1598 423 0 0 0 317 317 225 2478 1966 3600 0 0 
88200 108000 3600 1638 417 0 0 0 320 320 205 2449 1932 3600 0 0 
88300 108000 3600 1649 392 0 0 0 290 290 186 2406 1948 3600 0 0 
88400 108000 3600 1655 399 0 0 0 343 343 231 2416 1950 3600 0 0 
88500 108000 3600 1663 423 0 0 0 276 276 173 2433 1989 3600 0 0 
88600 108000 3600 1638 424 0 0 0 298 298 208 2437 1970 3600 0 0 
88700 108000 3600 1643 411 0 0 0 306 306 210 2424 1969 3600 0 0 
88800 108000 3600 1615 415 0 0 0 285 285 206 2434 1955 3600 0 0 
88900 108000 3600 1661 434 0 0 0 322 322 224 2432 1945 3600 0 0 
89000 108000 3600 1574 442 0 0 0 275 275 191 2506 1955 3600 0 0 
89100 108000 3600 1640 415 0 0 0 286 286 192 2454 1976 3600 0 0 
89200 108000 3600 1642 404 0 0 0 306 306 211 2423 1986 3600 0 0 
89300 108000 3600 1637 434 0 0 0 351 351 233 2443 1958 3600 0 0 
89400 108000 3600 1632 405 0 0 0 320 320 233 2433 1938 3600 0 0 
89500 108000 3600 1683 403 0 0 0 325 325 210 2401 1955 3600 0 0 
89600 108000 3600 1596 407 0 0 0 351 351 244 2492 1967 3600 0 0 
89700 108000 3600 1589 408 0 0 0 323 323 235 2490 1940 3600 0 0 
89800 108000 3600 1623 404 0 0 0 320 320 220 2435 1958 3600 0 0 
89900 108000 3600 1622 406 0 0 0 282 282 193 2459 1964 3600 0 0 
90000 108000 3600 1622 417 0 0 0 309 309 220 2444 1956 3600 0 0 
90100 108000 3600 1557 391 0 0 0 324 324 217 2478 1929 3600 0 0 
90200 108000 3600 1616 411 0 0 0 336 336 233 2453 1969 3600 0 0 
90300 108000 3600 1638 421 0 0 0 342 342 236 2422 1937 3600 0 0 
90400 108000 3600 1613 432 0 0 0 348 348 245 2491 1942 3600 0 0 
90500 108000 3600 1656 431 0 0 0 294 294 211 2425 1930 3600 0 0 
90600 108000 3600 1564 425 0 0 0 350 350 244 2514 1946 3600 0 0 
90700 108000 3600 1624 412 0 0 0 290 290 213 2447 1962 3600 0 0 
90800 108000 3600 1573 405 0 0 0 287 287 208 2498 1953 3600 0 0 
90900 108000 3600 1578 403 0 0 0 351 351 233 2480 1948 3600 0 0 
91000 108000 3600 1638 408 0 0 0 323 323 207 2433 1933 3600 0 0 
91100 108000 3600 1629 413 0 0 0 357 357 251 2443 1943 3600 0 0 
91200 108000 3600 1650 420 0 0 0 321 321 203 2419 1925 3600 0 0 
91300 108000 3600 1628 399 0 0 0 274 274 182 2429 1949 3600 0 0 
91400 108000 3600 1625 424 0 0 0 352 352 244 2440 1955 3600 0 0 
91500 108000 3600 1652 435 0 0 0 342 342 229 2437 1968 3600 0 0 
91600 108000 3600 1588 429 0 0 0 286 286 199 2505 1949 3600 0 0 
91700 108000 3600 1641 421 0 0 0 308 308 208 2451 1944 3600 0 0 
91800 108000 3600 1609 399 0 0 0 338 338 240 2432 1926 3600 0 0 
91900 108000 3600 1631 439 0 0 0 300 300 203 2451 1967 3600 0 0 
92000 108000 3600 1640 404 0 0 0 285 285 189 2435 1963 3600 0 0 
92100 108000 3600 1579 421 0 0 0 325 325 216 2487 1924 3600 0 0 
92200 108000 3600 1603 408 0 0 0 328 328 221 2461 1942 3600 0 0 
92300 108000 3600 1627 425 0 0 0 286 286 193 2450 1948 3600 0 0 
92400 108000 3600 1649 445 0 0 0 278 278 183 2456 1975 3600 0 0 
92500 108000 3600 1661 428 0 0 0 307 307 210 2434 1980 3600 0 0 
92600 108000 3600 1600 427 0 0 0 331 331 243 2479 1932 3600 0 0 
92700 108000 3600 1555 410 0 0 0 286 286 187 2504 1925 3600 0 0 
92800 108000 3600 1591 396 0 0 0 305 305 211 2456 1949 3600 0 0 
92900 108000 3600 1634 394 0 0 0 354 354 230 2426 1939 3600 0 0 
93000 108000 3600 1598 416 0 0 0 306 306 209 2488 1944 3600 0 0 
93100 108000 3600 1643 420 0 0 0 315 315 196 2426 1954 3600 0 0 
93200 108000 3600 1612 399 0 0 0 336 336 222 2445 1959 3600 0 0 
93300 108000 3600 1631 424 0 0 0 301 301 214 2450 1934 3600 0 0 
93400 108000 3600 1590 400 0 0 0 283 283 194 2463 1959 3600 0 0 
93500 108000 3600 1646 427 0 0 0 317 317 204 2429 1972 3600 0 0 
93600 108000 3600 1644 417 0 0 0 334 334 233 2423 1955 3600 0 0 
93700 108000 3600 1602 404 0 0 0 323 323 211 2475 1969 3600 0 0 
93800 108000 3600 1665 416 0 0 0 314 314 219 2431 1977 3600 0 0 
93900 108000 3600 1608 406 0 0 0 319 319 225 2452 1940 3600 0 0 
94000 108000 3600 1561 397 0 0 0 329 329 217 2484 1948 3600 0 0 
94100 108000 3600 1621 421 0 0 0 308 308 216 2443 1941 3600 0 0 
94200 108000 3600 1569 413 0 0 0 320 320 226 2476 1966 3600 0 0 
94300 108000 3600 1580 404 0 0 0 321 321 218 2486 1990 3600 0 0 
94400 108000 3600 1630 414 0 0 0 314 314 216 2438 1947 3600 0 0 
94500 108000 3600 1672 424 0 0 0 325 325 222 2416 1961 3600 0 0 
94600 108000 3600 1601 432 0 0 0 314 314 207 2485 1945 3600 0 0 
94700 108000 3600 1627 432 0 0 0 378 378 249 2466 1967 3600 0 0 
94800 108000 3600 1552 403 0 0 0 289 289 209 2492 1966 3600 0 0 
94900 108000 3600 1576 410 0 0 0 344 344 234 2493 1944 3600 0 0 
95000 108000 3600 1594 409 0 0 0 335 335 230 2480 1929 3600 0 0 
95100 108000 3600 1588 389 0 0 0 274 274 190 2453 1968 3600 0 0 
95200 108000 3600 1569 402 0 0 0 320 320 225 2491 1945 3600 0 0 
95300 108000 3600 1603 401 0 0 0 292 292 206 2436 1962 3600 0 0 
95400 108000 3600 1667 430 0 0 0 311 311 199 2407 1956 3600 0 0 
95500 108000 3600 1649 439 0 0 0 326 326 245 2431 1989 3600 0 0 
95600 108000 3600 1658 414 0 0 0 299 299 203 2408 1952 3600 0 0 
95700 108000 3600 1644 408 0 0 0 291 291 199 2420 1970 3600 0 0 
95800 108000 3600 1577 421 0 0 0 297 297 197 2498 1949 3600 0 0 
95900 108000 3600 1627 420 0 0 0 329 329 225 2433 1965 3600 0 0 
96000 108000 3600 1647 424 0 0 0 330 330 231 2445 1938 3600 0 0 
96100 108000 3600 1699 438 0 0 0 304 304 209 2414 1966 3600 0 0 
96200 108000 3600 1686 439 0 0 0 294 294 197 2421 1976 3600 0 0 
96300 108000 3600 1625 417 0 0 0 337 337 228 2443 1955 3600 0 0 
96400 108000 3600 1622 414 0 0 0 314 314 209 2427 1963 3600 0 0 
96500 108000 3600 1597 400 0 0 0 344 344 237 2467 1969 3600 0 0 
96600 108000 3600 1648 421 0 0 0 316 316 214 2460 1933 3600 0 0 
96700 108000 3600 1581 421 0 0 0 315 315 207 2487 1930 3600 0 0 
96800 108000 3600 1655 436 0 0 0 315 315 213 2446 1947 3600 0 0 
96900 108000 3600 1573 441 0 0 0 292 292 206 2512 1936 3600 0 0 
97000 108000 3600 1589 417 0 0 0 321 321 218 2491 1984 3600 0 0 
97100 108000 3600 1613 422 0 0 0 335 335 234 2475 1918 3600 0 0 
97200 108000 3600 1645 404 0 0 0 301 301 198 2433 1963 3600 0 0 
97300 108000 3600 1612 429 0 0 0 313 313 216 2487 1935 3600 0 0 
97400 108000 3600 1646 427 0 0 0 352 352 227 2435 1936 3600 0 0 
97500 108000 3600 1660 423 0 0 0 275 275 196 2431 1963 3600 0 0 
97600 108000 3600 1621 423 0 0 0 303 303 202 2462 1940 3600 0 0 
97700 108000 3600 1591 380 0 0 0 328 328 223 2445 1934 3600 0 0 
97800 108000 3600 1611 423 0 0 0 321 321 215 2497 1955 3600 0 0 
97900 108000 3600 1630 413 0 0 0 319 319 217 2447 1951 3600 0 0 
98000 108000 3600 1592 425 0 0 0 275 275 186 2477 1938 3600 0 0 
98100 108000 3600 1631 395 0 0 0 327 327 232 2439 1954 3600 0 0 
98200 108000 3600 1583 407 0 0 0 324 324 232 2463 1923 3600 0 0 
98300 108000 3600 1650 422 0 0 0 293 293 203 2441 1951 3600 0 0 
98400 108000 3600 1659 411 0 0 0 319 319 216 2409 1945 3600 0 0 
98500 108000 3600 1646 423 0 0 0 227 227 151 2436 1953 3600 0 0 
98600 108000 3600 1635 413 0 0 0 311 311 206 2443 1943 3600 0 0 
98700 108000 3600 1600 411 0 0 0 308 308 201 2473 1922 3600 0 0 
98800 108000 3600 1612 423 0 0 0 297 297 186 2477 1933 3600 0 0 
98900 108000 3600 1634 425 0 0 0 280 280 200 2438 1932 3600 0 0 
99000 108000 3600 1620 395 0 0 0 300 300 229 2459 1936 3600 0 0 
99100 108000 3600 1570 404 0 0 0 290 290 207 2493 1927 3600 0 0 
99200 108000 3600 1596 367 0 0 0 313 313 210 2425 1967 3600 0 0 
99300 108000 3600 1660 388 0 0 0 303 303 212 2395 1936 3600 0 0 
99400 108000 3600 1660 430 0 0 0 326 326 220 2421 1976 3600 0 0 
99500 108000 3600 1566 410 0 0 0 294 294 209 2511 1951 3600 0 0 
99600 108000 3600 1629 418 0 0 0 319 319 218 2450 1959 3600 0 0 
99700 108000 3600 1644 426 0 0 0 314 314 210 2433 1962 3600 0 0 
99800 108000 3600 1601 433 0 0 0 317 317 212 2498 1967 3600 0 0 
99900 108000 3600 1616 404 0 0 0 314 314 196 2440 1934 3600 0 0 
100000 108000 3600 1620 413 0 0 0 309 309 212 2449 1936 3600 0 0 
