# Avida Dominant Data
# Fri Jun 15 12:07:36 2018
#  1: Update
#  2: Average Merit of the Dominant Genotype
#  3: Average Gestation Time of the Dominant Genotype
#  4: Average Fitness of the Dominant Genotype
#  5: Repro Rate?
#  6: Size of Dominant Genotype
#  7: Copied Size of Dominant Genotype
#  8: Executed Size of Dominant Genotype
#  9: Abundance of Dominant Genotype
# 10: Number of Births
# 11: Number of Dominant Breed True?
# 12: Dominant Gene Depth
# 13: Dominant Breed In
# 14: Max Fitness?
# 15: Genotype ID of Dominant Genotype
# 16: Name of the Dominant Genotype

0 0 0 0 0 100 0 0 1 0 0 0 0 2.22507e-308 1 100-aaaaa 
100 97 388 0.25 0.00257732 100 100 0 35 0 0 1 0 0.25 2 100-aaaab 
200 97 388 0.25 0.00257732 100 100 0 394 14 10 1 0 0.25 2 100-aaaab 
300 97 388 0.25 0.00257732 100 100 0 118 10 6 1 0 0.25 2 100-aaaab 
400 96 384 0.25 0.00260417 99 99.0966 0 48 1 1 2 0 0.25 5 099-aaaab 
500 96 384 0.25 0.00260417 99 99.0791 0 30 3 3 2 0 0.25 5 099-aaaab 
600 97 387 0.250646 0.00258398 100 100 0 20 0 0 3 0 0.250646 3795 100-aaaqt 
700 97 387 0.250646 0.00258398 100 100 0 18 4 4 3 0 0.250646 3795 100-aaaqt 
800 95 379 0.25066 0.00263852 98 98 0 16 0 0 5 0 0.25066 28914 098-aaajb 
900 94 371 0.253369 0.00269542 97 97 0 16 0 0 8 0 0.253369 26718 097-aaabv 
1000 96 378 0.253968 0.0026455 99 99 0 15 0 0 10 0 0.253968 39706 099-aabvo 
1100 194 380 0.510526 0.00263158 100 100 0 33 4 3 12 0 0.510526 48409 100-aadgi 
1200 194 380 0.510526 0.00263158 100 100 0 150 8 6 12 0 0.510526 48409 100-aadgi 
1300 194 380 0.510526 0.00263158 100 100 0 85 6 4 12 0 0.510526 48409 100-aadgi 
1400 194 380 0.510526 0.00263158 100 100 0 29 1 1 12 0 0.510526 48409 100-aadgi 
1500 198 385 0.514286 0.0025974 102 102 0 20 3 2 16 0 0.514286 72252 102-aabam 
1600 186 359 0.518106 0.00278552 97 97 0 18 0 0 21 0 0.518106 77683 097-aabdq 
1700 188 360 0.522222 0.00277778 97 97 0 22 0 0 15 0 0.522222 70446 097-aaawq 
1800 364 350 1.04 0.00285714 94 94 0 88 12 8 23 0 1.04 92400 094-aaacy 
1900 736 350 2.10286 0.00285714 95 95 0 133 13 7 26 0 2.10286 97811 095-aaama 
2000 736 350 2.10286 0.00285714 95 95 0 118 7 5 26 0 2.10286 97811 095-aaama 
2100 3008 359 8.37883 0.00278552 97 96.9958 0 301 5 3 29 0 8.37883 111026 097-aacam 
2200 5824 349 16.6877 0.00286533 94 94 0 419 54 43 33 0 16.6877 115819 094-aaaxl 
2300 5824 349 16.6877 0.00286533 94 94 0 408 49 33 33 0 16.6877 115819 094-aaaxl 
2400 5824 349 16.6877 0.00286533 94 94.0005 0 176 10 7 33 0 16.6877 115819 094-aaaxl 
2500 5824 349 16.6877 0.00286533 94 94.0005 0 60 3 3 33 0 16.6877 115819 094-aaaxl 
2600 5824 349 16.6877 0.00286533 94 94.0005 0 36 5 3 33 0 16.6877 115819 094-aaaxl 
2700 5824 349 16.6877 0.00286533 94 94.0005 0 21 3 2 33 0 16.6877 115819 094-aaaxl 
2800 5696 341 16.7038 0.00293255 92 92.052 0 21 2 2 39 0 16.7038 147568 092-aaagb 
2900 5971.64 267.307 22.3399 0.00374103 100 99.9871 0 43 3 1 36 0 22.4478 142984 100-aaeqd 
3000 5971.63 267.307 22.3399 0.00374103 100 99.9944 0 80 8 6 36 0 22.4478 142984 100-aaeqd 
3100 5971.57 267.306 22.3397 0.00374104 100 99.9975 0 214 13 11 36 0 22.4478 142984 100-aaeqd 
3200 5971.64 267.307 22.3399 0.00374103 100 99.9984 0 137 16 9 36 0 22.4478 142984 100-aaeqd 
3300 5971.58 267.306 22.3397 0.00374104 100 99.9988 0 104 9 6 36 0 22.4478 142984 100-aaeqd 
3400 11904 262 45.4351 0.00381679 100 100 0 225 25 15 41 0 45.4351 192695 100-aagnz 
3500 11904 262 45.4351 0.00381679 100 100 0 365 54 36 41 0 45.4351 192695 100-aagnz 
3600 11904 262 45.4351 0.00381679 100 100 0 192 13 12 41 0 45.4351 192695 100-aagnz 
3700 11904 262 45.4351 0.00381679 100 100 0 95 10 6 41 0 45.4351 192695 100-aagnz 
3800 12032 232 51.8621 0.00431034 101 101 0 66 8 6 45 0 51.8621 218552 101-aadho 
3900 12160 233 52.1888 0.00429185 101 101 0 47 11 5 48 0 52.1888 223082 101-aadkf 
4000 12032 233 51.6395 0.00429185 101 101 0 46 5 4 49 0 51.6395 228241 101-aadon 
4100 11904 231 51.5325 0.004329 101 101 0 27 3 2 47 0 51.5325 230569 101-aadrl 
4200 12544 235 53.3787 0.00425532 101 101 0 30 1 1 52 0 53.3787 243222 101-aaekz 
4300 12160 233 52.1888 0.00429185 102 101.989 0 30 2 2 47 0 52.1888 253919 102-aabhb 
4400 12032 232 51.8621 0.00431034 101 101 0 35 0 0 51 0 51.8621 271098 101-aagvv 
4500 12544 234 53.6068 0.0042735 101 101 0 40 4 3 54 0 53.6068 271038 101-aagvw 
4600 12288 233 52.7382 0.00429185 101 101 0 31 4 4 51 0 52.7382 263609 101-aagfm 
4700 12544 236 53.1525 0.00423729 101 101 0 67 8 7 49 0 53.1525 253301 101-aafhx 
4800 12544 236 53.1525 0.00423729 101 101 0 51 4 3 49 0 53.1525 253301 101-aafhx 
4900 12288 216 56.8889 0.00462963 102 102 0 35 1 1 56 0 56.8889 305059 102-aabrd 
5000 12288 216 56.8889 0.00462963 102 102 0 32 2 1 60 0 56.8889 318962 102-aabvm 
5100 12160 214 56.8224 0.0046729 102 102 0 54 15 10 55 0 56.8224 302986 102-aabqt 
5200 12160 214 56.8224 0.0046729 102 102 0 37 4 1 56 0 56.8224 318586 102-aabvv 
5300 12160 214 56.8224 0.0046729 102 102 0 32 3 2 58 0 56.8224 341514 102-aaclr 
5400 12160 214 56.8224 0.0046729 102 102 0 52 8 6 58 1 56.8224 349155 102-aacuw 
5500 12160 213 57.0892 0.00469484 102 102 0 37 0 0 57 0 57.0892 366282 102-aadyr 
5600 12160 214 56.8224 0.0046729 102 102 0 36 4 3 60 0 56.8224 353110 102-aadao 
5700 12288 217 56.6267 0.00460829 102 102 0 36 5 5 62 0 56.6267 374547 102-aaelo 
5800 12672 221 57.3394 0.00452489 102 102 0 35 3 2 63 0 57.3394 376256 102-aaeyj 
5900 12288 215 57.1535 0.00465116 102 102 0 34 3 2 66 0 57.1535 396354 102-aageb 
6000 12288 214 57.4206 0.0046729 103 103 0 27 6 4 64 0 57.4206 413677 103-aaawx 
6100 12288 216 56.8889 0.00462963 102 102 0 30 2 2 60 0 56.8889 384978 102-aaffx 
6200 12288 216 56.8889 0.00462963 102 102 0 35 9 9 63 0 56.8889 423465 102-aaimb 
6300 48640 215 226.233 0.00465116 102 102 0 1187 158 112 67 0 226.233 446316 102-aakhc 
6400 48640 215 226.233 0.00465116 102 102 0 593 80 59 67 0 226.233 446316 102-aakhc 
6500 48640 215 226.233 0.00465116 102 102 0 244 31 16 67 0 226.233 446316 102-aakhc 
6600 48640 215 226.233 0.00465116 102 102 0 108 9 4 67 0 226.233 446316 102-aakhc 
6700 48640 215 226.233 0.00465116 102 102 0 45 2 2 67 0 226.233 446316 102-aakhc 
6800 48640 216 225.185 0.00462963 102 102 0 34 0 0 73 0 225.185 473186 102-aamye 
6900 50176 219 229.114 0.00456621 102 102 0 36 2 1 70 0 229.114 465227 102-aamaq 
7000 48640 214 227.29 0.0046729 102 102 0 45 8 7 68 0 227.29 469076 102-aamoy 
7100 97280 215 452.465 0.00465116 102 102 0 70 19 11 76 0 452.465 523493 102-aaqwh 
7200 97280 215 452.465 0.00465116 102 102 0 743 112 75 76 0 452.465 523493 102-aaqwh 
7300 97280 215 452.465 0.00465116 102 102 0 393 48 37 76 0 452.465 523493 102-aaqwh 
7400 97280 215 452.465 0.00465116 102 102 0 250 39 30 76 0 452.465 523493 102-aaqwh 
7500 97280 215 452.465 0.00465116 102 102 0 142 9 9 76 0 452.465 523493 102-aaqwh 
7600 97280 215 452.465 0.00465116 102 102 0 84 10 7 76 0 452.465 523493 102-aaqwh 
7700 97280 215 452.465 0.00465116 102 102 0 47 7 3 76 0 452.465 523493 102-aaqwh 
7800 98112.4 215 456.337 0.00465116 102 102 0 29 5 3 82 0 457.228 582487 102-aavjp 
7900 97280 214 454.579 0.0046729 102 102 0 33 6 4 84 0 454.579 588037 102-aavva 
8000 97280 215 452.465 0.00465116 102 102 0 28 4 3 78 0 452.465 577391 102-aauzb 
8100 99328 217 457.733 0.00460829 102 102 0 40 2 1 82 0 457.733 593930 102-aawew 
8200 97598.8 214.311 455.404 0.00466613 102 102 0 39 1 1 81 0 457.228 586507 102-aavtt 
8300 97280 203.17 478.812 0.004922 102 102 0 38 0 0 82 0 479.212 586718 102-aavrl 
8400 99328 204 486.902 0.00490196 103 103 0 39 5 1 86 0 486.902 617972 103-aacdf 
8500 97280 203.192 478.76 0.00492147 102 102 0 39 9 8 83 0 479.212 634202 102-aazdx 
8600 97280 203.189 478.767 0.00492154 102 102 0 45 4 2 83 0 479.212 634202 102-aazdx 
8700 99328 202 491.723 0.0049505 103 103 0 55 3 3 87 0 491.723 643541 103-aacip 
8800 99328 202 491.723 0.0049505 103 103 0 60 11 6 87 0 491.723 643541 103-aacip 
8900 99328 202 491.723 0.0049505 103 103 0 55 3 3 87 0 491.723 643541 103-aacip 
9000 97280 204 476.863 0.00490196 102 102 0 54 6 3 88 0 476.863 625276 102-aaynq 
9100 99328 202 491.723 0.0049505 103 103 0 60 7 5 87 0 491.723 643541 103-aacip 
9200 99328 202 491.723 0.0049505 103 103 0 49 4 2 87 0 491.723 643541 103-aacip 
9300 99328 206 482.175 0.00485437 102 102 0 59 13 10 90 0 482.175 705477 102-abeef 
9400 101376 209 485.053 0.00478469 102 102 0 34 2 2 87 0 485.053 699855 102-abdqz 
9500 99328 202 491.723 0.0049505 103 103 0 41 3 1 87 0 491.723 643541 103-aacip 
9600 98304 202 486.653 0.0049505 103 103 0 38 11 8 93 0 486.653 746532 103-aadsd 
9700 97280 203 479.212 0.00492611 102 102 0 47 4 4 99 0 479.212 744822 102-abgms 
9800 101376 204 496.941 0.00490196 103 103 0 41 3 3 91 0 496.941 743185 103-aadpi 
9900 102400 207 494.686 0.00483092 103 103 0 32 2 2 91 0 494.686 731064 103-aadki 
10000 100352 204 491.922 0.00490196 104 104 0 60 14 14 96 0 491.922 757603 104-aaarc 
10100 101217 206 491.344 0.00485437 102 102 0 40 4 2 97 0 492.117 796500 102-abjao 
10200 101213 206 491.324 0.00485437 102 102 0 36 7 5 97 0 492.117 796500 102-abjao 
10300 100352 206 487.146 0.00485437 102 102 0 54 5 5 95 0 487.146 818448 102-abkbg 
10400 101376 202 501.861 0.0049505 103 103 0 41 3 3 99 0 501.861 827227 103-aafqs 
10500 100352 204 491.922 0.00490196 104 104 0 32 2 2 99 0 491.922 832746 104-aabqb 
10600 99328 204 486.902 0.00490196 103 103 0 39 3 3 97 0 486.902 828436 103-aafrt 
10700 100171 207 483.918 0.00483092 102 102 0 35 3 1 97 0 484.792 852746 102-ablfo 
10800 101376 204 496.941 0.00490196 103 103 0 42 7 6 96 0 496.941 860001 103-aagqy 
10900 99328 201 494.169 0.00497512 102 102 0 30 2 2 96 0 494.169 869928 102-abluq 
11000 101198 206 491.254 0.00485437 102 102 0 33 3 2 99 0 492.117 849301 102-abldi 
11100 101376 202 501.861 0.0049505 103 103 0 34 4 4 98 0 501.861 902033 103-aaieq 
11200 100183 205 488.696 0.00487805 104 104 0 38 7 7 101 0 489.522 831135 104-aabpq 
11300 102400 208 492.308 0.00480769 103 103 0 40 4 4 99 0 492.308 918420 103-aaisj 
11400 101376 207 489.739 0.00483092 102 102 0 45 10 7 108 0 489.739 912508 102-abndq 
11500 101203 206 491.277 0.00485437 102 102 0 28 6 5 104 0 492.117 926260 102-abnnn 
11600 99328 204 486.902 0.00490196 103 103 0 32 6 4 106 0 486.902 939328 103-aajnh 
11700 101376 202 501.861 0.0049505 103 103 0 45 1 1 102 0 501.861 935609 103-aajju 
11800 101376 204 496.941 0.00490196 103 103 0 63 9 8 105 0 496.941 955465 103-aakfl 
11900 101376 204 496.941 0.00490196 103 103 0 58 11 9 105 0 496.941 955465 103-aakfl 
12000 100352 206 487.146 0.00485437 102 102 0 42 2 2 100 0 487.146 957588 102-abomd 
12100 101376 207 489.739 0.00483092 103 103 0 41 2 2 98 0 489.739 981613 103-aallq 
12200 101376 203 499.389 0.00492611 103 103 0 40 8 5 107 0 499.389 1003569 103-aampg 
12300 100352 206 487.146 0.00485437 103 103 0 49 3 3 113 0 487.146 993520 103-aamaq 
12400 101376 202 501.861 0.0049505 103 103 0 46 6 4 104 0 501.861 1015704 103-aanew 
12500 101376 202 501.861 0.0049505 103 103 0 41 5 4 104 0 501.861 1015704 103-aanew 
12600 101376 204 496.941 0.00490196 103 103 0 34 1 1 107 0 496.941 1037545 103-aaojq 
12700 101376 202 501.861 0.0049505 103 103 0 30 2 1 104 0 501.861 1015704 103-aanew 
12800 100177 207 483.948 0.00483092 104 104 0 37 2 2 113 0 484.792 1053600 104-aaeiz 
12900 101376 203 499.389 0.00492611 103 103 0 37 4 3 111 0 499.389 1079261 103-aaqwu 
13000 103424 208 497.231 0.00480769 104 104 0 56 4 4 118 0 497.231 1075354 104-aaekv 
13100 101376 202 501.861 0.0049505 103 103 0 55 10 8 106 0 501.861 1067123 103-aaqcc 
13200 103424 208 497.231 0.00480769 104 104 0 40 4 3 118 0 497.231 1075354 104-aaekv 
13300 101376 205 494.517 0.00487805 103 103 0 36 11 9 109 0 494.517 1103304 103-aasjj 
13400 101376 204 496.941 0.00490196 103 103 0 37 3 2 109 0 496.941 1131366 103-aaucc 
13500 101376 205 494.517 0.00487805 103 103 0 36 2 2 109 0 494.517 1103304 103-aasjj 
13600 101376 205 494.517 0.00487805 103 103 0 39 1 0 115 0 494.517 1141713 103-aavbe 
13700 101376 204 496.941 0.00490196 103 103 0 43 11 8 109 0 496.941 1131366 103-aaucc 
13800 101376 203 499.389 0.00492611 103 103 0 56 14 9 112 0 499.389 1123714 103-aatpw 
13900 101376 205 494.517 0.00487805 103 103 0 34 3 2 112 0 494.517 1159089 103-aavvx 
14000 100352 201 499.264 0.00497512 103 103 0 40 5 5 119 0 499.264 1157910 103-aavuc 
14100 100352 202 496.792 0.0049505 103 103 0 51 4 2 121 0 496.792 1188972 103-aaxvq 
14200 101376 202 501.861 0.0049505 103 103 0 37 9 5 113 0 501.861 1135775 103-aaujc 
14300 101376 203 499.389 0.00492611 103 103 0 47 9 8 114 0 499.389 1192473 103-aaybj 
14400 101376 204 496.941 0.00490196 103 103 0 39 12 6 121 0 496.941 1193600 103-aayca 
14500 101376 203 499.389 0.00492611 103 103 0 47 8 5 119 0 499.389 1210638 103-aazdv 
14600 101376 202 501.861 0.0049505 103 103 0 44 8 6 115 0 501.861 1216477 103-aazor 
14700 101376 202 501.861 0.0049505 103 103 0 45 3 1 115 0 501.861 1216477 103-aazor 
14800 101376 202 501.861 0.0049505 103 103 0 45 5 2 115 0 501.861 1216477 103-aazor 
14900 101376 205 494.517 0.00487805 102 102 0 46 3 2 126 0 494.517 1270255 102-abtje 
15000 101376 205 494.517 0.00487805 103 103 0 49 8 7 118 0 494.517 1238111 103-abaxj 
15100 101376 204 496.941 0.00490196 103 103 0 48 14 13 117 0 496.941 1260699 103-abcfx 
15200 101376 204 496.941 0.00490196 103 103 0 39 6 6 122 0 496.941 1295786 103-abelc 
15300 101376 202 501.861 0.0049505 103 103 0 50 3 3 117 0 501.861 1295026 103-abeis 
15400 101376 206 492.117 0.00485437 103 103 0 41 1 1 121 0 492.117 1317632 103-abfxh 
15500 204800 207 989.372 0.00483092 104 104 0 570 79 50 134 0 989.372 1340035 104-aagrx 
15600 204800 207 989.372 0.00483092 104 104 0 332 28 19 134 0 989.372 1340035 104-aagrx 
15700 204800 207 989.372 0.00483092 104 104 0 286 18 16 134 0 989.372 1340035 104-aagrx 
15800 204800 207 989.372 0.00483092 104 104 0 154 21 16 134 0 989.372 1340035 104-aagrx 
15900 204800 207 989.372 0.00483092 104 104 0 95 6 4 134 0 989.372 1340035 104-aagrx 
16000 204800 207 989.372 0.00483092 104 104 0 70 5 3 134 0 989.372 1340035 104-aagrx 
16100 204800 207 989.372 0.00483092 104 104 0 49 5 4 134 0 989.372 1340035 104-aagrx 
16200 204800 206 994.175 0.00485437 104 104 0 38 5 4 135 0 994.175 1343630 104-aagtt 
16300 204800 207 989.372 0.00483092 104 104 0 38 8 5 143 0 989.372 1419808 104-aamyn 
16400 204800 205 999.024 0.00487805 104 104 0 35 6 3 141 0 999.024 1415920 104-aamni 
16500 202752 206 984.233 0.00485437 103 103 0 40 6 5 138 0 984.233 1420743 103-abids 
16600 202752 206 984.233 0.00485437 104 104 0 31 4 3 144 0 984.233 1434524 104-aaoby 
16700 204800 206 994.175 0.00485437 104 104 0 40 6 6 143 0 994.175 1443796 104-aaorg 
16800 205398 208.292 986.102 0.00480097 104 104 0 30 1 1 141 0 989.703 1470623 104-aaqqe 
16900 204800 206 994.175 0.00485437 104 104 0 43 7 5 143 0 994.175 1443796 104-aaorg 
17000 202752 208 974.769 0.00480769 104 104 0 30 3 2 149 0 974.769 1481256 104-aariv 
17100 208896 210 994.743 0.0047619 105 105 0 31 5 4 144 0 994.743 1491859 105-aabjb 
17200 204800 207 989.372 0.00483092 104 104 0 36 9 3 144 0 989.372 1485549 104-aarta 
17300 202752 206 984.233 0.00485437 104 104 0 29 5 3 147 0 984.233 1514921 104-aatte 
17400 204800 206 994.175 0.00485437 104 104 0 34 6 6 143 0 994.175 1502994 104-aasyx 
17500 204800 207 989.372 0.00483092 104 104 0 44 5 5 145 0 989.372 1495163 104-aasiz 
17600 202752 207 979.478 0.00483092 103 103 0 42 8 5 142 0 979.478 1532677 103-abjvu 
17700 204800 207 989.372 0.00483092 104 104 0 42 4 3 147 0 989.372 1525530 104-aaulk 
17800 204800 205 999.024 0.00487805 103 103 0 45 5 4 146 0 999.024 1561855 103-abkld 
17900 206848 208 994.462 0.00480769 105 105 0 45 2 2 157 0 994.462 1572191 105-aabvl 
18000 206848 208 994.462 0.00480769 104 104 0 30 8 6 145 0 994.462 1576025 104-aaxln 
18100 206848 205 1009.01 0.00487805 104 104 0 25 3 2 148 0 1009.01 1581412 104-aaxsi 
18200 204800 206 994.175 0.00485437 104 104 0 38 2 1 149 0 994.175 1591889 104-aayeq 
18300 204800 208 984.615 0.00480769 104 104 0 27 4 2 151 0 984.615 1589377 104-aaybw 
18400 206848 210 984.99 0.0047619 104 104 0 31 4 2 148 0 984.99 1621259 104-aaztc 
18500 204800 205 999.024 0.00487805 103 103 0 36 4 2 148 0 999.024 1602596 103-ablet 
18600 206848 210 984.99 0.0047619 104 104 0 43 6 3 148 0 984.99 1621259 104-aaztc 
18700 208896 207 1009.16 0.00483092 105 105 0 30 5 3 154 0 1009.16 1637749 105-aacyu 
18800 204800 207 989.372 0.00483092 104 104 0 41 1 1 153 0 989.372 1633729 104-abamu 
18900 208896 209 999.502 0.00478469 105 105 0 26 1 0 150 0 999.502 1671425 105-aadqs 
19000 208896 204 1024 0.00490196 105 105 0 31 2 1 155 0 1024 1656280 105-aadhx 
19100 208896 205 1019 0.00487805 105 105 0 41 7 6 157 0 1019 1674015 105-aadsu 
19200 206848 203 1018.96 0.00492611 105 105 0 47 9 8 161 0 1018.96 1685293 105-aaeby 
19300 208896 204 1024 0.00490196 105 105 0 41 5 5 155 0 1024 1656280 105-aadhx 
19400 206848 203 1018.96 0.00492611 105 105 0 39 5 2 161 0 1018.96 1685293 105-aaeby 
19500 202752 206 984.233 0.00485437 103 103 0 41 7 7 153 0 984.233 1664632 103-ablzm 
19600 208896 205 1019 0.00487805 105 105 0 33 2 1 160 0 1019 1730818 105-aafmm 
19700 208896 209 999.502 0.00478469 105 105 0 45 10 6 167 0 999.502 1733464 105-aafqz 
19800 208896 202 1034.14 0.0049505 105 105 0 40 3 3 160 0 1034.14 1739601 105-aafwi 
19900 208896 206 1014.06 0.00485437 105 105 0 46 6 6 163 0 1014.06 1742123 105-aagbm 
20000 208896 204 1024 0.00490196 105 105 0 45 6 4 164 0 1024 1750976 105-aagki 
20100 208896 205 1019 0.00487805 105 105 0 53 1 1 167 0 1019 1782958 105-aaiax 
20200 208896 204 1024 0.00490196 105 105 0 33 5 5 165 0 1024 1795615 105-aairw 
20300 206848 203 1018.96 0.00492611 104 104 0 35 5 5 167 0 1018.96 1776178 104-abfwy 
20400 208896 203 1029.04 0.00492611 105 105 0 55 9 7 170 0 1029.04 1805644 105-aajir 
20500 208896 203 1029.04 0.00492611 105 105 0 51 4 2 170 0 1029.04 1805644 105-aajir 
20600 206848 203 1018.96 0.00492611 105 105 0 42 5 5 165 0 1018.96 1827532 105-aakpz 
20700 210944 204 1034.04 0.00490196 106 106 0 40 10 8 166 0 1034.04 1816636 106-aaawz 
20800 208896 208 1004.31 0.00480769 106 106 0 39 4 4 172 0 1004.31 1856909 106-aabgu 
20900 208896 203 1029.04 0.00492611 105 105 0 30 6 3 164 0 1029.04 1837242 105-aaley 
21000 208896 204 1024 0.00490196 105 105 0 34 5 3 167 0 1024 1858605 105-aamlo 
21100 208896 203 1029.04 0.00492611 105 105 0 38 4 3 164 0 1029.04 1837242 105-aaley 
21200 206848 205 1009.01 0.00487805 105 105 0 57 4 2 170 0 1009.01 1888528 105-aanzi 
21300 206848 205 1009.01 0.00487805 105 105 0 65 4 2 170 0 1009.01 1888528 105-aanzi 
21400 206848 205 1009.01 0.00487805 105 105 0 42 6 4 170 0 1009.01 1888528 105-aanzi 
21500 206848 202 1024 0.0049505 105 105 0 52 8 6 177 0 1024 1915172 105-aaprw 
21600 208896 205 1019 0.00487805 105 105 0 65 11 10 174 0 1019 1913865 105-aapod 
21700 208896 205 1019 0.00487805 105 105 0 47 7 4 174 0 1019 1913865 105-aapod 
21800 208896 205 1019 0.00487805 105 105 0 67 7 5 174 0 1019 1913865 105-aapod 
21900 208896 205 1019 0.00487805 105 105 0 54 4 3 174 0 1019 1913865 105-aapod 
22000 210944 203 1039.13 0.00492611 106 106 0 53 14 10 169 0 1039.13 1925563 106-aabyf 
22100 208896 203 1029.04 0.00492611 105 105 0 49 7 5 174 0 1029.04 1973255 105-aasvk 
22200 210944 203 1039.13 0.00492611 106 106 0 32 6 5 169 0 1039.13 1925563 106-aabyf 
22300 206848 199 1039.44 0.00502513 105 105 0 44 1 1 173 0 1039.44 1974653 105-aaswu 
22400 206848 203 1018.96 0.00492611 106 106 0 40 5 4 174 0 1018.96 1946687 106-aacep 
22500 202752 203 998.778 0.00492611 104 104 0 41 1 0 174 0 998.778 2009745 104-abjfs 
22600 208896 199 1049.73 0.00502513 105 105 0 51 9 7 177 0 1049.73 2009712 105-aautq 
22700 206848 202 1024 0.0049505 105 105 0 32 4 4 172 0 1024 2045530 105-aawsf 
22800 206848 202 1024 0.0049505 105 105 0 34 2 2 172 0 1024 2045530 105-aawsf 
22900 206848 203 1018.96 0.00492611 105 105 0 29 5 4 177 0 1018.96 2022581 105-aavkj 
23000 206848 203 1018.96 0.00492611 105 105 0 32 2 2 178 0 1018.96 2078034 105-aayse 
23100 204800 199 1029.15 0.00502513 105 105 0 39 4 3 186 0 1029.15 2083298 105-aazci 
23200 208896 199 1049.73 0.00502513 105 105 0 43 10 9 179 0 1049.73 2061989 105-aaxrr 
23300 208896 206 1014.06 0.00485437 106 106 0 27 7 3 180 0 1014.06 2088411 106-aaecn 
23400 208896 205 1019 0.00487805 105 105 0 38 4 3 178 0 1019 2092714 105-aazoc 
23500 206848 202 1024 0.0049505 105 105 0 33 3 2 175 0 1024 2120966 105-abbji 
23600 208896 202 1034.14 0.0049505 105 105 0 33 0 0 175 0 1034.14 2099363 105-aazxu 
23700 204800 202 1013.86 0.0049505 105 105 0 46 9 7 186 0 1013.86 2131520 105-abcaf 
23800 204800 202 1013.86 0.0049505 104 104 0 38 5 4 179 0 1013.86 2138862 104-abkma 
23900 207840 203.485 1021.4 0.00491441 105 105 0 27 0 0 183 0 1024 2151344 105-abdeb 
24000 208896 204 1024 0.00490196 105 105 0 35 0 0 183 0 1024 2166831 105-abeeh 
24100 208896 199 1049.73 0.00502513 105 105 0 54 12 10 183 0 1049.73 2169791 105-abeik 
24200 208896 199 1049.73 0.00502513 105 105 0 63 10 8 183 0 1049.73 2169791 105-abeik 
24300 208896 199 1049.73 0.00502513 105 105 0 54 4 4 183 0 1049.73 2169791 105-abeik 
24400 208896 200 1044.48 0.005 105 105 0 31 4 4 185 0 1044.48 2208057 105-abgog 
24500 208896 200 1044.48 0.005 105 105 0 46 5 5 185 0 1044.48 2208057 105-abgog 
24600 206848 201 1029.09 0.00497512 105 105 0 64 8 6 186 0 1029.09 2201221 105-abgcy 
24700 208896 201 1039.28 0.00497512 105 105 0 34 6 5 184 0 1039.28 2234478 105-abibz 
24800 206848 200 1034.24 0.005 105 105 0 70 7 5 191 0 1034.24 2208906 105-abgok 
24900 206848 200 1034.24 0.005 105 105 0 41 4 3 191 0 1034.24 2208906 105-abgok 
25000 206848 199 1039.44 0.00502513 105 105 0 47 9 7 189 0 1039.44 2257438 105-abjhl 
25100 206848 201 1029.09 0.00497512 105 105 0 49 6 5 187 0 1029.09 2264287 105-abjsd 
25200 206848 201 1029.09 0.00497512 105 105 0 53 5 3 187 0 1029.09 2264287 105-abjsd 
25300 206848 201 1029.09 0.00497512 105 105 0 61 14 12 187 0 1029.09 2264287 105-abjsd 
25400 206848 201 1029.09 0.00497512 105 105 0 55 2 1 187 0 1029.09 2264287 105-abjsd 
25500 206848 201 1029.09 0.00497512 105 105 0 32 4 3 188 0 1029.09 2301708 105-ablph 
25600 206848 201 1029.09 0.00497512 105 105 0 46 5 4 188 0 1029.09 2301708 105-ablph 
25700 208896 203 1029.04 0.00492611 105 105 0 47 3 2 194 0 1029.04 2333197 105-abnau 
25800 206848 202 1024 0.0049505 104 104 0 42 3 1 189 0 1024 2342249 104-abnef 
25900 208896 205 1019 0.00487805 105 105 0 32 0 0 192 0 1019 2366836 105-abopv 
26000 208896 205 1019 0.00487805 105 105 0 43 6 2 192 0 1019 2366836 105-abopv 
26100 208896 202 1034.14 0.0049505 105 105 0 38 0 0 196 0 1034.14 2384054 105-abpik 
26200 208896 206 1014.06 0.00485437 105 105 0 54 2 2 195 0 1014.06 2394867 105-abpvk 
26300 208896 203 1029.04 0.00492611 106 106 0 30 2 2 199 0 1029.04 2404548 106-aaiqm 
26400 206848 200 1034.24 0.005 104 104 0 29 9 4 196 0 1034.24 2411454 104-aboln 
26500 206848 200 1034.24 0.005 104 104 0 36 3 3 196 0 1034.24 2411454 104-aboln 
26600 210944 201 1049.47 0.00497512 106 106 0 39 5 4 197 0 1049.47 2419154 106-aaiys 
26700 208896 203 1029.04 0.00492611 105 105 0 35 3 2 195 0 1029.04 2430695 105-abreq 
26800 210944 201 1049.47 0.00497512 106 106 0 43 4 2 196 0 1049.47 2439032 106-aajlg 
26900 206848 205 1009.01 0.00487805 104 104 0 34 8 5 202 0 1009.01 2459564 104-abpuv 
27000 206848 201 1029.09 0.00497512 104 104 0 33 4 1 193 0 1029.09 2441158 104-abpee 
27100 208896 201 1039.28 0.00497512 106 106 0 41 10 10 197 0 1039.28 2430257 106-aajfq 
27200 208896 201 1039.28 0.00497512 106 106 0 53 5 5 197 0 1039.28 2430257 106-aajfq 
27300 206848 200 1034.24 0.005 104 104 0 32 2 2 214 0 1034.24 2505515 104-abrgr 
27400 206848 198 1044.69 0.00505051 104 104 0 34 6 6 211 0 1044.69 2516642 104-abrqb 
27500 209885 202.483 1036.55 0.00493871 106 106 0 32 8 5 200 0 1039.13 2487670 106-aakot 
27600 206848 201 1029.09 0.00497512 104 104 0 50 8 4 218 0 1029.09 2533439 104-absec 
27700 206848 199 1039.44 0.00502513 104 104 0 29 0 0 216 0 1039.44 2531704 104-absdc 
27800 210944 204 1034.04 0.00490196 106 105.996 0 44 6 4 200 0 1034.04 2548442 106-aalwa 
27900 206848 200 1034.24 0.005 105 105 0 28 4 4 203 0 1034.24 2565954 105-abuqb 
28000 210944 203 1039.13 0.00492611 106 106 0 35 7 7 207 0 1039.13 2574893 106-aammy 
28100 206848 201 1029.09 0.00497512 104 104 0 38 11 7 201 0 1029.09 2559962 104-abtau 
28200 206848 201 1029.09 0.00497512 104 104 0 39 6 4 201 0 1029.09 2559962 104-abtau 
28300 206848 201 1029.09 0.00497512 104 104 0 39 7 4 221 0 1029.09 2577573 104-abtmy 
28400 204800 199 1029.15 0.00502513 103 103 0 32 7 3 222 0 1029.15 2612765 103-abpch 
28500 207810 202.47 1026.37 0.00493904 106 106 0 48 14 11 206 0 1029.04 2613818 106-aanqp 
28600 204800 201 1018.91 0.00497512 105 105 0 50 11 10 207 0 1018.91 2624743 105-abwhe 
28700 204800 201 1018.91 0.00497512 105 105 0 56 3 3 207 0 1018.91 2624743 105-abwhe 
28800 209868 204.475 1026.37 0.00489061 106 106 0 43 3 2 209 0 1029 2637003 106-aaocj 
28900 209876 204.478 1026.39 0.00489052 106 106 0 36 8 5 209 0 1029 2637003 106-aaocj 
29000 1.70394e+06 205 8311.88 0.00487805 107 107 0 747 127 84 216 0 8311.88 2681911 107-aacsc 
29100 1.70394e+06 205 8311.88 0.00487805 107 107 0 410 56 39 216 1 8311.88 2681911 107-aacsc 
29200 1.70394e+06 205 8311.88 0.00487805 107 107 0 213 33 21 216 0 8311.88 2681911 107-aacsc 
29300 1.70394e+06 205 8311.88 0.00487805 107 107 0 157 22 16 216 0 8311.88 2681911 107-aacsc 
29400 1.70394e+06 205 8311.88 0.00487805 107 107 0 77 10 7 216 0 8311.88 2681911 107-aacsc 
29500 1.70394e+06 205 8311.88 0.00487805 107 107 0 63 7 4 216 0 8311.88 2681911 107-aacsc 
29600 1.68755e+06 202 8354.22 0.0049505 107 107 0 29 5 3 223 0 8354.22 2731567 107-aagfv 
29700 1.65478e+06 203 8151.65 0.00492611 106 106.024 0 44 1 1 223 0 8151.65 2745671 106-aapnc 
29800 1.65478e+06 203 8151.65 0.00492611 106 106 0 43 7 6 222 0 8151.65 2746010 106-aapmw 
29900 1.67117e+06 204 8192 0.00490196 106 106 0 30 4 3 222 0 8192 2757901 106-aapsa 
30000 1.65478e+06 205 8072.12 0.00487805 106 106 0 32 1 1 224 0 8072.12 2777299 106-aaqbl 
30100 1.67117e+06 204 8192 0.00490196 106 106 0 34 4 4 222 0 8192 2764119 106-aapum 
30200 1.70121e+06 206.834 8225 0.00483481 107 107 0 40 7 4 221 0 8231.57 2778729 107-aaixx 
30300 1.70394e+06 205 8311.88 0.00487805 107 107 0 40 2 1 223 0 8311.88 2789966 107-aajgt 
30400 1.70394e+06 206 8271.53 0.00485437 108 107.997 0 36 8 6 223 0 8271.53 2777203 108-aaaud 
30500 1.68755e+06 202 8354.22 0.0049505 106 106 0 49 12 11 228 0 8354.22 2815480 106-aarae 
30600 1.67117e+06 203 8232.35 0.00492611 107 107 0 66 9 7 231 0 8232.35 2820688 107-aakjz 
30700 1.67117e+06 204 8192 0.00490196 106 106 0 37 6 4 226 0 8192 2808495 106-aaqvh 
30800 1.70394e+06 204 8352.63 0.00490196 107 107 0 42 6 6 224 0 8352.63 2853557 107-aaloo 
30900 1.70394e+06 204 8352.63 0.00490196 107 107 0 57 10 7 224 0 8352.63 2853557 107-aaloo 
31000 1.70394e+06 206 8271.53 0.00485437 108 108 0 45 9 7 225 0 8271.53 2852204 108-aabyy 
31100 1.70394e+06 203 8393.77 0.00492611 107 107 0 43 9 8 230 0 8393.77 2855638 107-aalqq 
31200 1.70394e+06 207 8231.57 0.00483092 107 107 0 38 7 6 228 0 8231.57 2890545 107-aamzk 
31300 1.70394e+06 203 8393.77 0.00492611 107 107 0 37 8 5 231 0 8393.77 2886984 107-aamxc 
31400 1.70394e+06 203 8393.77 0.00492611 107 107 0 44 5 2 231 0 8393.77 2886984 107-aamxc 
31500 1.68755e+06 203 8313.06 0.00492611 106 106 0 47 3 3 231 0 8313.06 2910450 106-aaslz 
31600 1.68755e+06 203 8313.06 0.00492611 106 106 0 57 11 8 231 0 8313.06 2910450 106-aaslz 
31700 1.68755e+06 203 8313.06 0.00492611 106 106 0 54 8 7 231 0 8313.06 2910450 106-aaslz 
31800 1.70394e+06 204 8352.63 0.00490196 107 107 0 54 4 2 234 0 8352.63 2938479 107-aaowo 
31900 1.70394e+06 204 8352.63 0.00490196 107 107 0 70 4 3 234 0 8352.63 2938479 107-aaowo 
32000 1.70394e+06 204 8352.63 0.00490196 107 107 0 66 6 5 234 0 8352.63 2938479 107-aaowo 
32100 1.70394e+06 204 8352.63 0.00490196 107 107 0 71 7 7 234 0 8352.63 2938479 107-aaowo 
32200 1.70394e+06 204 8352.63 0.00490196 107 107 0 64 12 8 234 0 8352.63 2938479 107-aaowo 
32300 1.68755e+06 207 8152.43 0.00483092 107 107 0 44 3 2 237 0 8152.43 2977605 107-aaqic 
32400 1.72032e+06 210 8192 0.0047619 109 109 0 51 4 3 232 0 8192 3001032 109-aabbw 
32500 1.70394e+06 204 8352.63 0.00490196 107 107 0 38 5 4 234 0 8352.63 2938479 107-aaowo 
32600 1.70394e+06 205 8311.88 0.00487805 107 107 0 42 1 1 241 0 8311.88 3008750 107-aarqh 
32700 1.70394e+06 205 8311.88 0.00487805 108 108 0 40 5 5 247 0 8311.88 3047189 108-aaeqq 
32800 1.72032e+06 206 8351.07 0.00485437 108 108 0 45 7 4 248 0 8351.07 3044270 108-aaepx 
32900 1.70394e+06 204 8352.63 0.00490196 107 107 0 40 0 0 237 0 8352.63 3016926 107-aaryp 
33000 1.70394e+06 206 8271.53 0.00485437 107 107 0 26 0 0 247 0 8271.53 3078776 107-aaujz 
33100 1.70394e+06 205 8311.88 0.00487805 107 107 0 32 6 4 247 0 8311.88 3074687 107-aaufl 
33200 1.68755e+06 203 8313.06 0.00492611 107 107 0 48 14 8 245 0 8313.06 3100692 107-aavjt 
33300 1.70394e+06 205 8311.88 0.00487805 107 107 0 46 4 4 241 0 8311.88 3111152 107-aavtw 
33400 1.72032e+06 208 8270.77 0.00480769 108 108 0 36 4 4 238 0 8270.77 3098487 108-aafff 
33500 1.70394e+06 203 8393.77 0.00492611 107 107 0 41 5 3 239 0 8393.77 3117488 107-aawcs 
33600 1.70394e+06 203 8393.77 0.00492611 107 107 0 47 4 3 239 0 8393.77 3117488 107-aawcs 
33700 1.70394e+06 206 8271.53 0.00485437 107 107 0 40 10 6 245 0 8271.53 3138610 107-aawyk 
33800 1.70394e+06 208 8192 0.00480769 108 108 0 40 4 3 254 0 8192 3150249 108-aafxd 
33900 1.70394e+06 204 8352.63 0.00490196 107 107 0 32 5 4 242 0 8352.63 3151694 107-aaxrc 
34000 1.70394e+06 203 8393.77 0.00492611 107 107 0 39 11 6 244 0 8393.77 3158045 107-aaxym 
34100 1.68755e+06 203 8313.06 0.00492611 107 107 0 48 7 4 244 0 8313.06 3143189 107-aaxgo 
34200 1.70394e+06 205 8311.88 0.00487805 107 107 0 52 6 4 244 0 8311.88 3161873 107-aaycx 
34300 1.70394e+06 207 8231.57 0.00483092 107 107 0 30 8 8 252 0 8231.57 3200702 107-ababx 
34400 1.68755e+06 205 8231.96 0.00487805 107 107 0 32 8 5 244 0 8231.96 3163667 107-aayho 
34500 1.70394e+06 204 8352.63 0.00490196 107 107 0 31 2 0 244 0 8352.63 3162206 107-aaydu 
34600 1.72032e+06 207 8310.72 0.00483092 108 108 0 71 8 7 256 0 8310.72 3217464 108-aahad 
34700 1.68755e+06 208 8113.23 0.00480769 107 107 0 39 2 2 250 0 8113.23 3240581 107-abbzj 
34800 1.68755e+06 202 8354.22 0.0049505 106 106 0 40 0 0 246 0 8354.22 3231605 106-aaxly 
34900 1.70394e+06 203 8393.77 0.00492611 107 107 0 51 6 2 248 0 8393.77 3254721 107-abcwi 
35000 1.70394e+06 206 8271.53 0.00485437 107 107 0 26 10 6 253 0 8271.53 3266736 107-abdmo 
35100 1.70394e+06 203 8393.77 0.00492611 107 107 0 54 5 4 248 0 8393.77 3254721 107-abcwi 
35200 1.70394e+06 207 8231.57 0.00483092 107 107 0 55 7 5 253 0 8231.57 3292383 107-aberi 
35300 1.70394e+06 205 8311.88 0.00487805 107 107 0 34 2 2 248 0 8311.88 3292160 107-abese 
35400 1.70394e+06 205 8311.88 0.00487805 107 107 0 42 3 1 248 0 8311.88 3288393 107-abelt 
35500 1.70394e+06 203 8393.77 0.00492611 107 107 0 49 5 4 250 0 8393.77 3304215 107-abfjw 
35600 1.70394e+06 203 8393.77 0.00492611 107 107 0 49 4 1 250 0 8393.77 3304215 107-abfjw 
35700 1.70394e+06 203 8393.77 0.00492611 107 107 0 42 5 2 250 0 8393.77 3304215 107-abfjw 
35800 1.70394e+06 202 8435.33 0.0049505 107 107 0 59 5 3 256 0 8435.33 3336302 107-abgzh 
35900 1.68755e+06 205 8231.96 0.00487805 107 107 0 50 7 6 255 0 8231.96 3344159 107-abhiq 
36000 1.70394e+06 202 8435.33 0.0049505 107 107 0 45 8 6 256 0 8435.33 3336302 107-abgzh 
36100 1.67117e+06 201 8314.27 0.00497512 107 107 0 31 1 1 258 0 8314.27 3383559 107-abjgs 
36200 1.68755e+06 205 8231.96 0.00487805 107 107 0 52 2 2 254 0 8231.96 3357595 107-abiav 
36300 1.72032e+06 207 8310.72 0.00483092 108 108 0 28 6 6 258 0 8310.72 3385015 108-aaitt 
36400 1.70394e+06 203 8393.77 0.00492611 107 107 0 54 12 10 258 0 8393.77 3393154 107-abjrt 
36500 1.72032e+06 204 8432.94 0.00490196 108 108 0 41 2 0 261 0 8432.94 3391414 108-aaiwb 
36600 1.68755e+06 205 8231.96 0.00487805 106 106 0 38 7 5 259 0 8231.96 3431472 106-abauv 
36700 1.68755e+06 202 8354.22 0.0049505 107 107 0 41 6 4 258 0 8354.22 3398810 107-abjzp 
36800 1.70394e+06 203 8393.77 0.00492611 107 107.002 0 28 4 3 260 0 8393.77 3430235 107-ablld 
36900 1.67117e+06 200 8355.84 0.005 106 106 0 45 8 6 262 0 8355.84 3443512 106-abbar 
37000 1.70394e+06 205 8311.88 0.00487805 107 107 0 39 2 2 265 0 8311.88 3465265 107-abnbs 
37100 1.67117e+06 202 8273.11 0.0049505 106 106 0 36 6 5 268 0 8273.11 3474491 106-abbsh 
37200 1.72032e+06 205 8391.8 0.00487805 108 108 0 66 5 3 264 0 8391.8 3441816 108-aajiy 
37300 1.72032e+06 205 8391.8 0.00487805 108 108 0 41 6 4 264 0 8391.8 3441816 108-aajiy 
37400 1.72032e+06 205 8391.8 0.00487805 108 108 0 36 2 2 264 0 8391.8 3441816 108-aajiy 
37500 1.7367e+06 208 8349.54 0.00480769 109 109 0 38 1 0 262 0 8349.54 3499900 109-aacee 
37600 1.72032e+06 207 8310.72 0.00483092 108 108 0 54 4 3 272 0 8310.72 3532516 108-aakrd 
37700 1.70394e+06 206 8271.53 0.00485437 107 107 0 39 10 8 268 0 8271.53 3538919 107-abqak 
37800 1.68755e+06 205 8231.96 0.00487805 107 107 0 35 5 2 266 0 8231.96 3544548 107-abqeu 
37900 1.70394e+06 201 8477.29 0.00497512 107 107 0 42 8 8 265 0 8477.29 3543573 107-abqey 
38000 1.68755e+06 202 8354.22 0.0049505 107 107 0 34 3 2 265 0 8354.22 3559260 107-abqvy 
38100 1.72032e+06 206 8351.07 0.00485437 108 108 0 51 2 2 260 0 8351.07 3570826 108-aales 
38200 1.72032e+06 206 8351.07 0.00485437 108 108 0 43 1 1 260 0 8351.07 3550188 108-aakyh 
38300 1.68755e+06 201 8395.78 0.00497512 106 106 0 30 4 3 269 0 8395.78 3583645 106-abdwn 
38400 1.72032e+06 204 8432.94 0.00490196 108 108 0 34 6 4 270 0 8432.94 3589509 108-aalkk 
38500 1.72032e+06 204 8432.94 0.00490196 108 108 0 33 6 5 270 0 8432.94 3589509 108-aalkk 
38600 1.72032e+06 206 8351.07 0.00485437 108 108 0 37 5 5 261 0 8351.07 3632992 108-aambw 
38700 1.72032e+06 204 8432.94 0.00490196 108 108 0 45 5 2 270 0 8432.94 3589509 108-aalkk 
38800 1.70394e+06 205 8311.88 0.00487805 107 107 0 32 7 4 271 0 8311.88 3652757 107-abuqo 
38900 1.70394e+06 205 8311.88 0.00487805 107 107 0 39 7 2 271 0 8311.88 3652757 107-abuqo 
39000 1.68755e+06 203 8313.06 0.00492611 106 106 0 35 1 1 274 0 8313.06 3664137 106-abfjp 
39100 1.68755e+06 203 8313.06 0.00492611 106 106 0 35 3 2 274 0 8313.06 3664137 106-abfjp 
39200 1.68755e+06 201 8395.78 0.00497512 107 107 0 38 3 1 272 0 8395.78 3674559 107-abvhn 
39300 1.70394e+06 204 8352.63 0.00490196 107 107 0 41 6 6 272 1 8352.63 3691329 107-abvvx 
39400 1.72032e+06 204 8432.94 0.00490196 108 108 0 38 4 3 274 0 8432.94 3698127 108-aansx 
39500 1.70394e+06 203 8393.77 0.00492611 107 107 0 40 5 5 272 0 8393.77 3698798 107-abwdl 
39600 1.67117e+06 202 8273.11 0.0049505 105 105.008 0 41 2 2 278 0 8273.11 3722190 105-abzns 
39700 1.72032e+06 205 8391.8 0.00487805 108 108 0 29 3 2 266 0 8391.8 3700640 108-aanuk 
39800 1.68755e+06 200 8437.76 0.005 107 107.001 0 55 8 6 275 0 8437.76 3731673 107-abxid 
39900 1.68755e+06 200 8437.76 0.005 107 107.001 0 58 11 7 275 0 8437.76 3731673 107-abxid 
40000 1.68755e+06 200 8437.76 0.005 107 107 0 42 5 3 275 0 8437.76 3731673 107-abxid 
40100 1.72032e+06 206 8351.07 0.00485437 107 107 0 31 4 2 277 0 8351.07 3774978 107-abypm 
40200 1.72032e+06 203 8474.48 0.00492611 108 108 0 34 4 2 279 0 8474.48 3788776 108-aaqcs 
40300 1.72032e+06 204 8432.94 0.00490196 108 108 0 41 3 3 276 0 8432.94 3747761 108-aaoya 
40400 1.72032e+06 203 8474.48 0.00492611 108 108 0 29 1 1 277 0 8474.48 3790974 108-aaqeg 
40500 1.70394e+06 203 8393.77 0.00492611 108 107.997 0 30 4 3 277 0 8393.77 3828018 108-aarkb 
40600 1.70394e+06 201 8477.29 0.00497512 107 107 0 47 3 2 275 0 8477.29 3815008 107-abzxw 
40700 1.70394e+06 201 8477.29 0.00497512 107 107 0 40 8 8 277 0 8477.29 3831486 107-acahy 
40800 1.72032e+06 204 8432.94 0.00490196 108 108 0 35 6 4 281 0 8432.94 3856007 108-aaskw 
40900 1.72032e+06 203 8474.48 0.00492611 108 108 0 55 4 3 281 0 8474.48 3841181 108-aaryg 
41000 1.72032e+06 203 8474.48 0.00492611 108 108 0 52 9 5 281 0 8474.48 3841181 108-aaryg 
41100 1.72032e+06 208 8270.77 0.00480769 108 108 0 58 7 6 286 0 8270.77 3874870 108-aathr 
41200 1.70394e+06 203 8393.77 0.00492611 108 108 0 38 9 6 280 0 8393.77 3899120 108-aaugr 
41300 1.72032e+06 204 8432.94 0.00490196 108 108 0 35 2 1 285 0 8432.94 3867970 108-aasxg 
41400 1.72032e+06 204 8432.94 0.00490196 108 108 0 26 2 1 280 0 8432.94 3886140 108-aatsa 
41500 1.72032e+06 206 8351.07 0.00485437 108 108 0 42 8 6 283 0 8351.07 3902536 108-aaukd 
41600 1.70394e+06 204 8352.63 0.00490196 107 107 0 48 9 5 287 0 8352.63 3921134 107-accoj 
41700 1.68755e+06 203 8313.06 0.00492611 106 106 0 37 0 0 279 0 8313.06 3927009 106-abiol 
41800 1.72032e+06 207 8310.72 0.00483092 108 108 0 28 7 4 284 0 8310.72 3953929 108-aawkg 
41900 1.68755e+06 208 8113.23 0.00480769 106 106 0 34 8 5 285 0 8113.23 3967892 106-abiyw 
42000 1.72032e+06 204 8432.94 0.00490196 108 108 0 40 8 6 283 0 8432.94 3972223 108-aaxcw 
42100 1.72032e+06 205 8391.8 0.00487805 108 108 0 36 0 0 287 0 8391.8 3959395 108-aawqo 
42200 1.68755e+06 204 8272.31 0.00490196 106 106 0 38 5 2 282 0 8272.31 3988746 106-abjfl 
42300 1.65478e+06 202 8192 0.0049505 108 108 0 33 7 4 295 0 8192 3994821 108-aaxso 
42400 1.70394e+06 203 8393.77 0.00492611 107 107 0 37 7 4 289 0 8393.77 3992681 107-acemn 
42500 1.68755e+06 203 8313.06 0.00492611 107 107 0 48 7 4 291 0 8313.06 4011235 107-aceze 
42600 1.72032e+06 203 8474.48 0.00492611 108 108 0 41 3 1 284 0 8474.48 3996737 108-aaxuc 
42700 1.68755e+06 203 8313.06 0.00492611 106 106 0 41 9 8 289 0 8313.06 4036312 106-abjyn 
42800 1.68755e+06 203 8313.06 0.00492611 106 106 0 52 16 12 289 0 8313.06 4036312 106-abjyn 
42900 1.68755e+06 203 8313.06 0.00492611 106 106 0 36 6 5 289 0 8313.06 4036312 106-abjyn 
43000 1.68755e+06 203 8313.06 0.00492611 106 106 0 36 2 2 289 0 8313.06 4036312 106-abjyn 
43100 1.72032e+06 207 8310.72 0.00483092 107 107 0 40 3 3 291 0 8310.72 4085604 107-acguq 
43200 1.72032e+06 203 8474.48 0.00492611 108 108 0 35 2 1 290 0 8474.48 4090540 108-abawb 
43300 1.68755e+06 202 8354.22 0.0049505 106 106 0 44 4 3 291 0 8354.22 4075537 106-abknp 
43400 1.71723e+06 203.811 8425.55 0.00490652 108 108 0 28 4 4 295 0 8432.94 4101062 108-abben 
43500 1.72032e+06 206 8351.07 0.00485437 108 108 0 54 2 2 292 0 8351.07 4108750 108-abbkt 
43600 1.72032e+06 206 8351.07 0.00485437 108 108 0 39 3 2 292 0 8351.07 4108750 108-abbkt 
43700 1.72032e+06 203 8474.48 0.00492611 108 108 0 33 2 2 290 0 8474.48 4118909 108-abbti 
43800 1.68755e+06 203 8313.06 0.00492611 106 106 0 42 5 5 294 0 8313.06 4147550 106-ablrd 
43900 1.70394e+06 206 8271.53 0.00485437 108 108 0 44 9 7 293 0 8271.53 4147588 108-abcpc 
44000 1.72032e+06 203 8474.48 0.00492611 108 108 0 41 4 4 290 0 8474.48 4118909 108-abbti 
44100 1.72032e+06 203 8474.48 0.00492611 108 108 0 48 6 3 290 0 8474.48 4118909 108-abbti 
44200 1.72032e+06 205 8391.8 0.00487805 108 108 0 64 9 7 291 0 8391.8 4162984 108-abdcv 
44300 1.72032e+06 203 8474.48 0.00492611 108 108 0 51 7 4 290 0 8474.48 4115537 108-abboq 
44400 1.72032e+06 202 8516.44 0.0049505 108 108 0 36 10 6 296 0 8516.44 4202416 108-abemn 
44500 1.72032e+06 203 8474.48 0.00492611 108 108 0 62 11 10 290 0 8474.48 4115537 108-abboq 
44600 1.72032e+06 203 8474.48 0.00492611 108 108 0 40 8 5 290 0 8474.48 4115537 108-abboq 
44700 1.72032e+06 203 8474.48 0.00492611 108 108 0 60 4 4 293 0 8474.48 4227264 108-abfpf 
44800 1.70394e+06 204 8352.63 0.00490196 108 108 0 64 10 8 297 0 8352.63 4220362 108-abfgk 
44900 1.68755e+06 202 8354.22 0.0049505 107 107.013 0 40 2 1 298 0 8354.22 4247744 107-ackez 
45000 1.72032e+06 203 8474.48 0.00492611 108 108 0 39 3 2 293 0 8474.48 4227264 108-abfpf 
45100 1.68755e+06 202 8354.22 0.0049505 107 107.005 0 31 3 3 298 0 8354.22 4247744 107-ackez 
45200 1.72032e+06 205 8391.8 0.00487805 108 108 0 35 7 6 298 0 8391.8 4295570 108-abimd 
45300 1.70394e+06 204 8352.63 0.00490196 107 107 0 35 4 3 299 0 8352.63 4301434 107-acldk 
45400 1.72032e+06 206 8351.07 0.00485437 108 108 0 35 14 10 300 0 8351.07 4309680 108-abjco 
45500 1.70394e+06 205 8311.88 0.00487805 107 106.994 0 47 8 7 305 0 8311.88 4313859 107-aclit 
45600 1.70394e+06 203 8393.77 0.00492611 108 108 0 46 7 4 298 0 8393.77 4334121 108-abkgw 
45700 1.72032e+06 204 8432.94 0.00490196 109 109 0 25 3 2 309 0 8432.94 4339995 109-aagog 
45800 1.72032e+06 204 8432.94 0.00490196 108 108.006 0 42 4 4 307 0 8432.94 4357073 108-ablfh 
45900 1.70394e+06 204 8352.63 0.00490196 108 108 0 50 8 7 309 0 8352.63 4368438 108-ablqk 
46000 1.70394e+06 203 8393.77 0.00492611 107 107 0 37 6 2 302 0 8393.77 4360900 107-acmfa 
46100 1.70394e+06 206 8271.53 0.00485437 108 108 0 31 7 6 303 0 8271.53 4389208 108-abmky 
46200 1.72032e+06 205 8391.8 0.00487805 109 109 0 49 9 4 312 0 8391.8 4396285 109-aahqz 
46300 1.70394e+06 203 8393.77 0.00492611 107 107 0 31 4 2 311 0 8393.77 4401384 107-acmvz 
46400 1.68755e+06 204 8272.31 0.00490196 106 106 0 29 2 2 306 0 8272.31 4349760 106-abnjy 
46500 1.72032e+06 205 8391.8 0.00487805 108 108 0 27 2 1 302 0 8391.8 4425856 108-abnno 
46600 1.72032e+06 205 8391.8 0.00487805 109 109 0 32 1 1 312 0 8391.8 4396285 109-aahqz 
46700 1.72032e+06 204 8432.94 0.00490196 109 109 0 36 4 4 300 0 8432.94 4385628 109-aahmw 
46800 1.70394e+06 203 8393.77 0.00492611 107 107 0 40 7 3 311 0 8393.77 4419490 107-acngd 
46900 1.72032e+06 205 8391.8 0.00487805 108 108 0 41 4 3 305 0 8391.8 4464276 108-abolr 
47000 1.67117e+06 203 8232.35 0.00492611 106 106 0 35 0 0 308 0 8232.35 4458154 106-abnyi 
47100 1.70394e+06 203 8393.77 0.00492611 107 107 0 29 3 1 313 0 8393.77 4485807 107-acpbq 
47200 1.76947e+06 207 8548.17 0.00483092 110 110 0 38 9 6 308 0 8548.17 4485921 110-aaarx 
47300 1.7367e+06 205 8471.73 0.00487805 109 109 0 34 2 1 310 0 8471.73 4511429 109-aajzx 
47400 1.7367e+06 205 8471.73 0.00487805 109 109 0 37 10 8 309 0 8471.73 4521720 109-aakcy 
47500 1.7367e+06 207 8389.87 0.00483092 108 108 0 48 8 5 309 0 8389.87 4473441 108-abosg 
47600 1.7367e+06 207 8389.87 0.00483092 108 108 0 46 9 7 309 0 8389.87 4473441 108-abosg 
47700 1.65478e+06 202 8192 0.0049505 105 105.001 0 45 12 10 311 0 8192 4535152 105-acbfw 
47800 1.7367e+06 207 8389.87 0.00483092 108 108 0 52 11 7 309 0 8389.87 4473441 108-abosg 
47900 1.70394e+06 203 8393.77 0.00492611 107 107 0 33 2 1 311 0 8393.77 4554195 107-acqye 
48000 1.72032e+06 205 8391.8 0.00487805 108 108 0 43 2 1 314 0 8391.8 4539346 108-abqnr 
48100 1.68755e+06 204 8272.31 0.00490196 107 107 0 56 12 9 326 0 8272.31 4577546 107-acroa 
48200 1.72032e+06 207 8310.72 0.00483092 108 108 0 36 9 5 316 0 8310.72 4591832 108-abrrl 
48300 1.68755e+06 203 8313.06 0.00492611 106 106.01 0 36 10 9 314 0 8313.06 4604069 106-abovt 
48400 1.76947e+06 208 8507.08 0.00480769 110 110 0 36 4 4 314 0 8507.08 4605493 110-aabnf 
48500 1.72032e+06 207 8310.72 0.00483092 108 108 0 34 3 3 317 0 8310.72 4620865 108-absij 
48600 1.75309e+06 206 8510.14 0.00485437 109 109 0 41 7 6 317 0 8510.14 4607850 109-aallh 
48700 1.68755e+06 203 8313.06 0.00492611 107 107 0 25 2 0 314 0 8313.06 4622584 107-acsrt 
48800 1.7367e+06 207 8389.87 0.00483092 109 109 0 26 0 0 325 0 8389.87 4667856 109-aamxn 
48900 1.7367e+06 206 8430.6 0.00485437 109 109 0 37 3 1 320 0 8430.6 4668042 109-aamyp 
49000 1.75309e+06 207 8469.02 0.00483092 109 109 0 36 10 5 324 0 8469.02 4675937 109-aaner 
49100 1.76947e+06 208 8507.08 0.00480769 110 110 0 38 5 3 318 0 8507.08 4677769 110-aacis 
49200 1.75309e+06 207 8469.02 0.00483092 109 109 0 32 0 0 325 0 8469.02 4693478 109-aanrj 
49300 1.68755e+06 206 8192 0.00485437 107 107 0 33 9 7 314 0 8192 4710691 107-acuad 
49400 1.76947e+06 208 8507.08 0.00480769 110 110 0 33 3 3 319 0 8507.08 4690544 110-aacmo 
49500 1.76947e+06 208 8507.08 0.00480769 110 110 0 44 3 2 319 0 8507.08 4690544 110-aacmo 
49600 1.76947e+06 208 8507.08 0.00480769 110 110 0 38 3 2 319 0 8507.08 4690544 110-aacmo 
49700 1.75309e+06 207 8469.02 0.00483092 109 109 0 39 3 2 320 0 8469.02 4714130 109-aaogd 
49800 1.76947e+06 209 8466.37 0.00478469 110 110 0 32 2 2 322 0 8466.37 4758875 110-aadnk 
49900 1.76947e+06 209 8466.37 0.00478469 111 111 0 50 9 5 325 0 8466.37 4768306 111-aaalv 
50000 1.76947e+06 209 8466.37 0.00478469 110 110 0 50 5 4 322 0 8466.37 4758875 110-aadnk 
50100 1.76947e+06 209 8466.37 0.00478469 110 110 0 44 4 4 322 0 8466.37 4758875 110-aadnk 
50200 1.76947e+06 210 8426.06 0.0047619 110 110 0 31 5 2 324 0 8426.06 4786776 110-aaecn 
50300 1.76947e+06 208 8507.08 0.00480769 110 110 0 40 0 0 321 0 8507.08 4757920 110-aadmw 
50400 1.76947e+06 208 8507.08 0.00480769 110 110 0 29 4 2 331 0 8507.08 4827037 110-aaexm 
50500 1.68755e+06 203 8313.06 0.00492611 108 108 0 34 7 6 325 0 8313.06 4815842 108-abvrw 
50600 1.76947e+06 209 8466.37 0.00478469 110 110 0 36 5 2 324 0 8466.37 4820263 110-aaetq 
50700 1.76947e+06 209 8466.37 0.00478469 110 110 0 30 8 5 323 0 8466.37 4820394 110-aaetx 
50800 1.7367e+06 206 8430.6 0.00485437 109 109 0 38 4 1 326 0 8430.6 4859411 109-aasft 
50900 1.76947e+06 209 8466.37 0.00478469 110 110 0 22 1 1 324 0 8466.37 4820263 110-aaetq 
51000 1.76947e+06 206 8589.67 0.00485437 110 110 0 27 5 5 327 0 8589.67 4870573 110-aagcs 
51100 1.76947e+06 208 8507.08 0.00480769 110 110 0 34 0 0 332 0 8507.08 4888274 110-aagsg 
51200 1.76947e+06 208 8507.08 0.00480769 110 110 0 37 5 4 323 0 8507.08 4878306 110-aaglg 
51300 1.78586e+06 210 8504.08 0.0047619 111 111 0 29 1 1 333 0 8504.08 4918387 111-aabeg 
51400 1.75309e+06 206 8510.14 0.00485437 110 110 0 37 4 3 327 0 8510.14 4910906 110-aahpt 
51500 1.76947e+06 212 8346.57 0.00471698 110 110 0 30 0 0 331 0 8346.57 4934971 110-aaimu 
51600 1.76947e+06 206 8589.67 0.00485437 110 110 0 28 6 4 331 0 8589.67 4933290 110-aailj 
51700 1.75309e+06 207 8469.02 0.00483092 110 110 0 39 5 2 328 0 8469.02 4942867 110-aaivb 
51800 1.76947e+06 206 8589.67 0.00485437 110 110 0 38 3 1 328 0 8589.67 4930133 110-aaiin 
51900 1.75309e+06 207 8469.02 0.00483092 110 110 0 43 2 1 339 0 8469.02 4974087 110-aakck 
52000 1.76947e+06 206 8589.67 0.00485437 110 110 0 38 4 4 328 0 8589.67 4930133 110-aaiin 
52100 1.76947e+06 208 8507.08 0.00480769 110 110 0 34 9 5 336 0 8507.08 4964864 110-aajtw 
52200 1.75309e+06 205 8551.65 0.00487805 109 109 0 40 6 3 336 0 8551.65 4985991 109-aavrd 
52300 1.76947e+06 207 8548.17 0.00483092 110 110 0 39 5 4 341 0 8548.17 5008573 110-aalob 
52400 1.76947e+06 209 8466.37 0.00478469 110 110 0 29 6 4 335 0 8466.37 4996203 110-aakyn 
52500 1.76947e+06 210 8426.06 0.0047619 111 111 0 31 8 5 338 0 8426.06 5030399 111-aabws 
52600 1.78586e+06 205 8711.49 0.00487805 111 111 0 38 1 1 332 0 8711.49 5032404 111-aabxl 
52700 1.76947e+06 208 8507.08 0.00480769 111 111 0 36 0 0 341 0 8507.08 5041876 111-aacap 
52800 1.70394e+06 203 8393.77 0.00492611 107 107 0 33 5 2 340 0 8393.77 5050324 107-acvft 
52900 1.76947e+06 209 8466.37 0.00478469 110 110 0 34 2 0 336 0 8466.37 5051641 110-aamua 
53000 1.76947e+06 209 8466.37 0.00478469 110 110 0 44 6 5 336 0 8466.37 5051641 110-aamua 
53100 1.76947e+06 209 8466.37 0.00478469 111 111 0 49 3 3 344 0 8466.37 5083583 111-aacoh 
53200 1.76947e+06 209 8466.37 0.00478469 111 111 0 53 5 3 344 0 8466.37 5083583 111-aacoh 
53300 1.75309e+06 210 8348.04 0.0047619 109 109 0 39 10 6 349 0 8348.04 5094848 109-aazce 
53400 1.75309e+06 207 8469.02 0.00483092 110 110 0 47 8 6 344 0 8469.02 5118627 110-aaoou 
53500 1.76947e+06 209 8466.37 0.00478469 111 111 0 40 7 5 344 0 8466.37 5083583 111-aacoh 
53600 7.01235e+06 206 34040.5 0.00485437 109 109 0 1159 117 88 339 0 34040.5 5149521 109-abajs 
53700 7.01235e+06 206 34040.5 0.00485437 109 109 0 778 99 73 339 0 34040.5 5149521 109-abajs 
53800 7.01235e+06 206 34040.5 0.00485437 109 109 0 415 52 33 339 0 34040.5 5149521 109-abajs 
53900 7.01235e+06 206 34040.5 0.00485437 109 109 0 252 20 13 339 0 34040.5 5149521 109-abajs 
54000 7.01235e+06 206 34040.5 0.00485437 109 109 0 140 19 11 339 0 34040.5 5149521 109-abajs 
54100 7.01235e+06 206 34040.5 0.00485437 109 109 0 75 7 5 339 0 34040.5 5149521 109-abajs 
54200 7.01235e+06 207 33876.1 0.00483092 109 109 0 48 9 5 344 0 33876.1 5195417 109-abdfj 
54300 6.94682e+06 205 33886.9 0.00487805 108 108 0 46 7 6 344 0 33886.9 5180895 108-abzee 
54400 6.94682e+06 205 33886.9 0.00487805 108 108 0 48 5 4 344 0 33886.9 5180895 108-abzee 
54500 7.01235e+06 206 34040.5 0.00485437 109 109 0 50 4 4 339 0 34040.5 5149521 109-abajs 
54600 7.01235e+06 206 34040.5 0.00485437 109 109 0 50 5 4 339 0 34040.5 5149521 109-abajs 
54700 7.01235e+06 207 33876.1 0.00483092 109 109 0 65 6 5 344 0 33876.1 5232183 109-abfgl 
54800 7.01235e+06 206 34040.5 0.00485437 109 109 0 46 8 5 339 0 34040.5 5149521 109-abajs 
54900 7.01235e+06 206 34040.5 0.00485437 109 109 0 38 1 1 343 0 34040.5 5213940 109-abehq 
55000 7.07789e+06 207 34192.7 0.00483092 110 110 0 35 6 4 347 0 34192.7 5281039 110-aaqbv 
55100 7.01235e+06 208 33713.2 0.00480769 109 109 0 45 3 3 344 0 33713.2 5284535 109-abhre 
55200 7.01235e+06 208 33713.2 0.00480769 109 109 0 42 4 0 344 0 33713.2 5284535 109-abhre 
55300 7.01235e+06 206 34040.5 0.00485437 109 109 0 51 2 2 341 0 34040.5 5193870 109-abddz 
55400 7.01235e+06 206 34040.5 0.00485437 109 109 0 31 1 1 342 0 34040.5 5324970 109-abjoh 
55500 7.01235e+06 208 33713.2 0.00480769 109 109 0 30 1 1 345 0 33713.2 5336742 109-abkcr 
55600 6.94682e+06 207 33559.5 0.00483092 109 109 0 50 4 4 347 0 33559.5 5309172 109-abitv 
55700 7.07789e+06 210 33704.2 0.0047619 110 110 0 44 2 2 348 0 33704.2 5344313 110-aaqlz 
55800 6.81574e+06 205 33247.5 0.00487805 107 107.005 0 32 1 1 347 0 33247.5 5315401 107-acvrx 
55900 7.01235e+06 207 33876.1 0.00483092 109 109 0 41 10 7 351 0 33876.1 5372075 109-abltm 
56000 7.01235e+06 208 33713.2 0.00480769 109 109 0 30 4 4 355 0 33713.2 5330277 109-abjxo 
56100 7.01235e+06 208 33713.2 0.00480769 109 109 0 65 8 8 355 0 33713.2 5330277 109-abjxo 
56200 7.01235e+06 208 33713.2 0.00480769 109 109 0 88 14 10 355 0 33713.2 5330277 109-abjxo 
56300 6.88128e+06 206 33404.3 0.00485437 108 108 0 82 19 16 354 0 33404.3 5384275 108-acchg 
56400 6.94682e+06 206 33722.4 0.00485437 109 109 0 51 4 4 346 0 33722.4 5399421 109-abmyi 
56500 7.07789e+06 209 33865.5 0.00478469 110 110 0 42 5 5 352 0 33865.5 5422480 110-aardn 
56600 7.01235e+06 207 33876.1 0.00483092 109 109 0 49 1 1 354 0 33876.1 5443862 109-aboun 
56700 7.07789e+06 209 33865.5 0.00478469 110 110 0 52 6 4 352 0 33865.5 5422480 110-aardn 
56800 6.94682e+06 206 33722.4 0.00485437 109 109 0 60 9 7 346 0 33722.4 5399421 109-abmyi 
56900 6.94682e+06 206 33722.4 0.00485437 109 109 0 44 2 2 346 0 33722.4 5399421 109-abmyi 
57000 6.94682e+06 206 33722.4 0.00485437 108 108 0 50 7 5 352 0 33722.4 5462401 108-acdlx 
57100 7.07789e+06 210 33704.2 0.0047619 110 110 0 71 9 8 355 0 33704.2 5472289 110-aarsg 
57200 7.07789e+06 210 33704.2 0.0047619 110 110 0 80 8 6 355 0 33704.2 5472289 110-aarsg 
57300 6.94682e+06 206 33722.4 0.00485437 109 109 0 61 12 8 347 0 33722.4 5486469 109-abqfw 
57400 6.94682e+06 206 33722.4 0.00485437 109 109 0 57 6 4 347 0 33722.4 5486469 109-abqfw 
57500 6.94682e+06 208 33398.2 0.00480769 108 108 0 45 0 0 357 0 33398.2 5523420 108-acenv 
57600 7.07789e+06 207 34192.7 0.00483092 110 110 0 78 4 2 361 0 34192.7 5508476 110-aasgu 
57700 7.07789e+06 207 34192.7 0.00483092 110 110 0 53 9 6 361 0 34192.7 5508476 110-aasgu 
57800 7.07789e+06 207 34192.7 0.00483092 110 110 0 46 4 4 361 0 34192.7 5508476 110-aasgu 
57900 7.01235e+06 209 33551.9 0.00478469 109 109 0 46 7 5 354 0 33551.9 5575924 109-absxs 
58000 6.94682e+06 208 33398.2 0.00480769 108 108 0 44 7 7 359 0 33398.2 5560705 108-acfhq 
58100 6.94682e+06 207 33559.5 0.00483092 109 109 0 33 2 0 351 0 33559.5 5561672 109-absnq 
58200 7.04794e+06 208.543 33795.9 0.0047952 110 110 0 32 7 3 368 0 33865.5 5599889 110-aatvz 
58300 6.94682e+06 207 33559.5 0.00483092 108 108 0 41 5 3 361 0 33559.5 5500031 108-acebe 
58400 6.94682e+06 208 33398.2 0.00480769 109 109 0 32 5 3 352 0 33398.2 5601115 109-abtpp 
58500 7.07789e+06 208 34028.3 0.00480769 110 110 0 39 1 1 369 0 34028.3 5640977 110-aauua 
58600 7.07789e+06 208 34028.3 0.00480769 110 110 0 54 8 5 369 0 34028.3 5640977 110-aauua 
58700 7.14342e+06 210 34016.3 0.0047619 111 110.99 0 37 6 5 367 0 34016.3 5651204 111-aaecw 
58800 7.01235e+06 205 34206.6 0.00487805 109 109 0 51 1 1 363 0 34206.6 5648838 109-abuyr 
58900 7.01235e+06 205 34206.6 0.00487805 109 109 0 34 3 3 363 0 34206.6 5648838 109-abuyr 
59000 6.88128e+06 205 33567.2 0.00487805 109 109 0 47 10 8 355 0 33567.2 5663294 109-abviq 
59100 6.88128e+06 205 33567.2 0.00487805 109 109 0 39 8 6 355 0 33567.2 5663294 109-abviq 
59200 7.14342e+06 210 34016.3 0.0047619 111 111 0 34 5 3 368 0 34016.3 5696621 111-aaekt 
59300 6.88128e+06 205 33567.2 0.00487805 109 109 0 33 6 5 361 0 33567.2 5684617 109-abvyq 
59400 7.01235e+06 213 32921.8 0.00469484 110 110 0 40 7 4 373 0 32921.8 5718946 110-aawme 
59500 6.88128e+06 207 33242.9 0.00483092 109 109 0 33 0 0 370 0 33242.9 5739061 109-abxib 
59600 7.01235e+06 205 34206.6 0.00487805 109 109 0 37 4 4 366 0 34206.6 5744717 109-abxlv 
59700 7.01235e+06 208 33713.2 0.00480769 110 110 0 56 8 5 374 0 33713.2 5732395 110-aawsv 
59800 6.94682e+06 206 33722.4 0.00485437 108 108 0 47 9 4 369 0 33722.4 5738647 108-achxn 
59900 7.01235e+06 205 34206.6 0.00487805 109 109 0 52 1 1 366 0 34206.6 5744717 109-abxlv 
60000 6.94682e+06 204 34053 0.00490196 108 108 0 51 1 1 365 0 34053 5788461 108-acirw 
60100 7.01235e+06 205 34206.6 0.00487805 109 109 0 45 4 3 366 0 34206.6 5744717 109-abxlv 
60200 7.01235e+06 205 34206.6 0.00487805 109 109 0 30 1 1 366 0 34206.6 5744717 109-abxlv 
60300 7.01235e+06 206 34040.5 0.00485437 109 109 0 51 6 5 369 0 34040.5 5796390 109-abyzm 
60400 6.94682e+06 204 34053 0.00490196 108 108 0 44 6 4 365 0 34053 5788461 108-acirw 
60500 7.14342e+06 208 34343.4 0.00480769 111 111 0 37 7 5 376 0 34343.4 5833659 111-aafgo 
60600 7.14342e+06 208 34343.4 0.00480769 111 111 0 61 3 3 376 0 34343.4 5833659 111-aafgo 
60700 7.01235e+06 206 34040.5 0.00485437 109 109 0 35 7 6 366 0 34040.5 5822936 109-abzsn 
60800 6.81574e+06 207 32926.3 0.00483092 109 109 0 38 6 5 363 0 32926.3 5855256 109-acasb 
60900 7.07789e+06 209 33865.5 0.00478469 110 110 0 42 4 1 372 0 33865.5 5865444 110-aayoy 
61000 7.14342e+06 208 34343.4 0.00480769 111 111 0 27 4 4 377 0 34343.4 5841911 111-aafhp 
61100 6.94682e+06 206 33722.4 0.00485437 108 108 0 38 6 3 375 0 33722.4 5895079 108-ackqv 
61200 6.94682e+06 206 33722.4 0.00485437 109 109 0 43 6 6 367 0 33722.4 5877929 109-acbkw 
61300 6.94682e+06 206 33722.4 0.00485437 108 108 0 38 7 4 376 0 33722.4 5914345 108-aclbz 
61400 6.81574e+06 203 33575.1 0.00492611 108 108.003 0 41 9 8 372 0 33575.1 5884433 108-acklm 
61500 6.94682e+06 208 33398.2 0.00480769 108 108 0 55 6 5 386 0 33398.2 5910290 108-aclak 
61600 6.81574e+06 203 33575.1 0.00492611 108 108.001 0 41 1 0 372 0 33575.1 5884433 108-acklm 
61700 6.94682e+06 208 33398.2 0.00480769 108 108 0 37 3 2 386 0 33398.2 5910290 108-aclak 
61800 7.07789e+06 210 33704.2 0.0047619 110 110 0 36 0 0 377 0 33704.2 5953985 110-aaziy 
61900 6.94682e+06 207 33559.5 0.00483092 108 108 0 79 11 5 377 0 33559.5 5947933 108-aclzy 
62000 6.94682e+06 207 33559.5 0.00483092 108 108 0 110 7 2 377 0 33559.5 5947933 108-aclzy 
62100 7.14342e+06 210 34016.3 0.0047619 111 111 0 88 9 7 380 0 34016.3 5978001 111-aagjd 
62200 6.94682e+06 205 33886.9 0.00487805 109 109 0 48 12 6 378 0 33886.9 5978998 109-acdmo 
62300 6.94682e+06 207 33559.5 0.00483092 108 108 0 33 6 4 377 0 33559.5 5947933 108-aclzy 
62400 7.01235e+06 207 33876.1 0.00483092 109 109 0 58 5 4 378 0 33876.1 5952503 109-acdck 
62500 7.01235e+06 208 33713.2 0.00480769 109 109 0 55 7 4 389 0 33713.2 6001382 109-acdwa 
62600 6.88128e+06 207 33242.9 0.00483092 108 108 0 41 9 6 387 0 33242.9 6023147 108-acnuv 
62700 6.94682e+06 206 33722.4 0.00485437 109 109 0 44 6 5 372 0 33722.4 6057843 109-acexp 
62800 6.88128e+06 207 33242.9 0.00483092 108 108 0 39 5 5 387 0 33242.9 6023147 108-acnuv 
62900 7.14342e+06 210 34016.3 0.0047619 111 111 0 59 6 5 384 0 34016.3 6056156 111-aahcy 
63000 7.01235e+06 205 34206.6 0.00487805 111 111 0 51 9 5 385 0 34206.6 6085335 111-aahkp 
63100 7.01235e+06 205 34206.6 0.00487805 111 111 0 74 16 10 385 0 34206.6 6085335 111-aahkp 
63200 7.01235e+06 205 34206.6 0.00487805 111 111 0 67 5 4 385 0 34206.6 6085335 111-aahkp 
63300 7.01235e+06 205 34206.6 0.00487805 111 111 0 50 5 3 388 0 34206.6 6119711 111-aahvi 
63400 7.07789e+06 206 34358.7 0.00485437 112 111.994 0 48 11 6 386 0 34358.7 6114101 112-aaarq 
63500 7.01235e+06 205 34206.6 0.00487805 111 111 0 32 9 4 385 0 34206.6 6085335 111-aahkp 
63600 6.94682e+06 208 33398.2 0.00480769 108 108 0 45 7 5 384 0 33398.2 6146945 108-acqkq 
63700 7.01235e+06 206 34040.5 0.00485437 110 110 0 43 2 2 388 0 34040.5 6154842 110-abalv 
63800 7.07789e+06 208 34028.3 0.00480769 110 110.003 0 47 10 8 380 0 34028.3 6144949 110-abakf 
63900 7.01235e+06 205 34206.6 0.00487805 111 111 0 46 10 2 386 0 34206.6 6100569 111-aahou 
64000 7.07789e+06 206 34358.7 0.00485437 112 111.998 0 30 1 1 386 0 34358.7 6114101 112-aaarq 
64100 7.14342e+06 206 34676.8 0.00485437 112 112 0 46 5 4 387 0 34676.8 6193276 112-aaavl 
64200 7.07789e+06 208 34028.3 0.00480769 111 111 0 44 7 4 390 0 34028.3 6210099 111-aajfh 
64300 7.07789e+06 206 34358.7 0.00485437 111 111 0 35 2 2 387 0 34358.7 6191127 111-aaixc 
64400 7.07789e+06 208 34028.3 0.00480769 111 111 0 43 17 14 381 0 34028.3 6219148 111-aajjb 
64500 7.07789e+06 208 34028.3 0.00480769 111 111 0 42 15 12 381 0 34028.3 6219148 111-aajjb 
64600 7.07789e+06 208 34028.3 0.00480769 111 111 0 42 10 7 381 0 34028.3 6219148 111-aajjb 
64700 6.94682e+06 205 33886.9 0.00487805 108 108 0 36 7 4 380 0 33886.9 6245176 108-acsot 
64800 6.94682e+06 204 34053 0.00490196 108 108 0 91 8 5 389 0 34053 6255910 108-acstm 
64900 6.94682e+06 204 34053 0.00490196 108 108 0 61 7 4 389 0 34053 6255910 108-acstm 
65000 7.14342e+06 206 34676.8 0.00485437 112 112 0 51 3 1 391 0 34676.8 6273567 112-aabgi 
65100 6.81574e+06 205 33247.5 0.00487805 108 108 0 44 4 3 402 0 33247.5 6289471 108-actly 
65200 6.94682e+06 205 33886.9 0.00487805 108 108 0 39 6 4 381 0 33886.9 6294863 108-actpr 
65300 6.94682e+06 204 34053 0.00490196 108 108 0 33 6 5 392 0 34053 6322692 108-acuif 
65400 6.94682e+06 204 34053 0.00490196 108 108 0 55 7 5 390 0 34053 6305803 108-actxe 
65500 7.14342e+06 205 34846 0.00487805 113 113 0 56 7 6 395 0 34846 6311687 113-aaadd 
65600 6.94682e+06 204 34053 0.00490196 108 108 0 49 6 6 382 0 34053 6274522 108-actdu 
65700 7.20896e+06 208 34658.5 0.00480769 112 112 0 70 15 11 390 0 34658.5 6285579 112-aabhj 
65800 7.01235e+06 205 34206.6 0.00487805 111 111 0 51 4 4 395 0 34206.6 6346249 111-aalvg 
65900 7.01235e+06 210 33392.2 0.0047619 109 109 0 39 2 0 396 0 33392.2 6344052 109-achwm 
66000 7.14342e+06 206 34676.8 0.00485437 112 112 0 43 5 3 397 0 34676.8 6377751 112-aabzu 
66100 6.94682e+06 204 34053 0.00490196 108 108 0 35 2 1 385 0 34053 6410176 108-acwey 
66200 7.07789e+06 207 34192.7 0.00483092 112 112 0 55 9 6 400 0 34192.7 6396471 112-aachb 
66300 7.14342e+06 208 34343.4 0.00480769 112 112 0 45 11 6 401 0 34343.4 6419147 112-aacsd 
66400 6.94682e+06 206 33722.4 0.00485437 109 109 0 46 3 2 402 0 33722.4 6414884 109-aciha 
66500 6.94682e+06 205 33886.9 0.00487805 108 108 0 39 4 3 388 0 33886.9 6412711 108-acwgb 
66600 7.14342e+06 208 34343.4 0.00480769 111 111 0 43 6 3 398 0 34343.4 6445694 111-aangt 
66700 7.14342e+06 209 34179.1 0.00478469 111 111 0 30 6 6 400 0 34179.1 6456072 111-aaniw 
66800 6.94682e+06 206 33722.4 0.00485437 109 109 0 43 6 4 404 0 33722.4 6463920 109-acipj 
66900 6.94682e+06 204 34053 0.00490196 108 108 0 36 6 4 388 0 34053 6480001 108-acxep 
67000 7.20896e+06 209 34492.6 0.00478469 114 113.999 0 50 4 3 398 0 34492.6 6390875 114-aaabt 
67100 7.20896e+06 210 34328.4 0.0047619 112 112 0 44 4 2 395 0 34328.4 6437888 112-aadcl 
67200 7.01235e+06 210 33392.2 0.0047619 111 111 0 55 11 11 399 0 33392.2 6475042 111-aanqp 
67300 7.14342e+06 210 34016.3 0.0047619 111 111 0 47 7 7 398 0 34016.3 6521615 111-aaohd 
67400 7.20896e+06 208 34658.5 0.00480769 113 113 0 54 8 6 408 0 34658.5 6524492 113-aabac 
67500 7.01235e+06 203 34543.6 0.00492611 111 111 0 40 7 2 402 0 34543.6 6483666 111-aanur 
67600 7.20896e+06 208 34658.5 0.00480769 113 113 0 51 5 3 408 0 34658.5 6524492 113-aabac 
67700 6.94682e+06 206 33722.4 0.00485437 109 109 0 52 2 1 408 0 33722.4 6555991 109-acjes 
67800 6.94682e+06 206 33722.4 0.00485437 109 109 0 53 8 7 408 0 33722.4 6555991 109-acjes 
67900 6.94682e+06 206 33722.4 0.00485437 109 109 0 67 5 4 408 0 33722.4 6555991 109-acjes 
68000 6.94682e+06 206 33722.4 0.00485437 109 109 0 39 4 3 408 0 33722.4 6555991 109-acjes 
68100 7.20896e+06 209 34492.6 0.00478469 112 112 0 51 11 8 401 0 34492.6 6543828 112-aaenm 
68200 7.20896e+06 209 34492.6 0.00478469 113 113 0 47 4 2 404 0 34492.6 6601155 113-aabmw 
68300 7.01235e+06 204 34374.3 0.00490196 111 111 0 39 7 7 407 0 34374.3 6526513 111-aaoji 
68400 7.13003e+06 209 34115 0.00478469 111 111 0 33 0 0 410 0 34179.1 6630015 111-aapzt 
68500 7.20896e+06 208 34658.5 0.00480769 113 113 0 36 3 3 409 0 34658.5 6587822 113-aabkh 
68600 7.14342e+06 211 33855.1 0.00473934 111 111 0 47 6 3 422 0 33855.1 6644722 111-aaqfs 
68700 7.13155e+06 210 33959.7 0.0047619 111 111 0 35 6 5 410 0 34016.3 6650720 111-aaqhf 
68800 7.14342e+06 207 34509.3 0.00483092 113 113 0 38 4 3 411 0 34509.3 6673916 113-aaclt 
68900 6.94682e+06 205 33886.9 0.00487805 109 109 0 37 1 1 408 0 33886.9 6642840 109-acjwg 
69000 7.20896e+06 209 34492.6 0.00478469 113 113 0 48 13 10 407 0 34492.6 6670790 113-aacjt 
69100 7.01235e+06 203 34543.6 0.00492611 111 111 0 45 4 3 404 0 34543.6 6649025 111-aaqgg 
69200 7.01235e+06 203 34543.6 0.00492611 111 111 0 47 4 3 404 0 34543.6 6649025 111-aaqgg 
69300 7.01235e+06 203 34543.6 0.00492611 111 111 0 74 7 4 404 0 34543.6 6649025 111-aaqgg 
69400 7.01235e+06 203 34543.6 0.00492611 111 111 0 72 9 6 404 0 34543.6 6649025 111-aaqgg 
69500 7.14342e+06 209 34179.1 0.00478469 112 112 0 46 9 5 409 0 34179.1 6701063 112-aagad 
69600 7.14342e+06 209 34179.1 0.00478469 112 112 0 38 4 4 409 0 34179.1 6701063 112-aagad 
69700 7.01235e+06 203 34543.6 0.00492611 111 111 0 42 7 5 404 0 34543.6 6748179 111-aasbi 
69800 7.01235e+06 203 34543.6 0.00492611 111 111 0 41 7 5 404 0 34543.6 6748179 111-aasbi 
69900 7.2745e+06 209 34806.2 0.00478469 113 113 0 37 9 5 407 0 34806.2 6754463 113-aadxg 
70000 7.2745e+06 209 34806.2 0.00478469 113 113 0 42 2 1 407 0 34806.2 6754463 113-aadxg 
70100 7.07789e+06 207 34192.7 0.00483092 111 111 0 38 8 5 421 0 34192.7 6792213 111-aatbb 
70200 7.07789e+06 205 34526.3 0.00487805 110 110 0 48 4 3 415 0 34526.3 6742247 110-abfvo 
70300 7.15713e+06 206.209 34708 0.00484946 112 112 0 43 7 4 419 0 34825.9 6813827 112-aahdn 
70400 7.07789e+06 205 34526.3 0.00487805 110 110 0 43 3 2 415 0 34526.3 6742247 110-abfvo 
70500 7.14342e+06 207 34509.3 0.00483092 111 111 0 55 7 4 416 0 34509.3 6806388 111-aatiu 
70600 7.2745e+06 209 34806.2 0.00478469 113 113 0 51 5 3 409 0 34806.2 6832482 113-aafje 
70700 7.14342e+06 207 34509.3 0.00483092 111 111 0 60 16 12 416 0 34509.3 6806388 111-aatiu 
70800 7.14342e+06 207 34509.3 0.00483092 111 111 0 51 3 2 416 0 34509.3 6806388 111-aatiu 
70900 7.14342e+06 207 34509.3 0.00483092 111 111 0 60 9 5 416 0 34509.3 6806388 111-aatiu 
71000 7.14342e+06 207 34509.3 0.00483092 111 111 0 52 6 5 415 0 34509.3 6849171 111-aaucf 
71100 7.2745e+06 209 34806.2 0.00478469 113 113 0 43 10 6 409 0 34806.2 6832482 113-aafje 
71200 7.07789e+06 206 34358.7 0.00485437 110 110 0 43 6 6 418 0 34358.7 6915723 110-abhis 
71300 7.2745e+06 211 34476.3 0.00473934 113 113 0 43 6 6 419 0 34476.3 6920760 113-aahea 
71400 7.14342e+06 208 34343.4 0.00480769 111 111 0 32 4 2 417 0 34343.4 6910258 111-aauzj 
71500 7.20896e+06 209 34492.6 0.00478469 112 112 0 34 9 7 415 0 34492.6 6938569 112-aaiww 
71600 7.20896e+06 208 34658.5 0.00480769 114 114 0 37 4 4 422 0 34658.5 6949415 114-aabst 
71700 7.07789e+06 205 34526.3 0.00487805 110 110 0 42 11 6 424 0 34526.3 6948116 110-abhuc 
71800 7.2745e+06 210 34640.5 0.0047619 114 114 0 46 5 4 424 0 34640.5 6961709 114-aabup 
71900 7.14342e+06 208 34343.4 0.00480769 111 111 0 47 8 6 431 0 34343.4 6961948 111-aavvx 
72000 7.14342e+06 208 34343.4 0.00480769 111 111 0 65 13 12 431 0 34343.4 6961948 111-aavvx 
72100 7.07789e+06 205 34526.3 0.00487805 110 110 0 56 3 3 428 0 34526.3 6986081 110-abiim 
72200 7.14342e+06 208 34343.4 0.00480769 111 111 0 46 5 4 431 0 34343.4 6961948 111-aavvx 
72300 7.2745e+06 211 34476.3 0.00473934 113 113 0 40 4 3 429 0 34476.3 7008307 113-aaipw 
72400 7.07789e+06 204 34695.5 0.00490196 110 110 0 46 7 4 429 0 34695.5 7027185 110-abizb 
72500 7.2745e+06 211 34476.3 0.00473934 114 114 0 52 1 0 424 0 34476.3 7046422 114-aacji 
72600 6.94682e+06 202 34390.2 0.0049505 109 109 0 58 8 6 428 0 34390.2 7004327 109-aclhu 
72700 7.14342e+06 211 33855.1 0.00473934 112 112 0 42 6 3 424 0 33855.1 7035908 112-aakcb 
72800 7.07789e+06 207 34192.7 0.00483092 110 110 0 41 3 2 439 0 34192.7 7069165 110-abjlf 
72900 7.07789e+06 207 34192.7 0.00483092 110 110 0 29 1 1 439 0 34192.7 7069165 110-abjlf 
73000 6.94682e+06 202 34390.2 0.0049505 109 109 0 34 4 2 433 0 34390.2 7078712 109-aclrp 
73100 7.07789e+06 206 34358.7 0.00485437 111 111 0 40 7 6 431 0 34358.7 7107757 111-aaxec 
73200 7.07789e+06 206 34358.7 0.00485437 111 111 0 50 6 3 429 0 34358.7 7087369 111-aaxba 
73300 7.2745e+06 212 34313.7 0.00471698 113 113 0 41 1 0 417 0 34313.7 7098728 113-aakeb 
73400 7.07789e+06 206 34358.7 0.00485437 111 111 0 45 4 1 429 0 34358.7 7087369 111-aaxba 
73500 7.2745e+06 208 34973.5 0.00480769 114 114 0 37 4 4 440 0 34973.5 7080953 114-aacpw 
73600 7.14342e+06 208 34343.4 0.00480769 113 113 0 38 12 7 414 0 34343.4 7113221 113-aakjv 
73700 7.14342e+06 209 34179.1 0.00478469 113 113 0 49 8 5 419 0 34179.1 7143538 113-aakvf 
73800 7.01235e+06 204 34374.3 0.00490196 109 109 0 39 7 6 435 0 34374.3 7154358 109-acmcz 
73900 7.34003e+06 209 35119.8 0.00478469 114 114 0 33 2 2 443 0 35119.8 7156461 114-aadgf 
74000 7.14342e+06 209 34179.1 0.00478469 112 111.996 0 44 7 3 440 0 34179.1 7181219 112-aamjr 
74100 7.40557e+06 212 34931.9 0.00471698 115 115 0 42 3 2 449 0 34931.9 7174261 115-aaaky 
74200 7.14342e+06 208 34343.4 0.00480769 111 111 0 35 1 1 432 0 34343.4 7197000 111-aaxwk 
74300 7.14342e+06 208 34343.4 0.00480769 111 111.033 0 35 2 1 442 0 34343.4 7223752 111-aaybz 
74400 7.14342e+06 208 34343.4 0.00480769 111 111.012 0 40 3 2 442 0 34343.4 7223752 111-aaybz 
74500 7.2745e+06 212 34313.7 0.00471698 113 113 0 44 4 3 431 0 34313.7 7229194 113-aamgt 
74600 7.2745e+06 212 34313.7 0.00471698 113 113 0 35 3 3 431 0 34313.7 7229194 113-aamgt 
74700 7.14342e+06 208 34343.4 0.00480769 111 111 0 38 2 1 437 0 34343.4 7225271 111-aaycm 
74800 6.94682e+06 204 34053 0.00490196 110 110 0 56 1 1 437 0 34053 7275801 110-ablpy 
74900 7.04201e+06 207.453 33945 0.00482041 110 110 0 31 8 7 442 0 34028.3 7291458 110-ablvu 
75000 7.07789e+06 209 33865.5 0.00478469 110 110 0 37 8 6 438 0 33865.5 7281087 110-ablsj 
75100 7.07789e+06 209 33865.5 0.00478469 112 112 0 47 9 8 422 0 33865.5 7300748 112-aanlz 
75200 7.2745e+06 211 34476.3 0.00473934 113 113 0 38 4 3 456 0 34476.3 7310385 113-aanbc 
75300 7.34003e+06 211 34786.9 0.00473934 114 114 0 45 5 4 455 0 34786.9 7290696 114-aaenc 
75400 7.34003e+06 211 34786.9 0.00473934 114 114 0 59 7 7 455 0 34786.9 7290696 114-aaenc 
75500 7.34003e+06 211 34786.9 0.00473934 114 114 0 45 4 3 455 0 34786.9 7290696 114-aaenc 
75600 7.2745e+06 209 34806.2 0.00478469 113 113 0 39 4 4 450 0 34806.2 7335592 113-aanhu 
75700 7.01235e+06 206 34040.5 0.00485437 109 109 0 43 5 3 442 0 34040.5 7360799 109-acnlg 
75800 7.2745e+06 208 34973.5 0.00480769 113 113 0 42 5 4 447 0 34973.5 7329387 113-aange 
75900 7.2745e+06 209 34806.2 0.00478469 113 113 0 44 6 6 452 0 34806.2 7357897 113-aanpm 
76000 7.40557e+06 211 35097.5 0.00473934 115 115 0 54 2 2 462 0 35097.5 7366962 115-aabue 
76100 7.27107e+06 206.948 35134.8 0.00483214 113 113 0 60 12 8 451 0 35142.5 7352947 113-aanne 
76200 7.27087e+06 206.945 35134.3 0.00483221 113 113 0 39 7 4 451 0 35142.5 7352947 113-aanne 
76300 7.27083e+06 206.944 35134.2 0.00483223 113 113 0 43 7 5 451 0 35142.5 7352947 113-aanne 
76400 7.34003e+06 211 34786.9 0.00473934 115 115 0 36 5 5 457 0 34786.9 7432331 115-aactn 
76500 7.01235e+06 207 33876.1 0.00483092 110 110 0 40 5 4 442 0 33876.1 7436502 110-abncl 
76600 7.40557e+06 212 34931.9 0.00471698 115 115 0 35 9 5 458 0 34931.9 7452099 115-aadas 
76700 7.34003e+06 210 34952.5 0.0047619 114 114 0 35 5 5 451 0 34952.5 7450711 114-aagyf 
76800 7.20454e+06 206.933 34815.8 0.0048325 113 113 0 38 4 3 452 0 34825.9 7441380 113-aaovc 
76900 7.2745e+06 212 34313.7 0.00471698 114 114 0 48 14 10 461 0 34313.7 7468856 114-aahfk 
77000 6.94682e+06 205 33886.9 0.00487805 109 109 0 30 2 2 450 0 33886.9 7508043 109-acnzd 
77100 7.07789e+06 209 33865.5 0.00478469 111 111 0 53 5 4 450 0 33865.5 7505307 111-aazym 
77200 7.14342e+06 209 34179.1 0.00478469 113 113 0 38 3 1 456 0 34179.1 7521617 113-aaqdl 
77300 7.14342e+06 207 34509.3 0.00483092 112 112 0 33 5 5 457 0 34509.3 7518051 112-aaore 
77400 7.14342e+06 209 34179.1 0.00478469 112 112 0 36 5 3 457 0 34179.1 7542245 112-aaouq 
77500 7.2745e+06 208 34973.5 0.00480769 113 113 0 34 9 6 453 0 34973.5 7536316 113-aaqjt 
77600 7.34003e+06 210 34952.5 0.0047619 115 115 0 66 11 7 455 0 34952.5 7520727 115-aaefc 
77700 7.20896e+06 207 34825.9 0.00483092 112 112 0 58 3 3 460 0 34825.9 7515566 112-aaoqt 
77800 7.07789e+06 209 33865.5 0.00478469 111 111 0 38 5 2 451 0 33865.5 7552075 111-abacx 
77900 7.2745e+06 211 34476.3 0.00473934 113 113 0 38 13 6 462 0 34476.3 7585488 113-aaqxi 
78000 7.34003e+06 211 34786.9 0.00473934 115 115 0 42 7 5 460 0 34786.9 7569925 115-aafix 
78100 7.2745e+06 210 34640.5 0.0047619 113 113 0 45 5 5 461 0 34640.5 7589425 113-aaqyh 
78200 7.33164e+06 210.872 34768.1 0.00474223 115 115 0 33 4 4 462 0 34786.9 7596844 115-aafxn 
78300 7.07789e+06 207 34192.7 0.00483092 112 112 0 33 3 2 462 0 34192.7 7528913 112-aaote 
78400 7.2745e+06 209 34806.2 0.00478469 115 115 0 40 4 3 457 0 34806.2 7638580 115-aagwk 
78500 7.34003e+06 211 34786.9 0.00473934 115 115 0 36 7 7 472 0 34786.9 7591543 115-aafuc 
78600 7.2823e+06 210.119 34657.9 0.00475922 114 114 0 29 6 5 460 0 34786.9 7639991 114-aajrv 
78700 7.07789e+06 208 34028.3 0.00480769 112 112 0 43 2 2 473 0 34028.3 7643963 112-aaprz 
78800 7.07789e+06 208 34028.3 0.00480769 112 112 0 44 12 6 473 0 34028.3 7643963 112-aaprz 
78900 7.25478e+06 210.699 34431.8 0.00474613 114 114 0 36 6 3 464 0 34476.3 7667566 114-aajzu 
79000 7.34003e+06 211 34786.9 0.00473934 115 115 0 42 6 5 466 0 34786.9 7679154 115-aahum 
79100 7.20896e+06 210 34328.4 0.0047619 113 113 0 39 2 2 465 0 34328.4 7675469 113-aasbf 
79200 7.34003e+06 212 34622.8 0.00471698 114 114 0 29 1 0 464 0 34622.8 7720934 114-aaktc 
79300 7.20896e+06 209 34492.6 0.00478469 113 113 0 41 7 5 466 0 34492.6 7702590 113-aasmp 
79400 7.4711e+06 213 35075.6 0.00469484 116 116 0 46 12 5 477 0 35075.6 7727887 116-aabjd 
79500 7.2745e+06 212 34313.7 0.00471698 113 113 0 48 3 1 466 0 34313.7 7728268 113-aasxv 
79600 7.20896e+06 211 34165.7 0.00473934 113 113 0 34 3 3 476 0 34165.7 7727931 113-aasxz 
79700 7.2745e+06 213 34152.6 0.00469484 113 113 0 56 9 9 468 0 34152.6 7745895 113-aatgd 
79800 7.2745e+06 212 34313.7 0.00471698 113 113 0 59 5 3 466 0 34313.7 7728268 113-aasxv 
79900 7.34003e+06 214 34299.2 0.0046729 114 114 0 27 4 2 480 0 34299.2 7790375 114-aalyd 
80000 7.13234e+06 207.831 34317.9 0.00481162 112 112 0 29 0 0 470 0 34343.4 7796569 112-aaqta 
80100 7.2745e+06 209 34806.2 0.00478469 114 114.003 0 39 9 5 463 0 34806.2 7790684 114-aalyj 
80200 7.2745e+06 215 33834.9 0.00465116 115 115 0 41 9 7 470 0 33834.9 7807867 115-aaknz 
80300 7.40557e+06 215 34444.5 0.00465116 115 115 0 48 2 1 469 0 34444.5 7808889 115-aakol 
80400 7.40557e+06 215 34444.5 0.00465116 115 115 0 58 7 4 469 0 34444.5 7808889 115-aakol 
80500 7.34003e+06 211 34786.9 0.00473934 115 115 0 64 8 8 475 0 34786.9 7820476 115-aaktd 
80600 7.34003e+06 211 34786.9 0.00473934 115 115 0 30 0 0 475 0 34786.9 7820476 115-aaktd 
80700 7.20896e+06 209 34492.6 0.00478469 113 113.008 0 54 9 7 472 0 34492.6 7871432 113-aavmo 
80800 7.20896e+06 209 34492.6 0.00478469 113 113.003 0 54 10 7 472 0 34492.6 7871432 113-aavmo 
80900 7.40557e+06 214 34605.5 0.0046729 115 115 0 45 8 8 470 0 34605.5 7856941 115-aaliw 
81000 7.34003e+06 213 34460.2 0.00469484 115 115 0 34 4 3 482 0 34460.2 7892503 115-aalzt 
81100 7.34003e+06 215 34139.7 0.00465116 115 115 0 30 4 3 488 0 34139.7 7897057 115-aambp 
81200 7.2745e+06 210 34640.5 0.0047619 114 114 0 50 4 1 471 0 34640.5 7914233 114-aaopo 
81300 7.2745e+06 209 34806.2 0.00478469 113 113 0 34 5 4 471 0 34806.2 7924583 113-aawjd 
81400 7.34003e+06 215 34139.7 0.00465116 115 115 0 34 2 2 474 0 34139.7 7926052 115-aamqe 
81500 7.4711e+06 213 35075.6 0.00469484 116 116 0 50 1 1 473 0 35075.6 7904531 116-aacdh 
81600 7.2745e+06 210 34640.5 0.0047619 114 114 0 50 15 8 474 0 34640.5 7948724 114-aapjv 
81700 7.40557e+06 215 34444.5 0.00465116 115 115 0 47 6 3 479 0 34444.5 7957663 115-aanfb 
81800 7.2745e+06 210 34640.5 0.0047619 114 114 0 48 7 5 470 0 34640.5 7972772 114-aapwb 
81900 7.40557e+06 213 34767.9 0.00469484 115 115 0 37 5 4 488 0 34767.9 7980397 115-aanpi 
82000 7.14342e+06 207 34509.3 0.00483092 112 112.004 0 37 6 4 478 0 34509.3 7976696 112-aarrr 
82100 7.34003e+06 214 34299.2 0.0046729 114 114.005 0 44 7 6 478 0 34299.2 7999652 114-aaqms 
82200 7.34003e+06 214 34299.2 0.0046729 114 114.002 0 80 0 0 478 0 34299.2 7999652 114-aaqms 
82300 7.34003e+06 214 34299.2 0.0046729 114 114.001 0 70 13 7 478 0 34299.2 7999652 114-aaqms 
82400 7.34003e+06 214 34299.2 0.0046729 114 114.001 0 35 5 4 478 0 34299.2 7999652 114-aaqms 
82500 7.2745e+06 211 34476.3 0.00473934 114 114 0 44 4 4 491 0 34476.3 8015072 114-aaqum 
82600 7.34003e+06 212 34622.8 0.00471698 114 114 0 44 8 6 490 0 34622.8 8037642 114-aarhl 
82700 7.39406e+06 215 34391 0.00465116 115 115 0 50 8 8 478 0 34444.5 8057309 115-aaozs 
82800 7.2745e+06 211 34476.3 0.00473934 114 114 0 32 4 4 478 0 34476.3 8058069 114-aarrw 
82900 7.34003e+06 212 34622.8 0.00471698 114 114 0 41 3 2 490 0 34622.8 8037642 114-aarhl 
83000 7.2745e+06 211 34476.3 0.00473934 114 114 0 39 2 1 491 0 34476.3 8015072 114-aaqum 
83100 7.20896e+06 210 34328.4 0.0047619 112 112 0 43 5 3 486 0 34328.4 8086686 112-aasja 
83200 7.34003e+06 213 34460.2 0.00469484 115 115 0 42 0 0 491 0 34460.2 8034638 115-aaooj 
83300 7.2745e+06 211 34476.3 0.00473934 113 113 0 53 17 10 493 0 34476.3 8104884 113-aazmv 
83400 7.34003e+06 214 34299.2 0.0046729 114 114 0 47 8 5 486 0 34299.2 8133320 114-aatnm 
83500 7.2745e+06 214 33993 0.0046729 113 113.004 0 44 4 4 480 0 33993 8118818 113-aazrl 
83600 7.34003e+06 214 34299.2 0.0046729 115 115 0 51 14 10 484 0 34299.2 8104224 115-aapyf 
83700 7.34003e+06 214 34299.2 0.0046729 115 115 0 37 6 5 486 0 34299.2 8148881 115-aaqua 
83800 7.40557e+06 213 34767.9 0.00469484 115 115 0 49 2 2 488 0 34767.9 8171001 115-aarco 
83900 7.40557e+06 213 34767.9 0.00469484 115 115 0 54 9 7 488 0 34767.9 8171001 115-aarco 
84000 7.40557e+06 213 34767.9 0.00469484 115 115 0 49 4 4 488 0 34767.9 8171001 115-aarco 
84100 7.2745e+06 211 34476.3 0.00473934 113 113 0 36 3 3 479 0 34476.3 8167756 113-abamp 
84200 7.34003e+06 212 34622.8 0.00471698 114 114.004 0 39 0 0 483 0 34622.8 8144290 114-aatug 
84300 7.34717e+06 213.109 34476.1 0.00469244 115 115 0 50 9 7 490 0 34605.5 8230815 115-aasbn 
84400 7.34003e+06 213 34460.2 0.00469484 114 114 0 47 7 6 496 0 34460.2 8229006 114-aawda 
84500 7.34003e+06 212 34622.8 0.00471698 114 114 0 37 2 2 488 0 34622.8 8190555 114-aauzc 
84600 7.34003e+06 212 34622.8 0.00471698 114 114 0 35 5 5 488 0 34622.8 8190555 114-aauzc 
84700 7.40557e+06 214 34605.5 0.0046729 115 115 0 39 3 2 492 0 34605.5 8265071 115-aasmy 
84800 7.40557e+06 214 34605.5 0.0046729 115 115 0 40 5 4 492 0 34605.5 8278496 115-aastq 
84900 7.40557e+06 214 34605.5 0.0046729 115 115 0 42 8 6 492 0 34605.5 8265071 115-aasmy 
85000 7.40557e+06 212 34931.9 0.00471698 115 115 0 39 0 0 490 0 34931.9 8271966 115-aaspt 
85100 7.40557e+06 212 34931.9 0.00471698 115 115 0 34 1 0 490 0 34931.9 8319260 115-aatkl 
85200 7.2745e+06 212 34313.7 0.00471698 114 114 0 46 6 6 493 0 34313.7 8292468 114-aaxrq 
85300 7.40557e+06 213 34767.9 0.00469484 115 115 0 46 8 5 493 0 34767.9 8312729 115-aatig 
85400 7.20896e+06 211 34165.7 0.00473934 113 113 0 35 3 3 485 0 34165.7 8340629 113-abefm 
85500 7.34003e+06 215 34139.7 0.00465116 114 114 0 41 14 10 510 0 34139.7 8346537 114-aazbd 
85600 7.34003e+06 211 34786.9 0.00473934 114 114.003 0 34 7 5 491 0 34786.9 8319315 114-aayiw 
85700 7.34003e+06 215 34139.7 0.00465116 114 114 0 36 13 8 510 0 34139.7 8346537 114-aazbd 
85800 7.34003e+06 213 34460.2 0.00469484 114 114 0 27 8 6 493 0 34460.2 8349358 114-aazdy 
85900 7.34003e+06 212 34622.8 0.00471698 114 114 0 42 6 4 499 0 34622.8 8386788 114-abaax 
86000 7.40557e+06 213 34767.9 0.00469484 115 115 0 42 6 4 497 0 34767.9 8388160 115-aauod 
86100 7.34003e+06 213 34460.2 0.00469484 115 115 0 48 3 0 503 0 34460.2 8398638 115-aausk 
86200 7.34003e+06 213 34460.2 0.00469484 115 115 0 52 7 4 503 0 34460.2 8398638 115-aausk 
86300 7.34003e+06 213 34460.2 0.00469484 114 114 0 43 2 2 502 0 34460.2 8426418 114-abbcg 
86400 7.31989e+06 214.693 34094.6 0.00465784 114 114 0 37 0 0 504 0 34139.7 8437025 114-abbim 
86500 7.34003e+06 214 34299.2 0.0046729 114 114 0 33 2 0 505 0 34299.2 8448569 114-abbpo 
86600 7.40557e+06 212 34931.9 0.00471698 115 115 0 43 7 3 496 0 34931.9 8428925 115-aavew 
86700 7.2745e+06 212 34313.7 0.00471698 113 113 0 36 1 1 495 0 34313.7 8476068 113-abhcr 
86800 7.20896e+06 211 34165.7 0.00473934 112 112.024 0 38 8 5 498 0 34165.7 8478144 112-aauhr 
86900 7.40557e+06 216 34285 0.00462963 115 115 0 45 6 4 498 0 34285 8480263 115-aavxf 
87000 7.40557e+06 216 34285 0.00462963 115 115 0 39 9 7 499 0 34285 8497592 115-aawee 
87100 7.34003e+06 213 34460.2 0.00469484 115 115 0 30 2 2 507 0 34460.2 8504728 115-aawgm 
87200 7.2745e+06 212 34313.7 0.00471698 114 114 0 46 4 3 501 0 34313.7 8489725 114-abcni 
87300 7.34003e+06 212 34622.8 0.00471698 115 115 0 36 2 0 507 0 34622.8 8514132 115-aawjx 
87400 7.34003e+06 212 34622.8 0.00471698 114 114 0 36 10 8 517 0 34622.8 8537070 114-abdij 
87500 7.34003e+06 212 34622.8 0.00471698 114 114 0 36 3 3 517 0 34622.8 8537070 114-abdij 
87600 7.34003e+06 216 33981.6 0.00462963 115 115 0 38 1 0 533 0 33981.6 8556214 115-aawza 
87700 7.20896e+06 214 33686.7 0.0046729 112 112 0 38 0 0 525 0 33686.7 8543015 112-aauyj 
87800 7.34003e+06 217 33825 0.00460829 114 114.019 0 36 1 1 504 0 33825 8558370 114-abdqw 
87900 7.40557e+06 214 34605.5 0.0046729 115 115 0 44 3 2 503 0 34605.5 8586678 115-aaxnf 
88000 7.40557e+06 214 34605.5 0.0046729 115 115 0 47 12 10 503 0 34605.5 8586678 115-aaxnf 
88100 7.2745e+06 211 34476.3 0.00473934 113 113 0 60 13 9 503 0 34476.3 8598802 113-abkbu 
88200 7.2745e+06 211 34476.3 0.00473934 113 113 0 47 4 2 503 0 34476.3 8598802 113-abkbu 
88300 7.40557e+06 214 34605.5 0.0046729 115 115 0 56 3 2 503 0 34605.5 8586678 115-aaxnf 
88400 7.2745e+06 210 34640.5 0.0047619 113 113 0 34 11 7 508 0 34640.5 8638268 113-ablci 
88500 7.2745e+06 210 34640.5 0.0047619 113 113 0 43 1 1 508 0 34640.5 8638268 113-ablci 
88600 7.34003e+06 213 34460.2 0.00469484 115 115 0 36 3 2 512 0 34460.2 8659376 115-aaysz 
88700 7.2745e+06 211 34476.3 0.00473934 113 113 0 34 0 0 514 0 34476.3 8661814 113-ablst 
88800 7.2745e+06 211 34476.3 0.00473934 113 113 0 36 8 6 514 0 34476.3 8661814 113-ablst 
88900 7.34003e+06 213 34460.2 0.00469484 115 115 0 35 6 3 514 0 34460.2 8679797 115-aayyz 
89000 7.40557e+06 216 34285 0.00462963 115 115 0 44 2 2 509 0 34285 8666890 115-aayvf 
89100 7.2745e+06 210 34640.5 0.0047619 113 113 0 39 5 2 514 0 34640.5 8700254 113-abmvj 
89200 7.14342e+06 212 33695.4 0.00471698 113 113 0 31 0 0 510 0 33695.4 8700021 113-abmve 
89300 7.14342e+06 212 33695.4 0.00471698 113 113 0 36 5 2 510 0 33695.4 8700021 113-abmve 
89400 7.20896e+06 210 34328.4 0.0047619 113 113 0 43 4 4 518 0 34328.4 8729768 113-abnre 
89500 7.2745e+06 210 34640.5 0.0047619 113 113 0 39 6 6 517 0 34640.5 8737521 113-abnxf 
89600 7.14342e+06 209 34179.1 0.00478469 111 111 0 37 3 2 521 0 34179.1 8734146 111-abcek 
89700 7.2745e+06 214 33993 0.0046729 113 113 0 46 9 7 523 0 33993 8752881 113-aboku 
89800 7.2745e+06 210 34640.5 0.0047619 113 113 0 56 6 4 517 0 34640.5 8737521 113-abnxf 
89900 7.20896e+06 210 34328.4 0.0047619 112 112 0 43 0 0 512 0 34328.4 8743543 112-aawvt 
90000 7.20896e+06 209 34492.6 0.00478469 112 112 0 56 7 4 522 0 34492.6 8780345 112-aaxkb 
90100 7.2745e+06 213 34152.6 0.00469484 113 113 0 52 5 4 523 0 34152.6 8753061 113-abokx 
90200 7.2745e+06 213 34152.6 0.00469484 113 113 0 43 8 4 523 0 34152.6 8753061 113-abokx 
90300 7.14342e+06 209 34179.1 0.00478469 112 112 0 35 7 4 521 0 34179.1 8814566 112-aayfc 
90400 7.40557e+06 216 34285 0.00462963 116 116 0 37 5 3 511 0 34285 8809129 116-aaecz 
90500 7.07789e+06 209 33865.5 0.00478469 110 110 0 31 0 0 530 0 33865.5 8853364 110-abntb 
90600 7.07789e+06 209 33865.5 0.00478469 110 110 0 39 5 3 530 0 33865.5 8853364 110-abntb 
90700 7.20896e+06 209 34492.6 0.00478469 112 112 0 35 9 9 521 0 34492.6 8842257 112-aaywb 
90800 7.14342e+06 210 34016.3 0.0047619 112 112 0 55 8 5 523 0 34016.3 8865551 112-aazii 
90900 7.20896e+06 213 33844.9 0.00469484 113 113 0 47 2 2 523 0 33844.9 8888399 113-absex 
91000 7.14342e+06 209 34179.1 0.00478469 112 112 0 46 6 6 522 0 34179.1 8856786 112-aazeb 
91100 7.20896e+06 213 33844.9 0.00469484 113 113 0 49 7 4 523 0 33844.9 8888399 113-absex 
91200 7.20896e+06 209 34492.6 0.00478469 112 112 0 41 8 4 525 0 34492.6 8888411 112-aazth 
91300 7.20896e+06 209 34492.6 0.00478469 112 112 0 56 7 5 525 0 34492.6 8888411 112-aazth 
91400 7.2745e+06 213 34152.6 0.00469484 113 113 0 31 8 5 523 0 34152.6 8915551 113-absrw 
91500 7.2745e+06 213 34152.6 0.00469484 113 113 0 47 4 4 515 0 34152.6 8862573 113-abrrd 
91600 7.2745e+06 212 34313.7 0.00471698 113 113.004 0 40 3 2 523 0 34313.7 8903218 113-abslm 
91700 7.14342e+06 208 34343.4 0.00480769 111 110.99 0 49 13 12 532 0 34343.4 8958931 111-abemo 
91800 7.01235e+06 208 33713.2 0.00480769 109 109 0 38 2 2 536 0 33713.2 8923569 109-acoit 
91900 7.07789e+06 208 34028.3 0.00480769 110 110 0 29 3 2 531 0 34028.3 8962941 110-abofy 
92000 7.2745e+06 210 34640.5 0.0047619 113 113 0 32 7 5 527 0 34640.5 8935228 113-abszt 
92100 7.20896e+06 211 34165.7 0.00473934 112 112 0 38 5 4 526 0 34165.7 8994352 112-abbtj 
92200 7.14342e+06 213 33537.2 0.00469484 113 113 0 36 2 1 530 0 33537.2 9012863 113-abtzu 
92300 7.14342e+06 208 34343.4 0.00480769 111 111 0 41 1 0 533 0 34343.4 9029600 111-abfrl 
92400 7.20896e+06 211 34165.7 0.00473934 112 112 0 33 1 1 529 0 34165.7 9001530 112-abbxg 
92500 7.34003e+06 221 33212.8 0.00452489 114 114 0 37 4 3 521 0 33212.8 9028723 114-abhfb 
92600 7.14342e+06 208 34343.4 0.00480769 111 111 0 60 8 5 535 0 34343.4 9041273 111-abfza 
92700 7.14342e+06 208 34343.4 0.00480769 111 111 0 56 7 5 535 0 34343.4 9041273 111-abfza 
92800 7.2745e+06 210 34640.5 0.0047619 113 113 0 36 6 5 536 0 34640.5 9071550 113-abunv 
92900 7.2745e+06 210 34640.5 0.0047619 113 113 0 38 5 3 536 0 34640.5 9071550 113-abunv 
93000 7.14342e+06 209 34179.1 0.00478469 112 112 0 45 6 5 531 0 34179.1 9031110 112-abcmb 
93100 7.26244e+06 210.816 34449.1 0.00474349 113 113 0 30 6 2 535 0 34476.3 9088346 113-abusd 
93200 7.01235e+06 206 34040.5 0.00485437 109 109 0 44 3 3 531 0 34040.5 9070581 109-acoxn 
93300 7.20896e+06 214 33686.7 0.0046729 113 113 0 50 5 4 541 0 33686.7 9122365 113-abvcr 
93400 7.14342e+06 210 34016.3 0.0047619 111 111 0 52 4 3 539 0 34016.3 9127105 111-abihw 
93500 7.20896e+06 212 34004.5 0.00471698 112 112.023 0 58 4 1 549 0 34004.5 9143789 112-abexq 
93600 7.14342e+06 210 34016.3 0.0047619 111 111 0 35 5 3 543 0 34016.3 9125326 111-abigl 
93700 7.14342e+06 209 34179.1 0.00478469 111 111 0 60 11 7 533 0 34179.1 9123098 111-abiet 
93800 7.34003e+06 213 34460.2 0.00469484 114 114 0 35 2 2 538 0 34460.2 9148698 114-abhkj 
93900 7.34003e+06 213 34460.2 0.00469484 114 114 0 40 6 5 538 0 34460.2 9148698 114-abhkj 
94000 7.26287e+06 210.823 34450.1 0.00474334 113 113 0 62 13 8 536 0 34476.3 9133486 113-abvfg 
94100 7.26286e+06 210.822 34450 0.00474334 113 113 0 48 3 2 536 0 34476.3 9133486 113-abvfg 
94200 7.34003e+06 213 34460.2 0.00469484 114 114 0 32 6 3 538 0 34460.2 9148698 114-abhkj 
94300 7.2745e+06 210 34640.5 0.0047619 114 114 0 42 2 1 544 0 34640.5 9209298 114-abhrn 
94400 7.2745e+06 213 34152.6 0.00469484 114 114 0 36 4 2 556 0 34152.6 9220250 114-abhtz 
94500 7.2745e+06 211 34476.3 0.00473934 113 113 0 36 3 3 548 0 34476.3 9234688 113-abwpq 
94600 7.2745e+06 212 34313.7 0.00471698 114 114 0 41 0 0 546 0 34313.7 9250888 114-abieb 
94700 7.20896e+06 210 34328.4 0.0047619 113 113 0 52 10 6 538 0 34328.4 9248520 113-abwwf 
94800 7.07789e+06 206 34358.7 0.00485437 110 110.002 0 42 2 1 553 0 34358.7 9233153 110-abqif 
94900 7.34003e+06 213 34460.2 0.00469484 114 114 0 36 7 5 559 0 34460.2 9277835 114-abipb 
95000 7.14342e+06 208 34343.4 0.00480769 111 111 0 50 11 7 545 0 34343.4 9287625 111-ablkj 
95100 7.2745e+06 211 34476.3 0.00473934 113 113 0 47 5 3 548 0 34476.3 9279903 113-abxml 
95200 7.20896e+06 210 34328.4 0.0047619 113 113 0 45 2 2 541 0 34328.4 9297066 113-abxwo 
95300 7.34003e+06 213 34460.2 0.00469484 114 114 0 68 5 4 558 0 34460.2 9313074 114-abizu 
95400 7.2745e+06 212 34313.7 0.00471698 113 113 0 47 5 3 559 0 34313.7 9287980 113-abxrk 
95500 7.20896e+06 210 34328.4 0.0047619 112 112.004 0 79 5 5 550 0 34328.4 9322691 112-abhvv 
95600 7.14342e+06 208 34343.4 0.00480769 111 111 0 55 10 8 547 0 34343.4 9345125 111-ablzy 
95700 7.20896e+06 211 34165.7 0.00473934 112 112 0 34 6 4 551 0 34165.7 9354037 112-abigm 
95800 7.20896e+06 211 34165.7 0.00473934 112 112 0 54 8 8 551 0 34165.7 9354037 112-abigm 
95900 7.2745e+06 213 34152.6 0.00469484 113 113 0 31 2 2 562 0 34152.6 9361984 113-abzqa 
96000 7.20896e+06 213 33844.9 0.00469484 113 113 0 43 10 8 565 0 33844.9 9402829 113-acatw 
96100 7.2745e+06 212 34313.7 0.00471698 114 114 0 41 6 5 554 0 34313.7 9409431 114-abkkp 
96200 7.14342e+06 210 34016.3 0.0047619 112 112 0 41 9 6 547 0 34016.3 9384498 112-abiqh 
96300 7.2745e+06 210 34640.5 0.0047619 113 113 0 33 2 2 543 0 34640.5 9414447 113-acbdi 
96400 7.20896e+06 212 34004.5 0.00471698 112 112 0 32 11 7 559 0 34004.5 9429586 112-abjmb 
96500 7.14342e+06 211 33855.1 0.00473934 113 113 0 26 3 1 547 0 33855.1 9440913 113-acbxq 
96600 7.2745e+06 211 34476.3 0.00473934 113 113 0 43 8 5 555 0 34476.3 9429460 113-acbpt 
96700 7.2745e+06 212 34313.7 0.00471698 113 113 0 49 4 0 563 0 34313.7 9453083 113-accgz 
96800 7.20896e+06 210 34328.4 0.0047619 112 112 0 37 2 1 555 0 34328.4 9461071 112-abkfr 
96900 7.20896e+06 210 34328.4 0.0047619 112 112 0 34 4 3 556 0 34328.4 9451613 112-abjzn 
97000 7.01235e+06 207 33876.1 0.00483092 110 110 0 47 10 8 547 0 33876.1 9418158 110-abrij 
97100 7.20896e+06 210 34328.4 0.0047619 112 112 0 30 3 3 556 0 34328.4 9451613 112-abjzn 
97200 7.20896e+06 212 34004.5 0.00471698 112 112 0 52 3 2 551 0 34004.5 9505045 112-ablhb 
97300 7.20896e+06 210 34328.4 0.0047619 112 112.001 0 33 1 1 559 0 34328.4 9484546 112-abkul 
97400 7.20896e+06 210 34328.4 0.0047619 112 112.001 0 44 6 5 559 0 34328.4 9484546 112-abkul 
97500 7.14342e+06 209 34179.1 0.00478469 112 112 0 47 5 3 560 0 34179.1 9510235 112-ablke 
97600 7.20896e+06 213 33844.9 0.00469484 113 113 0 48 6 2 567 0 33844.9 9517582 113-acdwu 
97700 7.14342e+06 211 33855.1 0.00473934 112 112 0 50 5 5 566 0 33855.1 9551669 112-abmgy 
97800 7.2745e+06 210 34640.5 0.0047619 113 113 0 33 2 1 559 0 34640.5 9560829 113-acevu 
97900 7.07789e+06 208 34028.3 0.00480769 111 111 0 36 4 4 560 0 34028.3 9568488 111-abnoe 
98000 7.2745e+06 211 34476.3 0.00473934 113 113 0 35 1 1 562 0 34476.3 9594178 113-acfnv 
98100 7.2745e+06 212 34313.7 0.00471698 113 113 0 45 4 4 558 0 34313.7 9596001 113-acfoe 
98200 7.14342e+06 210 34016.3 0.0047619 113 113 0 40 9 8 560 0 34016.3 9569016 113-acfbr 
98300 7.14342e+06 210 34016.3 0.0047619 113 113 0 41 1 0 560 0 34016.3 9569016 113-acfbr 
98400 7.20896e+06 211 34165.7 0.00473934 112 112 0 27 5 5 558 0 34165.7 9616117 112-abnvm 
98500 7.40557e+06 216 34285 0.00462963 116 116 0 37 0 0 562 0 34285 9650224 116-aaesi 
98600 7.20896e+06 212 34004.5 0.00471698 113 113 0 59 4 2 573 0 34004.5 9650973 113-acgjw 
98700 7.20896e+06 210 34328.4 0.0047619 112 112 0 39 6 4 563 0 34328.4 9642703 112-aboko 
98800 7.2745e+06 211 34476.3 0.00473934 114 114 0 32 2 2 567 0 34476.3 9656302 114-abmyx 
98900 7.14342e+06 211 33855.1 0.00473934 111 111 0 41 5 5 571 0 33855.1 9663689 111-abowm 
99000 7.20896e+06 211 34165.7 0.00473934 112 112 0 33 3 3 563 0 34165.7 9702375 112-abptj 
99100 7.2745e+06 211 34476.3 0.00473934 113 113 0 39 4 2 560 0 34476.3 9698223 113-achft 
99200 7.2745e+06 211 34476.3 0.00473934 113 113 0 50 12 10 560 0 34476.3 9698223 113-achft 
99300 7.2745e+06 211 34476.3 0.00473934 113 113 0 58 5 4 560 0 34476.3 9698223 113-achft 
99400 7.2745e+06 212 34313.7 0.00471698 113 113 0 62 13 10 561 0 34313.7 9730309 113-achsi 
99500 7.2745e+06 212 34313.7 0.00471698 113 113 0 54 5 3 561 0 34313.7 9730309 113-achsi 
99600 7.2745e+06 212 34313.7 0.00471698 113 113 0 50 6 4 561 0 34313.7 9730309 113-achsi 
99700 7.20896e+06 209 34492.6 0.00478469 112 112.002 0 43 11 7 563 0 34492.6 9688221 112-abpka 
99800 7.20896e+06 212 34004.5 0.00471698 112 112 0 38 6 4 574 0 34004.5 9740626 112-abqsq 
99900 7.4711e+06 212 35241.1 0.00471698 116 116 0 72 4 4 575 0 35241.1 9786322 116-aafag 
100000 7.4711e+06 212 35241.1 0.00471698 116 116 0 59 9 7 575 0 35241.1 9786322 116-aafag 
