# Avida time data
# Mon Jun 18 10:12:22 2018
#  1: update
#  2: avida time
#  3: average generation
#  4: num_executed?

0 0 0 30 
100 1.0329 6.98947 2850 
200 2.07169 14.8928 108000 
300 3.10813 22.6853 108000 
400 4.14152 30.3133 108000 
500 5.16865 38.0022 108000 
600 6.19142 45.7169 108000 
700 7.21524 53.5303 108000 
800 8.23659 61.8775 108000 
900 9.26039 71.5581 108000 
1000 10.2911 84.7228 108000 
1100 11.3394 98.8181 108000 
1200 12.3988 111.185 108000 
1300 13.4629 122.589 108000 
1400 14.5239 134.323 108000 
1500 15.5216 151.443 108000 
1600 16.2101 178.241 108000 
1700 16.7654 192.003 108000 
1800 17.2931 204.876 108000 
1900 17.6317 226.318 108000 
2000 17.862 255.464 108000 
2100 17.987 292.54 108000 
2200 18.0991 318.896 108000 
2300 18.1969 347.413 108000 
2400 18.2443 373.995 108000 
2500 18.2826 378.746 108000 
2600 18.3198 382.062 108000 
2700 18.3565 382.068 108000 
2800 18.3924 388.734 108000 
2900 18.4179 407.031 108000 
3000 18.4331 430.631 108000 
3100 18.4425 447.743 108000 
3200 18.4515 460.448 108000 
3300 18.4605 473.064 108000 
3400 18.4696 485.742 108000 
3500 18.4784 499.519 108000 
3600 18.4828 530.851 108000 
3700 18.484 546.351 108000 
3800 18.4852 559.262 108000 
3900 18.4863 572.286 108000 
4000 18.4874 585.08 108000 
4100 18.4886 598.086 108000 
4200 18.4898 611.084 108000 
4300 18.4909 624.061 108000 
4400 18.492 636.932 108000 
4500 18.4932 649.809 108000 
4600 18.4943 662.778 108000 
4700 18.4955 675.571 108000 
4800 18.4966 688.53 108000 
4900 18.4978 701.633 108000 
5000 18.4989 715.055 108000 
5100 18.5001 729.291 108000 
5200 18.5012 744.638 108000 
5300 18.5024 761.266 108000 
5400 18.5035 777.868 108000 
5500 18.5046 793.758 108000 
5600 18.5058 809.584 108000 
5700 18.5069 824.56 108000 
5800 18.508 839.313 108000 
5900 18.5091 854.006 108000 
6000 18.5103 868.83 108000 
6100 18.5114 883.53 108000 
6200 18.5125 898.122 108000 
6300 18.5137 912.886 108000 
6400 18.5148 927.48 108000 
6500 18.5159 942.139 108000 
6600 18.517 956.894 108000 
6700 18.5182 971.577 108000 
6800 18.5193 986.444 108000 
6900 18.5204 1001.36 108000 
7000 18.5215 1016.24 108000 
7100 18.5227 1031.49 108000 
7200 18.5238 1047.69 108000 
7300 18.5249 1064.95 108000 
7400 18.526 1082.16 108000 
7500 18.5272 1099.27 108000 
7600 18.5283 1116.69 108000 
7700 18.5294 1133.27 108000 
7800 18.5305 1149.56 108000 
7900 18.5316 1165.32 108000 
8000 18.5327 1181.47 108000 
8100 18.5338 1197.22 108000 
8200 18.5349 1213.02 108000 
8300 18.536 1228.69 108000 
8400 18.5371 1244.29 108000 
8500 18.5382 1260.06 108000 
8600 18.5394 1275.75 108000 
8700 18.5405 1291.61 108000 
8800 18.5416 1307.36 108000 
8900 18.5427 1323.08 108000 
9000 18.5438 1338.85 108000 
9100 18.5449 1354.62 108000 
9200 18.546 1370.49 108000 
9300 18.5471 1386.45 108000 
9400 18.5483 1401.93 108000 
9500 18.5494 1417.75 108000 
9600 18.5505 1433.43 108000 
9700 18.5516 1449.36 108000 
9800 18.5527 1465.48 108000 
9900 18.5538 1481.2 108000 
10000 18.5549 1497.04 108000 
10100 18.556 1512.97 108000 
10200 18.5571 1528.58 108000 
10300 18.5582 1544.2 108000 
10400 18.5593 1560.17 108000 
10500 18.5605 1576.11 108000 
10600 18.5616 1591.79 108000 
10700 18.5627 1607.48 108000 
10800 18.5638 1622.43 108000 
10900 18.5649 1638.31 108000 
11000 18.566 1654.3 108000 
11100 18.5671 1670.48 108000 
11200 18.5682 1686.26 108000 
11300 18.5693 1702.47 108000 
11400 18.5704 1718.93 108000 
11500 18.5714 1744.23 108000 
11600 18.572 1766.85 108000 
11700 18.5725 1782.52 108000 
11800 18.5731 1797.91 108000 
11900 18.5736 1813.4 108000 
12000 18.5742 1829.13 108000 
12100 18.5747 1844.48 108000 
12200 18.5753 1860.15 108000 
12300 18.5759 1875.5 108000 
12400 18.5764 1891.15 108000 
12500 18.577 1906.62 108000 
12600 18.5775 1922.2 108000 
12700 18.5781 1937.98 108000 
12800 18.5786 1953.5 108000 
12900 18.5792 1969.26 108000 
13000 18.5797 1984.84 108000 
13100 18.5803 2000.24 108000 
13200 18.5808 2015.94 108000 
13300 18.5814 2031.57 108000 
13400 18.5819 2047.22 108000 
13500 18.5825 2062.79 108000 
13600 18.583 2078.2 108000 
13700 18.5836 2093.63 108000 
13800 18.5842 2109.41 108000 
13900 18.5847 2125.2 108000 
14000 18.5853 2141.01 108000 
14100 18.5858 2156.7 108000 
14200 18.5864 2172.26 108000 
14300 18.5869 2187.98 108000 
14400 18.5875 2203.74 108000 
14500 18.588 2219.67 108000 
14600 18.5886 2235.05 108000 
14700 18.5891 2250.8 108000 
14800 18.5897 2266.99 108000 
14900 18.5902 2282.66 108000 
15000 18.5908 2298.7 108000 
15100 18.5913 2314.08 108000 
15200 18.5919 2329.94 108000 
15300 18.5925 2345.53 108000 
15400 18.593 2361.18 108000 
15500 18.5936 2376.93 108000 
15600 18.5941 2392.64 108000 
15700 18.5947 2407.99 108000 
15800 18.5952 2423.28 108000 
15900 18.5958 2439.18 108000 
16000 18.5963 2454.87 108000 
16100 18.5969 2470.38 108000 
16200 18.5974 2485.97 108000 
16300 18.598 2501.6 108000 
16400 18.5986 2517.46 108000 
16500 18.5991 2532.98 108000 
16600 18.5997 2548.48 108000 
16700 18.6002 2564.49 108000 
16800 18.6008 2580.42 108000 
16900 18.6013 2596.25 108000 
17000 18.6019 2612.63 108000 
17100 18.6024 2628.19 108000 
17200 18.603 2644.25 108000 
17300 18.6035 2660.19 108000 
17400 18.6041 2676.34 108000 
17500 18.6046 2691.66 108000 
17600 18.6052 2707.2 108000 
17700 18.6058 2722.94 108000 
17800 18.6063 2738.45 108000 
17900 18.6069 2754.28 108000 
18000 18.6074 2769.55 108000 
18100 18.608 2785.49 108000 
18200 18.6085 2801.27 108000 
18300 18.6091 2816.78 108000 
18400 18.6096 2832.81 108000 
18500 18.6102 2848.38 108000 
18600 18.6108 2864.29 108000 
18700 18.6113 2879.97 108000 
18800 18.6116 2912.2 108000 
18900 18.6117 2928.49 108000 
19000 18.6119 2944.66 108000 
19100 18.612 2966.49 108000 
19200 18.612 2998.96 108000 
19300 18.6121 3014.81 108000 
19400 18.6121 3030.7 108000 
19500 18.6121 3046.55 108000 
19600 18.6122 3062.52 108000 
19700 18.6122 3078.45 108000 
19800 18.6123 3094.27 108000 
19900 18.6123 3110.23 108000 
20000 18.6123 3126.02 108000 
20100 18.6124 3145.69 108000 
20200 18.6124 3167.53 108000 
20300 18.6124 3183.79 108000 
20400 18.6124 3199.87 108000 
20500 18.6124 3216.04 108000 
20600 18.6125 3232.17 108000 
20700 18.6125 3248.3 108000 
20800 18.6125 3264.4 108000 
20900 18.6125 3280.51 108000 
21000 18.6125 3296.47 108000 
21100 18.6125 3312.6 108000 
21200 18.6126 3328.78 108000 
21300 18.6126 3344.93 108000 
21400 18.6126 3361.02 108000 
21500 18.6126 3377.14 108000 
21600 18.6126 3393.3 108000 
21700 18.6127 3409.61 108000 
21800 18.6127 3425.82 108000 
21900 18.6127 3441.8 108000 
22000 18.6127 3457.96 108000 
22100 18.6127 3473.91 108000 
22200 18.6127 3489.98 108000 
22300 18.6128 3506.13 108000 
22400 18.6128 3522.19 108000 
22500 18.6128 3538.2 108000 
22600 18.6128 3554.52 108000 
22700 18.6128 3570.78 108000 
22800 18.6129 3586.72 108000 
22900 18.6129 3602.95 108000 
23000 18.6129 3619.34 108000 
23100 18.6129 3635.61 108000 
23200 18.6129 3651.96 108000 
23300 18.6129 3667.87 108000 
23400 18.613 3684.29 108000 
23500 18.613 3700.06 108000 
23600 18.613 3716.72 108000 
23700 18.613 3733.06 108000 
23800 18.613 3749.82 108000 
23900 18.613 3765.88 108000 
24000 18.6131 3781.98 108000 
24100 18.6131 3798.28 108000 
24200 18.6131 3814.09 108000 
24300 18.6131 3830.29 108000 
24400 18.6131 3846.45 108000 
24500 18.6132 3862.67 108000 
24600 18.6132 3878.37 108000 
24700 18.6132 3893.84 108000 
24800 18.6132 3909.32 108000 
24900 18.6132 3925.21 108000 
25000 18.6132 3941.52 108000 
25100 18.6133 3958.2 108000 
25200 18.6133 3974.42 108000 
25300 18.6133 3990.74 108000 
25400 18.6133 4006.69 108000 
25500 18.6133 4022.94 108000 
25600 18.6134 4039.11 108000 
25700 18.6134 4055.24 108000 
25800 18.6134 4071.63 108000 
25900 18.6134 4087.34 108000 
26000 18.6134 4103.6 108000 
26100 18.6134 4119.43 108000 
26200 18.6135 4135.43 108000 
26300 18.6135 4151.06 108000 
26400 18.6135 4167.2 108000 
26500 18.6135 4183.43 108000 
26600 18.6135 4199.43 108000 
26700 18.6135 4215.46 108000 
26800 18.6136 4232.59 108000 
26900 18.6136 4249.53 108000 
27000 18.6136 4265.99 108000 
27100 18.6136 4282.06 108000 
27200 18.6136 4297.86 108000 
27300 18.6137 4314.12 108000 
27400 18.6137 4330.54 108000 
27500 18.6137 4347.01 108000 
27600 18.6137 4363.69 108000 
27700 18.6137 4380.55 108000 
27800 18.6137 4396.8 108000 
27900 18.6138 4412.96 108000 
28000 18.6138 4428.98 108000 
28100 18.6138 4445.52 108000 
28200 18.6138 4461.85 108000 
28300 18.6138 4477.96 108000 
28400 18.6138 4494.39 108000 
28500 18.6139 4510.38 108000 
28600 18.6139 4526.83 108000 
28700 18.6139 4543.22 108000 
28800 18.6139 4559.32 108000 
28900 18.6139 4575.51 108000 
29000 18.614 4591.98 108000 
29100 18.614 4608.18 108000 
29200 18.614 4624.47 108000 
29300 18.614 4641.03 108000 
29400 18.614 4657.02 108000 
29500 18.614 4673.07 108000 
29600 18.6141 4689.06 108000 
29700 18.6141 4705.38 108000 
29800 18.6141 4721.18 108000 
29900 18.6141 4737.4 108000 
30000 18.6141 4753.83 108000 
30100 18.6142 4769.56 108000 
30200 18.6142 4785.77 108000 
30300 18.6142 4801.96 108000 
30400 18.6142 4818.17 108000 
30500 18.6142 4834.52 108000 
30600 18.6142 4850.71 108000 
30700 18.6143 4866.71 108000 
30800 18.6143 4883.28 108000 
30900 18.6143 4899.59 108000 
31000 18.6143 4916.01 108000 
31100 18.6143 4932 108000 
31200 18.6143 4948.29 108000 
31300 18.6144 4964.43 108000 
31400 18.6144 4980.28 108000 
31500 18.6144 4996.11 108000 
31600 18.6144 5012.48 108000 
31700 18.6144 5028.8 108000 
31800 18.6145 5045.08 108000 
31900 18.6145 5060.73 108000 
32000 18.6145 5076.5 108000 
32100 18.6145 5092.07 108000 
32200 18.6145 5108.39 108000 
32300 18.6145 5124.05 108000 
32400 18.6146 5140.06 108000 
32500 18.6146 5156.61 108000 
32600 18.6146 5172.07 108000 
32700 18.6146 5188.31 108000 
32800 18.6146 5204.01 108000 
32900 18.6146 5220.39 108000 
33000 18.6147 5236.85 108000 
33100 18.6147 5253.35 108000 
33200 18.6147 5269.29 108000 
33300 18.6147 5285.94 108000 
33400 18.6147 5302.57 108000 
33500 18.6147 5318.81 108000 
33600 18.6148 5335.09 108000 
33700 18.6148 5351.53 108000 
33800 18.6148 5367.82 108000 
33900 18.6148 5384.02 108000 
34000 18.6148 5400.52 108000 
34100 18.6149 5416.72 108000 
