# Avida Average Data
# Fri Jun 15 12:01:12 2018
#  1: Update
#  2: Merit
#  3: Gestation Time
#  4: Fitness
#  5: Repro Rate?
#  6: (deprecated) Size
#  7: Copied Size
#  8: Executed Size
#  9: (deprecated) Abundance
# 10: Proportion of organisms that gave birth in this update
# 11: Proportion of Breed True Organisms
# 12: (deprecated) Genotype Depth
# 13: Generation
# 14: Neutral Metric
# 15: Lineage Label
# 16: True Replication Rate (based on births/update, time-averaged)

0 97 389 0 0 0 100 97 0 1 1 0 0 0 0 0 
100 94.7165 386.055 0.244869 0 0 99.1732 94.7165 0 0.00787402 0 0 7 -2.88283 0 0 
200 95.7519 386.663 0.247469 0 0 99.7958 95.7525 0 0.0177778 0.0133333 0 14.9258 -2.83838 0 0 
300 95.685 386.815 0.247335 0 0 100.123 95.7733 0 0.0547222 0.0363889 0 22.7714 -2.8202 0 0 
400 95.9628 388.549 0.247445 0 0 100.682 96.2236 0 0.0658333 0.0419444 0 30.5394 -2.99441 0 0 
500 96.4422 388.071 0.24932 0 0 101.076 96.7158 0 0.0661111 0.0452778 0 38.4175 -2.9704 0 0.16575 
600 97.3767 380.554 0.258494 0 0 102.028 97.4883 0 0.0544444 0.0358333 0 47.0844 -2.49437 0 0.165706 
700 97.7019 359.132 0.277584 0 0 102.007 97.7764 0 0.0447222 0.0241667 0 57.5247 -2.0836 0 0.168125 
800 98.6786 331.682 0.305144 0 0 102.996 98.8197 0 0.0647222 0.04 0 70.4275 -0.813544 0 0.172274 
900 100.158 313.392 0.32422 0 0 104.222 100.254 0 0.0577778 0.0377778 0 83.4242 -0.757885 0 0.17956 
1000 99.4569 303.906 0.331359 0 0 103.789 99.5128 0 0.0719444 0.0494444 0 94.9722 -0.863582 0 0.187387 
1100 100.43 302.408 0.335168 0 0 104.848 100.493 0 0.0647222 0.0411111 0 105.817 -0.734381 0 0.195614 
1200 99.3842 296.322 0.336837 0 0 103.88 99.4103 0 0.0641667 0.0422222 0 116.271 0.0465025 0 0.202504 
1300 105.702 302.699 0.354438 0 0 105.241 100.801 0 0.0802778 0.0486111 0 126.783 -0.627872 0 0.207658 
1400 372.212 286.124 1.31248 0 0 100.911 97.3825 0 0.095 0.0647222 0 150.955 -11.6999 0 0.288573 
1500 376.987 283.915 1.33558 0 0 100.824 97.2222 0 0.0683333 0.0477778 0 162.558 -12.3061 0 0.413783 
1600 376.142 283.223 1.33503 0 0 100.759 96.9978 0 0.0669444 0.0436111 0 173.681 -12.6795 0 0.538454 
1700 376.183 282.323 1.34033 0 0 100.837 96.9447 0 0.065 0.0472222 0 184.845 -12.4018 0 0.664657 
1800 372.888 281.897 1.32646 0 0 101.008 96.9756 0 0.0736111 0.0513889 0 195.939 -12.2744 0 0.790074 
1900 375.779 282.886 1.33437 0 0 101.302 97.2664 0 0.0683333 0.0477778 0 207.109 -12.1899 0 0.83778 
2000 376.077 284.945 1.33265 0 0 101.486 97.5267 0 0.0569444 0.0383333 0 218.285 -12.5556 0 0.839893 
2100 377.12 283.638 1.33751 0 0 101.465 97.4553 0 0.0697222 0.0480556 0 229.454 -12.5717 0 0.840101 
2200 376.371 280.773 1.34667 0 0 101.064 97.0275 0 0.0677778 0.0452778 0 240.667 -11.832 0 0.839281 
2300 376.118 282.098 1.34429 0 0 101.162 97.13 0 0.0622222 0.045 0 251.867 -10.8928 0 0.839419 
2400 375.033 283.022 1.34145 0 0 101.032 96.9342 0 0.07 0.0477778 0 263.274 -10.8357 0 0.839874 
2500 376.746 284.155 1.34293 0 0 101.357 97.4769 0 0.0725 0.0505556 0 274.532 -10.9275 0 0.839672 
2600 378.275 283.538 1.34814 0 0 101.516 97.6358 0 0.0758333 0.055 0 285.708 -11.6477 0 0.841576 
2700 379.39 281.76 1.35753 0 0 101.359 97.5044 0 0.0627778 0.0438889 0 296.983 -10.5601 0 0.844509 
2800 377.392 284.679 1.34599 0 0 101.864 97.9717 0 0.0563889 0.0372222 0 308.255 -10.447 0 0.846439 
2900 378.169 281.233 1.36257 0 0 101.056 97.1339 0 0.0716667 0.0491667 0 319.665 -9.73184 0 0.846931 
3000 375.62 281.018 1.35148 0 0 100.906 97.0308 0 0.0677778 0.0469444 0 330.965 -10.7053 0 0.850819 
3100 377.367 281.607 1.36137 0 0 101.024 97.0283 0 0.0719444 0.0494444 0 342.427 -10.1107 0 0.853129 
3200 376.871 281.254 1.35963 0 0 101.07 96.9492 0 0.0669444 0.0461111 0 353.87 -10.2237 0 0.853428 
3300 374.926 280.607 1.35614 0 0 101.029 96.9542 0 0.0733333 0.0508333 0 365.358 -9.16968 0 0.85409 
3400 376.892 279.167 1.36692 0 0 101.118 97.0989 0 0.0641667 0.0427778 0 376.953 -8.33832 0 0.855863 
3500 377.615 282.539 1.36486 0 0 101.051 96.9719 0 0.0688889 0.0505556 0 388.367 -8.16243 0 0.854628 
3600 376.721 280.603 1.36526 0 0 101.037 96.8394 0 0.07 0.0497222 0 399.908 -9.38987 0 0.854655 
3700 377.659 279.238 1.37209 0 0 101.251 97.4042 0 0.0619444 0.0436111 0 411.472 -10.6608 0 0.856067 
3800 378.796 280.988 1.37477 0 0 101.16 97.0228 0 0.0691667 0.0491667 0 422.812 -11.3621 0 0.857418 
3900 377.668 278.401 1.37407 0 0 101.053 96.9117 0 0.0605556 0.0416667 0 434.149 -8.66716 0 0.857879 
4000 377.12 279.366 1.37309 0 0 101.207 97.0542 0 0.0702778 0.0475 0 445.781 -7.7281 0 0.85946 
4100 377.257 276.923 1.37814 0 0 101.158 96.8172 0 0.0680556 0.0447222 0 457.175 -9.4647 0 0.861632 
4200 377.527 280.411 1.37439 0 0 101.289 96.9558 0 0.0725 0.0516667 0 468.649 -12.1428 0 0.862459 
4300 378.887 279.788 1.37783 0 0 101.553 97.2692 0 0.0630556 0.045 0 479.99 -11.8963 0 0.8626 
4400 380.106 279.032 1.3821 0 0 101.539 97.2897 0 0.0641667 0.0402778 0 491.477 -12.9012 0 0.862768 
4500 379.782 278.347 1.37896 0 0 101.868 97.4717 0 0.0663889 0.0458333 0 502.902 -14.2737 0 0.863714 
4600 380.868 280.772 1.37729 0 0 102.346 97.7994 0 0.0738889 0.0494444 0 514.242 -14.5791 0 0.862459 
4700 378.637 279.413 1.37481 0 0 102.044 97.465 0 0.0647222 0.0416667 0 525.779 -15.9074 0 0.860606 
4800 377.393 277.495 1.37928 0 0 101.52 96.9853 0 0.0702778 0.0491667 0 537.184 -15.2155 0 0.860316 
4900 376.579 278.986 1.37592 0 0 101.302 96.6256 0 0.0705556 0.0480556 0 548.7 -17.0269 0 0.860446 
5000 376.77 277.355 1.37976 0 0 101.181 96.5672 0 0.0755556 0.0491667 0 560.324 -17.8134 0 0.858785 
5100 376.684 277.829 1.38278 0 0 101.267 96.6547 0 0.0669444 0.0477778 0 571.777 -18.9404 0 0.859134 
5200 376.001 276.038 1.38142 0 0 101.054 96.4344 0 0.0594444 0.0441667 0 583.258 -15.0332 0 0.862282 
5300 374.004 276.19 1.37329 0 0 101.163 96.4828 0 0.0686111 0.0461111 0 594.696 -14.8177 0 0.862944 
5400 376.8 277.281 1.38312 0 0 101.209 96.5933 0 0.0722222 0.0505556 0 606.457 -15.2217 0 0.862802 
5500 376.077 277.346 1.38146 0 0 101.334 96.7153 0 0.0797222 0.0538889 0 618.142 -13.2067 0 0.864512 
5600 377.389 275.02 1.39189 0 0 101.42 96.7139 0 0.07 0.0502778 0 629.621 -15.259 0 0.866897 
5700 378.005 277.277 1.39178 0 0 101.504 97.015 0 0.0672222 0.0477778 0 641.277 -14.6817 0 0.868382 
5800 379.608 270.992 1.41614 0 0 101.494 96.9867 0 0.0675 0.0472222 0 653.279 -14.2018 0 0.871139 
5900 377.978 270.186 1.42726 0 0 101.309 96.9292 0 0.0761111 0.0527778 0 665.883 -13.2524 0 0.875732 
6000 374.809 261.902 1.45554 0 0 101.358 96.9197 0 0.0741667 0.0511111 0 680.087 -10.3006 0 0.881533 
6100 378.948 252.446 1.51893 0 0 101.574 97.1647 0 0.0791667 0.0538889 0 695.618 -10.2905 0 0.892055 
6200 378.861 245.841 1.55811 0 0 101.689 97.2747 0 0.0783333 0.0555556 0 711.196 -11.2778 0 0.908815 
6300 377.247 240.24 1.57709 0 0 101.655 97.245 0 0.0780556 0.0541667 0 726.097 -10.7729 0 0.92854 
6400 379.345 238.759 1.59326 0 0 101.771 97.2917 0 0.0788889 0.0533333 0 739.964 -9.84718 0 0.95031 
6500 379.614 238.708 1.59745 0 0 101.858 97.3708 0 0.0819444 0.0583333 0 753.413 -11.6209 0 0.968692 
6600 378.422 239.425 1.59485 0 0 101.786 97.3253 0 0.0877778 0.0583333 0 766.836 -12.5201 0 0.981712 
6700 380.066 237.523 1.6056 0 0 101.864 97.4033 0 0.0794444 0.0555556 0 780.263 -12.9239 0 0.986544 
6800 380.355 238.602 1.60586 0 0 101.945 97.4814 0 0.0741667 0.0525 0 793.759 -12.2627 0 0.991375 
6900 381.629 238.143 1.61884 0 0 102.135 97.8036 0 0.0769444 0.0544444 0 807.834 -12.113 0 0.99321 
7000 382.627 233.667 1.64591 0 0 102.246 97.7425 0 0.0736111 0.0480556 0 822.739 -11.5415 0 0.998035 
7100 384.406 235.424 1.66086 0 0 102.649 98.1531 0 0.0886111 0.0605556 0 838.013 -11.536 0 1.00412 
7200 386.084 232.817 1.68464 0 0 103.027 98.5769 0 0.0875 0.0625 0 854.037 -12.4016 0 1.0148 
7300 387.683 231.881 1.70932 0 0 103.302 98.8478 0 0.0794444 0.0544444 0 870.47 -11.2038 0 1.02792 
7400 388.373 233.316 1.71373 0 0 103.577 99.0514 0 0.0877778 0.0622222 0 885.289 -10.8165 0 1.04161 
7500 387.347 230.465 1.7232 0 0 103.455 98.7675 0 0.0941667 0.0622222 0 899.746 -9.73661 0 1.05447 
7600 389.579 231.043 1.73169 0 0 103.628 98.9611 0 0.08 0.0563889 0 914.517 -9.84894 0 1.06515 
7700 389.456 229.927 1.73569 0 0 103.71 99.1403 0 0.0894444 0.0661111 0 928.768 -8.77094 0 1.07473 
7800 389.119 231.364 1.73376 0 0 103.696 99.1056 0 0.0786111 0.0558333 0 942.919 -9.21823 0 1.07801 
7900 389.441 229.783 1.73859 0 0 103.729 99.3169 0 0.0766667 0.0497222 0 957.044 -10.567 0 1.08137 
8000 390.045 230.001 1.74298 0 0 103.729 99.3431 0 0.0822222 0.0588889 0 971.058 -9.49924 0 1.08323 
8100 390.332 233.002 1.73866 0 0 103.759 99.2725 0 0.0861111 0.0594444 0 985.171 -9.72252 0 1.0861 
8200 391.444 230.989 1.7456 0 0 103.762 99.3381 0 0.0780556 0.0541667 0 999.182 -10.3835 0 1.08643 
8300 389.359 227.841 1.74601 0 0 103.677 99.22 0 0.0869444 0.0602778 0 1013.39 -10.344 0 1.08867 
8400 388.514 227.313 1.74797 0 0 103.654 99.0611 0 0.0872222 0.0586111 0 1027.63 -11.2462 0 1.08883 
8500 390.875 228.04 1.76082 0 0 103.957 99.4444 0 0.09 0.0611111 0 1042.08 -12.3709 0 1.0904 
8600 391.104 225.333 1.76895 0 0 103.966 99.4439 0 0.0863889 0.0597222 0 1056.47 -12.9074 0 1.09222 
8700 389.476 224.016 1.77047 0 0 103.928 99.3981 0 0.0822222 0.0569444 0 1071.3 -10.7934 0 1.09545 
8800 391.197 224.953 1.7813 0 0 104.088 99.5939 0 0.0883333 0.0591667 0 1086.24 -11.8528 0 1.09626 
8900 391.184 224.858 1.78705 0 0 104.058 99.4558 0 0.0833333 0.0561111 0 1101.39 -10.4218 0 1.10128 
9000 391.756 221.238 1.80416 0 0 104.163 99.5197 0 0.085 0.0563889 0 1116.47 -11.3629 0 1.10524 
9100 391.254 223.449 1.80187 0 0 104.296 99.7117 0 0.0919444 0.0661111 0 1131.74 -12.3553 0 1.10871 
9200 390.554 220.446 1.81102 0 0 104.382 99.7319 0 0.0875 0.0583333 0 1147.03 -12.7341 0 1.11256 
9300 393.754 220.045 1.82833 0 0 104.581 99.9553 0 0.09 0.0641667 0 1161.97 -14.9544 0 1.11839 
9400 393.08 216.222 1.83167 0 0 104.618 99.9597 0 0.0902778 0.065 0 1176.93 -15.3353 0 1.1231 
9500 392.617 217.354 1.82681 0 0 104.605 100.084 0 0.0830556 0.0572222 0 1191.85 -16.4291 0 1.12897 
9600 393.364 216.897 1.83494 0 0 104.691 99.9994 0 0.0830556 0.0597222 0 1206.76 -17.7854 0 1.13146 
9700 394.814 215.607 1.8438 0 0 104.692 100.139 0 0.0922222 0.065 0 1221.65 -16.0458 0 1.13384 
9800 392.692 216.023 1.83378 0 0 104.762 100.167 0 0.0852778 0.0563889 0 1236.19 -16.9694 0 1.13678 
9900 393.663 216.657 1.83781 0 0 104.666 99.9158 0 0.0838889 0.0597222 0 1250.91 -16.7262 0 1.13666 
10000 393.586 217.532 1.84 0 0 104.721 100.093 0 0.0816667 0.0547222 0 1265.75 -18.061 0 1.13487 
