# Avida count data
# Fri Jun 15 12:01:12 2018
#  1: update
#  2: number of insts executed this update
#  3: number of organisms
#  4: number of different genotypes
#  5: number of different threshold genotypes
#  6: (deprecated) number of different species
#  7: (deprecated) number of different threshold species
#  8: (deprecated) number of different lineages
#  9: number of births in this update
# 10: number of deaths in this update
# 11: number of breed true
# 12: number of breed true organisms?
# 13: number of no-birth organisms
# 14: number of single-threaded organisms
# 15: number of multi-threaded organisms
# 16: number of modified organisms

0 30 1 1 1 0 0 0 1 0 1 1 1 1 0 0 
100 3780 127 33 6 0 0 0 1 0 0 91 63 127 0 0 
200 108000 3600 1399 344 0 0 0 64 64 48 2457 1809 3600 0 0 
300 108000 3600 1774 603 0 0 0 197 197 131 2394 1852 3600 0 0 
400 108000 3600 1878 628 0 0 0 237 237 151 2360 1833 3600 0 0 
500 108000 3600 1913 671 0 0 0 238 238 163 2367 1829 3600 0 0 
600 108000 3600 1962 665 0 0 0 196 196 129 2300 1859 3600 0 0 
700 108000 3600 1923 644 0 0 0 161 161 87 2306 1865 3600 0 0 
800 108000 3600 1873 601 0 0 0 233 233 144 2301 1894 3600 0 0 
900 108000 3600 1846 576 0 0 0 208 208 136 2294 1907 3600 0 0 
1000 108000 3600 1853 596 0 0 0 259 259 178 2300 1902 3600 0 0 
1100 108000 3600 1826 610 0 0 0 233 233 148 2350 1905 3600 0 0 
1200 108000 3600 1817 607 0 0 0 231 231 152 2362 1911 3600 0 0 
1300 108000 3600 1836 613 0 0 0 289 289 175 2392 1921 3600 0 0 
1400 108000 3600 1447 404 0 0 0 342 342 233 2557 1931 3600 0 0 
1500 108000 3600 1599 501 0 0 0 246 246 172 2520 1922 3600 0 0 
1600 108000 3600 1722 537 0 0 0 241 241 157 2457 1908 3600 0 0 
1700 108000 3600 1643 547 0 0 0 234 234 170 2536 1920 3600 0 0 
1800 108000 3600 1725 569 0 0 0 265 265 185 2477 1895 3600 0 0 
1900 108000 3600 1718 571 0 0 0 246 246 172 2470 1890 3600 0 0 
2000 108000 3600 1731 548 0 0 0 205 205 138 2472 1919 3600 0 0 
2100 108000 3600 1746 573 0 0 0 251 251 173 2462 1933 3600 0 0 
2200 108000 3600 1721 566 0 0 0 244 244 163 2478 1919 3600 0 0 
2300 108000 3600 1672 553 0 0 0 224 224 162 2516 1930 3600 0 0 
2400 108000 3600 1718 598 0 0 0 252 252 172 2523 1915 3600 0 0 
2500 108000 3600 1677 568 0 0 0 261 261 182 2519 1896 3600 0 0 
2600 108000 3600 1697 563 0 0 0 273 273 198 2494 1922 3600 0 0 
2700 108000 3600 1727 578 0 0 0 226 226 158 2484 1897 3600 0 0 
2800 108000 3600 1749 546 0 0 0 203 203 134 2469 1924 3600 0 0 
2900 108000 3600 1682 562 0 0 0 258 258 177 2522 1928 3600 0 0 
3000 108000 3600 1707 561 0 0 0 244 244 169 2478 1946 3600 0 0 
3100 108000 3600 1728 562 0 0 0 259 259 178 2475 1942 3600 0 0 
3200 108000 3600 1697 545 0 0 0 241 241 166 2497 1909 3600 0 0 
3300 108000 3600 1757 560 0 0 0 264 264 183 2450 1892 3600 0 0 
3400 108000 3600 1692 581 0 0 0 231 231 154 2522 1921 3600 0 0 
3500 108000 3600 1716 585 0 0 0 248 248 182 2503 1919 3600 0 0 
3600 108000 3600 1630 537 0 0 0 252 252 179 2543 1906 3600 0 0 
3700 108000 3600 1667 561 0 0 0 223 223 157 2533 1884 3600 0 0 
3800 108000 3600 1734 584 0 0 0 249 249 177 2514 1938 3600 0 0 
3900 108000 3600 1714 585 0 0 0 218 218 150 2533 1934 3600 0 0 
4000 108000 3600 1707 591 0 0 0 253 253 171 2521 1902 3600 0 0 
4100 108000 3600 1704 554 0 0 0 245 245 161 2504 1898 3600 0 0 
4200 108000 3600 1729 576 0 0 0 261 261 186 2491 1922 3600 0 0 
4300 108000 3600 1695 586 0 0 0 227 227 162 2527 1933 3600 0 0 
4400 108000 3600 1691 549 0 0 0 231 231 145 2486 1892 3600 0 0 
4500 108000 3600 1732 552 0 0 0 239 239 165 2457 1906 3600 0 0 
4600 108000 3600 1718 555 0 0 0 266 266 178 2482 1945 3600 0 0 
4700 108000 3600 1755 595 0 0 0 233 233 150 2467 1953 3600 0 0 
4800 108000 3600 1685 573 0 0 0 253 253 177 2543 1896 3600 0 0 
4900 108000 3600 1756 588 0 0 0 254 254 173 2469 1916 3600 0 0 
5000 108000 3600 1723 568 0 0 0 272 272 177 2479 1904 3600 0 0 
5100 108000 3600 1696 608 0 0 0 241 241 172 2528 1919 3600 0 0 
5200 108000 3600 1689 596 0 0 0 214 214 159 2540 1910 3600 0 0 
5300 108000 3600 1788 579 0 0 0 247 247 166 2443 1931 3600 0 0 
5400 108000 3600 1711 594 0 0 0 260 260 182 2534 1924 3600 0 0 
5500 108000 3600 1733 581 0 0 0 287 287 194 2481 1917 3600 0 0 
5600 108000 3600 1679 557 0 0 0 252 252 181 2519 1904 3600 0 0 
5700 108000 3600 1712 583 0 0 0 242 242 172 2497 1900 3600 0 0 
5800 108000 3600 1713 595 0 0 0 243 243 170 2505 1941 3600 0 0 
5900 108000 3600 1672 584 0 0 0 274 274 190 2538 1902 3600 0 0 
6000 108000 3600 1702 556 0 0 0 267 267 184 2506 1950 3600 0 0 
6100 108000 3600 1680 562 0 0 0 285 285 194 2512 1897 3600 0 0 
6200 108000 3600 1677 559 0 0 0 282 282 200 2533 1932 3600 0 0 
6300 108000 3600 1699 546 0 0 0 281 281 195 2490 1944 3600 0 0 
6400 108000 3600 1689 569 0 0 0 284 284 192 2522 1938 3600 0 0 
6500 108000 3600 1656 588 0 0 0 295 295 210 2564 1931 3600 0 0 
6600 108000 3600 1668 563 0 0 0 316 316 210 2539 1921 3600 0 0 
6700 108000 3600 1677 595 0 0 0 286 286 200 2550 1930 3600 0 0 
6800 108000 3600 1642 545 0 0 0 267 267 189 2541 1915 3600 0 0 
6900 108000 3600 1667 557 0 0 0 277 277 196 2523 1938 3600 0 0 
7000 108000 3600 1729 601 0 0 0 265 265 173 2492 1925 3600 0 0 
7100 108000 3600 1732 604 0 0 0 319 319 218 2475 1922 3600 0 0 
7200 108000 3600 1739 582 0 0 0 315 315 225 2459 1921 3600 0 0 
7300 108000 3600 1726 592 0 0 0 286 286 196 2512 1900 3600 0 0 
7400 108000 3600 1690 591 0 0 0 316 316 224 2526 1915 3600 0 0 
7500 108000 3600 1790 601 0 0 0 339 339 224 2437 1943 3600 0 0 
7600 108000 3600 1761 599 0 0 0 288 288 203 2458 1940 3600 0 0 
7700 108000 3600 1789 610 0 0 0 322 322 238 2470 1933 3600 0 0 
7800 108000 3600 1716 623 0 0 0 283 283 201 2536 1935 3600 0 0 
7900 108000 3600 1683 579 0 0 0 276 276 179 2527 1913 3600 0 0 
8000 108000 3600 1756 609 0 0 0 296 296 212 2482 1930 3600 0 0 
8100 108000 3600 1733 593 0 0 0 310 310 214 2499 1907 3600 0 0 
8200 108000 3600 1749 612 0 0 0 281 281 195 2497 1964 3600 0 0 
8300 108000 3600 1766 587 0 0 0 313 313 217 2492 1893 3600 0 0 
8400 108000 3600 1778 609 0 0 0 314 314 211 2494 1913 3600 0 0 
8500 108000 3600 1744 626 0 0 0 324 324 220 2523 1923 3600 0 0 
8600 108000 3600 1725 596 0 0 0 311 311 215 2519 1915 3600 0 0 
8700 108000 3600 1772 574 0 0 0 296 296 205 2441 1936 3600 0 0 
8800 108000 3600 1761 574 0 0 0 318 318 213 2433 1949 3600 0 0 
8900 108000 3600 1762 598 0 0 0 300 300 202 2474 1921 3600 0 0 
9000 108000 3600 1729 553 0 0 0 306 306 203 2445 1908 3600 0 0 
9100 108000 3600 1693 582 0 0 0 331 331 238 2518 1922 3600 0 0 
9200 108000 3600 1783 613 0 0 0 315 315 210 2466 1937 3600 0 0 
9300 108000 3600 1711 580 0 0 0 324 324 231 2517 1916 3600 0 0 
9400 108000 3600 1725 601 0 0 0 325 325 234 2523 1932 3600 0 0 
9500 108000 3600 1741 596 0 0 0 299 299 206 2490 1959 3600 0 0 
9600 108000 3600 1784 573 0 0 0 299 299 215 2429 1930 3600 0 0 
9700 108000 3600 1743 629 0 0 0 332 332 234 2494 1928 3600 0 0 
9800 108000 3600 1751 617 0 0 0 307 307 203 2513 1955 3600 0 0 
9900 108000 3600 1720 585 0 0 0 302 302 215 2509 1944 3600 0 0 
10000 108000 3600 1745 605 0 0 0 294 294 197 2498 1937 3600 0 0 
