# Avida count data
# Mon Jun 18 09:37:27 2018
#  1: update
#  2: number of insts executed this update
#  3: number of organisms
#  4: number of different genotypes
#  5: number of different threshold genotypes
#  6: (deprecated) number of different species
#  7: (deprecated) number of different threshold species
#  8: (deprecated) number of different lineages
#  9: number of births in this update
# 10: number of deaths in this update
# 11: number of breed true
# 12: number of breed true organisms?
# 13: number of no-birth organisms
# 14: number of single-threaded organisms
# 15: number of multi-threaded organisms
# 16: number of modified organisms

0 30 1 1 1 0 0 0 1 0 1 1 1 1 0 0 
100 3480 123 43 9 0 0 0 7 0 3 79 63 123 0 0 
200 108000 3600 1427 365 0 0 0 52 52 43 2396 1849 3600 0 0 
300 108000 3600 1795 593 0 0 0 141 141 97 2406 1847 3600 0 0 
400 108000 3600 1932 660 0 0 0 211 211 137 2331 1840 3600 0 0 
500 108000 3600 1873 665 0 0 0 165 165 119 2375 1844 3600 0 0 
600 108000 3600 1929 692 0 0 0 176 176 123 2344 1828 3600 0 0 
700 108000 3600 1926 677 0 0 0 186 186 120 2355 1868 3600 0 0 
800 108000 3600 1949 700 0 0 0 172 172 109 2346 1849 3600 0 0 
900 108000 3600 1891 680 0 0 0 175 175 129 2428 1852 3600 0 0 
1000 108000 3600 1924 692 0 0 0 215 215 135 2389 1844 3600 0 0 
1100 108000 3600 1902 696 0 0 0 219 219 145 2443 1854 3600 0 0 
1200 108000 3600 1909 678 0 0 0 203 203 141 2383 1852 3600 0 0 
1300 108000 3600 1961 700 0 0 0 172 172 109 2365 1855 3600 0 0 
1400 108000 3600 1967 699 0 0 0 197 197 127 2336 1829 3600 0 0 
1500 108000 3600 1956 690 0 0 0 180 180 109 2370 1847 3600 0 0 
1600 108000 3600 1901 635 0 0 0 192 192 118 2346 1854 3600 0 0 
1700 108000 3600 1837 605 0 0 0 171 171 106 2412 1881 3600 0 0 
1800 108000 3600 1768 613 0 0 0 216 216 157 2478 1914 3600 0 0 
1900 108000 3600 1760 605 0 0 0 270 270 183 2469 1872 3600 0 0 
2000 108000 3600 1775 638 0 0 0 217 217 146 2490 1947 3600 0 0 
2100 108000 3600 1747 627 0 0 0 240 240 163 2508 1886 3600 0 0 
2200 108000 3600 1769 624 0 0 0 250 250 176 2483 1943 3600 0 0 
2300 108000 3600 1758 621 0 0 0 272 272 182 2502 1903 3600 0 0 
2400 108000 3600 1737 619 0 0 0 271 271 189 2536 1916 3600 0 0 
2500 108000 3600 1757 626 0 0 0 254 254 179 2512 1913 3600 0 0 
2600 108000 3600 1721 609 0 0 0 256 256 168 2504 1932 3600 0 0 
2700 108000 3600 1727 610 0 0 0 280 280 200 2480 1934 3600 0 0 
2800 108000 3600 1707 631 0 0 0 279 279 195 2546 1931 3600 0 0 
2900 108000 3600 1737 623 0 0 0 296 296 208 2503 1935 3600 0 0 
3000 108000 3600 1727 605 0 0 0 301 301 216 2524 1953 3600 0 0 
3100 108000 3600 1757 636 0 0 0 273 273 196 2516 1918 3600 0 0 
3200 108000 3600 1708 616 0 0 0 299 299 204 2515 1912 3600 0 0 
3300 108000 3600 1734 618 0 0 0 286 286 192 2526 1914 3600 0 0 
3400 108000 3600 1710 637 0 0 0 303 303 217 2561 1919 3600 0 0 
3500 108000 3600 1751 598 0 0 0 296 296 200 2486 1927 3600 0 0 
3600 108000 3600 1699 615 0 0 0 301 301 203 2555 1876 3600 0 0 
3700 108000 3600 1755 595 0 0 0 308 308 220 2473 1944 3600 0 0 
3800 108000 3600 1784 627 0 0 0 309 309 210 2487 1928 3600 0 0 
3900 108000 3600 1771 632 0 0 0 317 317 226 2489 1925 3600 0 0 
4000 108000 3600 1741 615 0 0 0 287 287 203 2497 1897 3600 0 0 
4100 108000 3600 1777 614 0 0 0 327 327 224 2453 1934 3600 0 0 
4200 108000 3600 1763 625 0 0 0 298 298 214 2501 1940 3600 0 0 
4300 108000 3600 1764 621 0 0 0 310 310 203 2500 1928 3600 0 0 
4400 108000 3600 1705 621 0 0 0 277 277 194 2548 1906 3600 0 0 
4500 108000 3600 1728 610 0 0 0 278 278 195 2514 1917 3600 0 0 
4600 108000 3600 1769 621 0 0 0 316 316 208 2513 1929 3600 0 0 
4700 108000 3600 1775 604 0 0 0 304 304 212 2462 1932 3600 0 0 
4800 108000 3600 1740 612 0 0 0 249 249 179 2509 1966 3600 0 0 
4900 108000 3600 1779 614 0 0 0 314 314 197 2463 1925 3600 0 0 
5000 108000 3600 1770 636 0 0 0 287 287 204 2497 1929 3600 0 0 
5100 108000 3600 1792 631 0 0 0 292 292 193 2440 1951 3600 0 0 
5200 108000 3600 1740 627 0 0 0 294 294 198 2544 1932 3600 0 0 
5300 108000 3600 1780 628 0 0 0 290 290 202 2486 1928 3600 0 0 
5400 108000 3600 1710 593 0 0 0 314 314 220 2526 1909 3600 0 0 
5500 108000 3600 1775 630 0 0 0 329 329 226 2506 1918 3600 0 0 
5600 108000 3600 1665 610 0 0 0 316 316 235 2553 1940 3600 0 0 
5700 108000 3600 1742 627 0 0 0 330 330 237 2524 1916 3600 0 0 
5800 108000 3600 1759 660 0 0 0 304 304 217 2525 1949 3600 0 0 
5900 108000 3600 1752 633 0 0 0 341 341 253 2506 1929 3600 0 0 
6000 108000 3600 1763 653 0 0 0 314 314 221 2486 1910 3600 0 0 
6100 108000 3600 1723 632 0 0 0 350 350 243 2529 1938 3600 0 0 
6200 108000 3600 1747 624 0 0 0 302 302 202 2493 1916 3600 0 0 
6300 108000 3600 1683 609 0 0 0 306 306 202 2586 1909 3600 0 0 
6400 108000 3600 1731 615 0 0 0 323 323 239 2518 1920 3600 0 0 
6500 108000 3600 1699 595 0 0 0 328 328 238 2537 1924 3600 0 0 
6600 108000 3600 1687 626 0 0 0 326 326 234 2557 1924 3600 0 0 
6700 108000 3600 1698 629 0 0 0 307 307 220 2548 1922 3600 0 0 
6800 108000 3600 1745 612 0 0 0 313 313 220 2516 1926 3600 0 0 
6900 108000 3600 1744 646 0 0 0 339 339 223 2513 1953 3600 0 0 
7000 108000 3600 1765 637 0 0 0 311 311 222 2480 1934 3600 0 0 
7100 108000 3600 1715 612 0 0 0 324 324 225 2509 1912 3600 0 0 
7200 108000 3600 1779 636 0 0 0 310 310 218 2502 1944 3600 0 0 
7300 108000 3600 1773 645 0 0 0 278 278 204 2523 1925 3600 0 0 
7400 108000 3600 1719 650 0 0 0 309 309 219 2568 1926 3600 0 0 
7500 108000 3600 1735 618 0 0 0 346 346 238 2540 1936 3600 0 0 
7600 108000 3600 1767 611 0 0 0 288 288 193 2463 1939 3600 0 0 
7700 108000 3600 1737 637 0 0 0 289 289 208 2521 1915 3600 0 0 
7800 108000 3600 1759 630 0 0 0 323 323 230 2510 1935 3600 0 0 
7900 108000 3600 1704 592 0 0 0 301 301 216 2523 1920 3600 0 0 
8000 108000 3600 1776 635 0 0 0 303 303 218 2492 1938 3600 0 0 
8100 108000 3600 1755 635 0 0 0 320 320 217 2493 1962 3600 0 0 
8200 108000 3600 1737 645 0 0 0 357 357 255 2564 1930 3600 0 0 
8300 108000 3600 1765 628 0 0 0 320 320 222 2480 1951 3600 0 0 
8400 108000 3600 1725 598 0 0 0 337 337 236 2517 1934 3600 0 0 
8500 108000 3600 1784 641 0 0 0 316 316 226 2481 1946 3600 0 0 
8600 108000 3600 1735 648 0 0 0 311 311 220 2535 1935 3600 0 0 
8700 108000 3600 1773 625 0 0 0 327 327 239 2480 1913 3600 0 0 
8800 108000 3600 1758 627 0 0 0 298 298 194 2504 1937 3600 0 0 
8900 108000 3600 1691 609 0 0 0 283 283 205 2542 1917 3600 0 0 
9000 108000 3600 1725 633 0 0 0 278 278 198 2524 1950 3600 0 0 
9100 108000 3600 1765 611 0 0 0 293 293 185 2453 1940 3600 0 0 
9200 108000 3600 1771 624 0 0 0 306 306 223 2490 1918 3600 0 0 
9300 108000 3600 1777 639 0 0 0 286 286 194 2484 1921 3600 0 0 
9400 108000 3600 1715 628 0 0 0 300 300 204 2530 1946 3600 0 0 
9500 108000 3600 1726 634 0 0 0 317 317 232 2529 1912 3600 0 0 
9600 108000 3600 1688 611 0 0 0 340 340 239 2573 1893 3600 0 0 
9700 108000 3600 1703 604 0 0 0 310 310 225 2520 1923 3600 0 0 
9800 108000 3600 1703 594 0 0 0 344 344 233 2506 1920 3600 0 0 
9900 108000 3600 1778 651 0 0 0 255 255 176 2491 1960 3600 0 0 
10000 108000 3600 1685 608 0 0 0 341 341 251 2554 1938 3600 0 0 
10100 108000 3600 1786 616 0 0 0 290 290 206 2480 1922 3600 0 0 
10200 108000 3600 1738 627 0 0 0 306 306 213 2507 1929 3600 0 0 
10300 108000 3600 1756 585 0 0 0 286 286 194 2453 1923 3600 0 0 
10400 108000 3600 1733 652 0 0 0 310 310 222 2524 1927 3600 0 0 
10500 108000 3600 1772 623 0 0 0 311 311 208 2482 1952 3600 0 0 
10600 108000 3600 1702 631 0 0 0 289 289 207 2553 1929 3600 0 0 
10700 108000 3600 1743 626 0 0 0 330 330 230 2489 1917 3600 0 0 
10800 108000 3600 1735 604 0 0 0 306 306 213 2495 1925 3600 0 0 
10900 108000 3600 1728 613 0 0 0 327 327 235 2532 1911 3600 0 0 
11000 108000 3600 1760 633 0 0 0 373 373 271 2502 1958 3600 0 0 
11100 108000 3600 1772 644 0 0 0 330 330 239 2498 1943 3600 0 0 
11200 108000 3600 1746 622 0 0 0 277 277 205 2493 1936 3600 0 0 
11300 108000 3600 1757 626 0 0 0 302 302 207 2517 1931 3600 0 0 
11400 108000 3600 1783 627 0 0 0 301 301 211 2486 1957 3600 0 0 
11500 108000 3600 1723 657 0 0 0 308 308 208 2546 1915 3600 0 0 
11600 108000 3600 1716 616 0 0 0 311 311 207 2527 1932 3600 0 0 
11700 108000 3600 1754 620 0 0 0 352 352 251 2502 1928 3600 0 0 
11800 108000 3600 1748 623 0 0 0 293 293 205 2473 1934 3600 0 0 
11900 108000 3600 1736 612 0 0 0 318 318 219 2517 1933 3600 0 0 
12000 108000 3600 1765 619 0 0 0 324 324 220 2482 1947 3600 0 0 
12100 108000 3600 1763 614 0 0 0 303 303 213 2494 1962 3600 0 0 
12200 108000 3600 1739 639 0 0 0 323 323 229 2529 1918 3600 0 0 
12300 108000 3600 1734 649 0 0 0 283 283 197 2519 1926 3600 0 0 
12400 108000 3600 1725 622 0 0 0 267 267 188 2508 1942 3600 0 0 
12500 108000 3600 1757 637 0 0 0 292 292 193 2500 1930 3600 0 0 
12600 108000 3600 1713 619 0 0 0 304 304 210 2510 1944 3600 0 0 
12700 108000 3600 1755 609 0 0 0 324 324 226 2498 1951 3600 0 0 
12800 108000 3600 1755 616 0 0 0 341 341 231 2472 1954 3600 0 0 
12900 108000 3600 1752 641 0 0 0 296 296 221 2505 1943 3600 0 0 
13000 108000 3600 1754 616 0 0 0 310 310 216 2470 1947 3600 0 0 
13100 108000 3600 1754 624 0 0 0 295 295 209 2498 1947 3600 0 0 
13200 108000 3600 1738 644 0 0 0 276 276 185 2525 1940 3600 0 0 
13300 108000 3600 1790 603 0 0 0 292 292 193 2446 1954 3600 0 0 
13400 108000 3600 1782 620 0 0 0 318 318 206 2481 1949 3600 0 0 
13500 108000 3600 1748 629 0 0 0 327 327 221 2522 1950 3600 0 0 
13600 108000 3600 1780 645 0 0 0 302 302 214 2515 1950 3600 0 0 
13700 108000 3600 1764 616 0 0 0 306 306 212 2494 1943 3600 0 0 
13800 108000 3600 1768 630 0 0 0 322 322 225 2494 1969 3600 0 0 
13900 108000 3600 1762 627 0 0 0 337 337 245 2501 1983 3600 0 0 
14000 108000 3600 1742 633 0 0 0 330 330 234 2536 1940 3600 0 0 
14100 108000 3600 1705 605 0 0 0 305 305 217 2540 1921 3600 0 0 
14200 108000 3600 1746 646 0 0 0 318 318 217 2553 1931 3600 0 0 
14300 108000 3600 1760 608 0 0 0 268 268 179 2479 1956 3600 0 0 
14400 108000 3600 1762 643 0 0 0 307 307 205 2501 1910 3600 0 0 
14500 108000 3600 1786 594 0 0 0 267 267 187 2454 1937 3600 0 0 
14600 108000 3600 1762 624 0 0 0 285 285 206 2481 1915 3600 0 0 
14700 108000 3600 1715 616 0 0 0 303 303 217 2526 1948 3600 0 0 
14800 108000 3600 1698 622 0 0 0 314 314 233 2550 1913 3600 0 0 
14900 108000 3600 1765 628 0 0 0 286 286 191 2499 1953 3600 0 0 
15000 108000 3600 1820 640 0 0 0 292 292 202 2448 1942 3600 0 0 
15100 108000 3600 1713 601 0 0 0 275 275 195 2516 1938 3600 0 0 
15200 108000 3600 1773 631 0 0 0 338 338 249 2502 1949 3600 0 0 
15300 108000 3600 1803 632 0 0 0 266 266 193 2450 1936 3600 0 0 
15400 108000 3600 1721 641 0 0 0 310 310 222 2537 1900 3600 0 0 
15500 108000 3600 1698 627 0 0 0 275 275 202 2562 1934 3600 0 0 
15600 108000 3600 1753 632 0 0 0 313 313 222 2511 1935 3600 0 0 
15700 108000 3600 1780 610 0 0 0 282 282 195 2471 1925 3600 0 0 
15800 108000 3600 1753 637 0 0 0 283 283 188 2504 1921 3600 0 0 
15900 108000 3600 1722 635 0 0 0 309 309 221 2548 1947 3600 0 0 
16000 108000 3600 1767 612 0 0 0 290 290 197 2488 1931 3600 0 0 
16100 108000 3600 1777 634 0 0 0 282 282 187 2491 1938 3600 0 0 
16200 108000 3600 1766 615 0 0 0 279 279 196 2472 1931 3600 0 0 
16300 108000 3600 1822 611 0 0 0 293 293 187 2413 1954 3600 0 0 
16400 108000 3600 1651 505 0 0 0 301 301 204 2489 1917 3600 0 0 
16500 108000 3600 1557 445 0 0 0 362 362 257 2533 1940 3600 0 0 
16600 108000 3600 1545 414 0 0 0 283 283 188 2500 1946 3600 0 0 
16700 108000 3600 1559 455 0 0 0 180 180 139 2521 1900 3600 0 0 
16800 108000 3600 1537 425 0 0 0 264 264 194 2509 1922 3600 0 0 
16900 108000 3600 1652 458 0 0 0 256 256 177 2461 1941 3600 0 0 
17000 108000 3600 1679 521 0 0 0 338 338 220 2508 1922 3600 0 0 
17100 108000 3600 1691 501 0 0 0 307 307 206 2455 1926 3600 0 0 
17200 108000 3600 1631 512 0 0 0 284 284 207 2516 1923 3600 0 0 
17300 108000 3600 1643 532 0 0 0 281 281 203 2510 1943 3600 0 0 
17400 108000 3600 1692 526 0 0 0 342 342 236 2486 1940 3600 0 0 
17500 108000 3600 1642 497 0 0 0 330 330 216 2511 1922 3600 0 0 
17600 108000 3600 1674 530 0 0 0 310 310 213 2485 1911 3600 0 0 
17700 108000 3600 1714 545 0 0 0 357 357 256 2484 1937 3600 0 0 
17800 108000 3600 1663 533 0 0 0 279 279 201 2547 1950 3600 0 0 
17900 108000 3600 1690 501 0 0 0 316 316 217 2477 1925 3600 0 0 
18000 108000 3600 1654 533 0 0 0 310 310 210 2512 1942 3600 0 0 
18100 108000 3600 1640 540 0 0 0 316 316 224 2539 1931 3600 0 0 
18200 108000 3600 1689 507 0 0 0 252 252 170 2461 1951 3600 0 0 
18300 108000 3600 1695 536 0 0 0 294 294 203 2481 1963 3600 0 0 
18400 108000 3600 1693 551 0 0 0 237 237 147 2516 1953 3600 0 0 
18500 108000 3600 1618 510 0 0 0 324 324 225 2541 1922 3600 0 0 
18600 108000 3600 1687 534 0 0 0 262 262 188 2501 1912 3600 0 0 
18700 108000 3600 1651 543 0 0 0 303 303 205 2536 1911 3600 0 0 
18800 108000 3600 1621 561 0 0 0 273 273 187 2549 1938 3600 0 0 
18900 108000 3600 1687 563 0 0 0 292 292 203 2517 1942 3600 0 0 
19000 108000 3600 1671 539 0 0 0 282 282 199 2500 1924 3600 0 0 
19100 108000 3600 1698 536 0 0 0 292 292 202 2481 1934 3600 0 0 
19200 108000 3600 1671 547 0 0 0 301 301 212 2515 1922 3600 0 0 
19300 108000 3600 1635 523 0 0 0 313 313 208 2514 1915 3600 0 0 
19400 108000 3600 1654 531 0 0 0 358 358 238 2510 1950 3600 0 0 
19500 108000 3600 1642 500 0 0 0 310 310 208 2515 1948 3600 0 0 
19600 108000 3600 1662 526 0 0 0 315 315 216 2508 1931 3600 0 0 
19700 108000 3600 1654 558 0 0 0 352 352 242 2542 1930 3600 0 0 
19800 108000 3600 1660 517 0 0 0 304 304 218 2507 1943 3600 0 0 
19900 108000 3600 1652 527 0 0 0 308 308 211 2532 1945 3600 0 0 
20000 108000 3600 1664 515 0 0 0 284 284 206 2506 1914 3600 0 0 
