# Avida Dominant Data
# Mon Jun 18 09:37:27 2018
#  1: Update
#  2: Average Merit of the Dominant Genotype
#  3: Average Gestation Time of the Dominant Genotype
#  4: Average Fitness of the Dominant Genotype
#  5: Repro Rate?
#  6: Size of Dominant Genotype
#  7: Copied Size of Dominant Genotype
#  8: Executed Size of Dominant Genotype
#  9: Abundance of Dominant Genotype
# 10: Number of Births
# 11: Number of Dominant Breed True?
# 12: Dominant Gene Depth
# 13: Dominant Breed In
# 14: Max Fitness?
# 15: Genotype ID of Dominant Genotype
# 16: Name of the Dominant Genotype

0 0 0 0 0 100 0 0 1 0 0 0 0 2.22507e-308 1 100-aaaaa 
100 97 389 0.249357 0.00257069 100 100 0 37 0 0 0 0 0.249357 1 100-aaaaa 
200 97 389 0.249357 0.00257069 100 100 0 384 1 1 0 0 0.249357 1 100-aaaaa 
300 97 389 0.249357 0.00257069 100 100.001 0 149 10 9 0 0 0.249357 1 100-aaaaa 
400 97 389 0.249357 0.00257069 100 100.001 0 80 7 6 0 0 0.249357 1 100-aaaaa 
500 97 384 0.252604 0.00260417 100 100 0 19 0 0 4 0 0.252604 4775 100-aaban 
600 95 376 0.25266 0.00265957 98 98.0339 0 18 0 0 5 0 0.25266 14777 098-aaaer 
700 95 381 0.249344 0.00262467 98 98 0 16 1 1 3 0 0.249344 4051 098-aaacn 
800 97 387 0.250646 0.00258398 100 100 0 12 3 3 3 0 0.250646 19236 100-aabra 
900 97 387 0.250646 0.00258398 100 100 0 15 1 1 2 0 0.250646 19680 100-aabrr 
1000 97 382 0.253927 0.0026178 100 99.9768 0 19 5 1 9 0 0.253927 25419 100-aabzw 
1100 95 374 0.254011 0.0026738 100 100 0 16 3 2 16 0 0.254011 47483 100-aadcf 
1200 98 379 0.258575 0.00263852 101 100.955 0 17 2 2 15 0 0.258575 53425 101-aabrl 
1300 95 372 0.255376 0.00268817 98 98 0 15 1 1 9 0 0.255376 50648 098-aaayz 
1400 96 379 0.253298 0.00263852 99 98.8723 0 17 0 0 11 0 0.253298 68713 099-aacte 
1500 94 270 0.348148 0.0037037 98 98 0 41 4 3 16 0 0.348148 72157 098-aabnf 
1600 94 272 0.345588 0.00367647 98 98 0 87 9 6 14 0 0.345588 60193 098-aabfd 
1700 94 272 0.345588 0.00367647 98 98 0 59 6 4 14 0 0.345588 60193 098-aabfd 
1800 94 270 0.348148 0.0037037 98 98 0 40 5 5 16 0 0.348148 72157 098-aabnf 
1900 94 270 0.348148 0.0037037 98 98 0 34 4 3 16 0 0.348148 72120 098-aabnr 
2000 94 268 0.350746 0.00373134 98 98 0 25 2 2 19 0 0.350746 107692 098-aadyo 
2100 94 270 0.348148 0.0037037 98 98 0 20 1 1 17 0 0.348148 101279 098-aadgl 
2200 92 265 0.34717 0.00377358 98 98 0 21 3 2 22 0 0.34717 114591 098-aaeug 
2300 94 268 0.350746 0.00373134 98 98 0 41 9 7 20 0 0.350746 99170 098-aacwj 
2400 94 268 0.350746 0.00373134 98 98 0 23 2 2 20 0 0.350746 99170 098-aacwj 
2500 96 238 0.403361 0.00420168 99 99 0 22 0 0 33 0 0.403361 131623 099-aaegw 
2600 96 237 0.405063 0.00421941 99 99 0 37 3 2 31 0 0.405063 129200 099-aaeff 
2700 96 237 0.405063 0.00421941 99 99 0 30 2 2 31 0 0.405063 129200 099-aaeff 
2800 96 238 0.403361 0.00420168 99 99 0 23 3 2 31 0 0.403361 152854 099-aaezo 
2900 96 233 0.412017 0.00429185 99 99 0 27 6 4 40 0 0.412017 170396 099-aagie 
3000 96 233 0.412017 0.00429185 99 99 0 31 3 3 40 0 0.412017 170396 099-aagie 
3100 97 219 0.442922 0.00456621 100 100 0 25 0 0 40 0 0.442922 197274 100-aafkq 
3200 96 238 0.403361 0.00420168 99 99 0 23 0 0 38 0 0.403361 205242 099-aakdq 
3300 95 220 0.431818 0.00454545 100 100 0 21 4 4 45 0 0.431818 211728 100-aagdt 
3400 97 221 0.438914 0.00452489 100 100 0 23 6 6 44 0 0.438914 221443 100-aagvu 
3500 97 218 0.444954 0.00458716 100 100 0 33 6 5 43 0 0.444954 223542 100-aagym 
3600 99 221 0.447964 0.00452489 102 102 0 28 0 0 45 0 0.447964 237651 102-aabjq 
3700 94 215 0.437209 0.00465116 100 100 0 25 1 1 45 0 0.437209 239651 100-aaijz 
3800 97 219 0.442922 0.00456621 100 100 0 17 5 4 43 0 0.442922 225938 100-aahde 
3900 96 218 0.440367 0.00458716 100 100 0 18 3 2 47 0 0.440367 251239 100-aajse 
4000 96 214 0.448598 0.0046729 100 100 0 23 5 2 49 0 0.448598 259039 100-aakni 
4100 97 222 0.436937 0.0045045 100 100 0 29 2 2 48 0 0.436937 280174 100-aamqw 
4200 97 222 0.436937 0.0045045 100 100 0 33 0 0 48 0 0.436937 280174 100-aamqw 
4300 97 216 0.449074 0.00462963 100 100 0 21 2 1 54 0 0.449074 298433 100-aaonb 
4400 97 217 0.447005 0.00460829 100 100 0 19 3 2 48 0 0.447005 277406 100-aamlf 
4500 97 220 0.440909 0.00454545 100 100 0 24 2 1 50 0 0.440909 306048 100-aapfn 
4600 95 214 0.443925 0.0046729 100 100 0 23 0 0 55 0 0.443925 299729 100-aaopq 
4700 96 214 0.448598 0.0046729 100 100 0 31 3 2 59 0 0.448598 334805 100-aasey 
4800 99 216 0.458333 0.00462963 102 102 0 23 3 2 61 0 0.458333 347926 102-aacmt 
4900 96 220 0.436364 0.00454545 100 100 0 23 1 0 61 0 0.436364 354751 100-aatst 
5000 97 220 0.440909 0.00454545 100 100 0 22 0 0 53 0 0.440909 346523 100-aatib 
5100 98 216 0.453704 0.00462963 102 102 0 18 1 1 70 0 0.453704 376604 102-aadhn 
5200 97 214 0.453271 0.0046729 100 100 0 17 0 0 70 0 0.453271 380775 100-aavwc 
5300 96 221 0.434389 0.00452489 100 100 0 20 2 2 63 0 0.434389 375373 100-aavov 
5400 98 214 0.457944 0.0046729 102 102 0 23 2 1 64 0 0.457944 386978 102-aadqx 
5500 97 215 0.451163 0.00465116 100 100 0 28 2 1 62 0 0.451163 397670 100-aaxca 
5600 99 216 0.458333 0.00462963 102 102 0 23 1 0 64 0 0.458333 421706 102-aaeyi 
5700 97 211 0.459716 0.00473934 102 102 0 31 3 2 77 0 0.459716 431322 102-aafhx 
5800 99 217 0.456221 0.00460829 103 103 0 25 6 3 73 0 0.456221 427691 103-aaaxj 
5900 99 216 0.458333 0.00462963 102 102 0 19 3 3 80 0 0.458333 448614 102-aagao 
6000 98 214 0.457944 0.0046729 102 102 0 22 7 4 69 0 0.457944 463101 102-aagqj 
6100 97 218 0.444954 0.00458716 101 101 0 21 4 2 66 0 0.444954 468687 101-aakuj 
6200 98 215 0.455814 0.00465116 101 101 0 28 3 3 73 0 0.455814 472825 101-aakxx 
6300 99 217 0.456221 0.00460829 103 103 0 28 3 2 78 0 0.456221 480775 103-aabra 
6400 97 213 0.455399 0.00469484 100 100 0 27 1 1 70 0 0.455399 477953 100-abcbl 
6500 99 216 0.458333 0.00462963 102 102 0 20 3 3 83 0 0.458333 505376 102-aaigz 
6600 97 216 0.449074 0.00462963 102 102 0 27 1 1 85 0 0.449074 505265 102-aaift 
6700 98 215 0.455814 0.00465116 101 101 0 33 1 1 90 0 0.455814 505953 101-aalxp 
6800 99 216 0.458333 0.00462963 103 103 0 41 2 1 80 0 0.458333 528897 103-aacyf 
6900 99 213 0.464789 0.00469484 102 102 0 23 4 3 71 0 0.464789 524261 102-aaiwd 
7000 96 211 0.454976 0.00473934 100 100 0 32 4 3 80 0 0.454976 537950 100-abeyn 
7100 98 211 0.464455 0.00473934 102 102 0 27 3 2 85 0 0.464455 561769 102-aakop 
7200 98 211 0.464455 0.00473934 102 102 0 29 8 7 85 0 0.464455 561769 102-aakop 
7300 99 214 0.462617 0.0046729 103 103 0 21 2 2 81 0 0.462617 554018 103-aadus 
7400 98 210 0.466667 0.0047619 102 102 0 20 0 0 88 0 0.466667 591179 102-aambu 
7500 99 213 0.464789 0.00469484 102 102 0 20 3 3 79 0 0.464789 586504 102-aalun 
7600 99 216 0.458333 0.00462963 103 103 0 28 5 5 91 0 0.458333 608932 103-aagcm 
7700 96 210 0.457143 0.0047619 101 101 0 25 2 2 91 0 0.457143 598153 101-aaoqr 
7800 99 216 0.458333 0.00462963 103 103 0 22 3 2 97 0 0.458333 607045 103-aagaz 
7900 96 210 0.457143 0.0047619 101 101 0 24 0 0 91 0 0.457143 598153 101-aaoqr 
8000 99 216 0.458333 0.00462963 103 103 0 18 1 1 102 0 0.458333 633887 103-aahkd 
8100 99 216 0.458333 0.00462963 103 103 0 30 4 3 100 0 0.458333 650992 103-aaimy 
8200 97 216 0.449074 0.00462963 100 100 0 27 10 9 103 0 0.449074 663316 100-abgxk 
8300 99 214 0.462617 0.0046729 102 102 0 22 2 1 95 0 0.462617 659026 102-aapis 
8400 99 214 0.462617 0.0046729 102 102 0 21 0 0 95 0 0.462617 659026 102-aapis 
8500 98 216 0.453704 0.00462963 102 102 0 23 4 4 105 0 0.453704 669109 102-aaptg 
8600 98 215 0.455814 0.00465116 102 102.061 0 21 3 2 103 0 0.455814 703716 102-aardi 
8700 98 215 0.455814 0.00465116 102 102.01 0 25 4 4 103 0 0.455814 703716 102-aardi 
8800 98 216 0.453704 0.00462963 103 103 0 23 1 0 96 0 0.453704 704596 103-aamjp 
8900 98 216 0.453704 0.00462963 101 101 0 36 2 1 99 0 0.453704 724649 101-aares 
9000 99 214 0.462617 0.0046729 103 103 0 32 5 4 100 0 0.462617 738231 103-aapby 
9100 98 218 0.449541 0.00458716 104 104 0 20 0 0 116 0 0.449541 739323 104-aackw 
9200 98 214 0.457944 0.0046729 103 103.007 0 23 5 4 105 0 0.457944 739746 103-aapha 
9300 100 214 0.46729 0.0046729 103 103 0 20 2 2 98 0 0.46729 744802 103-aapol 
9400 100 214 0.46729 0.0046729 103 103 0 30 4 2 98 0 0.46729 744802 103-aapol 
9500 99 213 0.464789 0.00469484 103 103 0 18 3 3 108 0 0.464789 750490 103-aaqih 
9600 99 215 0.460465 0.00465116 103 103 0 23 2 1 105 0 0.460465 789294 103-aatoj 
9700 99 215 0.460465 0.00465116 103 103 0 26 6 5 105 0 0.460465 789294 103-aatoj 
9800 98 214 0.457944 0.0046729 103 103 0 26 5 5 112 0 0.457944 800179 103-aautj 
9900 98 214 0.457944 0.0046729 103 103 0 17 2 1 112 0 0.457944 800179 103-aautj 
10000 99 217 0.456221 0.00460829 103 103 0 24 5 5 108 0 0.456221 832972 103-aaxyx 
10100 98 215 0.455814 0.00465116 103 103 0 28 3 2 107 0 0.455814 835661 103-aayhn 
10200 98 212 0.462264 0.00471698 102 102 0 19 1 1 118 0 0.462264 842400 102-aavnp 
10300 100 218 0.458716 0.00458716 103 103 0 21 3 3 107 0 0.458716 848301 103-aazns 
10400 100 218 0.458716 0.00458716 103 103 0 19 0 0 110 0 0.458716 860213 103-abave 
10500 99 217 0.456221 0.00460829 103 103 0 20 5 1 113 0 0.456221 861815 103-abbaw 
10600 99 214 0.462617 0.0046729 103 103 0 21 6 6 118 0 0.462617 883407 103-abdfv 
10700 102 217 0.470046 0.00460829 105 105 0 29 8 7 117 0 0.470046 879857 105-aaayd 
10800 99 214 0.462617 0.0046729 103 103 0 26 3 2 118 0 0.462617 883407 103-abdfv 
10900 99 218 0.454128 0.00458716 103 103 0 22 5 4 127 0 0.454128 916679 103-abfyc 
11000 101 221 0.457014 0.00452489 104 104 0 19 3 0 114 0 0.457014 922695 104-aaflm 
11100 97 216 0.449074 0.00462963 101 101 0 25 5 3 124 0 0.449074 931001 101-aasqm 
11200 99 215 0.460465 0.00465116 103 103 0 28 3 2 123 0 0.460465 936348 103-abhnf 
11300 100 218 0.458716 0.00458716 103 103 0 21 0 0 127 0 0.458716 921348 103-abgki 
11400 100 220 0.454545 0.00454545 103 103 0 29 6 4 126 0 0.454545 960259 103-abjia 
11500 100 218 0.458716 0.00458716 103 103 0 25 0 0 127 0 0.458716 921348 103-abgki 
11600 100 219 0.456621 0.00456621 103 103 0 25 1 1 115 0 0.456621 969144 103-abjyg 
11700 98 216 0.453704 0.00462963 103 103 0 28 5 3 127 0 0.453704 978199 103-abkks 
11800 100 215 0.465116 0.00465116 104 104 0 28 6 1 131 0 0.465116 1000769 104-aahoa 
11900 101 219 0.461187 0.00456621 105 105 0 19 1 1 133 0 0.461187 1010391 105-aacuf 
12000 101 219 0.461187 0.00456621 104 104 0 21 1 1 132 0 0.461187 1006690 104-aahrq 
12100 100 216 0.462963 0.00462963 103 103 0 30 4 2 125 0 0.462963 1024947 103-abmsm 
12200 101 225 0.448889 0.00444444 104 104 0 26 4 3 132 0 0.448889 1031782 104-aains 
12300 103 222 0.463964 0.0045045 106 106 0 22 5 5 141 0 0.463964 1047204 106-aaaoi 
12400 101 218 0.463303 0.00458716 104 104 0 38 5 5 135 0 0.463303 1048969 104-aajeh 
12500 98 216 0.453704 0.00462963 102 102 0 20 4 1 134 0 0.453704 1054305 102-abaqh 
12600 102 220 0.463636 0.00454545 105 105 0 30 3 2 138 0 0.463636 1073341 105-aaeio 
12700 98 207 0.47343 0.00483092 102 102 0 25 3 3 140 0 0.47343 1058471 102-abasx 
12800 101 218 0.463303 0.00458716 105 105 0 22 0 0 137 0 0.463303 1090507 105-aafar 
12900 98 217 0.451613 0.00460829 102 102 0 20 4 4 138 0 0.451613 1087981 102-abbin 
13000 98 217 0.451613 0.00460829 103 103 0 21 2 2 130 0 0.451613 1114796 103-abqwo 
13100 100 218 0.458716 0.00458716 104 104 0 29 3 3 148 0 0.458716 1111840 104-aalob 
13200 99 217 0.456221 0.00460829 103 103 0 18 0 0 132 0 0.456221 1129001 103-abrnk 
13300 101 220 0.459091 0.00454545 105 105 0 17 1 1 143 0 0.459091 1135358 105-aagxq 
13400 102 218 0.46789 0.00458716 105 105 0 26 5 1 147 0 0.46789 1140305 105-aahdb 
13500 101 221 0.457014 0.00452489 105 105 0 21 3 0 143 0 0.457014 1153353 105-aahuw 
13600 102 222 0.459459 0.0045045 105 105 0 23 2 1 149 0 0.459459 1165225 105-aaiik 
13700 100 218 0.458716 0.00458716 103 103 0 26 4 2 131 0 0.458716 1153355 103-absmh 
13800 101 218 0.463303 0.00458716 104 104 0 28 1 1 149 0 0.463303 1167299 104-aanwn 
13900 99 217 0.456221 0.00460829 103 103 0 22 7 6 131 0 0.456221 1174518 103-abtif 
14000 101 220 0.459091 0.00454545 105 105 0 23 0 0 150 0 0.459091 1186680 105-aajnr 
14100 100 222 0.45045 0.0045045 105 105 0 21 3 3 154 0 0.45045 1204144 105-aakop 
14200 101 219 0.461187 0.00456621 104 104 0 17 3 3 150 0 0.461187 1216932 104-aapto 
14300 102 222 0.459459 0.0045045 105 105 0 17 0 0 155 0 0.459459 1230068 105-aamfs 
14400 99 219 0.452055 0.00456621 104 104 0 20 0 0 158 0 0.452055 1238693 104-aaqrr 
14500 101.568 223 0.455461 0.0044843 106 106 0 22 1 1 149 0 0.457399 1244373 106-aabpk 
14600 101.552 223 0.45539 0.0044843 106 106 0 35 2 1 149 0 0.457399 1244373 106-aabpk 
14700 102 221 0.461538 0.00452489 105 104.995 0 33 10 6 159 0 0.461538 1240669 105-aamuh 
14800 99 219 0.452055 0.00456621 105 105 0 29 0 0 155 0 0.452055 1258394 105-aanzp 
14900 101 224 0.450893 0.00446429 105 105 0 17 3 2 156 0 0.450893 1284430 105-aapfm 
15000 101 220 0.459091 0.00454545 105 105 0 20 0 0 160 0 0.459091 1291691 105-aapqq 
15100 101 221 0.457014 0.00452489 105 105 0 22 0 0 155 0 0.457014 1293903 105-aaptu 
15200 101 226 0.446903 0.00442478 105 105 0 27 1 1 164 0 0.446903 1311673 105-aarbp 
15300 102 220 0.463636 0.00454545 104 104.002 0 22 6 4 160 0 0.463636 1298647 104-aasun 
15400 101 220 0.459091 0.00454545 105 105 0 20 0 0 157 0 0.459091 1303762 105-aaqma 
15500 103 219 0.47032 0.00456621 105 105 0 26 2 1 167 0 0.47032 1326428 105-aascv 
15600 98 217 0.451613 0.00460829 103 103 0 21 4 4 147 0 0.451613 1328337 103-abxvq 
15700 97 213 0.455399 0.00469484 101 101 0 30 6 4 166 0 0.455399 1360149 101-aauvo 
15800 99 219 0.452055 0.00456621 103 103 0 24 8 7 145 0 0.452055 1366772 103-abywl 
15900 97 221 0.438914 0.00452489 104 104 0 19 4 4 170 0 0.438914 1365768 104-aavlz 
16000 102 220 0.463636 0.00454545 105 105 0 30 0 0 167 0 0.463636 1381731 105-aavzo 
16100 137.277 222 0.618364 0.0045045 103 103 0 33 4 3 161 0 1.78378 1382201 103-abzgl 
16200 138.095 222 0.622051 0.0045045 103 103 0 26 2 2 165 0 1.8018 1409058 103-acacl 
16300 131.029 222 0.590223 0.0045045 103 103 0 38 8 5 164 0 1.78378 1413514 103-acagp 
16400 396 221 1.79186 0.00452489 103 103 0 566 104 73 168 0 1.79186 1430498 103-acbcs 
16500 396 221 1.79186 0.00452489 103 103 0 386 54 37 168 0 1.79186 1430498 103-acbcs 
16600 792 222 3.56757 0.0045045 103 103 0 278 21 16 171 0 3.56757 1440937 103-accfn 
16700 3168 221 14.3348 0.00452489 103 103 0 397 34 21 172 0 14.3348 1458043 103-acecu 
16800 3168 221 14.3348 0.00452489 103 103 0 329 25 19 172 0 14.3348 1458043 103-acecu 
16900 3168 221 14.3348 0.00452489 103 103 0 146 5 3 172 0 14.3348 1458043 103-acecu 
17000 3168 221 14.3348 0.00452489 103 103 0 52 9 5 172 0 14.3348 1458043 103-acecu 
17100 3168 222 14.2703 0.0045045 103 103 0 47 6 4 173 0 14.2703 1460693 103-aceje 
17200 3168 222 14.2703 0.0045045 103 103 0 71 6 5 173 0 14.2703 1460693 103-aceje 
17300 3200 222 14.4144 0.0045045 104 103.995 0 30 1 0 173 0 14.4144 1491071 104-aaxry 
17400 3168 223 14.2063 0.0044843 103 103 0 30 1 1 179 0 14.2063 1497932 103-acidx 
17500 3168 222 14.2703 0.0045045 103 103 0 33 4 3 174 0 14.2703 1505447 103-acivp 
17600 3168 222 14.2703 0.0045045 103 103 0 42 0 0 174 0 14.2703 1505447 103-acivp 
17700 3168 221 14.3348 0.00452489 103 103 0 39 8 6 183 0 14.3348 1534918 103-aclgy 
17800 3168 223 14.2063 0.0044843 103 103 0 28 5 4 176 0 14.2063 1529824 103-ackwv 
17900 3168 221 14.3348 0.00452489 103 103 0 31 2 2 175 0 14.3348 1528629 103-ackta 
18000 3168 221 14.3348 0.00452489 103 103 0 28 3 2 175 0 14.3348 1528629 103-ackta 
18100 3168 221 14.3348 0.00452489 103 103 0 31 1 1 175 0 14.3348 1528629 103-ackta 
18200 3136 220 14.2545 0.00454545 102 102 0 24 0 0 185 0 14.2545 1561452 102-abfpk 
18300 3151.42 222.482 14.1647 0.00449477 103 103 0 26 2 1 186 0 14.2063 1574736 103-acorn 
18400 3200 226 14.1593 0.00442478 103 103 0 31 0 0 192 0 14.1593 1588941 103-acptf 
18500 3168 222 14.2703 0.0045045 103 103 0 28 5 3 181 0 14.2703 1606679 103-acrcn 
18600 3104 222 13.982 0.0045045 101 101 0 40 1 1 189 0 13.982 1607219 101-aauzo 
18700 3200 224 14.2857 0.00446429 104 104 0 29 7 6 193 0 14.2857 1630471 104-aazmq 
18800 3168 223 14.2063 0.0044843 104 104 0 34 5 3 195 0 14.2063 1633283 104-aazna 
18900 3136 223 14.0628 0.0044843 104 104 0 29 0 0 194 0 14.0628 1647562 104-aazth 
19000 3168 223 14.2063 0.0044843 103 103 0 28 5 5 197 0 14.2063 1633319 103-actds 
19100 3168 224 14.1429 0.00446429 103 103 0 28 6 3 187 0 14.1429 1658678 103-acvat 
19200 3136 220 14.2545 0.00454545 103 103 0 25 5 4 185 0 14.2545 1665128 103-acvmk 
19300 3136 220 14.2545 0.00454545 103 103 0 40 1 0 185 0 14.2545 1665128 103-acvmk 
19400 3072 216 14.2222 0.00462963 103 103 0 27 9 6 191 0 14.2222 1695985 103-acxqs 
19500 3200 224 14.2857 0.00446429 103 103 0 31 1 0 203 0 14.2857 1678959 103-acwmb 
19600 3168 219 14.4658 0.00456621 103 103 0 30 2 1 193 0 14.4658 1710543 103-acysk 
19700 3168 225 14.08 0.00444444 103 103 0 37 8 7 198 0 14.08 1717594 103-aczgi 
19800 3232 224 14.4286 0.00446429 104 104 0 27 2 2 194 0 14.4286 1729402 104-abbnk 
19900 3168 220 14.4 0.00454545 103 103 0 30 6 6 195 0 14.4 1735900 103-adasz 
20000 3168 220 14.4 0.00454545 103 103 0 31 6 4 202 0 14.4 1739880 103-adbah 
