# Avida time data
# Mon Jun 18 09:37:27 2018
#  1: update
#  2: avida time
#  3: average generation
#  4: num_executed?

0 0 0 30 
100 1.04453 7.04878 3480 
200 2.09333 14.9056 108000 
300 3.13799 22.8211 108000 
400 4.17754 30.6661 108000 
500 5.2163 38.5089 108000 
600 6.25105 46.2964 108000 
700 7.28213 54.1697 108000 
800 8.31042 61.9617 108000 
900 9.33974 69.8303 108000 
1000 10.3649 77.6008 108000 
1100 11.3931 85.4286 108000 
1200 12.4243 93.3192 108000 
1300 13.4582 101.208 108000 
1400 14.4891 109.214 108000 
1500 15.5194 117.879 108000 
1600 16.5485 127.483 108000 
1700 17.5796 141.029 108000 
1800 18.6335 156.687 108000 
1900 19.7024 170.301 108000 
2000 20.7774 183.134 108000 
2100 21.8516 194.722 108000 
2200 22.9234 206.194 108000 
2300 23.9945 217.711 108000 
2400 25.0659 229.603 108000 
2500 26.1366 242.29 108000 
2600 27.2025 256.71 108000 
2700 28.2619 272.035 108000 
2800 29.3178 286.936 108000 
2900 30.372 301.705 108000 
3000 31.4245 316.051 108000 
3100 32.4751 329.903 108000 
3200 33.5255 344.089 108000 
3300 34.5744 358.465 108000 
3400 35.6228 372.942 108000 
3500 36.6707 387.959 108000 
3600 37.7163 402.336 108000 
3700 38.7605 416.769 108000 
3800 39.8046 430.822 108000 
3900 40.8469 445.238 108000 
4000 41.8885 459.283 108000 
4100 42.932 473.38 108000 
4200 43.9755 487.66 108000 
4300 45.0188 501.631 108000 
4400 46.0623 515.784 108000 
4500 47.1055 529.705 108000 
4600 48.1494 543.769 108000 
4700 49.1909 557.96 108000 
4800 50.2308 572.057 108000 
4900 51.27 586.298 108000 
5000 52.3107 600.927 108000 
5100 53.35 615.124 108000 
5200 54.3893 629.268 108000 
5300 55.4288 643.463 108000 
5400 56.4675 657.698 108000 
5500 57.5039 672.175 108000 
5600 58.5392 686.804 108000 
5700 59.575 701.385 108000 
5800 60.6111 715.26 108000 
5900 61.6467 729.607 108000 
6000 62.6821 743.857 108000 
6100 63.7183 758.175 108000 
6200 64.7537 772.762 108000 
6300 65.789 787.163 108000 
6400 66.825 801.263 108000 
6500 67.8602 815.697 108000 
6600 68.8951 830.511 108000 
6700 69.9287 844.983 108000 
6800 70.9612 860.008 108000 
6900 71.9918 874.405 108000 
7000 73.0234 888.604 108000 
7100 74.054 903.195 108000 
7200 75.0824 918.275 108000 
7300 76.1094 933.214 108000 
7400 77.1333 947.673 108000 
7500 78.1568 962.146 108000 
7600 79.1809 976.532 108000 
7700 80.2048 990.766 108000 
7800 81.2288 1004.99 108000 
7900 82.2529 1019.63 108000 
8000 83.2759 1033.95 108000 
8100 84.299 1048.51 108000 
8200 85.3219 1062.84 108000 
8300 86.3441 1077.19 108000 
8400 87.3671 1091.99 108000 
8500 88.389 1105.96 108000 
8600 89.4113 1120.41 108000 
8700 90.4327 1135.15 108000 
8800 91.4541 1149.85 108000 
8900 92.4754 1164.25 108000 
9000 93.4957 1178.42 108000 
9100 94.5153 1192.93 108000 
9200 95.5353 1207.6 108000 
9300 96.5556 1222.03 108000 
9400 97.5753 1236.57 108000 
9500 98.5961 1251.15 108000 
9600 99.6167 1265.62 108000 
9700 100.637 1280.09 108000 
9800 101.657 1294.21 108000 
9900 102.676 1308.6 108000 
10000 103.695 1322.5 108000 
10100 104.716 1336.94 108000 
10200 105.734 1351.66 108000 
10300 106.752 1365.75 108000 
10400 107.771 1379.72 108000 
10500 108.789 1394.02 108000 
10600 109.808 1408.2 108000 
10700 110.825 1422.65 108000 
10800 111.844 1437.21 108000 
10900 112.861 1451.36 108000 
11000 113.876 1465.8 108000 
11100 114.891 1479.85 108000 
11200 115.907 1494.13 108000 
11300 116.924 1508.38 108000 
11400 117.94 1522.43 108000 
11500 118.955 1536.79 108000 
11600 119.969 1551.08 108000 
11700 120.982 1565.02 108000 
11800 121.997 1579.43 108000 
11900 123.013 1593.53 108000 
12000 124.027 1608.28 108000 
12100 125.04 1622.25 108000 
12200 126.051 1636.8 108000 
12300 127.062 1650.95 108000 
12400 128.072 1665.08 108000 
12500 129.083 1679.36 108000 
12600 130.093 1693.46 108000 
12700 131.104 1707.87 108000 
12800 132.113 1722.45 108000 
12900 133.12 1736.86 108000 
13000 134.127 1751.07 108000 
13100 135.135 1765.45 108000 
13200 136.143 1779.12 108000 
13300 137.152 1793.3 108000 
13400 138.158 1807.21 108000 
13500 139.166 1821.13 108000 
13600 140.171 1835.24 108000 
13700 141.176 1849.34 108000 
13800 142.182 1863.31 108000 
13900 143.189 1877.44 108000 
14000 144.194 1891.52 108000 
14100 145.2 1905.4 108000 
14200 146.203 1919.45 108000 
14300 147.207 1933.31 108000 
14400 148.211 1947.84 108000 
14500 149.213 1961.67 108000 
14600 150.217 1975.14 108000 
14700 151.219 1988.84 108000 
14800 152.221 2002.83 108000 
14900 153.222 2017.67 108000 
15000 154.223 2032.01 108000 
15100 155.223 2045.1 108000 
15200 156.224 2059.53 108000 
15300 157.226 2073.52 108000 
15400 158.227 2088.34 108000 
15500 159.23 2102.35 108000 
15600 160.233 2116.53 108000 
15700 161.234 2131.25 108000 
15800 162.234 2145.32 108000 
15900 163.235 2158.73 108000 
16000 164.233 2172.86 108000 
16100 165.228 2186.95 108000 
16200 166.218 2200.73 108000 
16300 167.198 2214.82 108000 
16400 168.079 2234.23 108000 
16500 168.361 2255.45 108000 
16600 168.548 2279.58 108000 
16700 168.672 2300.35 108000 
16800 168.709 2324.68 108000 
16900 168.742 2338.91 108000 
17000 168.775 2353.25 108000 
17100 168.808 2367.48 108000 
17200 168.842 2381.77 108000 
17300 168.875 2396.11 108000 
17400 168.908 2410.38 108000 
17500 168.942 2424.74 108000 
17600 168.975 2439.07 108000 
17700 169.008 2453.21 108000 
17800 169.041 2467.5 108000 
17900 169.075 2481.8 108000 
18000 169.108 2496.13 108000 
18100 169.141 2510.45 108000 
18200 169.174 2524.63 108000 
18300 169.207 2538.85 108000 
18400 169.241 2553.03 108000 
18500 169.274 2567.38 108000 
18600 169.307 2581.43 108000 
18700 169.34 2595.69 108000 
18800 169.374 2609.91 108000 
18900 169.407 2624.23 108000 
19000 169.44 2638.67 108000 
19100 169.473 2653.04 108000 
19200 169.507 2667.17 108000 
19300 169.54 2681.89 108000 
19400 169.574 2696.47 108000 
19500 169.607 2711.17 108000 
19600 169.64 2725.4 108000 
19700 169.674 2739.7 108000 
19800 169.707 2754.2 108000 
19900 169.74 2768.81 108000 
20000 169.773 2783.7 108000 
