# Avida Average Data
# Mon Jun 18 10:12:20 2018
#  1: Update
#  2: Merit
#  3: Gestation Time
#  4: Fitness
#  5: Repro Rate?
#  6: (deprecated) Size
#  7: Copied Size
#  8: Executed Size
#  9: (deprecated) Abundance
# 10: Proportion of organisms that gave birth in this update
# 11: Proportion of Breed True Organisms
# 12: (deprecated) Genotype Depth
# 13: Generation
# 14: Neutral Metric
# 15: Lineage Label
# 16: True Replication Rate (based on births/update, time-averaged)

0 97 389 0 0 0 100 97 0 1 1 0 0 0 0 0 
100 96.375 388.656 0.247944 0 0 99.7266 96.375 0 0 0 0 7 -2.48146 0 0 
200 96.5569 387.516 0.249203 0 0 100.027 96.6103 0 0.02 0.0144444 0 14.9136 -2.39222 0 0 
300 96.3947 386.769 0.249141 0 0 100.127 96.4214 0 0.0722222 0.0469444 0 22.7742 -2.25969 0 0 
400 96.0494 385.819 0.248834 0 0 100.174 96.1067 0 0.0666667 0.0405556 0 30.5175 -2.27122 0 0 
500 96.5983 388.33 0.248878 0 0 100.771 96.7494 0 0.0594444 0.0413889 0 38.3186 -1.74466 0 0.16501 
600 96.7675 387.972 0.249322 0 0 100.985 96.7703 0 0.0538889 0.0352778 0 46.1203 -1.52961 0 0.165142 
700 97.555 391.232 0.249494 0 0 101.867 97.7431 0 0.0555556 0.0380556 0 53.9247 -0.968036 0 0.165713 
800 97.6875 391.758 0.249702 0 0 102.18 97.9664 0 0.0594444 0.0388889 0 61.6664 -1.38387 0 0.166168 
900 98.2206 393.385 0.249824 0 0 102.73 98.3842 0 0.0561111 0.0338889 0 69.4225 -0.551038 0 0.166593 
1000 98.9519 394.974 0.250806 0 0 103.41 99.1283 0 0.0508333 0.0305556 0 77.1325 -0.876298 0 0.16678 
1100 98.8169 393.384 0.251642 0 0 103.278 98.9533 0 0.0513889 0.0344444 0 84.9303 -0.619795 0 0.167002 
1200 98.36 389.602 0.253438 0 0 102.689 98.5681 0 0.045 0.0263889 0 92.7917 -0.606854 0 0.167052 
1300 97.8792 383.239 0.257392 0 0 101.941 97.7517 0 0.0505556 0.0336111 0 101.223 -0.141467 0 0.167717 
1400 102.505 370.509 0.280807 0 0 101.489 97.3531 0 0.0491667 0.0308333 0 111.222 -0.546744 0 0.169232 
1500 228.823 379.047 0.598745 0 0 101.572 97.7925 0 0.0566667 0.0386111 0 128.426 -7.31114 0 0.184283 
1600 388.604 387.271 1.0012 0 0 101.651 98.0417 0 0.0458333 0.0302778 0 144.45 -8.20562 0 0.261553 
1700 660.619 390.881 1.68847 0 0 103.121 99.1206 0 0.0302778 0.0219444 0 157.241 -1.18231 0 0.410188 
1800 717.245 390.94 1.83446 0 0 103.494 99.2611 0 0.0597222 0.0405556 0 167.281 0.326545 0 0.614249 
1900 772.101 390.266 1.9767 0 0 103.459 99.1931 0 0.0430556 0.0308333 0 176.283 0.296472 0 0.827328 
2000 1287.62 392.62 3.27921 0 0 104.552 99.3514 0 0.0455556 0.0316667 0 192.934 -3.53276 0 1.12509 
2100 1427.48 393.445 3.62863 0 0 104.796 99.4678 0 0.05 0.0336111 0 204.703 -5.76527 0 1.48061 
2200 1441.17 393.632 3.66229 0 0 104.906 99.5956 0 0.0566667 0.0383333 0 213.652 -5.74231 0 1.78455 
2300 1449.74 392.139 3.69963 0 0 104.825 99.6564 0 0.0433333 0.03 0 222.224 -5.89243 0 2.04139 
2400 1462.72 389.465 3.77648 0 0 104.827 99.795 0 0.0566667 0.0375 0 231.002 -5.21881 0 2.28769 
2500 1487.64 377.29 4.02897 0 0 104.891 100.026 0 0.0405556 0.025 0 241.617 -2.94695 0 2.45631 
2600 2789.04 373.761 7.38044 0 0 104.847 100.812 0 0.0238889 0.0166667 0 257.201 5.08325 0 2.66701 
2700 5551.21 388.522 14.2698 0 0 104.303 100.68 0 0.0775 0.0541667 0 275.394 5.42983 0 3.73472 
2800 9787.98 388.529 25.1946 0 0 104.341 100.939 0 0.0527778 0.0377778 0 291.858 10.1475 0 5.78662 
2900 42827.8 387.582 110.791 0 0 104.33 101.04 0 0.0722222 0.0472222 0 309.27 9.77821 0 10.6994 
3000 173321 385.241 450.15 0 0 104.391 101.116 0 0.0305556 0.0230556 0 335.251 24.1967 0 60.1872 
3100 177082 384.962 460.116 0 0 104.458 101.229 0 0.0438889 0.0308333 0 344.857 24.0852 0 120.721 
3200 175195 383.885 456.328 0 0 104.357 101.026 0 0.0630556 0.0458333 0 354.174 23.6946 0 181.918 
3300 176787 384.183 460.461 0 0 104.292 100.97 0 0.0669444 0.0436111 0 363.412 23.2838 0 242.738 
3400 176406 383.803 459.619 0 0 104.205 100.923 0 0.0536111 0.0358333 0 372.652 23.2859 0 300.146 
3500 175947 383.667 458.417 0 0 104.269 100.899 0 0.0447222 0.0336111 0 381.828 23.1343 0 312.861 
3600 177487 383.407 462.819 0 0 104.317 100.925 0 0.0561111 0.0419444 0 391.079 22.635 0 314.604 
3700 175973 384.504 458.319 0 0 104.392 101.042 0 0.0608333 0.0394444 0 400.221 23.4045 0 314.999 
3800 176749 383.295 461.013 0 0 104.317 100.834 0 0.0569444 0.0397222 0 409.477 23.3573 0 314.836 
3900 178055 383.062 464.667 0 0 104.366 100.879 0 0.0508333 0.0341667 0 418.638 23.4666 0 314.943 
4000 177672 383.639 463.287 0 0 104.517 101.113 0 0.045 0.0330556 0 427.728 23.5308 0 315.981 
4100 174434 383.119 455.013 0 0 104.391 100.928 0 0.055 0.0338889 0 436.923 24.4923 0 316.406 
4200 177138 382.373 463.118 0 0 104.288 100.841 0 0.0511111 0.0372222 0 446.197 24.2143 0 316.332 
4300 173295 382.141 453 0 0 104.268 100.78 0 0.0525 0.0375 0 455.544 24.3754 0 315.978 
4400 178340 381.766 467.085 0 0 104.253 100.816 0 0.0508333 0.0377778 0 464.832 22.7356 0 316.096 
4500 176184 378.764 468.224 0 0 104.337 100.879 0 0.0591667 0.0402778 0 474.262 22.2868 0 316.187 
4600 176706 363.507 495.806 0 0 104.507 101.211 0 0.0722222 0.0516667 0 485.131 22.1522 0 317.399 
4700 180117 324.71 573.047 0 0 104.544 101.092 0 0.0644444 0.0433333 0 499.331 23.7057 0 325.653 
4800 182515 294.332 632.365 0 0 104.633 100.999 0 0.0741667 0.0530556 0 514.917 24.8317 0 341.273 
4900 185328 287.776 655.821 0 0 104.697 101.227 0 0.07 0.05 0 528.098 25.5078 0 360.74 
5000 186957 284.524 665.603 0 0 104.708 101.137 0 0.0688889 0.0494444 0 540.522 25.3768 0 380.991 
5100 187722 284.123 669.257 0 0 104.731 101.292 0 0.0641667 0.0425 0 552.682 25.7587 0 400.315 
5200 186504 284.062 665.396 0 0 104.735 101.098 0 0.0608333 0.0441667 0 564.629 25.496 0 414.124 
5300 185521 283.625 661.566 0 0 104.671 101.016 0 0.0622222 0.0444444 0 576.623 26.2101 0 420.214 
5400 187490 282.964 669.441 0 0 104.656 100.922 0 0.0677778 0.0502778 0 588.679 25.6195 0 420.962 
5500 184770 282.258 660.349 0 0 104.677 100.927 0 0.0627778 0.0458333 0 600.833 26.1412 0 420.728 
5600 186931 281.762 667.987 0 0 104.649 100.956 0 0.0763889 0.0544444 0 612.929 27.4292 0 420.453 
5700 186389 282.504 666.804 0 0 104.599 101.042 0 0.0666667 0.0491667 0 624.939 25.9617 0 419.705 
5800 186577 282.416 667.32 0 0 104.62 100.859 0 0.0697222 0.0433333 0 636.899 26.148 0 419.763 
5900 186009 284.141 665.405 0 0 104.565 100.945 0 0.0683333 0.0455556 0 649.061 25.4342 0 419.749 
6000 186551 283.024 667.073 0 0 104.679 100.922 0 0.0661111 0.0455556 0 661.056 24.2596 0 419.625 
6100 186904 284.359 668.638 0 0 104.571 100.912 0 0.0675 0.0519444 0 673.066 24.1349 0 420.492 
6200 186529 282.163 668.881 0 0 104.517 100.648 0 0.075 0.0536111 0 685.146 24.5072 0 419.552 
6300 185183 283.628 663.515 0 0 104.589 100.726 0 0.0747222 0.0505556 0 697.198 25.1039 0 419.275 
6400 185664 285.077 663.608 0 0 104.554 100.964 0 0.0616667 0.0388889 0 709.34 24.5693 0 420.008 
6500 188253 283.328 672.2 0 0 104.721 101.077 0 0.0727778 0.0511111 0 721.395 24.1146 0 421.064 
6600 186659 282.023 667.806 0 0 104.515 100.914 0 0.0708333 0.0508333 0 733.41 24.9762 0 421.301 
6700 187395 282.152 670.679 0 0 104.66 101.031 0 0.0736111 0.0519444 0 745.373 26.3807 0 422.448 
6800 183899 282.761 658.196 0 0 104.599 100.893 0 0.0688889 0.0483333 0 757.213 26.9484 0 422.38 
6900 185950 283.893 666.595 0 0 104.689 101.087 0 0.0772222 0.0519444 0 769.491 28.9737 0 422.125 
7000 655860 282.994 2344.81 0 0 104.71 101.347 0 0.0555556 0.0369444 0 791.266 58.0949 0 486.005 
7100 749672 281.979 2685.04 0 0 104.821 101.428 0 0.0755556 0.0488889 0 806.05 63.9029 0 727.31 
7200 738569 281.112 2647.92 0 0 104.638 101.3 0 0.0758333 0.0519444 0 818.197 63.6142 0 980.009 
7300 748098 282.793 2683.57 0 0 104.609 101.08 0 0.0680556 0.045 0 830.347 63.2743 0 1233.15 
7400 737326 280.904 2650.68 0 0 104.66 101.304 0 0.0697222 0.0516667 0 842.463 63.3935 0 1489.2 
7500 748974 282.32 2688.09 0 0 104.7 101.438 0 0.0786111 0.0544444 0 854.587 63.3766 0 1681.56 
7600 726509 283.946 2601.7 0 0 104.689 101.359 0 0.0752778 0.0558333 0 866.74 63.9104 0 1691.72 
7700 746824 284.153 2679.6 0 0 104.84 101.479 0 0.0730556 0.0511111 0 878.986 64.8542 0 1691.61 
7800 750368 280.519 2699.55 0 0 104.565 101.129 0 0.07 0.0444444 0 891.174 65.0348 0 1696.08 
7900 746046 280.763 2683.93 0 0 104.583 101.17 0 0.0736111 0.0519444 0 903.305 66.1275 0 1694.57 
8000 745414 279.82 2683.74 0 0 104.647 101.296 0 0.0580556 0.0380556 0 915.345 65.532 0 1691.29 
8100 750400 281.375 2704.58 0 0 104.596 101.184 0 0.0666667 0.0458333 0 927.449 63.8587 0 1693.27 
8200 755193 281.902 2715.89 0 0 104.527 100.961 0 0.0713889 0.0511111 0 939.577 63.5179 0 1693.42 
8300 743013 282.568 2672.39 0 0 104.663 101.243 0 0.0677778 0.0483333 0 951.594 64.2181 0 1692.47 
8400 742752 282.454 2671.51 0 0 104.726 101.221 0 0.0691667 0.0472222 0 963.648 63.6655 0 1690.45 
8500 742049 284.154 2664.52 0 0 104.647 101.327 0 0.0713889 0.0511111 0 975.958 63.9602 0 1691.01 
8600 747518 280.603 2690.03 0 0 104.707 101.317 0 0.0647222 0.0430556 0 988.184 63.2783 0 1690.77 
8700 737385 281.66 2651.17 0 0 104.636 101.229 0 0.0702778 0.0480556 0 1000.27 63.1692 0 1687.92 
8800 744628 280.998 2675.91 0 0 104.608 101.175 0 0.0672222 0.0522222 0 1012.52 62.0789 0 1684.03 
8900 750601 280.864 2699.61 0 0 104.677 101.35 0 0.0627778 0.0433333 0 1024.68 62.2173 0 1687.67 
9000 749824 281.133 2697.87 0 0 104.747 101.418 0 0.0508333 0.0358333 0 1036.83 64.0998 0 1687.73 
9100 749348 279.79 2699.24 0 0 104.714 101.248 0 0.0763889 0.0555556 0 1048.94 65.0089 0 1688.03 
9200 740964 283.56 2655.61 0 0 105.056 101.834 0 0.0616667 0.0425 0 1061.22 66.0864 0 1690.29 
9300 753706 283.578 2701.45 0 0 105.167 101.872 0 0.0680556 0.0452778 0 1073.53 64.6676 0 1689.04 
9400 745738 281.547 2686.29 0 0 104.932 101.631 0 0.0688889 0.0486111 0 1085.81 63.3873 0 1687.48 
9500 738824 278.971 2671.41 0 0 104.743 101.452 0 0.0741667 0.0519444 0 1098.03 62.3845 0 1688.6 
9600 752373 278.523 2728.64 0 0 104.588 101.217 0 0.0711111 0.0505556 0 1110.46 61.3029 0 1692.03 
9700 738567 275.586 2727.74 0 0 104.616 101.329 0 0.0625 0.0433333 0 1123.46 62.9019 0 1699.83 
9800 740482 271.297 2775.25 0 0 104.465 100.999 0 0.0658333 0.0488889 0 1136.78 62.0169 0 1712.99 
9900 742558 260.15 2891.85 0 0 104.375 101.036 0 0.0780556 0.0547222 0 1152.28 58.5234 0 1730.94 
10000 746280 251.819 3002.22 0 0 104.014 100.444 0 0.0711111 0.0555556 0 1168.19 56.9533 0 1758.86 
10100 745445 245.281 3072.41 0 0 103.757 100.233 0 0.0752778 0.0516667 0 1184.23 53.794 0 1798.88 
10200 736370 242.122 3061.61 0 0 103.794 100.241 0 0.07 0.0466667 0 1199.22 53.6559 0 1836.26 
10300 742367 240.741 3097.82 0 0 103.808 100.276 0 0.0805556 0.0583333 0 1213.58 53.3477 0 1874.22 
10400 744561 240.967 3108.87 0 0 103.802 100.269 0 0.0863889 0.0566667 0 1227.74 53.6853 0 1905.87 
10500 731722 240.57 3052.95 0 0 103.781 100.286 0 0.0794444 0.0541667 0 1241.96 53.6313 0 1925.21 
10600 748375 242.241 3118.51 0 0 103.957 100.5 0 0.0741667 0.0533333 0 1256.14 54.8533 0 1933.45 
10700 736271 241.945 3084.51 0 0 103.784 100.103 0 0.0775 0.0555556 0 1270.31 53.3183 0 1938.3 
10800 740861 238.769 3114.17 0 0 103.848 100.202 0 0.0836111 0.0572222 0 1284.78 53.4436 0 1939.78 
10900 743830 238.226 3141.81 0 0 104.059 100.411 0 0.0794444 0.0569444 0 1299.44 52.4438 0 1941.62 
11000 740343 237.956 3137.4 0 0 104.056 100.325 0 0.085 0.0558333 0 1314.35 53.2101 0 1947.87 
11100 743605 236.415 3178.15 0 0 104.133 100.247 0 0.0783333 0.055 0 1329.67 53.1313 0 1955.69 
11200 737220 233.689 3175.01 0 0 104.145 100.221 0 0.0822222 0.0575 0 1344.9 53.291 0 1970.6 
11300 735434 233.674 3180.03 0 0 104.139 100.158 0 0.0811111 0.0602778 0 1360.46 53.7948 0 1981.31 
11400 747420 232.149 3249.64 0 0 104.32 100.156 0 0.0841667 0.0586111 0 1375.98 54.756 0 1995.55 
11500 742905 233.597 3248.2 0 0 104.435 100.223 0 0.0819444 0.0588889 0 1391.94 54.7922 0 2008.2 
11600 743606 229.748 3272.4 0 0 104.496 100.373 0 0.0858333 0.0627778 0 1407.68 58.2453 0 2019.37 
11700 734314 230.113 3248.39 0 0 104.534 100.326 0 0.0769444 0.0533333 0 1423.55 59.1671 0 2024.93 
11800 740396 228.933 3277.6 0 0 104.59 100.354 0 0.0783333 0.055 0 1439.09 58.714 0 2037.36 
11900 747942 227.109 3315.1 0 0 104.723 100.517 0 0.0841667 0.0647222 0 1454.54 57.502 0 2045.64 
12000 733697 226.874 3262.08 0 0 104.639 100.254 0 0.0869444 0.0611111 0 1469.79 57.437 0 2053.09 
12100 731810 226.596 3260.71 0 0 104.579 100.177 0 0.0788889 0.0561111 0 1485.35 55.7896 0 2056.68 
12200 750302 227.583 3341.52 0 0 104.686 100.401 0 0.0808333 0.0569444 0 1500.69 56.3349 0 2061.04 
12300 742566 226.535 3308.7 0 0 104.535 100.183 0 0.0863889 0.0602778 0 1515.69 57.5726 0 2064.94 
12400 738313 227.556 3289.12 0 0 104.564 100.479 0 0.0891667 0.0608333 0 1530.95 57.3756 0 2065.96 
12500 751731 226.215 3345.88 0 0 104.62 100.614 0 0.0733333 0.0486111 0 1545.96 56.0409 0 2065.86 
12600 735248 225.324 3278.76 0 0 104.608 100.454 0 0.0816667 0.0558333 0 1561.03 56.7878 0 2065.23 
12700 737846 226.227 3289.72 0 0 104.665 100.386 0 0.0697222 0.0491667 0 1576.18 56.3897 0 2066.19 
12800 731780 226.489 3262.83 0 0 104.678 100.381 0 0.085 0.0586111 0 1591.05 56.4252 0 2065.38 
12900 739309 226.609 3294.09 0 0 104.711 100.515 0 0.0908333 0.0588889 0 1606.17 57.5925 0 2063.74 
13000 744835 225.466 3318.44 0 0 104.703 100.357 0 0.0786111 0.0525 0 1621.4 56.8636 0 2067.2 
13100 741798 226.915 3304.98 0 0 104.689 100.356 0 0.085 0.0583333 0 1636.37 56.6712 0 2069.48 
13200 734437 226.089 3270.29 0 0 104.86 100.514 0 0.0788889 0.0538889 0 1651.23 54.8145 0 2075.02 
13300 745197 228.029 3308.64 0 0 104.854 100.543 0 0.0794444 0.0547222 0 1666.36 54.1951 0 2072.69 
13400 746355 226.963 3313.96 0 0 104.837 100.676 0 0.0836111 0.0575 0 1681.46 54.0359 0 2077.49 
13500 750023 225.828 3335.61 0 0 104.89 100.732 0 0.095 0.0702778 0 1696.69 54.4044 0 2075.41 
13600 731775 228.479 3256 0 0 104.827 100.532 0 0.0916667 0.0622222 0 1711.72 56.0472 0 2075.04 
13700 737929 226.783 3283.9 0 0 104.78 100.479 0 0.0869444 0.0597222 0 1727.15 54.9056 0 2076.04 
13800 725015 227.22 3233.57 0 0 104.727 100.409 0 0.0847222 0.0586111 0 1742.27 55.0814 0 2080.62 
13900 747562 226.734 3334.77 0 0 104.854 100.801 0 0.0833333 0.0613889 0 1758.01 52.5895 0 2080.51 
14000 759279 226.376 3383.14 0 0 104.856 100.9 0 0.07 0.0466667 0 1772.99 51.1911 0 2082.98 
14100 749278 225.918 3340.45 0 0 104.997 101.238 0 0.0833333 0.0569444 0 1788.29 50.0732 0 2086.51 
14200 743286 225.699 3315.12 0 0 104.91 101.065 0 0.0905556 0.0580556 0 1803.55 49.6437 0 2087.48 
14300 744359 226.637 3321.6 0 0 104.96 100.953 0 0.0866667 0.0583333 0 1819.15 47.54 0 2086.89 
14400 743134 228.398 3307.16 0 0 105.088 101.269 0 0.101944 0.0711111 0 1834.51 50.0987 0 2089.01 
14500 745037 225.949 3325.59 0 0 104.969 100.988 0 0.0913889 0.0588889 0 1849.56 49.4437 0 2090.4 
14600 753361 226.306 3358.2 0 0 105.266 101.353 0 0.0827778 0.0586111 0 1864.81 48.2856 0 2096.15 
14700 738264 228.098 3281.41 0 0 105.155 101.29 0 0.0861111 0.0586111 0 1879.92 47.5077 0 2096.67 
14800 752969 227.681 3355.92 0 0 105.386 101.593 0 0.0777778 0.0516667 0 1896.03 47.8485 0 2102.6 
14900 755479 225.69 3392.52 0 0 105.395 101.553 0 0.085 0.0591667 0 1912.19 46.9213 0 2112.17 
15000 749820 224.407 3371.17 0 0 105.547 101.563 0 0.0794444 0.0538889 0 1927.76 46.6545 0 2122.2 
15100 750859 225.541 3381.48 0 0 105.566 101.903 0 0.0916667 0.0625 0 1944.21 45.4054 0 2126.73 
15200 751569 223.465 3418.11 0 0 105.453 101.955 0 0.0825 0.0530556 0 1961.59 41.064 0 2138.05 
15300 752253 221.777 3432.44 0 0 105.688 102.34 0 0.075 0.0511111 0 1978.41 38.5897 0 2147.81 
15400 757512 219.988 3476.65 0 0 105.65 102.333 0 0.0902778 0.0627778 0 1995.56 37.0747 0 2155.71 
15500 765602 220.192 3515.95 0 0 105.552 102.241 0 0.0880556 0.0613889 0 2011.65 35.9852 0 2166.32 
15600 760849 219.559 3513.55 0 0 105.636 102.412 0 0.0891667 0.0605556 0 2028.58 34.4059 0 2179.7 
15700 759813 218.64 3517.46 0 0 105.702 102.483 0 0.0877778 0.0616667 0 2044.95 31.8478 0 2188.96 
15800 760018 218.829 3522.39 0 0 105.787 102.612 0 0.103333 0.0736111 0 2061.01 30.3362 0 2196.14 
15900 764218 217.112 3541.3 0 0 105.676 102.223 0 0.0852778 0.0630556 0 2076.77 30.2191 0 2203.03 
16000 757971 217.191 3520.93 0 0 105.558 102.192 0 0.0952778 0.0672222 0 2092.48 31.3945 0 2206.92 
16100 750225 218.977 3478.12 0 0 105.587 102.288 0 0.0777778 0.0558333 0 2108.1 31.3474 0 2207.22 
16200 753115 219.123 3491.15 0 0 105.764 102.491 0 0.0963889 0.0686111 0 2123.61 33.7649 0 2210.25 
16300 767224 216.34 3566.51 0 0 105.785 102.376 0 0.0811111 0.0561111 0 2139.15 31.3677 0 2215.48 
16400 754190 218.436 3496.86 0 0 105.764 102.455 0 0.0913889 0.0616667 0 2154.44 31.1881 0 2216.66 
16500 760473 218.321 3529.12 0 0 105.883 102.499 0 0.0805556 0.0552778 0 2170.04 32.6646 0 2212.03 
16600 760209 217.601 3524.72 0 0 105.813 102.396 0 0.0911111 0.0633333 0 2185.53 30.1012 0 2217.09 
16700 765551 218.437 3545.98 0 0 105.887 102.458 0 0.0852778 0.0580556 0 2201.07 30.9983 0 2214.24 
16800 758723 218.784 3513.14 0 0 105.794 102.372 0 0.0813889 0.0569444 0 2216.43 30.9541 0 2212.5 
16900 756784 217.461 3511.16 0 0 105.799 102.378 0 0.0816667 0.0555556 0 2232.02 27.7682 0 2206.71 
17000 761959 218.771 3529.62 0 0 105.868 102.515 0 0.0780556 0.055 0 2247.71 28.2094 0 2210.28 
17100 757331 219.743 3499.59 0 0 105.873 102.469 0 0.0808333 0.0597222 0 2263.32 26.3712 0 2205.99 
17200 755344 220.671 3481.15 0 0 105.944 102.494 0 0.0930556 0.0661111 0 2278.9 24.7028 0 2202.99 
17300 760577 219.11 3520.21 0 0 105.794 102.212 0 0.0894444 0.0605556 0 2294.44 26.3952 0 2201.4 
17400 754747 220.358 3486.21 0 0 105.787 102.376 0 0.0838889 0.0561111 0 2310.01 27.7161 0 2208.22 
17500 759340 217.514 3510.1 0 0 106.022 102.48 0 0.0916667 0.0661111 0 2325.26 25.2373 0 2206.72 
17600 762261 218.468 3530.26 0 0 105.86 102.377 0 0.0858333 0.0591667 0 2340.62 22.2305 0 2205.6 
17700 759451 219.719 3516.21 0 0 105.934 102.345 0 0.0758333 0.0469444 0 2356.06 20.4839 0 2210.33 
17800 758367 220.291 3511.72 0 0 105.806 102.322 0 0.0969444 0.0688889 0 2371.59 24.0005 0 2208.77 
17900 760859 218.492 3520.37 0 0 105.766 102.27 0 0.0888889 0.0622222 0 2386.99 30.2385 0 2209.09 
18000 767630 219.429 3552.43 0 0 105.678 102.244 0 0.0830556 0.0602778 0 2402.68 34.7564 0 2210.52 
18100 759645 219.916 3512.93 0 0 105.708 102.31 0 0.0869444 0.0608333 0 2418.24 36.3592 0 2211.83 
18200 768391 218.841 3555.17 0 0 105.693 102.319 0 0.0927778 0.0669444 0 2434.05 38.0628 0 2212.06 
18300 764869 221.494 3528.48 0 0 105.54 102.301 0 0.0888889 0.0658333 0 2449.49 38.2555 0 2215.13 
18400 762783 220.031 3526.5 0 0 105.656 102.236 0 0.0763889 0.0555556 0 2465.05 41.2485 0 2214.13 
18500 757704 219.769 3498.99 0 0 105.764 102.461 0 0.0905556 0.0627778 0 2480.69 43.1767 0 2215.02 
18600 769785 219.998 3555.6 0 0 105.802 102.695 0 0.0827778 0.06 0 2496.31 43.0344 0 2213.93 
18700 778162 220.375 3595.4 0 0 105.719 102.429 0 0.0936111 0.0636111 0 2511.75 42.063 0 2213.67 
18800 1.48389e+06 216.851 6919.92 0 0 105.728 102.45 0 0.0844444 0.0558333 0 2542.59 -0.437195 0 2440.31 
18900 1.52332e+06 218.216 7088.31 0 0 105.7 102.477 0 0.0833333 0.0586111 0 2559.58 -2.94757 0 2875.32 
19000 1.51767e+06 215.38 7067.08 0 0 105.765 102.559 0 0.08 0.0536111 0 2575.24 -2.84644 0 3320.47 
19100 1.50507e+06 217.342 6996.42 0 0 105.725 102.399 0 0.0886111 0.0572222 0 2590.77 -2.22742 0 3763.68 
19200 1.51787e+06 217.201 7052.5 0 0 105.599 102.427 0 0.0833333 0.0572222 0 2606.38 -2.24335 0 4205.44 
19300 1.51223e+06 217.978 7030.84 0 0 105.635 102.388 0 0.0894444 0.0661111 0 2622.01 -0.87703 0 4418.19 
19400 1.52071e+06 217.371 7054.73 0 0 105.937 102.801 0 0.0805556 0.0558333 0 2637.79 -1.59026 0 4419.43 
19500 1.51281e+06 219.506 7020.27 0 0 105.939 102.622 0 0.1025 0.0711111 0 2653.39 -1.63531 0 4415.48 
19600 1.52549e+06 219.265 7069.05 0 0 105.926 102.905 0 0.0830556 0.0583333 0 2668.99 -2.86102 0 4415.05 
19700 1.50657e+06 217.842 6991.38 0 0 105.772 102.662 0 0.0958333 0.0661111 0 2684.83 -3.21421 0 4410.95 
19800 1.52896e+06 219.335 7092.95 0 0 105.806 102.82 0 0.0888889 0.0583333 0 2700.49 -2.94971 0 4414.59 
19900 1.52133e+06 219.271 7053.49 0 0 105.801 102.968 0 0.0913889 0.0613889 0 2716.15 -2.56815 0 4417.28 
20000 1.51104e+06 217.67 7016.81 0 0 105.893 102.889 0 0.0877778 0.0594444 0 2731.67 -3.82453 0 4423.22 
20100 1.50237e+06 217.156 6977.79 0 0 105.764 102.743 0 0.0922222 0.0627778 0 2747.44 -4.1652 0 4424.62 
20200 1.51668e+06 219.477 7040.35 0 0 105.852 102.836 0 0.09 0.0613889 0 2762.94 -4.94452 0 4430.51 
20300 1.51637e+06 218.739 7031.32 0 0 105.775 102.792 0 0.0830556 0.0569444 0 2778.59 -5.92738 0 4433.13 
20400 1.51329e+06 219.924 7012.82 0 0 105.773 102.735 0 0.0925 0.0669444 0 2794.4 -5.73346 0 4428.54 
20500 1.52597e+06 218.993 7075.72 0 0 105.704 102.572 0 0.0883333 0.0566667 0 2810.22 -4.28885 0 4423.2 
20600 1.52385e+06 217.236 7071.32 0 0 105.701 102.734 0 0.0775 0.0563889 0 2825.82 -3.63539 0 4423.78 
20700 1.50367e+06 218.613 6960.57 0 0 105.798 102.906 0 0.0869444 0.0583333 0 2841.44 -0.958814 0 4416.34 
20800 1.51825e+06 219.976 7025.54 0 0 105.751 102.614 0 0.0791667 0.0561111 0 2857.18 -1.36987 0 4404.31 
20900 1.50554e+06 218.391 6984.75 0 0 105.944 102.868 0 0.0897222 0.0611111 0 2872.94 -0.523141 0 4416.15 
21000 1.51223e+06 219.023 7013.18 0 0 105.953 102.959 0 0.0891667 0.0636111 0 2888.88 -0.531359 0 4414.77 
21100 1.52235e+06 219.702 7050.33 0 0 105.823 102.856 0 0.0797222 0.0563889 0 2904.76 -1.57451 0 4417.11 
21200 1.51512e+06 220.302 7007.74 0 0 106.158 103.203 0 0.0908333 0.0608333 0 2920.34 -3.83877 0 4423.25 
21300 1.51988e+06 219.234 7040.36 0 0 106.038 102.88 0 0.0922222 0.0666667 0 2936.08 -3.28209 0 4433.92 
21400 1.53049e+06 217.043 7098.15 0 0 106.068 103.055 0 0.0930556 0.065 0 2951.99 -3.18082 0 4431.55 
21500 1.51578e+06 220.248 7022.94 0 0 105.941 102.898 0 0.0825 0.055 0 2967.63 -1.01562 0 4441.3 
21600 1.51702e+06 221.507 7010.71 0 0 106.091 103.237 0 0.0855556 0.0627778 0 2983.12 -2.2002 0 4431.9 
21700 1.52932e+06 220.469 7060.23 0 0 106.069 103.179 0 0.0838889 0.0586111 0 2998.98 -1.8898 0 4427.98 
21800 1.52779e+06 219.843 7065.34 0 0 106.053 103.044 0 0.0741667 0.0480556 0 3014.7 -1.45911 0 4422.89 
21900 1.5153e+06 220.168 7002.86 0 0 106.009 103.063 0 0.0941667 0.0661111 0 3030.43 -3.46325 0 4425.95 
22000 1.50485e+06 218.154 6972.19 0 0 106.101 103.128 0 0.0838889 0.0605556 0 3046.1 -1.71519 0 4414.7 
22100 1.5094e+06 219.52 6978.71 0 0 106.042 103.292 0 0.0775 0.0516667 0 3061.74 -1.24973 0 4417.53 
22200 1.51847e+06 218.308 7026.71 0 0 105.986 103.133 0 0.0886111 0.0622222 0 3077.81 -2.24361 0 4418.57 
22300 1.52353e+06 223.586 7039.6 0 0 106.038 103.134 0 0.0744444 0.0552778 0 3093.5 -2.19757 0 4422.01 
22400 1.54084e+06 220.75 7124.06 0 0 106.118 103.281 0 0.0802778 0.0516667 0 3109.25 -3.81061 0 4410.92 
22500 1.51738e+06 219.287 7018.07 0 0 106.138 103.235 0 0.0888889 0.0591667 0 3125.13 -2.03845 0 4411.2 
22600 1.53619e+06 220.245 7109.05 0 0 106.102 103.375 0 0.0758333 0.0502778 0 3141.01 0.234803 0 4415.61 
22700 1.52279e+06 223.147 7021.25 0 0 106.175 103.503 0 0.0875 0.0558333 0 3156.79 1.18854 0 4420.54 
22800 1.52078e+06 221.361 7038.87 0 0 106.282 103.468 0 0.0861111 0.0641667 0 3172.72 0.983609 0 4418.83 
22900 1.52059e+06 220.907 7039.82 0 0 106.084 103.16 0 0.0947222 0.065 0 3188.32 -0.393106 0 4436.49 
23000 1.52213e+06 222.239 7038.89 0 0 106.074 103.286 0 0.0891667 0.0641667 0 3204.19 -0.647993 0 4439.61 
23100 1.50972e+06 220.744 6978.26 0 0 106.129 103.541 0 0.109722 0.0752778 0 3219.85 1.44353 0 4437.76 
23200 1.50107e+06 220.612 6943.94 0 0 106.142 103.313 0 0.0822222 0.0552778 0 3235.83 2.41219 0 4434.19 
23300 1.51246e+06 220.477 7003.89 0 0 106.197 103.518 0 0.0944444 0.0691667 0 3251.96 -0.212446 0 4435.39 
23400 1.53875e+06 219.303 7119.77 0 0 106.301 103.603 0 0.085 0.0580556 0 3267.63 1.06177 0 4426.68 
23500 1.5146e+06 223.072 7012.02 0 0 106.259 103.471 0 0.0941667 0.0641667 0 3283.36 0.286604 0 4437.73 
23600 1.50727e+06 221.439 6988.46 0 0 106.444 103.56 0 0.0961111 0.0613889 0 3299.13 -3.74087 0 4443.38 
23700 1.53765e+06 220.192 7134.37 0 0 106.09 103.404 0 0.0930556 0.0638889 0 3315.2 -3.44322 0 4455.13 
23800 1.51482e+06 220.766 7023.97 0 0 106.186 103.274 0 0.0922222 0.0627778 0 3330.88 -2.20287 0 4460 
23900 1.51518e+06 222.592 7012.76 0 0 106.329 103.49 0 0.0816667 0.0558333 0 3346.85 -2.71363 0 4465.38 
24000 1.51464e+06 219.265 7033.44 0 0 106.137 103.223 0 0.0922222 0.0627778 0 3362.51 -5.32446 0 4463.89 
24100 1.52443e+06 219.662 7088 0 0 105.918 103.246 0 0.08 0.055 0 3378.5 -7.47093 0 4465.29 
24200 1.52281e+06 221.058 7054.33 0 0 106.311 103.393 0 0.0830556 0.0583333 0 3394.28 -7.91275 0 4463.61 
24300 1.53658e+06 221.102 7126.1 0 0 106.19 103.325 0 0.09 0.0647222 0 3410.03 -7.78975 0 4466.18 
24400 1.53878e+06 223.068 7127.15 0 0 106.458 103.856 0 0.0830556 0.0558333 0 3425.73 -4.59021 0 4466.01 
24500 1.50675e+06 223.313 6977.13 0 0 106.421 103.725 0 0.0766667 0.0525 0 3441.75 -5.10989 0 4458.44 
24600 1.50317e+06 223.947 6952.15 0 0 106.569 103.734 0 0.0886111 0.0563889 0 3457.93 -6.14371 0 4451.96 
24700 1.53462e+06 221.56 7120.16 0 0 106.434 103.77 0 0.0847222 0.0583333 0 3474.2 -11.5793 0 4445.22 
24800 1.5126e+06 221.971 7017.17 0 0 106.369 103.484 0 0.0883333 0.0577778 0 3490.48 -14.0437 0 4444.93 
24900 1.51142e+06 221.908 6996.12 0 0 106.483 103.676 0 0.0911111 0.0619444 0 3506.28 -15.3481 0 4437.36 
25000 1.51262e+06 222.356 7013.15 0 0 106.308 103.478 0 0.0861111 0.0594444 0 3521.91 -14.0944 0 4444.93 
25100 1.53125e+06 225.2 7066.31 0 0 106.329 103.647 0 0.0819444 0.06 0 3537.46 -12.6852 0 4447.43 
25200 1.50838e+06 221.827 7000.11 0 0 106.198 103.393 0 0.0802778 0.0566667 0 3553.26 -9.44895 0 4447.68 
25300 1.51036e+06 221.98 7015.3 0 0 106.085 103.345 0 0.0861111 0.0613889 0 3569.16 -10.0952 0 4447.07 
25400 1.51963e+06 219.528 7056.39 0 0 106.366 103.219 0 0.0988889 0.0702778 0 3584.87 -16.2664 0 4444.68 
25500 1.5167e+06 219.868 7052.63 0 0 105.91 103.137 0 0.0972222 0.0694444 0 3600.48 -19.7919 0 4446.11 
25600 1.51284e+06 219.591 7034.66 0 0 106.036 103.365 0 0.0766667 0.0572222 0 3616.44 -18.3166 0 4447.28 
25700 1.51449e+06 219.852 7048.22 0 0 106.195 103.444 0 0.0772222 0.0561111 0 3632.54 -15.5578 0 4453.3 
25800 1.52108e+06 220.793 7057.57 0 0 106.006 103.303 0 0.1 0.0719444 0 3648.61 -14.3747 0 4447.64 
25900 1.50798e+06 222.162 7013.97 0 0 106.067 103.371 0 0.0963889 0.0633333 0 3664.46 -15.0028 0 4452.88 
26000 1.52288e+06 221.254 7067.18 0 0 106.099 103.36 0 0.0797222 0.0533333 0 3680.15 -18.1772 0 4451.08 
26100 1.52797e+06 218.562 7113.26 0 0 106.044 103.426 0 0.104167 0.0688889 0 3695.87 -19.2459 0 4455.02 
26200 1.50954e+06 217.947 7046.24 0 0 105.822 103.112 0 0.0916667 0.0661111 0 3711.85 -14.4548 0 4457.78 
26300 1.52724e+06 221.844 7116.11 0 0 105.794 103.115 0 0.0788889 0.0575 0 3727.45 -13.3181 0 4459.36 
26400 1.51788e+06 218.634 7079.53 0 0 105.74 102.923 0 0.0888889 0.0580556 0 3743.61 -12.0562 0 4467.01 
26500 1.51718e+06 220.498 7060.63 0 0 105.763 102.94 0 0.0816667 0.0563889 0 3759.6 -11.2214 0 4467.87 
26600 1.54905e+06 218.944 7241.96 0 0 105.548 102.745 0 0.0844444 0.0516667 0 3775.57 -9.83096 0 4463.59 
26700 2.8575e+06 218.442 13295.5 0 0 105.739 102.491 0 0.0747222 0.0544444 0 3796.63 -1.22203 0 4765.71 
26800 5.46255e+06 216.819 25370.3 0 0 105.722 102.384 0 0.0825 0.0561111 0 3823.65 -9.18245 0 6173.3 
26900 6.07995e+06 217.257 28202.3 0 0 105.811 102.567 0 0.0833333 0.0583333 0 3842.17 -10.0517 0 8710.63 
27000 6.07121e+06 218.917 28108.1 0 0 105.927 102.611 0 0.0944444 0.0675 0 3857.95 -10.8179 0 11322.4 
27100 6.12867e+06 216.579 28411.8 0 0 105.767 102.454 0 0.0886111 0.0597222 0 3873.65 -11.661 0 13955.8 
27200 6.10285e+06 217.853 28254.8 0 0 105.803 102.305 0 0.0944444 0.0663889 0 3889.33 -11.5734 0 16257.8 
27300 6.16201e+06 218.619 28500.4 0 0 105.874 102.672 0 0.0833333 0.0561111 0 3904.84 -12.1486 0 17504.6 
27400 6.03038e+06 219.764 27871.2 0 0 105.684 102.474 0 0.0830556 0.0575 0 3920.28 -11.9269 0 17600.5 
27500 6.02747e+06 218.381 27872.8 0 0 105.744 102.474 0 0.0822222 0.0580556 0 3935.82 -11.5007 0 17575.7 
27600 6.02616e+06 217.206 27917.4 0 0 105.619 102.299 0 0.0916667 0.0636111 0 3951.61 -12.0724 0 17595.9 
27700 5.92075e+06 218.024 27459.8 0 0 105.581 102.182 0 0.0813889 0.0577778 0 3967.25 -13.589 0 17593.3 
27800 6.10139e+06 220.107 28189.4 0 0 105.688 102.437 0 0.0872222 0.0644444 0 3982.98 -15.3588 0 17555 
27900 6.06776e+06 217.667 28054.5 0 0 105.576 102.495 0 0.0880556 0.0611111 0 3998.58 -15.5768 0 17531.8 
28000 6.0554e+06 218.895 28029.7 0 0 105.653 102.419 0 0.0897222 0.065 0 4014.22 -14.0611 0 17578.1 
28100 6.08549e+06 218.664 28144 0 0 105.702 102.434 0 0.0961111 0.0677778 0 4029.82 -13.5895 0 17545 
28200 6.09598e+06 219.189 28137.8 0 0 105.825 102.624 0 0.0808333 0.0538889 0 4045.32 -14.1435 0 17572.1 
28300 6.06035e+06 220.446 27947.6 0 0 105.661 102.41 0 0.0936111 0.0625 0 4060.96 -14.0674 0 17563.3 
28400 6.02933e+06 219.451 27795.7 0 0 105.713 102.54 0 0.0922222 0.0680556 0 4076.57 -12.7466 0 17571.7 
28500 6.06593e+06 218.57 28039.3 0 0 105.64 102.264 0 0.0933333 0.0658333 0 4092.12 -13.0432 0 17539.8 
28600 6.04465e+06 220.366 27880.4 0 0 105.702 102.192 0 0.0841667 0.0583333 0 4107.73 -11.0098 0 17568.1 
28700 5.9848e+06 220.154 27600.9 0 0 105.721 102.423 0 0.0861111 0.0608333 0 4123.27 -10.7523 0 17544.4 
28800 6.07964e+06 220.752 28048.1 0 0 105.666 102.378 0 0.0833333 0.0547222 0 4139.05 -11.9111 0 17568.8 
28900 6.03264e+06 220.854 27808.1 0 0 105.655 102.403 0 0.0980556 0.0633333 0 4154.82 -11.9084 0 17582.8 
29000 6.01764e+06 219.707 27736.6 0 0 105.851 102.488 0 0.0955556 0.0663889 0 4170.44 -12.478 0 17587.2 
29100 6.06218e+06 219.628 27942.9 0 0 105.715 102.723 0 0.0872222 0.0638889 0 4186.53 -10.8647 0 17540.8 
29200 6.05809e+06 218.863 27943 0 0 105.614 102.647 0 0.0925 0.0608333 0 4202.11 -12.2081 0 17564.9 
29300 6.01878e+06 220.204 27801.2 0 0 105.708 102.496 0 0.0813889 0.0541667 0 4217.66 -11.5049 0 17541.5 
29400 6.11017e+06 219.407 28187.4 0 0 105.618 102.455 0 0.0925 0.0697222 0 4233.06 -10.1799 0 17538.7 
29500 6.02756e+06 220.377 27813.9 0 0 105.653 102.692 0 0.0916667 0.0627778 0 4248.9 -8.14945 0 17553.6 
29600 6.12941e+06 218.748 28337.4 0 0 105.614 102.715 0 0.0952778 0.0688889 0 4264.42 -7.73992 0 17553.8 
29700 6.04068e+06 219.151 27945.7 0 0 105.516 102.472 0 0.0747222 0.0525 0 4280.35 -8.17786 0 17522.8 
29800 6.10434e+06 218.839 28187.2 0 0 105.716 102.801 0 0.0925 0.0622222 0 4296.41 -9.42207 0 17542.2 
29900 6.07923e+06 221.445 28047 0 0 105.916 102.81 0 0.0977778 0.0686111 0 4312.16 -9.04174 0 17535.2 
30000 5.99976e+06 220.798 27792.1 0 0 105.797 102.927 0 0.09 0.0636111 0 4328.28 -9.64883 0 17526.6 
30100 6.09823e+06 219.652 28210.6 0 0 105.63 102.916 0 0.0747222 0.0519444 0 4343.89 -8.27092 0 17592.3 
30200 6.09649e+06 220.476 28260.8 0 0 105.637 102.917 0 0.0925 0.0638889 0 4359.65 -9.84206 0 17628.2 
30300 6.10245e+06 219.464 28240.8 0 0 105.595 102.896 0 0.0772222 0.0505556 0 4375.55 -9.33038 0 17660.5 
30400 6.12587e+06 218.438 28393.3 0 0 105.522 102.748 0 0.09 0.0613889 0 4391.43 -11.2677 0 17674.6 
30500 6.07937e+06 218.629 28163.1 0 0 105.453 102.966 0 0.101111 0.0686111 0 4407.25 -15.2947 0 17705.9 
30600 6.04414e+06 218.654 27971.2 0 0 105.628 103.096 0 0.0927778 0.0666667 0 4423.12 -16.9746 0 17655.2 
30700 6.13446e+06 218.362 28418 0 0 105.517 102.948 0 0.0847222 0.0605556 0 4438.6 -17.3284 0 17631.1 
30800 6.1412e+06 219.188 28386.7 0 0 105.538 103.093 0 0.0858333 0.0594444 0 4454.82 -18.4443 0 17617.6 
30900 6.12142e+06 219.065 28332.3 0 0 105.715 103.28 0 0.0961111 0.07 0 4471.24 -19.4302 0 17589.3 
31000 6.11404e+06 217.036 28333.6 0 0 105.654 103.205 0 0.0830556 0.0561111 0 4487.08 -18.18 0 17580.4 
31100 6.11926e+06 219.975 28290.1 0 0 105.703 103.181 0 0.0894444 0.0580556 0 4502.79 -19.1078 0 17597.2 
31200 6.10199e+06 218.766 28253.2 0 0 105.749 103.149 0 0.0955556 0.0633333 0 4518.62 -18.9835 0 17603.3 
31300 6.11063e+06 216.442 28339.8 0 0 105.635 103.137 0 0.0836111 0.0558333 0 4534.58 -18.4649 0 17604.3 
31400 6.10514e+06 216.349 28323.4 0 0 105.761 103.19 0 0.0902778 0.0630556 0 4550.26 -19.3827 0 17636.7 
31500 6.13857e+06 217.411 28474.6 0 0 105.821 103.12 0 0.0911111 0.065 0 4565.85 -19.4043 0 17634.2 
31600 6.10226e+06 218.58 28297.6 0 0 105.669 103.118 0 0.0894444 0.0586111 0 4581.6 -19.8702 0 17647.4 
31700 6.099e+06 218.369 28251.2 0 0 105.792 103.301 0 0.0938889 0.06 0 4597.36 -20.8254 0 17645.8 
31800 6.09824e+06 220.171 28152.9 0 0 105.939 103.468 0 0.0822222 0.0563889 0 4613.1 -18.9367 0 17649.4 
31900 6.18222e+06 219.447 28586.2 0 0 105.742 103.218 0 0.0794444 0.0536111 0 4629.01 -18.3592 0 17612.6 
32000 6.12702e+06 219.72 28365.7 0 0 105.911 103.359 0 0.0977778 0.0677778 0 4644.49 -19.4412 0 17635.7 
32100 6.13237e+06 218.874 28429 0 0 105.861 103.394 0 0.0825 0.0541667 0 4660.06 -18.7786 0 17644.4 
32200 6.10661e+06 219.299 28294.9 0 0 105.872 103.162 0 0.08 0.0538889 0 4675.72 -17.0522 0 17675.6 
32300 6.12066e+06 217.904 28369.2 0 0 105.951 103.514 0 0.0858333 0.06 0 4691.4 -15.328 0 17688.9 
32400 6.0744e+06 219.807 28125.8 0 0 106.098 103.6 0 0.104167 0.0727778 0 4707.15 -13.312 0 17738 
32500 6.14004e+06 220.909 28403.6 0 0 105.957 103.466 0 0.0816667 0.0558333 0 4722.89 -16.2699 0 17703.3 
32600 6.15208e+06 218.575 28514.2 0 0 106.104 103.466 0 0.0869444 0.0630556 0 4738.34 -15.0302 0 17725 
32700 6.07166e+06 219.585 28145.8 0 0 105.972 103.404 0 0.0825 0.0544444 0 4754.09 -16.6562 0 17728.6 
32800 6.13204e+06 220.401 28333.2 0 0 106.012 103.392 0 0.0916667 0.0677778 0 4769.58 -16.707 0 17690.1 
32900 6.06111e+06 222.049 28005.4 0 0 106.069 103.454 0 0.0863889 0.0588889 0 4785.28 -14.5901 0 17681.7 
33000 6.11003e+06 221.544 28191 0 0 106.069 103.32 0 0.0861111 0.0577778 0 4800.86 -15.312 0 17709.2 
33100 6.05656e+06 220.735 27916.2 0 0 105.988 103.088 0 0.0852778 0.0580556 0 4816.6 -14.6001 0 17674.3 
33200 6.12839e+06 222.509 28172 0 0 106.183 103.588 0 0.0827778 0.0588889 0 4832.45 -15.4758 0 17658.6 
33300 6.11184e+06 223.906 28163.7 0 0 106.179 103.503 0 0.0791667 0.055 0 4848.09 -17.3531 0 17694.1 
33400 6.11511e+06 219.06 28276.6 0 0 106.116 103.555 0 0.0852778 0.0613889 0 4864.06 -15.2348 0 17689.1 
33500 6.13146e+06 220.783 28283 0 0 106.143 103.637 0 0.0838889 0.0575 0 4879.71 -13.1032 0 17685.8 
33600 6.08292e+06 221.498 28063.4 0 0 106.234 103.605 0 0.0858333 0.0611111 0 4895.19 -12.319 0 17699.6 
33700 6.12718e+06 220.441 28290 0 0 106.304 103.856 0 0.0838889 0.0547222 0 4910.94 -14.4736 0 17711.2 
33800 6.15718e+06 220.221 28340.8 0 0 106.166 103.83 0 0.0833333 0.0597222 0 4926.53 -13.389 0 17693.2 
33900 6.12321e+06 222.792 28171.8 0 0 106.079 103.668 0 0.0888889 0.0602778 0 4942.25 -10.7507 0 17697.7 
34000 6.16175e+06 220.269 28382.9 0 0 106.196 103.783 0 0.0813889 0.0569444 0 4957.8 -12.6657 0 17724 
34100 6.13126e+06 223.321 28116.1 0 0 106.346 103.701 0 0.0866667 0.0552778 0 4973.41 -13.3148 0 17715.6 
34200 6.17623e+06 223.529 28328.5 0 0 106.481 103.871 0 0.0894444 0.0625 0 4989.27 -13.0345 0 17724.2 
34300 6.09517e+06 221.769 28022.7 0 0 106.249 103.709 0 0.0830556 0.0588889 0 5004.69 -13.5983 0 17740.3 
34400 6.12979e+06 221.195 28157.2 0 0 106.461 104.058 0 0.0825 0.0580556 0 5020.27 -14.3054 0 17747.8 
34500 6.02599e+06 224.224 27626.4 0 0 106.385 103.949 0 0.0847222 0.055 0 5035.61 -12.916 0 17717.4 
34600 6.16471e+06 224.262 28284.1 0 0 106.476 103.801 0 0.0775 0.0491667 0 5051.36 -12.356 0 17702.4 
34700 6.04476e+06 223.976 27727.8 0 0 106.327 103.836 0 0.0919444 0.0658333 0 5067.49 -11.3419 0 17657.2 
34800 6.09966e+06 221.641 28032.5 0 0 106.385 103.707 0 0.0941667 0.0688889 0 5083.32 -10.5248 0 17644.7 
34900 6.08328e+06 221.983 27950.4 0 0 106.499 103.868 0 0.0880556 0.0613889 0 5099.19 -10.2661 0 17626.8 
35000 6.14633e+06 222.994 28216.7 0 0 106.714 104.182 0 0.0772222 0.0558333 0 5115.44 -6.75887 0 17624.4 
35100 6.13889e+06 223.267 28171.3 0 0 106.555 104.022 0 0.0983333 0.0688889 0 5131.01 -4.09436 0 17617.7 
35200 6.08958e+06 223.926 27944.7 0 0 106.515 104.039 0 0.0911111 0.0655556 0 5146.55 -2.21213 0 17649.6 
35300 6.09817e+06 223.394 28009.1 0 0 106.471 103.995 0 0.0894444 0.0602778 0 5162.05 -2.24788 0 17662.7 
35400 6.17223e+06 222.188 28362.8 0 0 106.407 103.895 0 0.0694444 0.0469444 0 5177.97 -1.81967 0 17671.9 
35500 6.14509e+06 222.094 28198.3 0 0 106.677 104.184 0 0.0808333 0.0569444 0 5193.83 -2.27399 0 17663.4 
35600 6.16859e+06 224.017 28284.1 0 0 106.555 103.975 0 0.0786111 0.0511111 0 5209.52 -3.07937 0 17684.8 
35700 6.15752e+06 224.238 28172.6 0 0 106.684 104.224 0 0.0875 0.0580556 0 5225.41 -2.26582 0 17692.3 
35800 6.18567e+06 224.072 28380.5 0 0 106.549 103.927 0 0.0769444 0.0530556 0 5241.43 -0.686367 0 17701.7 
35900 6.1096e+06 222.71 28070.1 0 0 106.741 104.089 0 0.08 0.0547222 0 5256.91 -1.98564 0 17701.8 
36000 6.10722e+06 224.073 28051.8 0 0 106.553 104.076 0 0.08 0.0563889 0 5272.55 -2.03119 0 17719.2 
36100 6.12378e+06 224.049 28042.8 0 0 106.668 104.154 0 0.0908333 0.0663889 0 5288.65 0.718676 0 17726.5 
36200 6.18626e+06 224.176 28381.3 0 0 106.794 104.162 0 0.0888889 0.0602778 0 5304.72 4.95838 0 17728.7 
36300 6.13297e+06 224.797 28112.1 0 0 106.789 104.242 0 0.0966667 0.0672222 0 5320.37 6.64797 0 17717.8 
36400 6.10199e+06 222.335 28058 0 0 106.819 104.156 0 0.0830556 0.0572222 0 5335.91 8.58498 0 17714.4 
36500 6.23262e+06 224.738 28496.8 0 0 106.949 104.238 0 0.0913889 0.0625 0 5351.34 9.76908 0 17722.2 
36600 6.15177e+06 224.431 28188.8 0 0 107.092 104.331 0 0.08 0.06 0 5367.24 12.6542 0 17729.9 
36700 6.09738e+06 225.219 27921.1 0 0 106.909 104.33 0 0.101111 0.0697222 0 5383.48 10.9171 0 17731.7 
