# Avida count data
# Mon Jun 18 10:12:20 2018
#  1: update
#  2: number of insts executed this update
#  3: number of organisms
#  4: number of different genotypes
#  5: number of different threshold genotypes
#  6: (deprecated) number of different species
#  7: (deprecated) number of different threshold species
#  8: (deprecated) number of different lineages
#  9: number of births in this update
# 10: number of deaths in this update
# 11: number of breed true
# 12: number of breed true organisms?
# 13: number of no-birth organisms
# 14: number of single-threaded organisms
# 15: number of multi-threaded organisms
# 16: number of modified organisms

0 30 1 1 1 0 0 0 1 0 1 1 1 1 0 0 
100 3840 128 43 11 0 0 0 0 0 0 86 64 128 0 0 
200 108000 3600 1440 364 0 0 0 72 72 52 2463 1827 3600 0 0 
300 108000 3600 1739 574 0 0 0 260 260 169 2420 1842 3600 0 0 
400 108000 3600 1892 685 0 0 0 240 240 146 2420 1841 3600 0 0 
500 108000 3600 1921 720 0 0 0 214 214 149 2414 1839 3600 0 0 
600 108000 3600 1963 723 0 0 0 194 194 127 2383 1849 3600 0 0 
700 108000 3600 1933 696 0 0 0 200 200 137 2381 1842 3600 0 0 
800 108000 3600 1944 682 0 0 0 214 214 140 2355 1830 3600 0 0 
900 108000 3600 1967 690 0 0 0 202 202 122 2320 1851 3600 0 0 
1000 108000 3600 1982 684 0 0 0 183 183 110 2307 1872 3600 0 0 
1100 108000 3600 1955 670 0 0 0 185 185 124 2308 1822 3600 0 0 
1200 108000 3600 1952 662 0 0 0 162 162 95 2335 1852 3600 0 0 
1300 108000 3600 1925 697 0 0 0 182 182 121 2398 1865 3600 0 0 
1400 108000 3600 1884 637 0 0 0 177 177 111 2403 1843 3600 0 0 
1500 108000 3600 1704 537 0 0 0 204 204 139 2470 1838 3600 0 0 
1600 108000 3600 1596 423 0 0 0 165 165 109 2477 1837 3600 0 0 
1700 108000 3600 1565 397 0 0 0 109 109 79 2530 1870 3600 0 0 
1800 108000 3600 1664 465 0 0 0 215 215 146 2494 1836 3600 0 0 
1900 108000 3600 1680 535 0 0 0 155 155 111 2537 1866 3600 0 0 
2000 108000 3600 1622 455 0 0 0 164 164 114 2488 1819 3600 0 0 
2100 108000 3600 1660 452 0 0 0 180 180 121 2439 1874 3600 0 0 
2200 108000 3600 1714 499 0 0 0 204 204 138 2440 1855 3600 0 0 
2300 108000 3600 1734 506 0 0 0 156 156 108 2447 1864 3600 0 0 
2400 108000 3600 1748 562 0 0 0 204 204 135 2502 1862 3600 0 0 
2500 108000 3600 1809 522 0 0 0 146 146 90 2431 1870 3600 0 0 
2600 108000 3600 1565 440 0 0 0 86 86 60 2569 1839 3600 0 0 
2700 108000 3600 1553 370 0 0 0 279 279 195 2489 1831 3600 0 0 
2800 108000 3600 1470 360 0 0 0 190 190 136 2570 1852 3600 0 0 
2900 108000 3600 1522 315 0 0 0 260 260 170 2477 1846 3600 0 0 
3000 108000 3600 1435 261 0 0 0 110 110 83 2495 1848 3600 0 0 
3100 108000 3600 1538 377 0 0 0 158 158 111 2505 1849 3600 0 0 
3200 108000 3600 1597 408 0 0 0 227 227 165 2515 1896 3600 0 0 
3300 108000 3600 1629 454 0 0 0 241 241 157 2525 1860 3600 0 0 
3400 108000 3600 1636 460 0 0 0 193 193 129 2516 1844 3600 0 0 
3500 108000 3600 1650 476 0 0 0 161 161 121 2519 1832 3600 0 0 
3600 108000 3600 1610 470 0 0 0 202 202 151 2556 1853 3600 0 0 
3700 108000 3600 1713 462 0 0 0 219 219 142 2429 1844 3600 0 0 
3800 108000 3600 1653 483 0 0 0 205 205 143 2496 1860 3600 0 0 
3900 108000 3600 1679 487 0 0 0 183 183 123 2454 1858 3600 0 0 
4000 108000 3600 1649 475 0 0 0 162 162 119 2537 1871 3600 0 0 
4100 108000 3600 1694 460 0 0 0 198 198 122 2481 1841 3600 0 0 
4200 108000 3600 1643 465 0 0 0 184 184 134 2518 1874 3600 0 0 
4300 108000 3600 1669 453 0 0 0 189 189 135 2480 1817 3600 0 0 
4400 108000 3600 1652 463 0 0 0 183 183 136 2493 1870 3600 0 0 
4500 108000 3600 1718 459 0 0 0 213 213 145 2446 1862 3600 0 0 
4600 108000 3600 1606 430 0 0 0 260 260 186 2524 1832 3600 0 0 
4700 108000 3600 1580 390 0 0 0 232 232 156 2483 1871 3600 0 0 
4800 108000 3600 1510 311 0 0 0 267 267 191 2445 1925 3600 0 0 
4900 108000 3600 1518 325 0 0 0 252 252 180 2447 1939 3600 0 0 
5000 108000 3600 1527 336 0 0 0 248 248 178 2476 1951 3600 0 0 
5100 108000 3600 1498 360 0 0 0 231 231 153 2491 1915 3600 0 0 
5200 108000 3600 1516 376 0 0 0 219 219 159 2517 1926 3600 0 0 
5300 108000 3600 1535 376 0 0 0 224 224 160 2505 1959 3600 0 0 
5400 108000 3600 1559 377 0 0 0 244 244 181 2477 1924 3600 0 0 
5500 108000 3600 1519 379 0 0 0 226 226 165 2538 1921 3600 0 0 
5600 108000 3600 1548 415 0 0 0 275 275 196 2528 1952 3600 0 0 
5700 108000 3600 1559 391 0 0 0 240 240 177 2503 1922 3600 0 0 
5800 108000 3600 1592 411 0 0 0 251 251 156 2461 1923 3600 0 0 
5900 108000 3600 1543 349 0 0 0 246 246 164 2498 1940 3600 0 0 
6000 108000 3600 1579 409 0 0 0 238 238 164 2485 1935 3600 0 0 
6100 108000 3600 1538 372 0 0 0 243 243 187 2502 1930 3600 0 0 
6200 108000 3600 1577 376 0 0 0 270 270 193 2485 1949 3600 0 0 
6300 108000 3600 1612 382 0 0 0 269 269 182 2427 1926 3600 0 0 
6400 108000 3600 1580 384 0 0 0 222 222 140 2473 1917 3600 0 0 
6500 108000 3600 1513 401 0 0 0 262 262 184 2539 1931 3600 0 0 
6600 108000 3600 1535 381 0 0 0 255 255 183 2527 1924 3600 0 0 
6700 108000 3600 1514 395 0 0 0 265 265 187 2529 1908 3600 0 0 
6800 108000 3600 1617 398 0 0 0 248 248 174 2449 1932 3600 0 0 
6900 108000 3600 1531 391 0 0 0 278 278 187 2517 1897 3600 0 0 
7000 108000 3600 1374 303 0 0 0 200 200 133 2506 1892 3600 0 0 
7100 108000 3600 1304 239 0 0 0 272 272 176 2497 1913 3600 0 0 
7200 108000 3600 1394 294 0 0 0 273 273 187 2518 1922 3600 0 0 
7300 108000 3600 1393 312 0 0 0 245 245 162 2531 1906 3600 0 0 
7400 108000 3600 1454 310 0 0 0 251 251 186 2507 1917 3600 0 0 
7500 108000 3600 1496 363 0 0 0 283 283 196 2523 1910 3600 0 0 
7600 108000 3600 1558 360 0 0 0 271 271 201 2471 1964 3600 0 0 
7700 108000 3600 1466 361 0 0 0 263 263 184 2556 1891 3600 0 0 
7800 108000 3600 1532 361 0 0 0 252 252 160 2512 1912 3600 0 0 
7900 108000 3600 1522 373 0 0 0 265 265 187 2530 1927 3600 0 0 
8000 108000 3600 1536 358 0 0 0 209 209 137 2497 1951 3600 0 0 
8100 108000 3600 1515 385 0 0 0 240 240 165 2529 1929 3600 0 0 
8200 108000 3600 1490 363 0 0 0 257 257 184 2528 1918 3600 0 0 
8300 108000 3600 1535 366 0 0 0 244 244 174 2479 1927 3600 0 0 
8400 108000 3600 1556 387 0 0 0 249 249 170 2477 1915 3600 0 0 
8500 108000 3600 1553 384 0 0 0 257 257 184 2514 1922 3600 0 0 
8600 108000 3600 1589 400 0 0 0 233 233 155 2485 1962 3600 0 0 
8700 108000 3600 1574 392 0 0 0 253 253 173 2476 1947 3600 0 0 
8800 108000 3600 1485 356 0 0 0 242 242 188 2552 1905 3600 0 0 
8900 108000 3600 1493 368 0 0 0 226 226 156 2550 1927 3600 0 0 
9000 108000 3600 1525 393 0 0 0 183 183 129 2517 1911 3600 0 0 
9100 108000 3600 1551 385 0 0 0 275 275 200 2488 1952 3600 0 0 
9200 108000 3600 1561 358 0 0 0 222 222 153 2469 1942 3600 0 0 
9300 108000 3600 1543 360 0 0 0 245 245 163 2486 1910 3600 0 0 
9400 108000 3600 1552 367 0 0 0 248 248 175 2482 1916 3600 0 0 
9500 108000 3600 1570 372 0 0 0 267 267 187 2480 1915 3600 0 0 
9600 108000 3600 1579 369 0 0 0 256 256 182 2466 1983 3600 0 0 
9700 108000 3600 1532 379 0 0 0 225 225 156 2496 1921 3600 0 0 
9800 108000 3600 1500 361 0 0 0 237 237 176 2534 1918 3600 0 0 
9900 108000 3600 1476 351 0 0 0 281 281 197 2522 1950 3600 0 0 
10000 108000 3600 1464 343 0 0 0 256 256 200 2555 1930 3600 0 0 
10100 108000 3600 1547 361 0 0 0 271 271 186 2493 1945 3600 0 0 
10200 108000 3600 1516 343 0 0 0 252 252 168 2507 1927 3600 0 0 
10300 108000 3600 1506 375 0 0 0 290 290 210 2509 1959 3600 0 0 
10400 108000 3600 1512 371 0 0 0 311 311 204 2498 1944 3600 0 0 
10500 108000 3600 1536 371 0 0 0 286 286 195 2507 1953 3600 0 0 
10600 108000 3600 1476 374 0 0 0 267 267 192 2565 1948 3600 0 0 
10700 108000 3600 1527 356 0 0 0 279 279 200 2504 1937 3600 0 0 
10800 108000 3600 1539 368 0 0 0 301 301 206 2490 1942 3600 0 0 
10900 108000 3600 1504 348 0 0 0 286 286 205 2506 1936 3600 0 0 
11000 108000 3600 1494 353 0 0 0 306 306 201 2513 1932 3600 0 0 
11100 108000 3600 1493 376 0 0 0 282 282 198 2540 1914 3600 0 0 
11200 108000 3600 1520 371 0 0 0 296 296 207 2503 1932 3600 0 0 
11300 108000 3600 1570 384 0 0 0 292 292 217 2492 1963 3600 0 0 
11400 108000 3600 1509 380 0 0 0 303 303 211 2545 1919 3600 0 0 
11500 108000 3600 1533 362 0 0 0 295 295 212 2522 1921 3600 0 0 
11600 108000 3600 1467 365 0 0 0 309 309 226 2559 1923 3600 0 0 
11700 108000 3600 1557 355 0 0 0 277 277 192 2478 1936 3600 0 0 
11800 108000 3600 1508 372 0 0 0 282 282 198 2543 1913 3600 0 0 
11900 108000 3600 1441 368 0 0 0 303 303 233 2573 1936 3600 0 0 
12000 108000 3600 1530 365 0 0 0 313 313 220 2504 1928 3600 0 0 
12100 108000 3600 1532 377 0 0 0 284 284 202 2530 1922 3600 0 0 
12200 108000 3600 1503 369 0 0 0 291 291 205 2535 1935 3600 0 0 
12300 108000 3600 1546 376 0 0 0 311 311 217 2497 1924 3600 0 0 
12400 108000 3600 1602 400 0 0 0 321 321 219 2463 1965 3600 0 0 
12500 108000 3600 1574 366 0 0 0 264 264 175 2451 1923 3600 0 0 
12600 108000 3600 1520 373 0 0 0 294 294 201 2508 1924 3600 0 0 
12700 108000 3600 1545 385 0 0 0 251 251 177 2511 1941 3600 0 0 
12800 108000 3600 1584 380 0 0 0 306 306 211 2451 1927 3600 0 0 
12900 108000 3600 1533 362 0 0 0 327 327 212 2499 1937 3600 0 0 
13000 108000 3600 1550 382 0 0 0 283 283 189 2492 1910 3600 0 0 
13100 108000 3600 1524 366 0 0 0 306 306 210 2493 1940 3600 0 0 
13200 108000 3600 1547 390 0 0 0 284 284 194 2472 1924 3600 0 0 
13300 108000 3600 1563 418 0 0 0 286 286 197 2520 1948 3600 0 0 
13400 108000 3600 1596 396 0 0 0 301 301 207 2454 1937 3600 0 0 
13500 108000 3600 1565 383 0 0 0 342 342 253 2484 1951 3600 0 0 
13600 108000 3600 1547 371 0 0 0 330 330 224 2476 1915 3600 0 0 
13700 108000 3600 1635 396 0 0 0 313 313 215 2431 1920 3600 0 0 
13800 108000 3600 1626 384 0 0 0 305 305 211 2416 1959 3600 0 0 
13900 108000 3600 1540 392 0 0 0 300 300 221 2515 1924 3600 0 0 
14000 108000 3600 1541 388 0 0 0 252 252 168 2499 1956 3600 0 0 
14100 108000 3600 1521 378 0 0 0 300 300 205 2516 1928 3600 0 0 
14200 108000 3600 1575 386 0 0 0 326 326 209 2486 1934 3600 0 0 
14300 108000 3600 1578 398 0 0 0 312 312 210 2468 1912 3600 0 0 
14400 108000 3600 1614 410 0 0 0 367 367 256 2461 1889 3600 0 0 
14500 108000 3600 1579 383 0 0 0 329 329 212 2447 1937 3600 0 0 
14600 108000 3600 1564 414 0 0 0 298 298 211 2491 1909 3600 0 0 
14700 108000 3600 1651 401 0 0 0 310 310 211 2432 1941 3600 0 0 
14800 108000 3600 1601 408 0 0 0 280 280 186 2485 1903 3600 0 0 
14900 108000 3600 1600 411 0 0 0 306 306 213 2462 1963 3600 0 0 
15000 108000 3600 1633 414 0 0 0 286 286 194 2436 1944 3600 0 0 
15100 108000 3600 1567 383 0 0 0 330 330 225 2477 1926 3600 0 0 
15200 108000 3600 1532 383 0 0 0 297 297 191 2536 1944 3600 0 0 
15300 108000 3600 1605 403 0 0 0 270 270 184 2458 1952 3600 0 0 
15400 108000 3600 1580 385 0 0 0 325 325 226 2455 1934 3600 0 0 
15500 108000 3600 1482 369 0 0 0 317 317 221 2534 1905 3600 0 0 
15600 108000 3600 1557 417 0 0 0 321 321 218 2503 1937 3600 0 0 
15700 108000 3600 1546 380 0 0 0 316 316 222 2511 1908 3600 0 0 
15800 108000 3600 1589 395 0 0 0 372 372 265 2467 1937 3600 0 0 
15900 108000 3600 1592 396 0 0 0 307 307 227 2476 1919 3600 0 0 
16000 108000 3600 1574 389 0 0 0 343 343 242 2481 1951 3600 0 0 
16100 108000 3600 1604 374 0 0 0 280 280 201 2437 1920 3600 0 0 
16200 108000 3600 1526 373 0 0 0 347 347 247 2522 1915 3600 0 0 
16300 108000 3600 1581 417 0 0 0 292 292 202 2483 1947 3600 0 0 
16400 108000 3600 1563 371 0 0 0 329 329 222 2492 1955 3600 0 0 
16500 108000 3600 1580 397 0 0 0 290 290 199 2490 1944 3600 0 0 
16600 108000 3600 1616 421 0 0 0 328 328 228 2463 1939 3600 0 0 
16700 108000 3600 1557 401 0 0 0 307 307 209 2515 1930 3600 0 0 
16800 108000 3600 1654 420 0 0 0 293 293 205 2413 1940 3600 0 0 
16900 108000 3600 1620 379 0 0 0 294 294 200 2428 1949 3600 0 0 
17000 108000 3600 1534 392 0 0 0 281 281 198 2527 1959 3600 0 0 
17100 108000 3600 1588 408 0 0 0 291 291 215 2468 1947 3600 0 0 
17200 108000 3600 1570 378 0 0 0 335 335 238 2484 1956 3600 0 0 
17300 108000 3600 1590 410 0 0 0 322 322 218 2478 1928 3600 0 0 
17400 108000 3600 1613 413 0 0 0 302 302 202 2459 1902 3600 0 0 
17500 108000 3600 1607 416 0 0 0 330 330 238 2478 1937 3600 0 0 
17600 108000 3600 1623 414 0 0 0 309 309 213 2465 1962 3600 0 0 
17700 108000 3600 1652 422 0 0 0 273 273 169 2430 1923 3600 0 0 
17800 108000 3600 1583 420 0 0 0 349 349 248 2524 1935 3600 0 0 
17900 108000 3600 1565 400 0 0 0 320 320 224 2499 1914 3600 0 0 
18000 108000 3600 1527 404 0 0 0 299 299 217 2532 1919 3600 0 0 
18100 108000 3600 1559 395 0 0 0 313 313 219 2508 1945 3600 0 0 
18200 108000 3600 1569 411 0 0 0 334 334 241 2496 1930 3600 0 0 
18300 108000 3600 1577 396 0 0 0 320 320 237 2468 1963 3600 0 0 
18400 108000 3600 1564 397 0 0 0 275 275 200 2496 1931 3600 0 0 
18500 108000 3600 1607 420 0 0 0 326 326 226 2487 1908 3600 0 0 
18600 108000 3600 1583 429 0 0 0 298 298 216 2505 1919 3600 0 0 
18700 108000 3600 1599 415 0 0 0 337 337 229 2475 1933 3600 0 0 
18800 108000 3600 1336 273 0 0 0 304 304 201 2540 1947 3600 0 0 
18900 108000 3600 1402 319 0 0 0 300 300 211 2525 1903 3600 0 0 
19000 108000 3600 1443 341 0 0 0 288 288 193 2534 1906 3600 0 0 
19100 108000 3600 1539 364 0 0 0 319 319 206 2486 1917 3600 0 0 
19200 108000 3600 1555 359 0 0 0 300 300 206 2474 1953 3600 0 0 
19300 108000 3600 1556 356 0 0 0 322 322 238 2478 1939 3600 0 0 
19400 108000 3600 1490 390 0 0 0 290 290 201 2583 1881 3600 0 0 
19500 108000 3600 1584 385 0 0 0 369 369 256 2475 1959 3600 0 0 
19600 108000 3600 1545 363 0 0 0 299 299 210 2480 1958 3600 0 0 
19700 108000 3600 1555 392 0 0 0 345 345 238 2489 1900 3600 0 0 
19800 108000 3600 1567 379 0 0 0 320 320 210 2476 1936 3600 0 0 
19900 108000 3600 1572 377 0 0 0 329 329 221 2462 1957 3600 0 0 
20000 108000 3600 1553 387 0 0 0 316 316 214 2494 1916 3600 0 0 
20100 108000 3600 1552 391 0 0 0 332 332 226 2511 1918 3600 0 0 
20200 108000 3600 1579 384 0 0 0 324 324 221 2491 1940 3600 0 0 
20300 108000 3600 1577 403 0 0 0 299 299 205 2503 1952 3600 0 0 
20400 108000 3600 1544 400 0 0 0 333 333 241 2517 1908 3600 0 0 
20500 108000 3600 1551 399 0 0 0 318 318 204 2509 1917 3600 0 0 
20600 108000 3600 1543 375 0 0 0 279 279 203 2525 1923 3600 0 0 
20700 108000 3600 1600 389 0 0 0 313 313 210 2464 1933 3600 0 0 
20800 108000 3600 1598 410 0 0 0 285 285 202 2471 1921 3600 0 0 
20900 108000 3600 1536 391 0 0 0 323 323 220 2494 1908 3600 0 0 
21000 108000 3600 1581 380 0 0 0 321 321 229 2476 1939 3600 0 0 
21100 108000 3600 1554 401 0 0 0 287 287 203 2506 1916 3600 0 0 
21200 108000 3600 1548 376 0 0 0 327 327 219 2488 1900 3600 0 0 
21300 108000 3600 1572 399 0 0 0 332 332 240 2504 1936 3600 0 0 
21400 108000 3600 1537 393 0 0 0 335 335 234 2529 1948 3600 0 0 
21500 108000 3600 1586 403 0 0 0 297 297 198 2495 1926 3600 0 0 
21600 108000 3600 1579 387 0 0 0 308 308 226 2464 1934 3600 0 0 
21700 108000 3600 1544 370 0 0 0 302 302 211 2506 1900 3600 0 0 
21800 108000 3600 1578 394 0 0 0 267 267 173 2475 1934 3600 0 0 
21900 108000 3600 1554 366 0 0 0 339 339 238 2470 1949 3600 0 0 
22000 108000 3600 1560 375 0 0 0 302 302 218 2476 1939 3600 0 0 
22100 108000 3600 1527 377 0 0 0 279 279 186 2510 1927 3600 0 0 
22200 108000 3600 1522 377 0 0 0 319 319 224 2516 1940 3600 0 0 
22300 108000 3600 1567 374 0 0 0 268 268 199 2478 1905 3600 0 0 
22400 108000 3600 1570 349 0 0 0 289 289 186 2445 1935 3600 0 0 
22500 108000 3600 1548 393 0 0 0 320 320 213 2502 1904 3600 0 0 
22600 108000 3600 1580 384 0 0 0 273 273 181 2493 1943 3600 0 0 
22700 108000 3600 1596 376 0 0 0 315 315 201 2468 1944 3600 0 0 
22800 108000 3600 1530 368 0 0 0 310 310 231 2518 1961 3600 0 0 
22900 108000 3600 1540 369 0 0 0 341 341 234 2498 1935 3600 0 0 
23000 108000 3600 1573 375 0 0 0 321 321 231 2475 1934 3600 0 0 
23100 108000 3600 1581 379 0 0 0 395 395 271 2479 1915 3600 0 0 
23200 108000 3600 1629 402 0 0 0 296 296 199 2445 1926 3600 0 0 
23300 108000 3600 1535 362 0 0 0 340 340 249 2503 1932 3600 0 0 
23400 108000 3600 1552 358 0 0 0 306 306 209 2479 1959 3600 0 0 
23500 108000 3600 1548 378 0 0 0 339 339 231 2486 1944 3600 0 0 
23600 108000 3600 1625 408 0 0 0 346 346 221 2459 1927 3600 0 0 
23700 108000 3600 1595 398 0 0 0 335 335 230 2474 1908 3600 0 0 
23800 108000 3600 1570 381 0 0 0 332 332 226 2495 1937 3600 0 0 
23900 108000 3600 1570 383 0 0 0 294 294 201 2484 1930 3600 0 0 
24000 108000 3600 1585 378 0 0 0 332 332 226 2487 1924 3600 0 0 
24100 108000 3600 1575 385 0 0 0 288 288 198 2456 1931 3600 0 0 
24200 108000 3600 1589 398 0 0 0 299 299 210 2510 1936 3600 0 0 
24300 108000 3600 1511 379 0 0 0 324 324 233 2513 1906 3600 0 0 
24400 108000 3600 1517 359 0 0 0 299 299 201 2512 1942 3600 0 0 
24500 108000 3600 1614 388 0 0 0 276 276 189 2460 1930 3600 0 0 
24600 108000 3600 1607 391 0 0 0 319 319 203 2452 1910 3600 0 0 
24700 108000 3600 1535 404 0 0 0 305 305 210 2538 1900 3600 0 0 
24800 108000 3600 1592 392 0 0 0 318 318 208 2483 1932 3600 0 0 
24900 108000 3600 1545 378 0 0 0 328 328 223 2525 1940 3600 0 0 
25000 108000 3600 1578 371 0 0 0 310 310 214 2468 1947 3600 0 0 
25100 108000 3600 1569 388 0 0 0 295 295 216 2492 1944 3600 0 0 
25200 108000 3600 1617 395 0 0 0 289 289 204 2452 1917 3600 0 0 
25300 108000 3600 1524 366 0 0 0 310 310 221 2510 1908 3600 0 0 
25400 108000 3600 1575 386 0 0 0 356 356 253 2499 1923 3600 0 0 
25500 108000 3600 1547 359 0 0 0 350 350 250 2482 1931 3600 0 0 
25600 108000 3600 1569 393 0 0 0 276 276 206 2478 1933 3600 0 0 
25700 108000 3600 1572 395 0 0 0 278 278 202 2486 1921 3600 0 0 
25800 108000 3600 1551 386 0 0 0 360 360 259 2514 1934 3600 0 0 
25900 108000 3600 1596 389 0 0 0 347 347 228 2478 1931 3600 0 0 
26000 108000 3600 1573 381 0 0 0 287 287 192 2493 1912 3600 0 0 
26100 108000 3600 1558 387 0 0 0 375 375 248 2489 1919 3600 0 0 
26200 108000 3600 1535 382 0 0 0 330 330 238 2522 1923 3600 0 0 
26300 108000 3600 1549 374 0 0 0 284 284 207 2490 1950 3600 0 0 
26400 108000 3600 1576 375 0 0 0 320 320 209 2484 1941 3600 0 0 
26500 108000 3600 1548 383 0 0 0 294 294 203 2493 1914 3600 0 0 
26600 108000 3600 1614 389 0 0 0 304 304 186 2432 1917 3600 0 0 
26700 108000 3600 1388 308 0 0 0 269 269 196 2497 1902 3600 0 0 
26800 108000 3600 1319 251 0 0 0 297 297 202 2523 1917 3600 0 0 
26900 108000 3600 1382 285 0 0 0 300 300 210 2509 1943 3600 0 0 
27000 108000 3600 1455 315 0 0 0 340 340 243 2522 1922 3600 0 0 
27100 108000 3600 1508 352 0 0 0 319 319 215 2516 1952 3600 0 0 
27200 108000 3600 1492 362 0 0 0 340 340 239 2544 1939 3600 0 0 
27300 108000 3600 1482 344 0 0 0 300 300 202 2520 1954 3600 0 0 
27400 108000 3600 1558 363 0 0 0 299 299 207 2449 1963 3600 0 0 
27500 108000 3600 1515 366 0 0 0 296 296 209 2519 1911 3600 0 0 
27600 108000 3600 1559 360 0 0 0 330 330 229 2458 1945 3600 0 0 
27700 108000 3600 1564 357 0 0 0 293 293 208 2462 1920 3600 0 0 
27800 108000 3600 1550 372 0 0 0 314 314 232 2505 1963 3600 0 0 
27900 108000 3600 1509 374 0 0 0 317 317 220 2529 1927 3600 0 0 
28000 108000 3600 1567 389 0 0 0 323 323 234 2491 1938 3600 0 0 
28100 108000 3600 1576 391 0 0 0 346 346 244 2477 1967 3600 0 0 
28200 108000 3600 1507 374 0 0 0 291 291 194 2531 1917 3600 0 0 
28300 108000 3600 1607 403 0 0 0 337 337 225 2469 1936 3600 0 0 
28400 108000 3600 1546 374 0 0 0 332 332 245 2508 1931 3600 0 0 
28500 108000 3600 1511 376 0 0 0 336 336 237 2530 1934 3600 0 0 
28600 108000 3600 1541 384 0 0 0 303 303 210 2506 1913 3600 0 0 
28700 108000 3600 1522 370 0 0 0 310 310 219 2535 1927 3600 0 0 
28800 108000 3600 1527 363 0 0 0 300 300 197 2484 1949 3600 0 0 
28900 108000 3600 1583 385 0 0 0 353 353 228 2480 1933 3600 0 0 
29000 108000 3600 1573 383 0 0 0 344 344 239 2479 1933 3600 0 0 
29100 108000 3600 1559 389 0 0 0 314 314 230 2478 1941 3600 0 0 
29200 108000 3600 1600 390 0 0 0 333 333 219 2458 1956 3600 0 0 
29300 108000 3600 1563 392 0 0 0 293 293 195 2479 1928 3600 0 0 
29400 108000 3600 1498 371 0 0 0 333 333 251 2556 1915 3600 0 0 
29500 108000 3600 1611 412 0 0 0 330 330 226 2465 1956 3600 0 0 
29600 108000 3600 1581 414 0 0 0 343 343 248 2503 1952 3600 0 0 
29700 108000 3600 1592 385 0 0 0 269 269 189 2470 1948 3600 0 0 
29800 108000 3600 1537 397 0 0 0 333 333 224 2530 1914 3600 0 0 
29900 108000 3600 1537 368 0 0 0 352 352 247 2502 1954 3600 0 0 
30000 108000 3600 1561 357 0 0 0 324 324 229 2474 1933 3600 0 0 
30100 108000 3600 1585 393 0 0 0 269 269 187 2481 1896 3600 0 0 
30200 108000 3600 1581 393 0 0 0 333 333 230 2491 1948 3600 0 0 
30300 108000 3600 1533 389 0 0 0 278 278 182 2529 1938 3600 0 0 
30400 108000 3600 1515 371 0 0 0 324 324 221 2521 1902 3600 0 0 
30500 108000 3600 1573 385 0 0 0 364 364 247 2505 1932 3600 0 0 
30600 108000 3600 1553 371 0 0 0 334 334 240 2477 1926 3600 0 0 
30700 108000 3600 1541 373 0 0 0 305 305 218 2500 1917 3600 0 0 
30800 108000 3600 1589 369 0 0 0 309 309 214 2438 1978 3600 0 0 
30900 108000 3600 1511 387 0 0 0 346 346 252 2528 1944 3600 0 0 
31000 108000 3600 1579 416 0 0 0 299 299 202 2514 1932 3600 0 0 
31100 108000 3600 1609 372 0 0 0 322 322 209 2429 1956 3600 0 0 
31200 108000 3600 1571 395 0 0 0 344 344 228 2483 1955 3600 0 0 
31300 108000 3600 1558 371 0 0 0 301 301 201 2486 1954 3600 0 0 
31400 108000 3600 1518 385 0 0 0 325 325 227 2509 1928 3600 0 0 
31500 108000 3600 1549 370 0 0 0 328 328 234 2484 1931 3600 0 0 
31600 108000 3600 1632 418 0 0 0 322 322 211 2448 1943 3600 0 0 
31700 108000 3600 1568 393 0 0 0 338 338 216 2471 1913 3600 0 0 
31800 108000 3600 1610 387 0 0 0 296 296 203 2426 1968 3600 0 0 
31900 108000 3600 1544 392 0 0 0 286 286 193 2522 1938 3600 0 0 
32000 108000 3600 1560 401 0 0 0 352 352 244 2501 1931 3600 0 0 
32100 108000 3600 1579 371 0 0 0 297 297 195 2465 1952 3600 0 0 
32200 108000 3600 1568 383 0 0 0 288 288 194 2484 1941 3600 0 0 
32300 108000 3600 1537 363 0 0 0 309 309 216 2495 1942 3600 0 0 
32400 108000 3600 1592 380 0 0 0 375 375 262 2444 1903 3600 0 0 
32500 108000 3600 1511 369 0 0 0 294 294 201 2521 1942 3600 0 0 
32600 108000 3600 1533 375 0 0 0 313 313 227 2496 1923 3600 0 0 
32700 108000 3600 1553 383 0 0 0 297 297 196 2503 1914 3600 0 0 
32800 108000 3600 1551 386 0 0 0 330 330 244 2487 1945 3600 0 0 
32900 108000 3600 1555 381 0 0 0 311 311 212 2483 1942 3600 0 0 
33000 108000 3600 1571 406 0 0 0 310 310 208 2490 1922 3600 0 0 
33100 108000 3600 1616 398 0 0 0 307 307 209 2471 1932 3600 0 0 
33200 108000 3600 1523 373 0 0 0 298 298 212 2524 1946 3600 0 0 
33300 108000 3600 1570 369 0 0 0 285 285 198 2458 1942 3600 0 0 
33400 108000 3600 1551 375 0 0 0 307 307 221 2486 1936 3600 0 0 
33500 108000 3600 1557 388 0 0 0 302 302 207 2502 1920 3600 0 0 
33600 108000 3600 1526 372 0 0 0 309 309 220 2521 1919 3600 0 0 
33700 108000 3600 1554 376 0 0 0 302 302 197 2481 1922 3600 0 0 
33800 108000 3600 1542 386 0 0 0 300 300 215 2506 1940 3600 0 0 
33900 108000 3600 1606 383 0 0 0 320 320 217 2428 1933 3600 0 0 
34000 108000 3600 1559 392 0 0 0 293 293 205 2503 1907 3600 0 0 
34100 108000 3600 1582 363 0 0 0 312 312 199 2450 1943 3600 0 0 
34200 108000 3600 1545 376 0 0 0 322 322 225 2500 1937 3600 0 0 
34300 108000 3600 1556 394 0 0 0 299 299 212 2523 1922 3600 0 0 
34400 108000 3600 1520 359 0 0 0 297 297 209 2511 1935 3600 0 0 
34500 108000 3600 1617 373 0 0 0 305 305 198 2431 1939 3600 0 0 
34600 108000 3600 1554 387 0 0 0 279 279 177 2497 1908 3600 0 0 
34700 108000 3600 1586 367 0 0 0 331 331 237 2448 1922 3600 0 0 
34800 108000 3600 1521 390 0 0 0 339 339 248 2532 1897 3600 0 0 
34900 108000 3600 1579 380 0 0 0 317 317 221 2480 1936 3600 0 0 
35000 108000 3600 1536 363 0 0 0 278 278 201 2489 1907 3600 0 0 
35100 108000 3600 1555 384 0 0 0 354 354 248 2490 1931 3600 0 0 
35200 108000 3600 1567 356 0 0 0 328 328 236 2457 1906 3600 0 0 
35300 108000 3600 1610 386 0 0 0 322 322 217 2431 1926 3600 0 0 
35400 108000 3600 1562 377 0 0 0 250 250 169 2489 1966 3600 0 0 
35500 108000 3600 1533 365 0 0 0 291 291 205 2510 1933 3600 0 0 
35600 108000 3600 1537 386 0 0 0 283 283 184 2519 1949 3600 0 0 
35700 108000 3600 1578 391 0 0 0 315 315 209 2492 1944 3600 0 0 
35800 108000 3600 1550 384 0 0 0 277 277 191 2497 1918 3600 0 0 
35900 108000 3600 1566 376 0 0 0 288 288 197 2486 1944 3600 0 0 
36000 108000 3600 1575 380 0 0 0 288 288 203 2480 1951 3600 0 0 
36100 108000 3600 1590 371 0 0 0 327 327 239 2447 1972 3600 0 0 
36200 108000 3600 1554 359 0 0 0 320 320 217 2473 1923 3600 0 0 
36300 108000 3600 1549 378 0 0 0 348 348 242 2474 1924 3600 0 0 
36400 108000 3600 1583 391 0 0 0 299 299 206 2486 1928 3600 0 0 
36500 108000 3600 1547 357 0 0 0 329 329 225 2477 1928 3600 0 0 
36600 108000 3600 1531 350 0 0 0 288 288 216 2494 1942 3600 0 0 
36700 108000 3600 1597 384 0 0 0 364 364 251 2460 1936 3600 0 0 
