# Avida tasks data
# Tue May 29 13:46:53 2018
# First column gives the current update, next columns give the number
# of organisms that have the particular task as a component of their merit
#  1: Update
#  2: Not
#  3: Nand
#  4: And
#  5: OrNot
#  6: Or
#  7: AndNot
#  8: Nor
#  9: Xor
# 10: Equals

-1 0 0 0 0 0 0 0 0 0 
26 0 0 0 0 0 0 0 0 0 
49 0 0 0 0 0 0 0 0 0 
71 0 0 0 0 0 0 0 0 0 
93 0 0 0 0 0 0 0 0 0 
114 0 0 0 0 0 0 0 0 0 
134 0 0 0 0 0 0 0 0 0 
152 0 0 0 0 0 0 0 0 0 
169 0 0 0 0 0 0 0 0 0 
185 0 0 0 0 0 0 0 0 0 
200 0 0 0 0 0 0 0 0 0 
216 0 0 0 0 0 0 0 0 0 
230 0 0 0 0 0 0 0 0 0 
245 0 0 0 0 0 0 0 0 0 
259 0 0 0 0 0 0 0 0 0 
273 0 0 0 0 0 0 0 0 0 
289 0 0 0 0 0 0 0 0 0 
303 0 0 0 0 0 0 0 0 0 
318 0 0 0 0 0 0 0 0 0 
333 0 0 0 0 0 0 0 0 0 
350 0 0 0 0 0 0 0 0 0 
366 0 0 0 0 0 0 0 0 0 
382 0 0 0 0 0 0 0 0 0 
398 0 0 0 0 0 0 0 0 0 
413 0 0 0 0 0 0 0 0 0 
427 0 0 0 0 0 0 0 0 0 
442 0 0 0 0 0 0 0 0 0 
457 0 0 0 0 0 0 0 0 0 
472 0 0 0 0 0 0 0 0 0 
487 0 0 0 0 0 0 0 0 0 
500 0 0 0 0 0 0 0 0 0 
513 0 0 0 0 0 0 0 0 0 
526 0 0 0 0 0 0 0 0 0 
539 0 0 0 0 0 0 0 0 0 
553 0 0 0 0 0 0 0 0 0 
566 0 0 0 0 0 0 0 0 0 
580 0 0 0 0 0 0 0 0 0 
593 0 0 0 0 0 0 0 0 0 
607 0 0 0 0 0 0 0 0 0 
620 0 0 0 0 0 0 0 0 0 
633 0 0 0 0 0 0 0 0 0 
647 0 0 0 0 0 0 0 0 0 
660 0 0 0 0 0 0 0 0 0 
673 0 0 0 0 0 0 0 0 0 
687 0 0 0 0 0 0 0 0 0 
702 0 0 0 0 0 0 0 0 0 
715 0 0 0 0 0 0 0 0 0 
729 0 0 0 0 0 0 0 0 0 
743 0 0 0 0 0 0 0 0 0 
757 0 0 0 0 0 0 0 0 0 
772 0 0 0 0 0 0 0 0 0 
786 0 0 0 0 0 0 0 0 0 
801 0 0 0 0 0 0 0 0 0 
815 0 0 0 0 0 0 0 0 0 
829 0 0 0 0 0 0 0 0 0 
844 0 0 0 0 0 0 0 0 0 
858 0 0 0 0 0 0 0 0 0 
872 0 0 0 0 0 0 0 0 0 
886 0 0 0 0 0 0 0 0 0 
901 0 0 0 0 0 0 0 0 0 
916 0 0 0 0 0 0 0 0 0 
930 0 0 0 0 0 0 0 0 0 
944 0 0 0 0 0 0 0 0 0 
958 0 0 0 0 0 0 0 0 0 
973 0 0 0 0 0 0 0 0 0 
987 0 0 0 0 0 0 0 0 0 
1002 0 0 0 0 0 0 0 0 0 
1015 0 0 0 0 0 0 0 0 0 
1029 0 0 0 0 0 0 0 0 0 
1043 0 0 0 0 0 0 0 0 0 
1057 0 0 0 0 0 0 0 0 0 
1071 0 0 0 0 0 0 0 0 0 
1084 0 0 0 0 0 0 0 0 0 
1097 0 0 0 0 0 0 0 0 0 
1110 0 0 0 0 0 0 0 0 0 
1124 0 0 0 0 0 0 0 0 0 
1138 0 0 0 0 0 0 0 0 0 
1153 0 0 0 0 0 0 0 0 0 
1166 0 0 0 0 0 0 0 0 0 
1180 0 0 0 0 0 0 0 0 0 
1195 0 0 0 0 0 0 0 0 0 
1209 0 0 0 0 0 0 0 0 0 
1222 0 0 0 0 0 0 0 0 0 
1236 0 0 0 0 0 0 0 0 0 
1250 35 0 0 0 0 0 0 0 0 
1263 163 0 0 0 0 0 0 0 0 
1277 394 0 0 0 0 0 0 0 0 
1290 681 0 0 0 0 0 0 0 0 
1301 979 0 0 0 0 0 0 0 0 
1314 1318 0 0 0 0 0 0 0 0 
1324 1587 0 0 0 0 0 0 0 0 
1334 1846 0 0 0 0 0 0 0 0 
1343 2039 0 0 0 0 0 0 0 0 
1353 2312 0 0 0 0 0 0 0 0 
1362 2508 0 0 0 0 0 0 0 0 
1372 2694 0 0 0 0 0 0 0 0 
1382 2896 0 0 0 0 0 0 0 0 
1392 3025 0 0 0 0 0 0 0 0 
1403 3106 0 0 0 0 0 0 0 0 
1414 3136 3 0 0 0 0 0 0 0 
1426 3209 5 0 0 0 0 0 0 0 
1439 3241 5 0 0 0 0 0 0 0 
1452 3249 2 0 0 0 0 0 0 0 
1465 3243 6 0 0 0 0 0 0 0 
1479 3247 0 0 0 0 0 0 0 0 
1493 3241 0 0 0 0 0 0 0 0 
1507 3254 0 0 0 0 0 0 0 0 
1520 3245 0 0 0 0 0 0 0 0 
1534 3305 0 0 0 0 0 0 0 0 
1549 3267 0 0 0 0 0 0 0 0 
1562 3306 0 0 0 0 0 0 0 0 
1577 3277 0 0 0 0 0 0 0 0 
1591 3249 3 0 0 0 0 0 0 0 
1604 3263 3 0 0 0 0 0 0 0 
1618 3250 0 0 0 0 0 0 0 0 
1632 3291 0 0 0 0 0 0 0 0 
1646 3251 0 0 0 0 0 0 0 0 
1660 3234 0 0 0 0 0 0 0 0 
1673 3270 0 0 0 0 0 0 0 0 
1687 3287 2 0 0 0 0 0 0 0 
1701 3250 0 0 0 0 0 0 0 0 
1715 3265 0 0 0 0 0 0 0 0 
1729 3281 0 0 0 0 0 0 0 0 
1743 3255 0 0 0 0 0 0 0 0 
1757 3325 1 0 0 0 0 0 0 0 
1771 3262 1 0 0 0 0 0 0 0 
1785 3261 0 0 0 0 0 0 0 0 
1799 3230 0 0 0 0 0 0 0 0 
1813 3242 4 0 0 0 0 0 0 0 
1826 3230 32 0 0 0 0 0 0 0 
1840 3217 104 0 0 0 0 0 0 0 
1852 3254 277 0 0 0 0 0 0 0 
1864 3217 514 0 3 0 0 0 0 0 
1875 3258 713 0 2 0 0 0 0 0 
1885 3242 953 0 3 0 0 0 0 0 
1895 3220 1180 0 0 0 0 0 0 0 
1904 3264 1424 0 2 0 0 0 0 0 
1912 3250 1607 0 1 0 0 0 0 0 
1920 3255 1845 0 3 0 0 0 0 0 
1929 3222 2057 0 2 0 0 0 0 0 
1937 3250 2231 0 2 0 0 0 0 0 
1945 3251 2470 0 0 0 0 0 0 0 
1953 3260 2595 0 1 0 0 0 0 0 
1961 3272 2775 0 3 0 0 0 0 0 
1969 3307 2917 0 2 0 0 0 0 0 
1978 3306 3057 0 13 0 0 0 0 0 
1987 3318 3102 0 21 0 0 0 0 0 
1998 3300 3194 0 40 0 0 0 0 0 
2010 3303 3176 0 91 0 0 0 0 0 
2023 3322 3129 0 170 0 0 0 0 0 
2040 3288 2795 0 460 0 0 0 0 0 
2056 3291 2526 0 743 0 0 0 0 0 
2071 3276 2177 0 1098 0 0 0 0 0 
2086 3298 1800 0 1467 0 0 0 0 0 
2099 3287 1463 0 1837 1 0 0 0 0 
2112 3268 1148 0 2115 0 0 0 0 0 
2123 3255 941 0 2348 0 0 0 0 0 
2135 3272 711 0 2563 0 0 0 0 0 
2147 3231 513 0 2742 4 0 0 0 0 
2160 3261 326 0 2954 3 0 0 0 0 
2173 3263 207 0 3110 2 0 0 0 0 
2185 3253 131 0 3177 6 0 0 0 0 
2197 3293 93 0 3238 2 0 0 0 0 
2210 3267 120 0 3203 0 0 0 0 0 
2223 3270 93 0 3183 1 0 0 0 0 
2236 3258 81 0 3250 3 0 0 0 0 
2248 3270 88 0 3286 15 0 0 0 0 
2261 3269 132 0 3193 13 0 0 0 0 
2275 3296 150 0 3181 22 0 0 0 0 
2288 3287 104 0 3251 21 0 0 0 0 
2301 3252 101 0 3199 19 0 0 0 0 
2314 3285 97 0 3227 1 0 0 0 0 
2329 3305 90 0 3207 1 0 0 0 0 
2342 3332 122 0 3236 9 0 0 0 0 
2356 3270 108 0 3223 4 0 0 0 0 
2370 3284 148 0 3270 0 0 0 0 0 
2384 3256 188 0 3277 0 0 0 0 0 
2400 3207 313 0 3230 0 0 0 0 0 
2414 3241 462 0 3205 0 0 0 0 0 
2428 3204 593 0 3205 0 3 0 0 0 
2442 3205 832 0 3177 0 0 0 0 0 
2458 3165 1069 0 3147 0 0 0 0 0 
2472 3195 1314 0 3122 0 0 0 0 0 
2486 3154 1482 0 3143 1 0 0 0 0 
2500 3161 1632 0 3116 1 0 0 0 0 
2514 3169 1757 0 3113 1 0 0 0 0 
2529 3190 1904 0 3107 0 0 0 0 0 
2544 3145 2091 0 3041 0 0 0 0 0 
2558 3087 2211 0 3031 0 0 0 0 0 
2573 3073 2301 0 3060 0 0 0 0 0 
2590 3120 2456 0 3081 2 0 0 0 0 
2605 3133 2555 0 3043 0 0 0 0 0 
2622 3148 2657 0 3077 2 0 0 0 0 
2639 3149 2676 0 3029 0 0 0 0 0 
2657 3156 2652 0 3078 0 0 2 0 0 
2676 3112 2666 0 3023 1 0 0 0 0 
2695 3089 2700 0 3021 1 0 0 0 0 
2714 3156 2700 0 3047 4 0 0 0 0 
2735 3150 2724 0 3087 2 0 0 0 0 
2758 3116 2674 0 3042 0 0 0 0 0 
2779 3148 2686 0 3082 0 0 0 0 0 
2800 3165 2743 3 3056 0 242 0 0 0 
2815 3099 2657 13 2963 0 654 1 0 0 
2827 3079 2640 14 2976 0 1036 0 0 0 
2838 3118 2372 24 3005 297 1307 285 0 0 
2850 3147 2135 29 3011 609 1472 571 0 0 
2864 3147 2010 33 3027 806 1593 742 2 0 
2877 3169 1980 18 3040 1001 1721 897 0 0 
2894 3154 2005 37 3018 1096 1756 967 0 0 
2908 3134 2084 47 3008 1174 1827 1017 0 0 
2922 3093 2133 55 3017 1302 1891 1131 0 0 
2934 3103 2201 62 2975 1301 1902 1121 0 0 
2948 3119 2056 86 2994 1359 1936 1171 0 190 
2960 3117 1875 82 2982 1341 1949 1141 5 305 
2969 3138 1759 71 2986 1414 2008 1191 3 399 
2981 3106 1662 75 2983 1438 1980 1209 5 512 
2993 3074 1551 76 2990 1442 2004 1236 7 543 
3006 3038 1458 77 2961 1474 2006 1268 7 600 
3019 3040 1370 77 2931 1468 1981 1265 8 675 
3032 3068 1314 78 2934 1495 1997 1286 8 766 
3044 3057 1249 74 2913 1508 2003 1304 7 765 
3059 3041 1222 67 2941 1569 2049 1353 11 779 
3074 3009 1231 75 2900 1567 2052 1368 9 832 
3088 3001 1237 69 2909 1542 2032 1348 14 890 
3107 2991 1285 70 2906 1557 2035 1356 17 875 
3119 3013 1329 73 2912 1627 2078 1421 17 948 
3129 3029 1332 75 2934 1633 2109 1433 19 1017 
3138 3052 1360 78 2951 1675 2117 1502 19 1027 
3153 3066 1465 66 2947 1693 2104 1534 28 1010 
3163 3068 1561 67 2954 1697 2096 1539 24 1034 
3174 3063 1697 65 2955 1681 2100 1527 24 1045 
3185 3085 1837 64 2971 1743 2119 1576 27 1041 
3199 3080 1911 78 2940 1691 2068 1507 21 1060 
3207 3072 1968 68 2964 1748 2111 1565 20 1067 
3217 3080 2007 76 2949 1758 2111 1553 25 1096 
3233 3047 2024 63 2955 1769 2094 1558 30 1055 
3245 3086 2082 70 2969 1798 2123 1571 27 1139 
3259 3084 2129 76 2973 1821 2132 1590 21 1167 
3267 3071 2136 78 2975 1832 2146 1602 23 1189 
3275 3076 2165 93 2982 1843 2189 1619 17 1249 
3284 3109 2192 73 3013 1888 2222 1675 23 1299 
3293 3098 2175 92 2979 1861 2171 1647 21 1300 
3302 3114 2191 88 3011 1927 2195 1690 19 1312 
3313 3080 2207 98 3025 1931 2236 1695 23 1307 
3323 3106 2209 91 3032 1955 2244 1729 29 1350 
3334 3087 2194 102 2999 1954 2223 1737 28 1413 
3347 3047 2198 98 2972 1946 2198 1679 17 1378 
3360 3041 2238 86 2992 1976 2227 1729 17 1394 
3372 3063 2238 89 2991 1970 2214 1742 14 1383 
3382 3094 2260 96 3015 1990 2263 1758 20 1452 
3392 3135 2272 106 3004 1991 2228 1762 22 1436 
3406 3137 2338 107 3033 2035 2271 1796 21 1435 
3422 3091 2299 109 2994 1979 2221 1741 26 1413 
3435 3107 2344 101 3015 2045 2254 1824 22 1451 
3449 3108 2343 108 3005 2033 2276 1805 34 1437 
3469 3079 2296 122 2939 2001 2239 1770 16 1432 
3488 3113 2329 112 2966 2068 2264 1846 19 1445 
3500 3113 2340 113 2971 2076 2256 1832 15 1426 
3512 3135 2354 115 2991 2075 2291 1822 25 1488 
3524 3092 2324 107 2940 2032 2257 1770 20 1491 
3537 3104 2345 109 2961 2058 2286 1813 26 1500 
3549 3133 2370 95 2985 2072 2293 1820 23 1483 
3564 3147 2417 105 3013 2113 2339 1847 20 1495 
3577 3155 2428 109 3023 2081 2325 1853 21 1536 
3593 3102 2413 99 2978 2103 2296 1904 24 1533 
3605 3132 2432 95 3018 2103 2348 1894 29 1520 
3615 3146 2458 96 3034 2118 2387 1925 18 1523 
3629 3188 2396 92 3039 2112 2348 1912 25 1554 
3639 3183 2412 113 3010 2085 2334 1869 20 1568 
3650 3173 2454 114 3015 2127 2367 1885 19 1594 
3662 3176 2481 108 3034 2152 2389 1916 26 1538 
3672 3176 2459 94 3033 2156 2406 1924 21 1551 
3682 3172 2470 100 3055 2191 2400 1950 19 1571 
3693 3193 2502 100 3075 2244 2424 1990 19 1560 
3706 3168 2510 114 3071 2196 2455 1968 30 1622 
3720 3165 2475 120 3037 2201 2473 1984 30 1631 
3733 3122 2448 108 3033 2180 2458 1947 29 1616 
3746 3100 2414 114 2994 2154 2425 1908 19 1536 
3756 3140 2399 121 3001 2157 2446 1895 29 1568 
3769 3156 2396 130 2993 2133 2445 1869 18 1560 
3780 3193 2422 123 3011 2176 2479 1927 22 1600 
3792 3172 2437 124 3035 2235 2534 1996 20 1645 
3803 3145 2410 124 3049 2197 2492 1933 20 1605 
3813 3159 2401 115 3065 2198 2491 1921 21 1622 
3821 3180 2448 116 3084 2241 2525 1987 23 1694 
3828 3181 2424 108 3070 2229 2541 1969 22 1695 
3838 3158 2379 105 3056 2194 2498 1935 16 1623 
3845 3184 2403 97 3056 2226 2487 1964 15 1688 
3853 3218 2411 125 3068 2198 2461 1917 20 1675 
3861 3203 2435 129 3103 2215 2510 1930 21 1671 
3870 3196 2473 142 3100 2253 2522 1977 19 1721 
3883 3173 2447 129 3106 2210 2484 1927 24 1717 
3895 3153 2484 131 3091 2233 2522 1933 27 1709 
3907 3163 2458 132 3087 2244 2519 1966 34 1716 
3922 3123 2387 141 3049 2237 2511 1974 33 1636 
3934 3156 2430 131 3075 2300 2551 2040 31 1685 
3948 3124 2397 144 3064 2275 2521 2001 32 1732 
3964 3114 2289 134 3034 2238 2521 1969 38 1620 
3977 3146 2388 123 3092 2330 2586 2066 25 1635 
3992 3125 2407 128 3116 2285 2571 2029 35 1623 
4007 3065 2386 118 3096 2250 2536 2002 29 1657 
4023 3094 2493 124 3107 2295 2583 2031 35 1656 
4039 3091 2465 119 3101 2290 2609 2053 26 1619 
4052 3115 2501 121 3115 2296 2599 2046 30 1694 
4068 3107 2433 131 3072 2264 2539 2023 24 1693 
4081 3138 2454 138 3092 2286 2577 2043 24 1735 
4094 3206 2477 134 3126 2331 2588 2073 19 1779 
4108 3183 2474 109 3074 2291 2554 2068 29 1721 
4122 3168 2435 119 3069 2328 2570 2085 23 1784 
4137 3163 2427 137 3045 2254 2550 2007 30 1761 
4152 3132 2402 132 3067 2295 2552 2010 19 1730 
4164 3145 2416 114 3082 2324 2607 2049 20 1758 
4180 3149 2401 129 3046 2279 2544 2009 26 1749 
4196 3139 2361 115 3039 2261 2518 2012 21 1707 
4211 3145 2318 118 3039 2259 2543 1995 16 1721 
4227 3133 2322 118 3027 2264 2533 2000 17 1708 
4241 3136 2313 117 3033 2288 2554 2032 10 1692 
4255 3129 2352 128 3051 2315 2585 2068 11 1692 
4271 3143 2350 129 3017 2285 2567 2052 20 1689 
4285 3138 2342 139 3009 2249 2528 2002 25 1632 
4302 3147 2374 152 3028 2273 2526 2001 20 1648 
4315 3162 2395 154 3056 2296 2537 2035 24 1650 
4328 3165 2413 148 3044 2272 2515 2030 28 1676 
4342 3151 2447 130 3030 2245 2495 2031 21 1696 
4355 3193 2444 128 3072 2284 2525 2055 25 1736 
4369 3122 2365 117 3013 2202 2456 1962 28 1661 
4384 3084 2397 121 2982 2189 2437 1953 26 1628 
4396 3105 2410 118 2988 2241 2480 2007 21 1663 
4410 3086 2382 106 2982 2249 2451 2006 21 1691 
4423 3063 2351 118 3006 2219 2470 2009 16 1705 
4439 3075 2361 109 2987 2262 2496 2053 17 1641 
4456 3083 2333 98 2988 2306 2514 2096 38 1579 
4480 3049 2258 173 2912 2166 2392 1905 88 1445 
4499 3010 2172 175 2865 2096 2310 1830 134 1388 
4515 2993 2172 225 2855 2086 2288 1790 164 1385 
4528 2971 2156 280 2830 2041 2266 1739 173 1361 
4540 2951 2177 263 2825 2037 2278 1721 204 1340 
4551 2955 2203 275 2834 2046 2291 1729 218 1348 
4562 2936 2199 296 2821 2020 2275 1695 221 1340 
4573 2908 2193 288 2804 1987 2265 1658 253 1274 
4588 2872 2127 279 2740 1910 2194 1588 232 1252 
4596 2883 2121 268 2756 1935 2215 1593 269 1263 
4607 2883 2114 279 2764 1940 2212 1601 275 1281 
4612 2888 2125 285 2777 1956 2223 1626 278 1289 
4620 2870 2112 287 2755 1928 2203 1605 298 1305 
4633 2863 2127 308 2742 1919 2200 1587 278 1303 
4642 2857 2143 306 2746 1916 2199 1575 287 1285 
4656 2836 2154 302 2743 1893 2179 1556 326 1281 
4669 2828 2143 292 2732 1874 2180 1539 350 1256 
4675 2824 2143 283 2713 1859 2160 1534 348 1267 
4682 2841 2142 272 2718 1854 2159 1524 391 1272 
4687 2812 2146 288 2717 1855 2158 1521 396 1308 
4697 2782 2136 275 2710 1868 2165 1530 398 1252 
4705 2780 2137 295 2715 1851 2145 1517 403 1232 
4713 2736 2109 322 2695 1818 2108 1471 373 1243 
4719 2767 2120 327 2715 1831 2126 1486 375 1284 
4727 2789 2134 326 2707 1834 2136 1488 379 1329 
4736 2747 2099 340 2700 1833 2122 1501 368 1295 
4745 2711 2075 366 2683 1812 2104 1476 341 1273 
4751 2689 2096 418 2695 1827 2114 1458 333 1257 
4757 2674 2098 434 2692 1840 2107 1473 336 1227 
4763 2655 2095 459 2692 1835 2107 1464 326 1240 
4768 2663 2122 475 2709 1854 2130 1475 333 1276 
4773 2666 2121 451 2718 1870 2140 1483 341 1282 
4777 2668 2132 451 2732 1887 2151 1494 344 1275 
4781 2665 2118 438 2735 1872 2138 1481 341 1289 
4784 2658 2123 437 2728 1868 2131 1480 340 1301 
4787 2681 2138 431 2750 1895 2158 1513 358 1331 
4790 2685 2150 431 2758 1919 2182 1532 359 1352 
4793 2695 2173 427 2772 1944 2202 1549 383 1370 
4800 2676 2154 412 2756 1903 2187 1503 366 1332 
4804 2678 2165 419 2776 1924 2205 1523 369 1352 
4814 2663 2169 426 2773 1933 2201 1528 379 1321 
4826 2621 2144 420 2748 1887 2163 1494 365 1322 
4833 2616 2135 402 2751 1893 2162 1509 389 1310 
4837 2615 2131 404 2752 1888 2153 1509 390 1326 
4842 2640 2118 385 2756 1864 2144 1487 397 1327 
4845 2663 2131 371 2763 1881 2168 1494 427 1335 
4848 2661 2137 370 2766 1886 2176 1491 443 1329 
4850 2664 2144 373 2779 1888 2184 1500 461 1327 
4855 2649 2108 369 2772 1846 2152 1458 436 1309 
4859 2639 2109 375 2773 1848 2152 1460 442 1341 
4862 2637 2093 365 2771 1840 2138 1455 432 1319 
4866 2603 2089 364 2755 1826 2126 1450 421 1287 
4871 2602 2088 358 2751 1832 2121 1467 441 1296 
4877 2583 2072 368 2740 1828 2118 1459 433 1292 
4884 2556 2061 357 2719 1798 2088 1436 426 1272 
4891 2540 2060 348 2711 1796 2088 1431 431 1246 
4898 2561 2066 340 2708 1797 2097 1436 443 1269 
4902 2565 2069 326 2715 1798 2109 1433 450 1280 
4905 2569 2060 326 2708 1779 2085 1420 475 1286 
4908 2577 2061 327 2719 1775 2089 1412 467 1298 
4912 2564 2065 325 2710 1775 2087 1418 466 1279 
4918 2556 2073 329 2713 1772 2086 1415 478 1261 
4921 2535 2054 329 2697 1750 2076 1396 462 1243 
4927 2511 2056 321 2684 1745 2086 1390 466 1261 
4931 2518 2061 328 2681 1747 2095 1405 469 1265 
4933 2513 2058 328 2681 1743 2096 1405 464 1278 
4936 2511 2070 332 2693 1738 2100 1383 481 1293 
4941 2487 2069 328 2688 1753 2098 1393 476 1294 
4943 2481 2071 330 2689 1755 2101 1402 473 1295 
4946 2485 2099 331 2710 1788 2137 1440 502 1282 
4949 2483 2107 330 2705 1783 2135 1431 512 1302 
4954 2464 2078 335 2689 1755 2107 1413 494 1279 
4956 2459 2073 336 2693 1755 2099 1414 482 1284 
4959 2489 2104 340 2721 1787 2137 1445 485 1318 
4963 2488 2079 339 2725 1768 2122 1426 489 1311 
4971 2471 2021 341 2716 1747 2114 1395 510 1314 
4979 2455 2005 328 2710 1743 2111 1400 516 1282 
4984 2442 2002 326 2719 1739 2107 1410 534 1280 
4988 2442 2015 328 2715 1748 2116 1404 519 1308 
4994 2424 2025 326 2712 1756 2110 1426 521 1309 
4999 2432 2029 322 2722 1779 2135 1433 550 1326 
5005 2415 2033 312 2723 1787 2132 1437 512 1314 
5014 2428 2028 313 2729 1771 2136 1431 516 1304 
5024 2432 2006 305 2706 1761 2113 1431 503 1294 
5029 2450 2017 297 2718 1788 2127 1449 542 1325 
5035 2424 2009 290 2699 1767 2105 1435 514 1303 
5037 2438 2019 291 2716 1781 2122 1442 530 1305 
5042 2431 2020 294 2717 1781 2129 1440 512 1317 
5052 2404 2047 290 2714 1796 2130 1444 476 1299 
5058 2397 2056 280 2714 1807 2147 1449 491 1300 
5073 2370 2016 269 2678 1735 2087 1393 485 1246 
5079 2370 2019 264 2670 1743 2082 1400 494 1230 
5084 2367 2018 269 2673 1746 2086 1393 500 1214 
5086 2365 2032 268 2678 1760 2091 1408 507 1215 
5092 2361 2037 262 2669 1763 2086 1400 515 1204 
5094 2350 2050 268 2685 1777 2097 1416 516 1229 
5097 2366 2048 259 2693 1776 2106 1418 527 1249 
5099 2379 2074 259 2705 1794 2125 1443 537 1248 
5102 2386 2090 255 2696 1787 2123 1432 553 1233 
5106 2386 2103 252 2710 1797 2143 1436 519 1256 
5109 2385 2121 250 2722 1815 2160 1468 559 1264 
5111 2401 2131 249 2732 1824 2166 1481 567 1278 
5115 2415 2153 257 2739 1811 2163 1475 573 1287 
5118 2409 2146 257 2737 1820 2169 1487 577 1286 
5122 2399 2146 261 2735 1815 2151 1485 564 1291 
5127 2400 2140 261 2733 1814 2149 1491 573 1302 
5131 2374 2113 262 2726 1800 2140 1474 556 1307 
5134 2382 2117 262 2742 1807 2147 1479 564 1332 
5136 2389 2127 259 2757 1820 2160 1482 578 1347 
5138 2388 2129 256 2756 1817 2160 1482 580 1340 
5140 2392 2134 250 2760 1811 2155 1483 583 1347 
5145 2388 2138 253 2760 1810 2157 1478 582 1365 
5148 2369 2148 258 2765 1826 2161 1498 590 1357 
5150 2378 2162 261 2773 1829 2165 1501 579 1357 
5153 2367 2152 257 2771 1840 2168 1505 568 1367 
5156 2369 2149 248 2779 1851 2170 1513 564 1383 
5158 2377 2162 250 2790 1856 2186 1515 581 1400 
5163 2344 2134 251 2783 1842 2170 1500 562 1362 
5170 2334 2130 257 2780 1847 2163 1512 556 1350 
5177 2291 2080 273 2753 1771 2113 1431 538 1312 
5182 2276 2059 270 2736 1743 2077 1396 545 1299 
5187 2278 2042 266 2725 1752 2089 1400 557 1292 
5203 2223 2004 266 2684 1727 2068 1377 511 1264 
5221 2179 1890 291 2663 1698 2055 1354 500 1244 
5228 2206 1870 294 2671 1726 2083 1374 499 1248 
5231 2235 1865 295 2684 1743 2089 1393 503 1267 
5237 2253 1860 300 2690 1756 2100 1403 483 1232 
5241 2267 1871 299 2708 1757 2106 1411 507 1256 
5244 2278 1864 287 2708 1762 2109 1413 517 1279 
5250 2276 1875 281 2710 1766 2116 1406 531 1304 
5261 2257 1868 284 2691 1751 2101 1399 524 1263 
5273 2242 1876 301 2681 1710 2060 1361 494 1225 
5286 2249 1836 294 2652 1706 2053 1352 520 1240 
5296 2247 1861 288 2653 1719 2065 1346 515 1249 
5303 2261 1886 290 2664 1727 2077 1355 527 1236 
5310 2267 1884 283 2661 1734 2075 1365 567 1225 
5312 2282 1892 279 2667 1735 2081 1372 569 1252 
5315 2291 1894 294 2675 1756 2093 1397 567 1261 
5318 2297 1918 323 2691 1791 2114 1439 572 1273 
5320 2310 1935 369 2706 1811 2129 1464 574 1309 
5324 2304 1923 382 2712 1808 2127 1456 567 1307 
5328 2315 1924 411 2720 1813 2133 1457 579 1317 
5337 2311 1956 472 2731 1812 2133 1442 524 1289 
5341 2314 1947 506 2744 1814 2141 1441 531 1289 
5347 2319 1939 528 2754 1807 2145 1416 503 1276 
5350 2328 1960 557 2761 1825 2159 1435 512 1308 
5355 2330 1965 572 2768 1827 2170 1441 541 1325 
5359 2352 1990 627 2794 1858 2197 1474 545 1347 
5362 2348 1990 661 2800 1848 2203 1468 542 1354 
5365 2368 2004 684 2810 1855 2209 1475 551 1356 
5370 2372 1986 712 2825 1858 2222 1477 559 1361 
5373 2377 2007 737 2837 1874 2228 1496 571 1353 
5381 2388 2008 728 2829 1823 2197 1446 572 1342 
5387 2381 1953 734 2830 1834 2200 1454 561 1333 
5390 2387 1959 769 2838 1849 2221 1470 571 1362 
5398 2383 1927 792 2836 1851 2210 1469 537 1346 
5403 2369 1919 825 2828 1851 2212 1469 525 1324 
5411 2308 1912 816 2805 1821 2182 1434 520 1306 
5423 2290 1845 863 2769 1828 2174 1452 524 1266 
5436 2269 1837 874 2747 1803 2152 1435 507 1249 
5447 2236 1805 882 2745 1793 2147 1429 478 1215 
5454 2249 1810 895 2736 1798 2164 1428 502 1240 
5462 2258 1806 894 2734 1787 2155 1416 509 1206 
5471 2238 1801 889 2723 1769 2152 1397 496 1171 
5475 2255 1832 915 2728 1787 2165 1408 481 1195 
5480 2254 1836 934 2728 1797 2171 1421 514 1215 
5483 2275 1832 938 2736 1811 2180 1438 545 1219 
5489 2271 1826 934 2721 1808 2176 1425 542 1200 
5493 2264 1841 953 2719 1795 2168 1414 511 1176 
5498 2257 1846 981 2718 1800 2171 1418 519 1177 
5502 2253 1846 970 2716 1775 2163 1397 516 1157 
5507 2248 1858 988 2708 1770 2159 1379 510 1150 
5511 2253 1870 1013 2704 1762 2140 1370 508 1156 
5514 2248 1864 1018 2710 1768 2145 1375 523 1170 
5520 2231 1862 1049 2713 1780 2155 1379 518 1164 
5526 2248 1883 1079 2724 1796 2176 1404 498 1200 
5531 2262 1898 1099 2726 1786 2181 1408 492 1212 
5533 2275 1913 1108 2734 1796 2185 1418 501 1222 
5537 2271 1917 1132 2734 1812 2187 1431 510 1226 
5541 2289 1938 1162 2748 1828 2201 1449 490 1261 
5544 2296 1935 1171 2754 1819 2189 1445 512 1273 
5546 2295 1951 1181 2766 1829 2196 1459 510 1267 
5550 2286 1952 1193 2769 1826 2195 1461 528 1261 
5558 2297 1963 1212 2772 1805 2196 1445 513 1245 
5563 2300 1964 1222 2767 1800 2197 1447 508 1241 
5570 2311 1974 1248 2767 1812 2203 1456 537 1267 
5574 2316 1978 1269 2769 1814 2219 1463 531 1271 
5576 2317 1972 1269 2772 1818 2217 1459 511 1262 
5583 2310 1945 1253 2761 1801 2200 1440 517 1249 
5589 2296 1933 1263 2754 1797 2189 1437 517 1239 
5591 2311 1946 1277 2759 1798 2189 1433 520 1257 
5593 2306 1943 1287 2758 1800 2194 1435 520 1266 
5597 2304 1950 1304 2757 1803 2193 1431 507 1274 
5601 2314 1960 1298 2761 1792 2185 1409 516 1271 
5609 2306 1946 1296 2745 1771 2157 1382 501 1233 
5614 2310 1928 1288 2746 1769 2165 1386 504 1247 
5616 2308 1928 1305 2746 1777 2161 1389 514 1255 
5618 2316 1919 1324 2751 1785 2178 1401 514 1264 
5621 2302 1910 1332 2751 1779 2166 1392 518 1249 
5623 2302 1913 1356 2759 1799 2176 1426 529 1263 
5629 2291 1900 1342 2744 1766 2148 1378 523 1207 
5633 2294 1916 1379 2751 1774 2159 1386 522 1218 
5635 2296 1925 1400 2760 1777 2167 1384 516 1235 
5638 2275 1908 1401 2753 1765 2150 1370 523 1245 
5639 2272 1915 1412 2754 1783 2156 1385 523 1257 
5642 2276 1922 1432 2763 1779 2170 1384 510 1268 
5643 2271 1924 1444 2769 1792 2180 1396 511 1277 
5645 2283 1931 1449 2771 1791 2178 1398 511 1271 
5648 2266 1903 1430 2760 1773 2167 1380 476 1227 
5652 2266 1887 1419 2745 1754 2162 1358 495 1198 
5654 2272 1885 1430 2757 1766 2175 1368 510 1210 
5655 2282 1894 1444 2762 1780 2179 1385 526 1229 
5657 2290 1893 1459 2768 1791 2188 1386 514 1249 
5659 2307 1902 1466 2779 1790 2189 1383 524 1247 
5661 2317 1923 1480 2784 1791 2189 1380 539 1243 
5664 2316 1930 1480 2779 1774 2178 1365 538 1253 
5666 2328 1941 1499 2788 1788 2186 1378 538 1259 
5669 2324 1935 1506 2788 1797 2195 1386 537 1244 
5671 2326 1937 1522 2791 1809 2200 1392 548 1243 
5673 2321 1940 1520 2788 1802 2195 1379 536 1238 
5674 2323 1941 1528 2791 1803 2198 1375 528 1241 
5676 2319 1946 1529 2794 1799 2189 1374 528 1245 
5678 2327 1948 1524 2796 1799 2180 1367 567 1248 
5683 2329 1950 1524 2787 1791 2173 1368 544 1262 
5684 2330 1955 1536 2791 1797 2173 1376 537 1255 
5686 2323 1942 1530 2783 1789 2162 1366 537 1261 
5690 2325 1950 1551 2782 1776 2168 1357 538 1252 
5692 2324 1955 1545 2783 1766 2164 1342 549 1245 
5694 2328 1969 1560 2781 1767 2165 1346 566 1255 
5695 2346 1989 1579 2793 1773 2176 1361 578 1275 
5696 2353 1995 1600 2799 1779 2194 1365 591 1288 
5698 2361 2006 1618 2800 1780 2197 1366 593 1298 
5700 2362 1996 1625 2806 1780 2207 1373 597 1305 
5701 2371 2006 1637 2812 1790 2215 1386 604 1299 
5703 2371 2004 1665 2819 1818 2226 1406 618 1310 
5705 2368 1997 1673 2817 1812 2229 1407 615 1321 
5709 2362 2003 1676 2818 1801 2229 1394 580 1288 
5711 2379 2023 1698 2835 1808 2230 1407 588 1305 
5713 2377 2010 1701 2831 1796 2227 1385 591 1318 
5718 2367 2021 1697 2846 1797 2220 1397 580 1306 
5726 2373 2038 1686 2837 1774 2212 1390 607 1281 
5736 2356 2027 1673 2822 1758 2180 1378 624 1286 
5747 2332 1998 1642 2796 1716 2150 1330 618 1227 
5753 2339 1997 1640 2793 1712 2151 1337 619 1255 
5762 2341 2009 1613 2789 1685 2129 1300 611 1213 
5764 2339 2019 1625 2785 1694 2133 1312 597 1230 
5766 2338 2027 1635 2785 1700 2138 1324 610 1243 
5770 2329 2014 1649 2773 1693 2133 1309 599 1250 
5771 2337 2014 1656 2771 1696 2132 1308 597 1266 
5772 2345 2016 1666 2773 1705 2128 1316 607 1276 
5773 2355 2025 1668 2777 1702 2133 1314 614 1287 
5775 2362 2029 1678 2786 1706 2144 1332 593 1282 
5778 2371 2022 1693 2783 1701 2145 1319 607 1287 
5779 2378 2018 1705 2790 1710 2153 1329 603 1284 
5780 2379 2017 1713 2792 1703 2151 1321 595 1285 
5782 2379 2010 1726 2794 1723 2164 1346 592 1269 
5784 2390 2029 1743 2803 1732 2178 1354 618 1291 
5787 2386 2038 1753 2803 1737 2177 1347 614 1298 
5789 2392 2036 1785 2812 1773 2209 1380 619 1317 
5790 2400 2051 1801 2820 1788 2219 1390 612 1329 
5792 2390 2044 1794 2819 1780 2223 1389 617 1309 
5795 2392 2048 1808 2832 1769 2225 1376 623 1322 
5800 2383 2043 1809 2827 1746 2219 1358 619 1316 
5804 2373 2049 1815 2827 1752 2221 1363 613 1305 
5808 2400 2065 1813 2829 1753 2225 1354 650 1323 
5812 2398 2047 1807 2831 1754 2203 1348 624 1326 
5815 2387 2042 1830 2832 1781 2215 1371 619 1318 
5821 2362 2039 1812 2820 1750 2192 1349 603 1292 
5829 2360 2011 1844 2819 1798 2218 1407 630 1275 
5834 2380 2012 1872 2836 1818 2232 1425 639 1281 
5839 2388 2026 1891 2849 1827 2239 1412 631 1287 
5843 2380 2031 1868 2850 1796 2218 1384 623 1288 
5849 2363 1996 1866 2826 1775 2202 1361 633 1241 
5851 2366 1990 1862 2824 1773 2194 1362 628 1242 
5854 2376 1996 1884 2837 1784 2195 1380 640 1260 
5856 2388 2006 1895 2849 1785 2197 1380 631 1287 
5857 2387 2014 1900 2848 1787 2203 1386 645 1292 
5858 2389 2010 1899 2849 1787 2204 1383 625 1286 
5861 2381 2013 1895 2849 1779 2206 1374 636 1281 
5864 2384 2033 1902 2851 1780 2204 1387 634 1279 
5867 2398 2054 1919 2863 1795 2213 1406 626 1294 
5871 2390 2042 1924 2863 1789 2219 1388 641 1300 
5873 2388 2051 1936 2871 1806 2235 1405 640 1325 
5876 2412 2069 1952 2880 1829 2256 1431 665 1333 
5878 2422 2063 1958 2887 1819 2257 1424 651 1352 
5882 2409 2053 1957 2882 1809 2270 1407 653 1338 
5887 2386 2035 1939 2866 1784 2250 1369 623 1325 
5891 2393 2031 1948 2874 1808 2272 1389 677 1345 
5898 2398 2049 1951 2879 1845 2285 1430 655 1374 
5908 2403 2020 1928 2891 1808 2281 1405 644 1348 
5912 2408 2020 1929 2895 1813 2281 1405 668 1380 
5916 2405 2013 1930 2891 1798 2275 1394 661 1379 
5920 2426 2048 1963 2910 1843 2307 1444 681 1379 
5928 2401 2025 1919 2904 1821 2278 1417 652 1355 
5942 2341 1980 1902 2874 1789 2228 1346 619 1333 
5949 2330 1972 1902 2869 1785 2233 1356 620 1324 
5956 2333 1991 1922 2879 1806 2265 1376 613 1324 
5958 2345 1996 1931 2881 1809 2266 1382 620 1333 
5962 2349 2001 1932 2885 1816 2274 1397 618 1355 
5964 2352 2019 1944 2887 1821 2275 1400 630 1369 
5968 2358 2031 1949 2894 1830 2278 1406 623 1377 
5972 2370 2036 1955 2904 1834 2280 1408 633 1367 
5977 2380 2050 1956 2907 1824 2264 1402 630 1349 
5983 2376 2048 1956 2910 1830 2290 1413 632 1342 
5988 2359 2043 1951 2911 1814 2290 1389 637 1369 
5994 2373 2052 1935 2896 1817 2275 1388 620 1339 
6001 2372 2045 1953 2895 1821 2277 1398 608 1313 
6017 2324 1985 1924 2874 1798 2252 1366 618 1309 
6025 2310 1965 1930 2862 1810 2254 1379 601 1291 
6030 2311 1964 1925 2852 1806 2257 1376 584 1293 
6033 2316 1963 1925 2848 1802 2251 1373 592 1300 
6035 2319 1969 1922 2846 1792 2245 1362 586 1295 
6039 2311 1971 1919 2843 1787 2242 1343 597 1313 
6045 2295 1962 1925 2840 1779 2242 1343 595 1289 
6049 2288 1972 1918 2840 1778 2250 1338 584 1301 
6055 2260 1977 1904 2828 1765 2234 1326 578 1276 
6062 2253 1960 1911 2830 1773 2218 1335 581 1258 
6072 2245 1959 1897 2808 1756 2196 1318 581 1273 
6078 2245 1970 1904 2809 1744 2195 1301 580 1274 
6082 2245 1992 1906 2813 1767 2204 1331 603 1274 
6084 2262 2007 1916 2820 1768 2205 1339 603 1289 
6086 2265 2008 1920 2824 1777 2206 1351 606 1280 
6090 2257 2005 1931 2823 1778 2215 1346 615 1293 
6093 2267 2013 1953 2838 1789 2230 1354 606 1305 
6095 2256 1996 1949 2824 1782 2219 1361 592 1286 
6099 2259 2015 1968 2833 1807 2233 1381 606 1308 
6103 2267 2013 1981 2846 1819 2242 1392 604 1323 
6105 2266 2020 1991 2846 1828 2250 1400 610 1337 
6111 2244 2012 1987 2841 1814 2247 1392 597 1321 
6113 2252 2000 1986 2842 1813 2256 1396 601 1317 
6119 2259 2000 1993 2847 1824 2264 1415 610 1332 
6123 2263 2007 1998 2839 1819 2261 1409 621 1336 
6126 2262 2002 2008 2841 1825 2266 1426 596 1339 
6130 2278 2000 2005 2841 1824 2257 1424 607 1334 
6137 2281 2006 1989 2837 1813 2243 1418 620 1329 
6141 2282 1998 2012 2843 1820 2256 1420 614 1337 
6150 2275 1970 1977 2821 1788 2221 1389 618 1322 
6154 2271 1977 1975 2823 1792 2226 1396 613 1343 
6159 2267 1955 1982 2818 1796 2235 1409 600 1336 
6162 2267 1955 1988 2826 1819 2247 1428 615 1345 
6168 2253 1926 1977 2826 1804 2240 1409 618 1348 
6176 2255 1857 1975 2822 1797 2244 1401 612 1345 
6182 2261 1804 1961 2820 1778 2228 1374 600 1324 
6186 2266 1775 1970 2817 1784 2223 1389 602 1343 
6190 2268 1757 1963 2801 1775 2227 1390 608 1328 
6194 2267 1761 1961 2794 1777 2228 1392 620 1346 
6198 2289 1770 1983 2807 1797 2251 1417 614 1360 
6201 2278 1779 1984 2807 1796 2252 1410 615 1355 
6206 2275 1775 1980 2806 1787 2243 1400 602 1314 
6211 2274 1771 1968 2796 1783 2234 1391 607 1302 
6216 2284 1767 1956 2805 1784 2230 1385 595 1312 
6221 2272 1770 1953 2808 1781 2228 1384 600 1324 
6226 2269 1769 1951 2793 1779 2218 1383 589 1321 
6229 2286 1783 1958 2793 1778 2226 1384 612 1307 
6232 2290 1790 1956 2793 1776 2218 1383 609 1320 
6239 2293 1816 1949 2788 1760 2209 1364 598 1312 
6241 2282 1808 1943 2782 1746 2204 1356 594 1325 
6244 2295 1814 1937 2786 1739 2201 1355 604 1304 
6254 2275 1783 1928 2763 1725 2193 1333 574 1299 
6258 2278 1769 1930 2765 1730 2206 1340 605 1314 
6268 2248 1744 1915 2741 1720 2187 1331 590 1276 
6278 2218 1742 1898 2724 1695 2163 1304 579 1262 
6283 2207 1739 1888 2718 1691 2151 1302 561 1256 
6292 2196 1747 1871 2709 1669 2143 1285 586 1256 
6296 2207 1750 1862 2707 1671 2140 1284 596 1261 
6321 2137 1706 1793 2655 1611 2065 1221 558 1198 
6326 2154 1728 1812 2664 1633 2080 1249 573 1207 
6331 2162 1725 1807 2655 1639 2086 1253 575 1203 
6333 2179 1747 1817 2679 1652 2108 1262 594 1232 
6335 2190 1758 1839 2689 1672 2127 1276 606 1237 
6340 2172 1747 1837 2670 1661 2122 1273 607 1236 
6346 2189 1761 1835 2680 1664 2121 1280 583 1230 
6352 2181 1764 1858 2686 1681 2132 1288 568 1233 
6358 2164 1765 1840 2686 1669 2124 1274 573 1244 
6369 2145 1756 1807 2665 1646 2085 1267 547 1228 
6375 2146 1782 1809 2658 1640 2056 1265 595 1239 
6380 2151 1796 1821 2670 1657 2077 1289 606 1240 
6383 2159 1798 1836 2679 1664 2093 1298 602 1248 
6388 2164 1803 1833 2678 1663 2096 1301 586 1267 
6394 2139 1784 1820 2674 1643 2088 1292 561 1260 
6401 2161 1800 1821 2678 1648 2094 1289 555 1254 
6403 2177 1815 1836 2691 1661 2102 1305 573 1270 
6412 2181 1822 1847 2688 1679 2104 1325 569 1266 
6417 2197 1834 1863 2691 1691 2120 1344 576 1269 
6422 2215 1829 1873 2695 1702 2132 1362 581 1274 
6424 2232 1840 1882 2711 1710 2140 1363 600 1281 
6428 2243 1851 1883 2719 1714 2145 1371 591 1276 
6431 2233 1839 1878 2725 1718 2151 1378 576 1289 
6438 2250 1853 1888 2729 1726 2157 1387 574 1294 
6442 2261 1845 1891 2738 1735 2160 1390 597 1297 
6447 2246 1829 1907 2733 1742 2171 1396 568 1297 
6454 2253 1838 1899 2737 1747 2160 1383 592 1310 
6459 2255 1832 1882 2745 1732 2150 1363 583 1317 
6471 2222 1837 1862 2708 1705 2123 1315 539 1306 
6477 2226 1848 1837 2696 1693 2119 1297 528 1267 
6487 2193 1791 1797 2664 1663 2082 1252 533 1240 
6492 2177 1778 1798 2649 1666 2078 1262 523 1250 
6502 2167 1774 1787 2635 1646 2054 1257 540 1246 
6510 2161 1773 1790 2630 1643 2047 1248 539 1245 
6514 2160 1784 1809 2637 1655 2049 1264 548 1260 
6526 2136 1775 1827 2638 1668 2058 1265 519 1239 
6534 2145 1793 1825 2649 1665 2058 1265 536 1237 
6550 2144 1784 1826 2630 1660 2060 1277 518 1240 
6557 2154 1803 1822 2632 1657 2048 1279 520 1225 
6561 2168 1825 1828 2644 1669 2054 1287 543 1217 
6565 2175 1827 1830 2653 1672 2054 1296 533 1227 
6571 2176 1821 1813 2655 1668 2050 1285 535 1234 
6576 2188 1851 1827 2659 1668 2053 1283 528 1239 
6580 2216 1881 1856 2676 1686 2079 1305 556 1265 
6582 2225 1884 1869 2678 1696 2075 1319 570 1278 
6585 2231 1890 1871 2680 1694 2076 1323 562 1281 
6588 2233 1898 1874 2682 1704 2073 1327 552 1269 
6592 2226 1877 1869 2683 1703 2069 1331 553 1271 
6596 2230 1878 1868 2692 1704 2066 1330 573 1269 
6600 2255 1900 1875 2704 1714 2075 1342 584 1296 
6604 2250 1904 1893 2706 1726 2086 1354 571 1277 
6612 2249 1895 1876 2704 1703 2076 1337 582 1285 
6614 2267 1913 1888 2717 1719 2079 1356 616 1313 
6615 2270 1912 1891 2721 1724 2083 1364 619 1318 
6617 2272 1925 1881 2729 1725 2082 1362 633 1321 
6626 2248 1905 1842 2710 1709 2063 1341 594 1281 
6629 2258 1911 1856 2717 1726 2066 1355 585 1285 
6631 2261 1912 1865 2726 1728 2078 1356 607 1299 
6634 2266 1917 1862 2726 1735 2069 1365 601 1284 
6637 2267 1912 1873 2730 1730 2084 1371 596 1297 
6638 2270 1914 1875 2735 1735 2083 1384 594 1297 
6640 2276 1936 1888 2748 1755 2106 1403 617 1308 
6643 2276 1933 1876 2753 1750 2102 1404 626 1309 
6645 2279 1946 1878 2750 1752 2105 1404 628 1313 
6647 2276 1957 1884 2760 1759 2127 1415 638 1324 
6651 2267 1945 1871 2756 1755 2120 1402 664 1310 
6656 2243 1936 1855 2741 1733 2102 1390 625 1288 
6659 2240 1948 1855 2736 1725 2093 1387 598 1287 
6666 2231 1958 1839 2738 1707 2073 1364 588 1286 
6667 2235 1969 1837 2744 1711 2074 1366 601 1302 
6670 2233 1975 1827 2733 1709 2068 1359 591 1312 
6675 2239 1968 1827 2731 1706 2066 1347 578 1293 
6678 2244 1984 1829 2737 1714 2073 1350 581 1314 
6681 2263 2011 1849 2752 1721 2089 1365 627 1332 
6682 2273 2024 1860 2761 1733 2103 1378 636 1339 
6684 2280 2033 1877 2770 1746 2114 1386 641 1346 
6686 2286 2025 1881 2773 1746 2117 1387 630 1355 
6688 2290 2028 1895 2778 1761 2129 1404 622 1357 
6690 2275 2007 1888 2773 1759 2117 1400 629 1344 
6696 2277 2006 1883 2778 1770 2122 1408 599 1337 
6697 2280 2013 1891 2782 1773 2123 1411 606 1341 
6704 2277 1996 1842 2771 1748 2102 1382 604 1321 
6707 2281 1995 1842 2776 1751 2106 1388 598 1317 
6712 2268 1982 1818 2760 1702 2083 1346 566 1305 
6720 2228 1936 1786 2711 1654 2010 1292 570 1255 
6722 2224 1924 1791 2705 1648 2004 1286 570 1244 
6724 2226 1930 1797 2706 1646 2004 1290 556 1248 
6725 2226 1929 1808 2709 1648 2005 1288 573 1246 
6726 2232 1930 1825 2716 1664 2024 1299 574 1236 
6727 2231 1932 1820 2712 1653 2017 1294 573 1236 
6730 2228 1933 1818 2711 1655 2007 1294 586 1263 
6732 2236 1941 1823 2713 1655 2019 1292 580 1272 
6734 2239 1935 1831 2714 1663 2023 1310 583 1272 
6735 2237 1929 1829 2711 1658 2017 1308 575 1274 
6738 2236 1909 1830 2711 1668 2010 1316 583 1277 
6744 2230 1874 1830 2700 1656 2002 1302 575 1258 
6750 2238 1873 1834 2701 1634 1997 1284 553 1271 
6758 2227 1874 1799 2680 1619 1975 1269 558 1246 
6762 2236 1878 1826 2689 1644 1985 1293 575 1248 
6771 2234 1874 1837 2680 1644 1975 1290 553 1223 
6778 2252 1864 1844 2686 1662 1974 1292 566 1251 
6784 2249 1856 1829 2686 1644 1965 1280 582 1240 
6789 2257 1863 1834 2686 1650 1973 1285 571 1249 
6792 2249 1885 1833 2679 1655 1973 1303 572 1248 
6795 2257 1890 1855 2685 1676 1991 1320 585 1258 
6798 2274 1909 1863 2691 1687 1991 1337 594 1271 
6800 2281 1920 1861 2698 1693 1997 1339 614 1281 
6805 2289 1922 1857 2697 1695 1999 1342 619 1286 
6809 2291 1935 1863 2698 1699 2010 1345 611 1291 
6812 2278 1936 1881 2703 1701 2023 1354 601 1294 
6816 2287 1942 1888 2708 1708 2040 1365 584 1304 
6819 2303 1956 1904 2719 1721 2064 1378 588 1299 
6822 2307 1967 1897 2723 1725 2065 1383 591 1297 
6826 2315 1983 1916 2734 1737 2071 1398 580 1309 
6830 2316 1992 1916 2733 1738 2074 1404 601 1309 
6833 2321 1998 1928 2743 1756 2091 1417 598 1306 
6836 2310 1998 1916 2749 1753 2072 1398 587 1308 
6838 2321 2000 1926 2754 1761 2078 1409 586 1306 
6839 2326 2004 1930 2755 1757 2075 1404 594 1308 
6841 2320 2008 1949 2765 1776 2089 1417 596 1324 
6843 2323 2010 1947 2769 1783 2080 1427 594 1323 
6852 2300 1991 1922 2743 1748 2068 1398 616 1298 
6863 2283 1968 1916 2720 1724 2048 1365 607 1246 
6870 2251 1940 1899 2700 1712 2032 1354 592 1245 
6875 2247 1937 1895 2686 1700 2018 1350 596 1238 
6879 2248 1944 1903 2692 1717 2023 1354 589 1235 
6882 2257 1943 1899 2692 1710 2012 1349 605 1245 
6885 2259 1946 1909 2699 1712 2011 1357 602 1259 
6886 2262 1949 1909 2703 1707 2001 1350 617 1260 
6887 2269 1956 1914 2706 1711 2008 1354 613 1276 
6889 2277 1969 1924 2713 1724 2014 1370 616 1270 
6891 2280 1966 1933 2718 1736 2028 1381 621 1278 
6893 2276 1981 1929 2717 1737 2028 1381 613 1281 
6896 2272 1993 1916 2716 1732 2023 1383 610 1274 
6898 2258 1980 1909 2709 1736 2023 1392 612 1284 
6900 2272 1979 1911 2716 1738 2030 1390 605 1294 
6904 2263 1971 1893 2696 1711 2015 1370 608 1281 
6909 2257 1957 1895 2697 1709 2004 1365 576 1303 
6913 2278 1946 1921 2706 1712 2007 1361 568 1284 
6917 2289 1955 1927 2710 1727 2014 1376 583 1298 
6921 2291 1963 1929 2708 1731 2004 1374 579 1306 
6928 2262 1932 1891 2694 1704 1980 1347 570 1272 
6930 2263 1943 1901 2705 1718 1999 1365 586 1284 
6934 2243 1935 1890 2695 1706 1978 1345 570 1261 
6936 2251 1942 1901 2696 1710 1980 1352 563 1253 
6937 2247 1930 1906 2704 1706 1984 1353 557 1268 
6938 2250 1925 1908 2709 1717 1981 1364 564 1274 
6939 2249 1911 1900 2706 1714 1981 1356 561 1276 
6941 2247 1897 1906 2705 1725 1985 1355 568 1283 
6942 2256 1905 1915 2716 1733 1995 1360 578 1302 
6944 2253 1900 1916 2710 1726 1988 1356 580 1302 
6946 2255 1896 1918 2710 1730 1985 1359 584 1289 
6948 2254 1898 1926 2709 1728 1976 1349 585 1285 
6951 2254 1898 1922 2709 1732 1974 1354 588 1280 
6953 2267 1902 1927 2719 1739 1981 1357 610 1287 
6956 2278 1919 1936 2722 1753 1981 1359 627 1279 
6960 2266 1930 1953 2732 1771 1992 1376 602 1278 
6963 2272 1926 1953 2738 1759 1986 1360 610 1270 
6969 2270 1937 1945 2744 1759 1984 1367 626 1305 
6974 2257 1935 1941 2738 1754 1973 1353 599 1280 
6984 2258 1933 1936 2735 1737 1969 1337 606 1268 
6989 2248 1905 1928 2729 1733 1971 1332 576 1268 
6990 2255 1908 1935 2740 1743 1985 1337 583 1278 
6991 2264 1914 1942 2741 1748 1986 1343 586 1285 
6995 2275 1922 1947 2738 1753 1993 1362 579 1282 
6997 2266 1914 1945 2733 1753 1994 1367 581 1274 
7001 2275 1908 1955 2736 1769 2010 1387 587 1243 
7003 2265 1901 1964 2743 1773 2011 1386 589 1259 
7006 2273 1901 1968 2741 1778 2008 1389 602 1284 
7009 2282 1904 1974 2743 1779 2011 1387 588 1281 
7010 2273 1905 1983 2745 1784 2017 1394 590 1276 
7014 2283 1907 1974 2745 1792 2009 1402 572 1274 
7016 2274 1903 1963 2742 1785 2002 1384 590 1270 
7019 2272 1900 1943 2730 1760 1975 1351 574 1265 
7023 2261 1887 1945 2733 1766 1987 1354 588 1257 
7026 2267 1866 1959 2745 1780 1990 1368 591 1253 
7028 2264 1843 1963 2748 1778 1989 1368 588 1253 
7035 2238 1791 1943 2726 1751 1968 1343 580 1258 
7039 2246 1785 1954 2733 1752 1976 1354 578 1244 
7041 2250 1785 1953 2744 1764 1989 1360 583 1267 
7046 2269 1788 1954 2736 1765 1994 1365 589 1276 
7050 2276 1793 1960 2732 1760 1975 1363 570 1267 
7051 2270 1797 1965 2735 1767 1977 1365 581 1288 
7056 2260 1787 1946 2735 1744 1961 1337 572 1266 
7059 2271 1800 1923 2738 1721 1949 1318 571 1268 
7060 2280 1800 1930 2740 1730 1953 1330 570 1273 
7063 2275 1789 1932 2739 1744 1947 1335 575 1266 
7064 2268 1785 1930 2730 1741 1937 1329 567 1257 
7067 2278 1785 1958 2746 1759 1954 1342 596 1257 
7069 2297 1787 1990 2775 1787 1985 1360 597 1293 
7070 2303 1796 2000 2782 1796 1996 1374 601 1301 
7071 2310 1802 2003 2787 1802 2000 1380 614 1310 
7072 2308 1797 1998 2784 1798 1999 1377 603 1297 
7074 2293 1782 2004 2781 1802 2000 1376 577 1278 
7077 2287 1779 2020 2789 1824 2001 1388 604 1291 
7080 2282 1742 2015 2779 1824 1985 1394 564 1290 
7083 2291 1726 2018 2783 1824 1992 1401 590 1303 
7087 2281 1715 1998 2769 1798 1988 1374 569 1282 
7092 2288 1715 2000 2769 1795 1996 1374 589 1272 
7095 2284 1707 1977 2755 1772 1984 1350 575 1251 
7097 2280 1706 1980 2765 1774 1984 1347 574 1256 
7102 2269 1693 1972 2758 1766 1982 1346 600 1258 
7109 2255 1697 1935 2736 1732 1956 1317 588 1234 
7112 2261 1711 1915 2740 1718 1941 1308 594 1239 
7118 2274 1708 1904 2733 1703 1931 1306 583 1225 
7123 2280 1703 1902 2732 1700 1925 1315 582 1236 
7125 2290 1695 1922 2744 1717 1940 1330 598 1239 
7130 2287 1682 1915 2744 1718 1942 1335 586 1250 
7132 2297 1685 1927 2749 1725 1953 1339 606 1257 
7138 2302 1704 1919 2731 1717 1954 1323 615 1258 
7141 2311 1724 1954 2757 1749 1988 1361 632 1278 
7144 2336 1737 1953 2770 1752 1995 1361 610 1292 
7148 2346 1759 1962 2777 1772 2004 1388 604 1297 
7152 2325 1753 1963 2786 1777 2012 1383 603 1307 
7156 2330 1752 1986 2796 1782 2033 1401 586 1313 
7159 2335 1775 1988 2795 1787 2047 1410 581 1321 
7163 2347 1786 2013 2808 1817 2071 1430 593 1317 
7169 2323 1781 2012 2799 1815 2051 1438 601 1314 
7170 2324 1771 2021 2806 1827 2063 1445 598 1327 
7172 2344 1782 2027 2814 1843 2077 1458 597 1332 
7174 2348 1776 2030 2809 1845 2078 1455 594 1330 
7176 2354 1781 2039 2809 1852 2086 1468 614 1333 
7179 2357 1789 2046 2816 1862 2092 1478 633 1344 
7181 2352 1790 2049 2818 1862 2095 1476 643 1367 
7183 2368 1808 2055 2827 1875 2098 1474 648 1370 
7185 2363 1803 2049 2821 1877 2095 1469 643 1360 
7189 2367 1798 2060 2823 1875 2091 1466 653 1351 
7192 2366 1807 2064 2838 1879 2106 1472 667 1354 
7194 2365 1816 2050 2835 1871 2104 1461 656 1379 
7200 2377 1830 2056 2832 1883 2108 1476 640 1398 
7204 2372 1828 2058 2842 1895 2128 1492 638 1399 
7209 2352 1819 2050 2838 1888 2128 1497 636 1383 
7214 2340 1797 2038 2828 1871 2118 1475 630 1366 
7216 2339 1812 2040 2836 1872 2118 1473 636 1391 
7218 2328 1801 2029 2833 1856 2104 1453 628 1363 
7223 2283 1776 2005 2809 1827 2082 1421 591 1338 
7228 2289 1775 2006 2804 1835 2081 1441 630 1319 
7238 2292 1781 1969 2785 1798 2061 1406 621 1324 
7246 2288 1783 1965 2778 1786 2051 1397 632 1319 
7256 2263 1766 1936 2754 1771 2035 1389 593 1314 
7259 2274 1771 1949 2755 1777 2039 1398 620 1319 
7263 2290 1792 1959 2751 1783 2049 1416 631 1329 
7271 2276 1747 1940 2737 1761 2031 1384 613 1301 
7278 2245 1701 1920 2722 1739 2006 1354 584 1245 
7290 2253 1672 1886 2703 1702 1974 1318 568 1224 
7301 2243 1659 1865 2684 1679 1946 1307 555 1224 
7310 2235 1671 1872 2695 1691 1972 1322 548 1264 
7321 2249 1668 1860 2693 1680 1946 1295 591 1231 
7333 2249 1688 1837 2686 1683 1946 1288 574 1256 
7344 2241 1718 1816 2672 1655 1928 1250 582 1230 
7359 2210 1723 1804 2656 1631 1916 1234 556 1220 
7365 2249 1742 1818 2667 1649 1926 1258 559 1230 
7370 2266 1751 1815 2671 1652 1930 1277 599 1234 
7377 2246 1739 1811 2664 1647 1932 1269 580 1222 
7381 2257 1738 1820 2666 1668 1951 1277 584 1245 
7383 2279 1754 1835 2674 1677 1955 1287 606 1251 
7384 2279 1750 1835 2678 1675 1962 1286 602 1249 
7386 2286 1757 1853 2694 1700 1978 1310 617 1260 
7390 2288 1751 1855 2694 1706 1983 1302 588 1245 
7393 2280 1748 1819 2700 1677 1973 1280 597 1246 
7397 2279 1741 1834 2698 1688 1987 1296 604 1242 
7402 2278 1740 1843 2697 1693 1990 1300 595 1239 
7404 2273 1744 1850 2707 1706 1998 1312 608 1242 
7407 2285 1756 1874 2721 1735 2016 1340 603 1253 
7412 2274 1735 1868 2722 1724 2021 1335 589 1240 
7416 2272 1724 1859 2723 1717 2006 1320 585 1236 
7420 2267 1714 1859 2709 1715 1999 1315 593 1227 
7423 2270 1715 1871 2718 1742 2019 1348 594 1237 
7427 2275 1705 1887 2728 1752 2031 1365 605 1247 
7430 2269 1705 1900 2733 1765 2047 1374 603 1255 
7434 2262 1701 1906 2736 1757 2040 1360 589 1261 
7440 2268 1723 1904 2738 1761 2049 1358 599 1261 
7443 2269 1708 1918 2747 1766 2056 1356 597 1273 
7446 2271 1714 1940 2762 1793 2086 1407 597 1281 
7449 2276 1713 1935 2757 1773 2083 1402 622 1310 
7451 2290 1721 1947 2761 1784 2090 1410 625 1307 
7456 2288 1722 1941 2744 1797 2073 1415 601 1280 
7461 2278 1736 1946 2750 1785 2075 1413 623 1270 
7467 2284 1767 1946 2748 1779 2059 1390 625 1278 
7474 2256 1752 1959 2747 1781 2051 1389 606 1259 
7479 2256 1786 1930 2750 1761 2045 1370 618 1253 
7483 2258 1792 1937 2751 1777 2040 1393 615 1248 
7488 2267 1804 1931 2760 1781 2024 1385 612 1265 
7494 2282 1830 1907 2759 1751 2014 1358 646 1252 
7499 2276 1812 1935 2762 1783 2035 1379 653 1284 
7504 2293 1821 1950 2777 1780 2039 1390 659 1303 
7510 2308 1860 1956 2790 1801 2049 1397 647 1301 
7512 2307 1870 1968 2796 1823 2059 1418 655 1310 
7514 2309 1885 1966 2804 1824 2062 1421 655 1320 
7522 2295 1857 1945 2794 1779 2044 1371 647 1302 
7527 2284 1855 1933 2797 1772 2036 1362 631 1301 
7530 2284 1870 1936 2795 1783 2039 1368 643 1301 
7539 2264 1840 1925 2789 1758 2036 1354 618 1289 
7543 2244 1834 1926 2782 1753 2032 1344 596 1305 
7551 2224 1830 1899 2767 1728 2007 1325 651 1281 
7554 2212 1827 1903 2779 1726 2016 1339 635 1279 
7558 2229 1847 1930 2790 1745 2018 1345 653 1282 
7560 2236 1874 1942 2799 1752 2027 1352 651 1297 
7566 2239 1868 1937 2805 1755 2024 1352 653 1311 
7573 2253 1885 1910 2797 1725 2007 1328 628 1287 
7578 2251 1848 1907 2792 1716 1996 1314 660 1295 
7585 2240 1849 1910 2796 1719 2010 1316 655 1270 
7586 2241 1857 1915 2804 1724 2016 1321 652 1277 
7589 2246 1858 1908 2796 1720 2005 1317 647 1268 
7591 2251 1862 1920 2804 1741 2017 1326 659 1265 
7592 2248 1856 1926 2799 1746 2019 1328 651 1271 
7594 2249 1855 1928 2803 1747 2016 1325 641 1276 
7596 2262 1871 1926 2807 1750 2018 1335 631 1255 
7600 2272 1859 1919 2803 1745 2024 1339 667 1252 
7602 2257 1854 1918 2807 1740 2024 1325 664 1244 
7606 2271 1865 1907 2810 1735 2023 1323 685 1257 
7608 2272 1882 1893 2804 1731 2009 1319 694 1261 
7610 2278 1886 1884 2805 1721 2000 1312 689 1270 
7611 2268 1885 1881 2802 1717 1995 1304 681 1263 
7613 2289 1912 1889 2816 1726 2008 1315 699 1291 
7614 2285 1909 1886 2817 1733 2014 1322 699 1302 
7616 2297 1926 1900 2822 1743 2032 1329 700 1308 
7622 2285 1916 1892 2816 1717 2028 1319 686 1302 
7627 2283 1916 1888 2819 1708 2023 1302 690 1307 
7631 2290 1900 1900 2828 1711 2027 1303 679 1318 
7635 2291 1866 1884 2819 1702 2004 1294 693 1286 
7637 2285 1860 1883 2824 1712 2013 1301 680 1289 
7640 2274 1847 1881 2820 1715 2001 1303 662 1281 
7641 2277 1841 1879 2812 1715 2002 1307 673 1283 
7643 2285 1846 1895 2816 1724 2013 1315 679 1283 
7644 2296 1855 1900 2823 1735 2025 1322 684 1295 
7645 2303 1858 1906 2828 1743 2038 1336 678 1296 
7646 2311 1869 1917 2837 1752 2046 1351 688 1302 
7647 2307 1863 1923 2838 1758 2049 1353 683 1288 
7648 2313 1868 1905 2835 1739 2028 1334 699 1290 
7649 2312 1866 1909 2838 1744 2032 1340 714 1302 
7650 2317 1867 1923 2841 1755 2042 1355 721 1311 
7651 2326 1872 1934 2852 1765 2056 1362 720 1330 
7653 2321 1873 1934 2847 1761 2048 1360 724 1329 
7655 2326 1898 1927 2845 1765 2046 1366 728 1333 
7656 2331 1905 1934 2849 1774 2054 1376 728 1340 
7658 2340 1908 1918 2844 1760 2049 1368 715 1340 
7659 2350 1920 1926 2846 1760 2053 1379 721 1345 
7660 2355 1929 1929 2847 1764 2053 1382 723 1355 
7662 2363 1948 1930 2845 1762 2053 1382 736 1358 
7663 2368 1956 1931 2851 1764 2052 1391 748 1381 
7664 2364 1954 1941 2855 1771 2058 1400 759 1405 
7665 2371 1963 1952 2862 1772 2066 1405 752 1406 
7666 2376 1965 1947 2866 1771 2066 1404 765 1408 
7667 2372 1968 1950 2863 1774 2068 1406 755 1406 
7669 2385 1976 1956 2870 1766 2071 1393 756 1414 
7670 2370 1974 1951 2870 1767 2065 1393 759 1417 
7671 2380 1989 1964 2875 1783 2086 1405 772 1412 
7673 2392 2001 1972 2880 1794 2092 1410 771 1425 
7675 2377 2000 1968 2870 1788 2093 1422 762 1415 
7677 2390 2019 1965 2873 1785 2094 1424 772 1414 
7679 2401 2030 1967 2883 1784 2098 1426 786 1416 
7682 2410 2032 1955 2887 1779 2092 1417 785 1425 
7683 2410 2039 1960 2887 1782 2095 1423 792 1417 
7686 2412 2053 1961 2897 1785 2102 1423 782 1425 
7688 2399 2054 1966 2898 1783 2100 1429 774 1426 
7691 2394 2047 1967 2899 1783 2106 1419 771 1419 
7693 2393 2043 1979 2910 1793 2114 1428 785 1411 
7695 2404 2052 1985 2922 1804 2115 1432 802 1439 
7697 2409 2041 1969 2918 1789 2108 1412 793 1433 
7701 2407 2048 1971 2923 1793 2132 1412 804 1432 
7707 2381 2040 1950 2906 1776 2107 1405 774 1421 
7710 2364 2044 1939 2901 1762 2085 1389 770 1405 
7712 2372 2054 1938 2904 1764 2083 1396 790 1409 
7713 2386 2063 1957 2904 1776 2104 1406 782 1413 
7716 2381 2058 1960 2904 1761 2103 1390 782 1392 
7719 2379 2070 1951 2900 1755 2088 1385 774 1403 
7727 2360 2050 1920 2878 1728 2062 1354 782 1372 
7730 2354 2037 1922 2879 1728 2064 1360 778 1386 
7733 2339 2032 1934 2891 1744 2074 1377 781 1399 
7736 2333 2046 1939 2891 1760 2078 1394 776 1425 
7739 2343 2054 1948 2891 1767 2080 1402 757 1436 
7743 2368 2052 1951 2903 1777 2084 1414 773 1425 
7747 2372 2034 1944 2897 1766 2081 1413 759 1424 
7748 2372 2028 1939 2894 1764 2077 1409 758 1428 
7750 2373 2027 1934 2892 1750 2073 1394 777 1433 
7753 2372 2019 1936 2892 1744 2085 1390 770 1430 
7756 2379 2037 1935 2895 1754 2092 1400 784 1448 
7758 2380 2055 1940 2894 1756 2084 1404 783 1434 
7762 2388 2053 1946 2889 1762 2095 1419 774 1433 
7769 2363 2031 1933 2883 1766 2099 1390 745 1439 
7772 2385 2059 1943 2900 1788 2115 1424 760 1468 
7775 2384 2056 1931 2895 1778 2113 1413 763 1454 
7778 2386 2051 1933 2893 1779 2115 1415 759 1448 
7783 2403 2058 1942 2904 1781 2120 1426 774 1459 
7790 2378 2056 1926 2889 1745 2103 1379 792 1424 
7794 2366 2058 1914 2876 1741 2092 1372 766 1414 
7803 2355 2051 1919 2867 1718 2071 1352 756 1402 
7806 2357 2062 1940 2874 1739 2087 1368 752 1402 
7815 2355 2056 1931 2864 1715 2068 1332 723 1409 
7827 2319 2014 1949 2848 1736 2074 1374 721 1396 
7841 2314 1989 1909 2827 1677 2006 1311 684 1327 
7859 2302 1963 1855 2808 1638 1998 1262 646 1333 
7867 2304 1986 1869 2799 1652 2019 1262 650 1313 
7870 2309 1992 1898 2803 1681 2035 1304 657 1309 
7874 2313 1993 1891 2798 1681 2037 1313 666 1295 
7878 2313 1994 1893 2806 1688 2034 1317 644 1305 
7880 2330 2005 1911 2814 1706 2045 1330 646 1317 
7882 2332 2000 1917 2822 1701 2048 1323 656 1343 
7886 2318 1992 1920 2826 1711 2052 1343 666 1338 
7891 2324 1988 1929 2836 1720 2067 1357 675 1348 
7895 2335 1991 1937 2842 1724 2067 1347 675 1334 
7909 2307 1955 1854 2810 1665 2006 1284 667 1295 
7920 2292 1942 1848 2790 1643 1995 1270 660 1298 
7925 2285 1928 1847 2783 1632 1975 1265 653 1290 
7939 2266 1906 1836 2773 1615 1980 1235 635 1296 
7959 2234 1914 1821 2751 1585 1964 1214 619 1293 
7972 2222 1906 1805 2744 1577 1936 1201 618 1248 
7984 2196 1894 1761 2717 1552 1913 1186 626 1245 
7989 2210 1904 1776 2725 1563 1922 1192 622 1276 
7992 2210 1907 1793 2728 1575 1930 1203 642 1289 
7995 2214 1916 1789 2737 1572 1928 1200 658 1292 
7998 2220 1927 1790 2747 1575 1945 1210 653 1297 
8000 2218 1920 1787 2750 1571 1941 1211 640 1296 
8004 2229 1924 1785 2757 1580 1944 1221 654 1286 
8009 2213 1889 1777 2750 1581 1945 1227 646 1292 
8012 2234 1909 1785 2764 1592 1954 1238 680 1327 
8013 2232 1897 1790 2763 1596 1958 1247 673 1330 
8026 2189 1872 1753 2726 1536 1909 1195 635 1285 
8034 2187 1850 1765 2712 1546 1901 1187 620 1283 
8036 2197 1857 1766 2716 1550 1898 1195 630 1283 
8038 2193 1874 1771 2709 1560 1906 1207 646 1281 
8044 2189 1865 1787 2710 1569 1918 1218 640 1280 
8053 2176 1863 1769 2712 1571 1919 1230 645 1278 
8055 2185 1883 1782 2722 1587 1927 1247 652 1302 
8057 2194 1897 1786 2728 1591 1933 1256 674 1333 
8059 2207 1911 1794 2734 1607 1944 1266 685 1330 
8060 2209 1919 1797 2741 1605 1949 1271 678 1340 
8062 2219 1934 1796 2742 1604 1948 1267 659 1337 
8065 2218 1943 1803 2746 1610 1949 1267 660 1338 
8067 2225 1967 1798 2753 1610 1945 1271 684 1374 
8072 2225 1968 1804 2753 1618 1948 1274 668 1343 
8076 2227 1969 1805 2767 1617 1958 1272 676 1347 
8077 2227 1976 1815 2769 1625 1968 1279 669 1360 
8080 2251 1981 1811 2777 1629 1980 1289 687 1357 
8082 2261 1980 1816 2778 1627 1976 1281 679 1358 
8084 2252 1987 1831 2784 1635 1991 1286 690 1380 
8086 2260 1984 1829 2788 1635 1990 1299 675 1391 
8089 2260 1977 1835 2788 1640 2002 1307 665 1385 
8092 2279 1996 1845 2794 1651 2011 1331 658 1394 
8095 2255 1977 1839 2785 1648 2004 1317 662 1382 
8099 2254 1979 1834 2788 1648 2003 1317 674 1405 
8103 2250 1978 1833 2787 1633 1995 1306 671 1391 
8110 2241 1975 1829 2783 1630 1986 1302 647 1373 
8114 2229 1974 1821 2776 1624 1975 1288 666 1348 
8119 2221 1978 1816 2774 1608 1955 1270 667 1339 
8124 2207 1964 1799 2765 1583 1948 1255 643 1342 
8138 2200 1953 1786 2741 1565 1938 1241 651 1313 
8141 2196 1949 1777 2734 1557 1926 1240 630 1308 
8144 2202 1940 1766 2739 1549 1924 1235 633 1318 
8147 2206 1944 1771 2739 1553 1934 1241 633 1311 
8149 2223 1953 1765 2742 1541 1927 1231 654 1315 
8152 2226 1961 1758 2739 1541 1920 1242 656 1341 
8156 2220 1978 1773 2738 1554 1927 1260 671 1334 
8163 2200 1954 1763 2723 1539 1917 1254 653 1341 
8167 2201 1956 1778 2734 1564 1931 1268 661 1339 
8181 2177 1885 1726 2709 1504 1889 1197 654 1284 
8186 2177 1899 1740 2707 1514 1894 1212 656 1311 
8188 2175 1902 1744 2713 1519 1903 1222 640 1316 
8195 2175 1911 1729 2699 1515 1889 1217 658 1292 
8200 2185 1923 1760 2710 1539 1910 1245 658 1314 
8206 2199 1921 1764 2716 1546 1914 1253 659 1335 
8213 2207 1953 1766 2720 1554 1917 1258 675 1344 
8217 2228 1967 1772 2730 1552 1925 1250 673 1334 
8223 2252 1985 1794 2741 1575 1939 1260 685 1347 
8232 2247 1985 1768 2732 1565 1928 1261 686 1347 
8242 2246 1970 1754 2730 1563 1931 1255 691 1318 
8255 2232 1951 1761 2734 1565 1927 1257 670 1332 
8260 2234 1945 1776 2738 1585 1944 1270 658 1326 
8265 2247 1962 1795 2738 1596 1955 1280 653 1337 
8270 2248 1978 1801 2744 1615 1953 1300 660 1329 
8272 2268 2003 1815 2757 1619 1965 1310 676 1358 
8274 2266 1995 1808 2757 1614 1965 1305 659 1354 
8277 2268 1989 1807 2762 1618 1977 1301 665 1361 
8282 2263 1971 1811 2762 1617 1978 1298 692 1352 
8288 2257 1963 1809 2750 1626 1968 1297 701 1342 
8294 2247 1959 1820 2758 1633 1967 1304 688 1369 
8296 2253 1971 1830 2770 1643 1978 1316 683 1375 
8300 2247 1969 1839 2772 1648 1981 1321 672 1377 
8305 2247 1945 1838 2769 1638 1981 1320 698 1359 
8310 2242 1937 1806 2755 1619 1963 1291 690 1372 
8315 2244 1937 1814 2758 1619 1979 1295 691 1377 
8319 2250 1945 1818 2764 1623 1990 1301 691 1397 
8323 2273 1941 1827 2775 1637 2000 1313 703 1410 
8331 2267 1918 1814 2776 1620 1981 1303 670 1393 
8334 2248 1915 1798 2766 1605 1974 1283 680 1387 
8340 2232 1901 1790 2759 1602 1969 1297 657 1391 
8344 2218 1887 1788 2758 1600 1960 1298 675 1388 
8348 2214 1888 1780 2750 1596 1946 1290 668 1407 
8352 2211 1891 1802 2752 1602 1958 1289 659 1406 
8354 2232 1901 1821 2766 1609 1973 1296 678 1416 
8356 2239 1900 1823 2761 1614 1975 1311 674 1433 
8358 2247 1904 1830 2767 1617 1981 1310 678 1445 
8360 2247 1900 1844 2781 1622 1993 1315 660 1455 
8363 2252 1899 1840 2788 1630 1994 1325 664 1446 
8364 2250 1903 1840 2785 1621 1993 1317 659 1464 
8368 2248 1900 1845 2783 1619 1989 1319 663 1463 
8372 2251 1902 1852 2787 1623 1989 1326 685 1458 
8374 2247 1886 1858 2790 1630 2003 1333 670 1446 
8376 2258 1890 1876 2802 1642 2018 1347 678 1441 
8379 2269 1881 1882 2799 1648 2027 1358 687 1431 
8382 2288 1880 1883 2798 1642 2031 1358 688 1433 
8386 2282 1888 1868 2774 1621 2014 1329 692 1423 
8395 2255 1861 1851 2764 1612 1997 1316 674 1396 
8406 2253 1850 1832 2739 1596 1958 1290 675 1383 
8415 2261 1857 1833 2734 1592 1959 1277 654 1364 
8417 2273 1876 1842 2741 1590 1967 1282 673 1373 
8424 2266 1876 1832 2737 1589 1958 1267 667 1358 
8429 2272 1881 1846 2738 1601 1967 1282 651 1378 
8437 2264 1867 1844 2725 1610 1967 1293 648 1375 
8444 2243 1885 1848 2732 1622 1978 1306 640 1387 
8446 2249 1886 1851 2729 1629 1984 1317 635 1374 
8450 2246 1881 1844 2727 1621 1980 1310 624 1372 
8455 2242 1895 1861 2729 1612 1984 1298 632 1373 
8457 2252 1891 1872 2731 1608 1990 1298 617 1392 
8462 2254 1874 1845 2722 1579 1963 1270 615 1361 
8464 2249 1876 1838 2718 1586 1960 1278 632 1350 
8469 2242 1864 1824 2707 1571 1955 1255 613 1369 
8474 2226 1837 1812 2692 1573 1945 1252 621 1382 
8481 2222 1860 1808 2678 1561 1938 1252 613 1364 
8489 2208 1839 1806 2664 1539 1931 1245 605 1326 
8495 2214 1861 1810 2669 1540 1927 1242 620 1356 
8498 2205 1860 1812 2666 1546 1928 1244 628 1345 
8505 2197 1868 1820 2656 1547 1922 1228 627 1327 
8511 2199 1889 1805 2655 1551 1936 1232 648 1358 
8514 2207 1902 1816 2669 1564 1947 1257 632 1372 
8521 2197 1900 1803 2669 1552 1924 1231 607 1327 
8525 2202 1903 1815 2674 1567 1924 1247 611 1352 
8527 2199 1909 1826 2677 1573 1935 1247 603 1350 
8529 2219 1927 1832 2702 1585 1950 1256 619 1369 
8531 2218 1933 1825 2697 1586 1943 1252 628 1368 
8538 2215 1906 1810 2692 1570 1939 1241 643 1344 
8542 2191 1910 1784 2675 1555 1916 1231 637 1335 
8547 2172 1907 1790 2680 1555 1910 1232 646 1342 
8553 2171 1904 1790 2672 1553 1907 1227 654 1359 
8555 2175 1901 1813 2678 1565 1924 1238 632 1375 
8559 2191 1907 1814 2681 1570 1930 1237 644 1391 
8564 2182 1891 1809 2672 1563 1924 1232 614 1368 
8574 2145 1778 1761 2627 1509 1868 1179 588 1372 
8580 2170 1757 1752 2631 1524 1862 1184 605 1355 
8587 2177 1741 1709 2621 1494 1857 1161 620 1359 
8591 2192 1741 1704 2617 1493 1847 1162 639 1374 
8596 2200 1728 1731 2629 1514 1860 1184 663 1397 
8599 2209 1739 1751 2639 1539 1879 1206 668 1412 
8603 2204 1742 1750 2638 1542 1869 1209 662 1409 
8606 2207 1749 1768 2647 1550 1887 1208 636 1402 
8611 2204 1760 1779 2659 1566 1890 1221 617 1401 
8614 2208 1754 1763 2647 1551 1877 1204 620 1401 
8619 2232 1784 1765 2655 1547 1887 1209 657 1419 
8621 2237 1787 1765 2656 1549 1889 1221 658 1419 
8623 2245 1791 1791 2668 1567 1900 1239 660 1430 
8626 2260 1811 1810 2679 1588 1925 1259 690 1459 
8628 2268 1806 1823 2685 1599 1938 1270 674 1449 
8631 2247 1782 1822 2681 1605 1932 1281 653 1437 
8633 2258 1784 1832 2689 1604 1942 1281 650 1440 
8637 2262 1768 1834 2704 1610 1947 1292 676 1444 
8641 2272 1795 1860 2717 1638 1967 1317 681 1463 
8643 2279 1808 1860 2723 1647 1976 1327 685 1466 
8646 2292 1800 1861 2724 1650 1968 1324 662 1467 
8649 2306 1797 1886 2737 1667 1981 1334 664 1478 
8651 2317 1800 1884 2743 1668 1979 1326 675 1488 
8654 2311 1793 1882 2737 1674 1976 1335 672 1452 
8657 2312 1776 1895 2737 1680 1994 1345 674 1450 
8663 2298 1740 1870 2727 1667 1972 1317 656 1444 
8668 2293 1715 1867 2725 1660 1970 1312 656 1452 
8674 2293 1691 1856 2704 1650 1951 1297 668 1429 
8676 2277 1678 1851 2703 1648 1949 1296 650 1444 
8679 2267 1666 1861 2708 1652 1956 1299 661 1448 
8684 2258 1652 1858 2705 1640 1954 1292 680 1428 
8691 2243 1633 1843 2694 1627 1943 1270 643 1427 
8694 2233 1629 1870 2713 1659 1970 1302 654 1462 
8698 2247 1621 1855 2694 1641 1941 1288 664 1461 
8701 2227 1620 1868 2693 1660 1952 1305 657 1472 
8702 2225 1619 1862 2691 1660 1954 1297 669 1476 
8705 2215 1615 1877 2683 1671 1961 1308 652 1483 
8707 2218 1625 1871 2679 1670 1952 1314 661 1485 
8709 2197 1638 1854 2674 1660 1945 1301 651 1488 
8713 2198 1627 1840 2673 1649 1937 1289 646 1480 
8714 2210 1635 1843 2668 1653 1941 1298 648 1485 
8715 2205 1641 1849 2675 1656 1952 1300 626 1500 
8723 2188 1629 1802 2664 1636 1919 1277 637 1468 
8727 2202 1674 1815 2682 1649 1937 1278 643 1477 
8729 2214 1685 1814 2681 1652 1938 1277 642 1493 
8733 2205 1679 1805 2666 1650 1927 1259 628 1472 
8736 2215 1702 1813 2681 1664 1931 1285 642 1494 
8738 2221 1716 1825 2680 1663 1939 1288 642 1493 
8741 2229 1740 1851 2694 1677 1960 1310 647 1496 
8748 2218 1755 1848 2686 1672 1951 1310 623 1472 
8760 2218 1789 1870 2695 1676 1977 1312 626 1474 
8770 2193 1835 1898 2711 1683 1992 1303 645 1492 
8779 2184 1823 1876 2699 1666 1978 1276 637 1477 
8788 2165 1829 1849 2705 1658 1970 1283 658 1446 
8793 2173 1849 1855 2698 1663 1963 1291 651 1448 
8803 2126 1793 1825 2688 1604 1923 1247 614 1433 
8812 2100 1772 1826 2681 1614 1922 1267 619 1422 
8820 2107 1748 1825 2671 1613 1912 1261 627 1401 
8824 2135 1756 1836 2685 1646 1931 1296 639 1428 
8831 2146 1743 1835 2678 1628 1918 1265 601 1401 
8839 2120 1730 1819 2672 1617 1913 1252 589 1391 
8852 2113 1705 1774 2657 1613 1913 1249 601 1388 
8855 2125 1698 1773 2661 1621 1913 1248 610 1393 
8860 2107 1713 1778 2653 1619 1924 1255 599 1385 
8862 2117 1718 1787 2666 1630 1931 1271 601 1394 
8865 2120 1723 1786 2667 1637 1947 1284 588 1394 
8870 2140 1718 1800 2671 1635 1974 1290 582 1400 
8876 2138 1705 1803 2673 1643 1981 1298 597 1413 
8881 2137 1722 1787 2662 1625 1967 1286 584 1399 
8886 2123 1725 1799 2651 1631 1974 1283 553 1414 
8890 2124 1710 1810 2654 1646 1986 1293 594 1423 
8897 2132 1734 1817 2658 1662 1965 1299 582 1427 
8906 2103 1726 1826 2653 1663 1966 1307 563 1399 
8907 2093 1722 1834 2656 1667 1970 1313 567 1402 
8914 2112 1729 1815 2653 1662 1961 1304 543 1412 
8918 2089 1730 1808 2636 1651 1968 1292 564 1425 
8921 2072 1736 1820 2648 1669 1992 1305 571 1445 
8922 2076 1758 1835 2659 1685 2009 1324 572 1455 
8923 2080 1765 1849 2659 1687 2020 1326 569 1445 
8925 2088 1771 1865 2674 1703 2036 1351 595 1452 
8927 2083 1765 1872 2675 1703 2039 1352 600 1452 
8929 2094 1767 1889 2682 1712 2039 1364 582 1463 
8932 2107 1797 1903 2685 1722 2052 1380 585 1470 
8933 2099 1799 1908 2688 1729 2060 1390 570 1477 
8940 2075 1738 1877 2680 1722 2051 1372 575 1490 
8943 2041 1742 1883 2679 1723 2050 1378 558 1491 
8948 2008 1733 1858 2672 1709 2049 1363 572 1486 
8949 2014 1739 1859 2681 1722 2060 1377 580 1491 
8951 2024 1732 1853 2672 1718 2049 1377 578 1481 
8954 2045 1729 1848 2668 1707 2047 1369 589 1473 
8958 2057 1742 1852 2672 1710 2051 1364 566 1488 
8963 2080 1759 1850 2654 1673 2023 1324 569 1480 
8973 2119 1767 1856 2659 1698 2034 1354 548 1470 
8976 2123 1772 1858 2673 1700 2036 1365 573 1474 
8978 2120 1773 1857 2672 1697 2034 1365 562 1471 
8981 2107 1782 1866 2678 1707 2045 1376 573 1458 
8983 2108 1779 1875 2680 1714 2050 1378 583 1465 
8984 2114 1773 1868 2677 1713 2049 1377 575 1456 
8985 2119 1772 1877 2679 1719 2059 1379 572 1455 
8988 2113 1754 1841 2654 1688 2041 1347 536 1443 
8992 2104 1750 1835 2643 1675 2035 1336 535 1436 
8996 2103 1729 1828 2628 1662 2026 1321 532 1428 
9005 2066 1692 1803 2597 1624 2012 1291 526 1396 
9008 2060 1659 1795 2594 1610 2002 1280 512 1402 
9022 2038 1632 1795 2583 1616 1993 1284 484 1393 
9026 2062 1652 1818 2595 1635 2005 1303 491 1412 
9030 2102 1668 1839 2615 1648 2019 1328 510 1435 
9037 2123 1646 1823 2615 1651 2022 1306 503 1433 
9047 2133 1657 1848 2638 1667 2037 1295 499 1433 
9053 2131 1628 1836 2632 1658 2020 1285 486 1423 
9060 2141 1612 1827 2617 1642 1998 1286 463 1394 
9062 2153 1627 1841 2630 1660 2012 1307 473 1411 
9067 2144 1621 1837 2621 1651 2006 1304 468 1409 
9074 2150 1616 1846 2628 1660 2020 1291 455 1409 
9078 2155 1620 1862 2631 1659 2021 1286 478 1413 
9093 2115 1600 1814 2599 1636 1982 1265 455 1395 
9101 2118 1630 1806 2602 1652 1996 1280 484 1389 
9104 2121 1638 1816 2602 1658 1999 1294 488 1408 
9112 2135 1665 1827 2600 1674 2001 1310 489 1413 
9119 2119 1677 1820 2583 1659 1995 1300 462 1387 
9124 2107 1687 1795 2556 1637 1969 1268 456 1379 
9129 2131 1719 1806 2567 1627 1964 1262 456 1403 
9135 2127 1731 1802 2560 1636 1965 1260 466 1413 
9138 2127 1741 1796 2566 1637 1962 1267 482 1397 
9145 2144 1756 1783 2556 1617 1963 1238 456 1436 
9147 2149 1771 1779 2559 1608 1965 1223 439 1446 
9150 2156 1768 1795 2571 1628 1983 1250 447 1446 
9151 2157 1774 1799 2574 1635 1993 1254 445 1454 
9155 2158 1786 1798 2579 1647 1998 1264 467 1450 
9156 2171 1787 1807 2583 1659 2006 1271 458 1457 
9157 2175 1794 1822 2591 1671 2019 1286 473 1468 
9158 2163 1802 1815 2591 1671 2015 1287 470 1469 
9159 2166 1810 1819 2595 1683 2017 1294 478 1485 
9161 2182 1836 1844 2607 1703 2030 1321 467 1503 
9163 2173 1834 1833 2596 1689 2024 1298 439 1488 
9165 2188 1852 1846 2615 1714 2044 1324 459 1496 
9168 2206 1851 1853 2624 1731 2049 1345 469 1478 
9170 2216 1845 1850 2623 1723 2041 1337 481 1488 
9173 2203 1821 1831 2602 1709 2024 1316 440 1484 
9176 2193 1825 1824 2602 1705 2026 1321 436 1485 
9181 2196 1802 1824 2600 1709 2031 1333 432 1486 
9185 2202 1812 1855 2615 1728 2051 1344 453 1484 
9193 2178 1781 1845 2596 1701 2037 1329 441 1461 
9202 2169 1724 1844 2585 1674 2003 1298 418 1442 
9215 2164 1716 1840 2576 1664 2009 1294 418 1439 
9219 2165 1712 1827 2569 1661 1997 1280 439 1453 
9227 2177 1734 1826 2557 1640 2008 1260 445 1443 
9231 2168 1754 1831 2561 1645 2005 1270 428 1454 
9235 2184 1750 1835 2562 1659 2018 1269 417 1467 
9240 2206 1738 1839 2553 1647 2026 1255 412 1495 
9244 2192 1724 1819 2543 1636 2012 1242 409 1494 
9251 2165 1732 1822 2541 1634 2010 1238 405 1473 
9258 2168 1717 1814 2521 1624 1995 1228 416 1480 
9261 2163 1730 1826 2529 1629 1999 1246 413 1486 
9270 2131 1727 1822 2513 1619 1986 1233 386 1465 
9274 2137 1734 1826 2518 1615 1980 1223 385 1457 
9276 2154 1765 1846 2533 1624 1992 1237 389 1481 
9279 2170 1767 1856 2540 1637 2007 1250 393 1484 
9282 2175 1788 1865 2538 1648 2023 1260 397 1500 
9284 2178 1799 1868 2535 1663 2032 1270 426 1503 
9289 2179 1789 1850 2519 1650 2023 1255 391 1502 
9292 2175 1778 1862 2522 1669 2030 1272 404 1503 
9295 2176 1783 1856 2521 1661 2028 1259 396 1495 
9298 2148 1765 1838 2502 1640 2011 1238 378 1468 
9300 2152 1754 1845 2504 1643 2024 1240 370 1490 
9303 2139 1762 1846 2500 1632 2001 1223 352 1489 
9306 2156 1770 1859 2510 1650 2009 1251 388 1515 
9311 2160 1772 1863 2511 1658 2028 1265 407 1497 
9316 2171 1763 1872 2515 1665 2027 1272 403 1505 
9320 2188 1782 1878 2519 1674 2037 1278 417 1504 
9322 2206 1795 1902 2543 1707 2064 1314 425 1532 
9324 2218 1802 1913 2551 1724 2079 1325 449 1538 
9327 2223 1809 1907 2531 1713 2081 1332 443 1531 
9334 2206 1790 1907 2528 1718 2076 1332 431 1527 
9337 2210 1805 1919 2540 1730 2082 1346 453 1532 
9347 2199 1819 1921 2532 1726 2076 1345 439 1495 
9361 2183 1796 1861 2513 1684 2047 1282 428 1442 
9374 2203 1756 1813 2500 1675 2046 1283 441 1452 
9391 2172 1761 1774 2467 1631 2012 1272 417 1424 
9395 2185 1790 1799 2485 1663 2035 1306 447 1442 
9398 2195 1808 1826 2502 1680 2056 1322 444 1437 
9408 2189 1826 1852 2504 1669 2059 1310 437 1408 
9419 2199 1823 1858 2490 1660 2030 1291 410 1417 
9423 2209 1813 1860 2496 1666 2037 1301 433 1424 
9427 2211 1814 1867 2500 1679 2033 1319 424 1424 
9442 2145 1783 1839 2476 1663 1993 1300 416 1382 
9457 2115 1773 1836 2469 1654 1990 1304 413 1383 
9467 2107 1763 1837 2467 1641 1974 1263 399 1375 
9470 2109 1746 1829 2464 1644 1971 1269 376 1391 
9472 2125 1754 1818 2463 1638 1966 1264 390 1402 
9474 2137 1761 1832 2480 1659 1977 1283 397 1423 
9476 2151 1772 1847 2488 1671 1986 1301 403 1429 
9478 2162 1775 1860 2497 1686 1996 1320 402 1416 
9479 2171 1770 1864 2493 1686 1992 1321 406 1422 
9481 2177 1766 1878 2501 1687 2002 1320 418 1426 
9483 2185 1782 1872 2511 1698 2014 1336 422 1446 
9484 2184 1783 1876 2517 1711 2020 1346 420 1460 
9486 2176 1782 1885 2523 1730 2040 1370 420 1460 
9488 2175 1784 1891 2527 1742 2043 1383 439 1455 
9491 2171 1783 1892 2525 1736 2033 1383 431 1470 
9493 2177 1796 1903 2542 1756 2049 1405 438 1481 
9495 2193 1833 1933 2570 1791 2076 1437 447 1494 
9498 2201 1837 1931 2569 1792 2080 1432 444 1480 
9500 2195 1849 1949 2582 1813 2094 1451 464 1468 
9505 2198 1868 1949 2576 1816 2095 1449 437 1481 
9508 2214 1876 1958 2585 1821 2095 1454 451 1485 
9513 2203 1882 1937 2579 1805 2098 1441 430 1468 
9516 2206 1902 1947 2584 1812 2103 1454 443 1485 
9521 2206 1873 1943 2575 1791 2088 1430 440 1462 
9525 2186 1883 1940 2554 1789 2083 1433 428 1443 
9527 2202 1902 1961 2564 1803 2089 1448 429 1462 
9531 2207 1903 1962 2563 1782 2084 1421 438 1480 
9533 2215 1925 1969 2564 1793 2088 1432 441 1484 
9542 2183 1919 1937 2528 1761 2079 1407 404 1455 
9546 2179 1905 1944 2523 1765 2078 1413 404 1456 
9552 2171 1884 1925 2519 1753 2079 1391 435 1438 
9565 2158 1850 1881 2485 1722 2011 1356 391 1392 
9579 2141 1837 1866 2457 1684 1973 1328 384 1383 
9586 2160 1830 1878 2481 1713 2002 1349 408 1396 
9602 2133 1831 1834 2445 1662 1962 1310 370 1364 
9612 2111 1809 1853 2447 1672 1962 1312 381 1369 
9616 2118 1819 1845 2437 1673 1955 1313 366 1391 
9618 2127 1823 1856 2448 1680 1963 1319 383 1405 
9642 2061 1757 1791 2391 1610 1869 1256 336 1363 
9657 2037 1749 1750 2370 1578 1848 1216 316 1346 
9671 2033 1767 1724 2342 1523 1824 1173 327 1354 
9677 2059 1766 1727 2347 1532 1826 1185 336 1380 
9681 2068 1786 1756 2360 1551 1851 1208 341 1399 
9686 2057 1795 1750 2360 1546 1849 1198 321 1401 
9690 2056 1801 1782 2381 1575 1871 1224 336 1394 
9695 2064 1804 1796 2378 1576 1872 1230 332 1393 
9699 2064 1810 1791 2366 1567 1864 1220 350 1395 
9706 2069 1829 1788 2371 1573 1884 1219 342 1397 
9713 2067 1826 1800 2382 1589 1893 1235 360 1379 
9717 2060 1830 1789 2377 1583 1874 1231 354 1380 
9728 2042 1799 1766 2361 1561 1853 1204 331 1359 
9738 2049 1752 1762 2351 1545 1849 1185 317 1376 
9748 2030 1733 1775 2352 1556 1849 1181 312 1358 
9752 2031 1745 1791 2364 1573 1864 1196 324 1376 
9758 2033 1756 1806 2365 1580 1877 1194 318 1369 
9762 2043 1783 1814 2374 1587 1887 1203 327 1392 
9769 2039 1780 1818 2384 1589 1882 1206 315 1401 
9773 2035 1789 1815 2385 1589 1885 1199 315 1406 
9781 2026 1810 1815 2385 1582 1897 1170 322 1402 
9794 2009 1765 1763 2369 1552 1880 1146 327 1400 
9803 2031 1772 1769 2385 1579 1893 1159 336 1420 
9812 2021 1776 1777 2373 1583 1887 1166 329 1407 
9823 2022 1770 1759 2353 1553 1882 1133 331 1403 
9843 2023 1771 1777 2353 1551 1867 1110 307 1366 
9861 2005 1753 1771 2347 1553 1860 1111 324 1356 
9869 2017 1771 1750 2335 1535 1842 1099 306 1353 
9882 2002 1753 1738 2326 1512 1839 1072 316 1318 
9900 1975 1736 1720 2292 1489 1830 1043 309 1315 
9917 1943 1734 1690 2291 1465 1800 1037 287 1295 
9923 1948 1754 1707 2300 1484 1820 1053 293 1317 
9929 1947 1756 1730 2310 1506 1837 1067 299 1314 
9933 1972 1756 1735 2315 1511 1845 1079 315 1334 
9943 1978 1783 1759 2312 1528 1858 1107 302 1336 
9950 1967 1786 1758 2321 1534 1858 1099 300 1324 
9958 1968 1778 1766 2326 1533 1865 1102 306 1325 
9967 1969 1779 1762 2317 1535 1870 1111 311 1337 
9972 1962 1775 1737 2317 1518 1857 1093 299 1349 
9975 1971 1767 1736 2316 1524 1864 1095 317 1345 
9977 1978 1777 1742 2322 1522 1861 1104 320 1360 
9980 1988 1799 1761 2335 1550 1876 1134 322 1379 
9985 1966 1808 1738 2323 1536 1855 1111 304 1380 
9987 1969 1819 1744 2332 1544 1866 1119 302 1392 
9990 1960 1839 1751 2341 1547 1875 1126 321 1404 
9992 1962 1848 1758 2352 1564 1883 1137 314 1420 
9997 1972 1841 1777 2360 1573 1891 1148 311 1424 
10002 1945 1846 1777 2362 1565 1881 1135 317 1419 
10004 1961 1851 1783 2368 1577 1888 1142 345 1425 
10006 1969 1856 1781 2363 1574 1880 1143 350 1447 
10008 1974 1868 1776 2365 1575 1886 1133 327 1449 
10010 1975 1877 1773 2367 1585 1880 1133 331 1453 
10012 1984 1891 1787 2375 1595 1890 1141 331 1462 
10013 1986 1897 1789 2375 1598 1895 1144 349 1472 
10014 1993 1901 1801 2381 1611 1905 1156 352 1477 
10016 1999 1921 1807 2390 1626 1918 1168 354 1491 
10017 2004 1927 1804 2395 1627 1922 1172 347 1498 
10018 1996 1934 1808 2397 1631 1926 1170 340 1500 
10019 2003 1940 1808 2398 1633 1930 1178 335 1512 
10021 2011 1942 1815 2400 1639 1939 1182 338 1514 
10022 2013 1945 1812 2399 1641 1934 1180 357 1512 
10023 2017 1953 1815 2397 1637 1939 1171 344 1512 
10025 2021 1971 1827 2404 1648 1947 1178 344 1508 
10027 2018 1962 1809 2384 1622 1924 1150 337 1508 
10029 2014 1973 1808 2387 1616 1921 1140 354 1511 
10034 2014 1965 1804 2381 1608 1914 1138 350 1502 
10037 2010 1964 1821 2383 1619 1917 1150 365 1495 
10039 2008 1988 1821 2385 1611 1917 1143 368 1501 
10041 2005 1994 1819 2397 1622 1910 1140 378 1504 
10048 1976 1957 1783 2385 1607 1910 1119 352 1476 
10054 1985 1954 1774 2378 1603 1901 1109 364 1479 
10059 1984 1957 1761 2383 1603 1901 1096 359 1496 
10061 1984 1958 1756 2373 1599 1904 1101 338 1498 
10064 1977 1953 1764 2378 1602 1909 1107 340 1504 
10067 1978 1941 1763 2378 1596 1909 1106 323 1507 
10070 1984 1949 1775 2380 1596 1907 1097 333 1510 
10074 1984 1958 1778 2382 1582 1916 1089 349 1498 
10079 1998 1959 1793 2391 1605 1936 1112 338 1509 
10084 1996 1959 1791 2390 1605 1936 1119 341 1532 
10088 1987 1952 1782 2382 1603 1923 1094 328 1515 
10090 1983 1974 1786 2385 1606 1937 1087 346 1517 
10093 1974 1967 1791 2381 1608 1940 1080 344 1517 
10096 1962 1969 1795 2378 1614 1941 1082 338 1516 
10097 1967 1974 1793 2380 1616 1942 1081 343 1517 
10099 1967 1981 1792 2381 1615 1946 1080 325 1520 
10103 1969 1987 1807 2391 1633 1959 1097 327 1515 
10105 1959 1989 1805 2383 1624 1961 1082 320 1515 
10108 1941 1979 1815 2381 1625 1962 1086 319 1512 
10112 1952 1980 1813 2379 1618 1951 1081 335 1505 
10117 1941 1959 1792 2361 1609 1928 1067 310 1503 
10121 1955 1968 1785 2346 1595 1921 1051 306 1508 
10127 1944 1952 1783 2348 1586 1913 1042 313 1506 
10133 1950 1935 1775 2344 1591 1912 1037 292 1504 
10141 1946 1911 1756 2337 1579 1895 1033 282 1472 
10145 1953 1902 1766 2347 1590 1912 1028 300 1480 
10146 1964 1912 1777 2355 1598 1921 1035 305 1494 
10148 1963 1914 1785 2354 1602 1924 1040 310 1480 
10149 1963 1909 1785 2358 1608 1930 1045 313 1473 
10154 1963 1903 1759 2341 1596 1926 1032 305 1482 
10157 1961 1900 1780 2353 1610 1933 1049 315 1488 
10158 1957 1898 1788 2358 1621 1942 1056 318 1493 
10161 1945 1890 1767 2359 1613 1935 1041 313 1491 
10163 1961 1889 1773 2360 1619 1939 1044 310 1499 
10164 1982 1883 1779 2364 1623 1946 1047 311 1507 
10165 1981 1894 1780 2364 1618 1948 1045 317 1504 
10166 1977 1897 1789 2371 1627 1959 1046 312 1496 
10168 1973 1914 1793 2372 1628 1963 1046 317 1500 
10170 1978 1921 1790 2372 1634 1957 1052 329 1498 
10177 1986 1943 1800 2370 1641 1950 1073 332 1510 
10183 1972 1927 1798 2359 1627 1943 1058 293 1507 
10187 1963 1916 1803 2362 1631 1952 1063 292 1501 
10193 1974 1928 1792 2356 1627 1949 1054 289 1491 
10197 1997 1952 1788 2357 1617 1946 1045 301 1515 
10208 1970 1920 1793 2354 1624 1947 1027 313 1491 
10215 1957 1924 1770 2344 1618 1921 1027 307 1486 
10225 1949 1921 1769 2334 1603 1914 1008 287 1461 
10230 1965 1920 1784 2343 1609 1929 1030 309 1466 
10243 1960 1928 1779 2331 1585 1909 1001 306 1453 
10249 1960 1920 1781 2335 1588 1915 1002 302 1467 
10263 1951 1901 1744 2315 1548 1881 972 290 1409 
10270 1957 1906 1759 2317 1570 1892 991 276 1434 
10287 1924 1932 1737 2307 1534 1890 936 257 1421 
10295 1948 1916 1748 2316 1540 1900 964 272 1442 
10306 1951 1908 1743 2299 1542 1901 952 266 1431 
10321 1967 1883 1750 2314 1541 1899 956 271 1450 
10329 1960 1847 1754 2313 1529 1908 939 272 1451 
10341 1952 1860 1740 2289 1525 1886 935 258 1406 
10363 1920 1870 1704 2258 1480 1852 889 246 1393 
10376 1913 1897 1713 2252 1483 1858 905 276 1361 
10380 1928 1908 1712 2259 1492 1860 914 291 1382 
10385 1925 1913 1712 2269 1491 1860 920 265 1377 
10388 1937 1920 1712 2261 1484 1857 924 279 1399 
10400 1919 1923 1691 2250 1465 1830 887 259 1366 
10411 1891 1909 1673 2226 1442 1818 873 259 1340 
10415 1902 1910 1674 2227 1432 1819 867 276 1340 
10431 1897 1907 1661 2207 1419 1813 860 255 1326 
10441 1900 1927 1671 2208 1435 1822 876 251 1341 
10443 1907 1924 1679 2221 1441 1826 888 248 1340 
10447 1911 1938 1687 2233 1455 1836 907 264 1338 
10451 1908 1943 1679 2234 1458 1834 896 254 1346 
10454 1897 1926 1678 2228 1459 1830 899 262 1333 
10464 1883 1881 1643 2203 1430 1802 867 242 1333 
10470 1897 1853 1627 2202 1423 1783 857 224 1334 
10472 1918 1858 1631 2216 1439 1800 874 247 1345 
10474 1927 1868 1641 2219 1448 1806 881 256 1355 
10478 1936 1889 1651 2227 1446 1821 889 270 1362 
10488 1936 1906 1680 2234 1446 1833 892 288 1350 
10498 1926 1906 1670 2224 1434 1834 878 270 1356 
10500 1933 1909 1681 2235 1448 1842 897 262 1367 
10503 1932 1911 1676 2233 1445 1839 896 253 1361 
10504 1929 1912 1682 2242 1446 1837 896 265 1361 
10505 1934 1916 1686 2240 1448 1837 894 264 1364 
10506 1928 1918 1694 2240 1460 1842 906 270 1370 
10511 1933 1907 1683 2241 1451 1839 895 276 1388 
10514 1937 1905 1679 2234 1450 1832 898 278 1373 
10516 1932 1911 1683 2242 1458 1833 902 276 1364 
10520 1930 1910 1680 2243 1456 1838 902 284 1372 
10522 1929 1903 1689 2244 1463 1847 907 290 1374 
10524 1935 1888 1691 2249 1472 1851 913 275 1376 
10526 1935 1889 1700 2257 1477 1858 914 276 1360 
10528 1951 1878 1692 2257 1466 1850 901 266 1364 
10531 1945 1866 1683 2246 1454 1834 885 259 1349 
10533 1944 1871 1690 2251 1460 1841 879 252 1361 
10536 1946 1871 1684 2237 1453 1822 869 262 1359 
10537 1940 1854 1688 2234 1453 1821 862 254 1355 
10540 1948 1832 1692 2240 1453 1825 870 267 1370 
10541 1944 1828 1697 2241 1459 1830 878 270 1373 
10544 1961 1823 1702 2250 1467 1838 887 251 1393 
10548 1948 1808 1673 2237 1440 1809 854 242 1391 
10553 1952 1825 1675 2236 1436 1805 859 265 1381 
10555 1964 1842 1687 2246 1454 1818 885 252 1399 
10557 1963 1846 1686 2241 1449 1808 887 271 1395 
10560 1969 1854 1689 2248 1456 1810 897 277 1400 
10563 1978 1870 1713 2256 1475 1829 904 286 1423 
10565 1983 1883 1720 2262 1480 1837 912 283 1428 
10567 1984 1903 1735 2274 1498 1847 926 305 1427 
10572 1984 1909 1760 2282 1507 1858 933 292 1439 
10576 2000 1927 1776 2295 1524 1870 950 314 1436 
10581 2004 1904 1771 2288 1514 1880 951 320 1444 
10585 2009 1926 1776 2294 1522 1889 961 312 1469 
10588 2003 1936 1783 2298 1535 1900 978 316 1458 
10594 2003 1946 1775 2294 1533 1899 976 304 1478 
10604 1993 1915 1766 2285 1512 1886 942 284 1446 
10635 1947 1847 1697 2258 1485 1853 917 287 1396 
10652 1945 1814 1650 2239 1470 1847 893 282 1373 
10661 1947 1800 1653 2245 1480 1852 888 272 1388 
10671 1925 1807 1640 2246 1487 1855 887 303 1385 
10676 1949 1822 1657 2256 1492 1864 892 288 1382 
10681 1956 1834 1656 2249 1489 1874 891 278 1399 
10686 1981 1854 1680 2252 1513 1882 921 308 1399 
10700 1959 1825 1645 2242 1482 1852 871 291 1394 
10705 1976 1821 1663 2253 1498 1868 891 298 1404 
10718 1983 1806 1659 2248 1489 1847 884 294 1414 
10722 1991 1803 1666 2251 1483 1843 888 318 1406 
10728 1979 1804 1664 2252 1486 1844 886 301 1415 
10741 1960 1782 1655 2240 1462 1826 854 284 1389 
10748 1956 1757 1666 2236 1473 1837 871 304 1401 
10760 1951 1750 1658 2230 1475 1835 860 301 1421 
10766 1956 1758 1660 2236 1482 1831 875 298 1421 
10771 1954 1761 1672 2239 1489 1826 871 307 1416 
10781 1952 1763 1686 2236 1510 1845 884 302 1410 
10789 1945 1750 1672 2229 1493 1836 870 279 1413 
10793 1946 1721 1691 2239 1512 1849 887 284 1402 
10819 1869 1620 1676 2213 1489 1818 854 261 1373 
10838 1863 1677 1668 2213 1488 1819 850 251 1372 
10843 1866 1666 1666 2224 1481 1821 848 244 1388 
10851 1867 1673 1660 2226 1480 1822 844 280 1391 
10861 1855 1651 1665 2239 1488 1829 855 271 1392 
10866 1849 1649 1675 2238 1486 1832 862 280 1388 
10872 1858 1649 1666 2240 1486 1832 873 274 1382 
10875 1872 1664 1675 2246 1495 1842 876 271 1405 
10878 1870 1649 1677 2237 1488 1845 872 275 1390 
10880 1882 1647 1685 2246 1498 1861 883 277 1402 
10882 1878 1638 1695 2256 1511 1868 881 260 1402 
10884 1888 1629 1692 2257 1510 1867 889 270 1416 
10888 1881 1646 1676 2252 1500 1849 886 282 1425 
10896 1841 1629 1649 2240 1475 1834 858 275 1394 
10901 1863 1653 1665 2247 1491 1835 878 289 1410 
10903 1861 1669 1662 2245 1481 1831 881 291 1413 
10907 1865 1679 1664 2246 1485 1822 886 314 1416 
10912 1853 1672 1670 2252 1496 1833 889 304 1400 
10915 1853 1674 1662 2248 1489 1820 873 293 1411 
10920 1846 1689 1675 2258 1486 1824 864 279 1454 
10926 1850 1704 1667 2257 1486 1825 870 273 1445 
10932 1845 1711 1663 2258 1498 1832 887 296 1451 
10937 1834 1740 1635 2247 1472 1816 875 302 1430 
10939 1834 1742 1646 2257 1489 1827 873 299 1426 
10944 1807 1731 1639 2241 1476 1815 858 285 1431 
10948 1796 1739 1643 2228 1475 1819 852 270 1418 
10953 1801 1751 1662 2231 1486 1834 871 290 1410 
10956 1814 1758 1681 2244 1498 1848 870 295 1424 
10960 1807 1760 1673 2247 1501 1847 867 292 1426 
10965 1795 1772 1671 2247 1501 1854 856 296 1429 
10972 1779 1763 1673 2240 1507 1864 857 296 1430 
10979 1785 1758 1655 2232 1489 1860 838 308 1428 
10983 1772 1754 1634 2219 1473 1850 819 293 1423 
11002 1759 1731 1613 2204 1455 1821 778 255 1411 
11008 1764 1702 1601 2187 1447 1806 768 240 1426 
11017 1760 1719 1586 2191 1443 1815 769 252 1407 
11022 1762 1714 1568 2184 1444 1812 769 286 1419 
11038 1756 1673 1530 2144 1375 1761 701 248 1389 
11047 1757 1679 1528 2141 1374 1757 691 263 1355 
11053 1781 1716 1542 2148 1389 1787 706 276 1390 
11056 1785 1738 1552 2149 1398 1795 711 271 1380 
11066 1786 1729 1541 2138 1394 1778 699 249 1387 
11072 1784 1752 1545 2150 1411 1797 722 259 1404 
11076 1785 1755 1551 2154 1416 1800 739 252 1420 
11080 1787 1752 1557 2156 1426 1795 742 254 1425 
11083 1802 1759 1551 2149 1423 1789 750 249 1429 
11087 1804 1767 1563 2156 1430 1797 736 252 1425 
11088 1808 1771 1571 2160 1437 1802 735 248 1431 
11091 1830 1785 1589 2176 1452 1820 745 258 1441 
11092 1830 1792 1587 2175 1453 1820 754 269 1442 
11095 1829 1797 1587 2186 1457 1833 769 248 1445 
11096 1835 1799 1598 2191 1465 1840 780 250 1448 
11097 1840 1799 1605 2198 1474 1848 782 266 1439 
11101 1846 1798 1593 2195 1460 1845 782 251 1449 
11103 1855 1809 1607 2206 1471 1851 785 251 1456 
11104 1868 1819 1621 2208 1480 1860 795 254 1465 
11106 1884 1826 1630 2214 1486 1860 803 254 1473 
11109 1889 1825 1644 2226 1489 1866 812 273 1485 
11112 1873 1823 1638 2227 1480 1859 797 269 1473 
11116 1864 1829 1643 2235 1478 1856 785 242 1466 
11118 1869 1836 1640 2230 1483 1853 785 237 1462 
11122 1865 1827 1625 2227 1488 1852 778 248 1463 
11130 1853 1810 1618 2211 1483 1838 765 242 1435 
11135 1859 1786 1623 2214 1474 1829 748 233 1426 
11141 1851 1750 1613 2211 1474 1837 759 258 1410 
11146 1871 1717 1624 2226 1489 1854 769 259 1418 
11151 1879 1719 1633 2230 1507 1854 784 253 1433 
11157 1888 1730 1650 2248 1507 1851 792 260 1449 
11173 1883 1680 1635 2243 1501 1842 772 261 1434 
11192 1862 1729 1647 2230 1484 1842 760 254 1389 
11216 1866 1735 1616 2195 1472 1812 757 267 1418 
11226 1857 1735 1606 2220 1478 1833 771 257 1403 
11239 1847 1723 1593 2207 1455 1827 759 238 1405 
11241 1854 1714 1581 2208 1455 1827 754 212 1414 
11244 1855 1735 1575 2204 1450 1817 744 231 1425 
11250 1857 1725 1586 2200 1451 1813 740 230 1430 
11254 1862 1735 1604 2201 1464 1830 762 242 1428 
11261 1888 1727 1619 2211 1478 1842 788 270 1454 
11270 1890 1700 1614 2213 1466 1841 777 275 1442 
11298 1856 1685 1567 2173 1408 1802 731 262 1405 
11318 1845 1685 1563 2160 1416 1784 735 250 1376 
11331 1838 1665 1544 2144 1393 1777 722 289 1364 
11339 1849 1682 1564 2152 1415 1776 733 290 1388 
11350 1852 1697 1581 2161 1422 1786 745 270 1373 
11365 1838 1728 1596 2158 1412 1801 743 277 1372 
11372 1835 1726 1600 2161 1424 1804 753 279 1360 
11376 1844 1722 1616 2169 1434 1820 764 273 1368 
11380 1856 1732 1619 2174 1439 1827 766 265 1375 
11382 1855 1740 1636 2181 1449 1842 772 258 1379 
11384 1847 1741 1634 2187 1454 1839 773 262 1371 
11388 1846 1725 1646 2194 1464 1839 783 273 1384 
11397 1845 1719 1649 2193 1461 1835 787 270 1371 
11415 1830 1672 1600 2149 1424 1801 745 250 1357 
11435 1828 1685 1588 2152 1414 1791 746 250 1373 
11441 1828 1704 1598 2165 1438 1800 775 250 1372 
11452 1821 1715 1598 2175 1444 1803 798 265 1368 
11466 1795 1715 1573 2154 1412 1771 762 250 1360 
11472 1811 1716 1576 2151 1402 1767 767 248 1391 
11477 1822 1720 1590 2153 1419 1771 779 266 1397 
11487 1820 1713 1587 2162 1425 1774 758 238 1412 
11498 1819 1707 1583 2153 1412 1755 748 234 1401 
11504 1804 1711 1589 2149 1417 1754 738 233 1396 
11508 1814 1725 1591 2152 1413 1755 739 217 1397 
11509 1827 1729 1602 2161 1427 1768 746 233 1401 
11511 1844 1743 1621 2181 1449 1787 775 245 1411 
11513 1856 1750 1624 2194 1456 1797 786 258 1420 
11514 1864 1751 1627 2199 1465 1802 796 253 1432 
11516 1858 1753 1626 2198 1467 1803 797 245 1433 
11520 1856 1741 1621 2188 1461 1795 777 229 1429 
11522 1887 1756 1637 2208 1475 1816 792 229 1455 
11523 1886 1757 1640 2210 1472 1817 785 225 1445 
11524 1888 1771 1640 2215 1476 1820 787 231 1444 
11527 1905 1790 1653 2227 1489 1834 802 238 1455 
11532 1924 1800 1662 2238 1503 1838 812 254 1476 
11535 1922 1808 1639 2230 1479 1830 793 244 1468 
11538 1925 1810 1643 2234 1481 1840 795 243 1483 
11544 1903 1790 1646 2228 1476 1833 786 240 1439 
11547 1907 1776 1640 2225 1467 1826 776 232 1442 
11549 1918 1786 1645 2230 1474 1829 794 252 1452 
11552 1930 1800 1647 2241 1481 1838 798 252 1446 
11555 1932 1792 1640 2235 1467 1831 775 253 1448 
11561 1939 1777 1666 2243 1494 1845 812 267 1450 
11563 1946 1789 1679 2253 1497 1857 812 275 1452 
11564 1956 1801 1696 2261 1516 1867 823 282 1464 
11566 1958 1800 1692 2260 1515 1860 833 278 1465 
11568 1955 1804 1698 2259 1516 1859 834 270 1452 
11570 1961 1808 1703 2265 1525 1861 848 287 1468 
11572 1964 1812 1699 2264 1518 1870 837 279 1459 
11574 1961 1804 1700 2257 1520 1861 848 292 1454 
11577 1970 1809 1696 2259 1526 1867 849 290 1472 
11578 1977 1813 1708 2269 1537 1882 860 286 1483 
11580 1992 1828 1708 2276 1542 1886 865 280 1499 
11581 1998 1841 1719 2286 1551 1900 873 285 1505 
11582 2001 1846 1721 2291 1557 1907 872 290 1510 
11584 2003 1845 1710 2275 1545 1904 863 270 1499 
11586 2005 1850 1705 2271 1544 1902 855 276 1503 
11588 2005 1857 1698 2265 1538 1897 853 280 1492 
11597 1986 1845 1695 2252 1525 1884 845 261 1487 
11599 1992 1850 1703 2262 1530 1893 848 269 1497 
11602 1984 1851 1686 2256 1518 1878 822 256 1484 
11606 1993 1850 1681 2245 1505 1865 813 262 1478 
11607 1992 1834 1686 2245 1501 1864 814 262 1480 
11609 1995 1842 1699 2257 1519 1873 836 274 1472 
11610 1998 1849 1700 2260 1523 1878 841 283 1479 
11611 2000 1853 1697 2258 1523 1874 849 286 1475 
11612 2017 1864 1703 2271 1538 1884 867 282 1494 
11613 2019 1868 1698 2265 1531 1889 867 274 1493 
11614 2024 1872 1703 2273 1537 1891 875 280 1498 
11615 2019 1872 1698 2276 1540 1897 877 285 1492 
11617 2023 1871 1705 2279 1546 1895 875 297 1503 
11619 2027 1867 1708 2286 1551 1902 879 305 1505 
11622 2020 1846 1710 2281 1552 1897 878 293 1496 
11623 2019 1847 1708 2279 1553 1900 876 271 1504 
11626 2007 1837 1694 2263 1541 1882 850 253 1494 
11627 2020 1839 1704 2273 1546 1889 856 255 1498 
11629 2025 1827 1702 2268 1544 1882 853 253 1505 
11632 2028 1825 1704 2265 1547 1887 846 259 1497 
11637 2029 1810 1694 2256 1532 1877 842 270 1498 
11639 2036 1797 1689 2253 1529 1874 844 262 1503 
11640 2039 1792 1692 2254 1529 1881 844 271 1509 
11642 2043 1783 1709 2273 1547 1900 851 268 1516 
11643 2044 1779 1704 2271 1542 1898 853 265 1518 
11645 2063 1793 1719 2287 1558 1923 875 274 1541 
11646 2069 1796 1725 2294 1565 1928 887 285 1544 
11647 2072 1793 1721 2291 1566 1925 885 280 1537 
11648 2074 1798 1730 2297 1578 1935 899 282 1537 
11651 2084 1786 1739 2305 1592 1950 917 292 1548 
11652 2085 1787 1743 2307 1595 1947 921 287 1544 
11654 2091 1788 1735 2318 1594 1946 921 292 1563 
11656 2093 1789 1740 2323 1589 1958 914 298 1569 
11657 2094 1793 1741 2325 1592 1961 915 302 1570 
11658 2105 1798 1760 2333 1612 1973 927 303 1578 
11664 2108 1816 1741 2329 1590 1956 913 277 1582 
11668 2117 1828 1739 2334 1593 1963 921 275 1561 
11669 2125 1831 1748 2342 1603 1970 933 274 1576 
11672 2115 1830 1735 2331 1584 1950 909 264 1579 
11676 2110 1833 1747 2336 1592 1966 922 255 1592 
11681 2109 1837 1728 2333 1570 1956 897 261 1580 
11684 2091 1840 1723 2330 1564 1948 886 256 1562 
11686 2090 1840 1717 2325 1549 1933 865 264 1562 
11691 2089 1854 1726 2328 1561 1950 883 256 1566 
11694 2106 1842 1719 2325 1558 1945 887 289 1585 
11695 2102 1843 1721 2324 1556 1942 879 280 1579 
11699 2079 1844 1726 2335 1577 1946 883 257 1572 
11703 2084 1844 1737 2329 1582 1948 894 264 1570 
11707 2107 1857 1733 2335 1586 1942 906 268 1587 
11712 2093 1864 1734 2340 1587 1946 894 267 1592 
11715 2097 1871 1744 2348 1594 1951 902 243 1605 
11722 2100 1885 1741 2345 1593 1963 907 275 1602 
11726 2095 1897 1754 2349 1590 1961 897 290 1595 
11731 2093 1896 1755 2344 1589 1968 901 303 1581 
11736 2090 1900 1741 2334 1585 1958 902 284 1564 
11740 2090 1905 1747 2338 1588 1963 912 266 1583 
11745 2108 1901 1767 2362 1611 1992 935 286 1605 
11756 2092 1914 1750 2342 1598 1988 898 283 1586 
11762 2091 1935 1759 2355 1614 1997 927 298 1591 
11766 2084 1946 1743 2351 1602 1994 904 270 1567 
11770 2095 1959 1736 2345 1600 1980 910 291 1585 
11772 2093 1963 1742 2355 1604 1987 908 275 1587 
11775 2095 1968 1755 2361 1615 1993 912 273 1600 
11777 2092 1965 1739 2355 1613 1989 906 265 1601 
11786 2085 1954 1685 2341 1587 1973 891 272 1582 
11800 2065 1909 1684 2311 1574 1946 891 281 1549 
11808 2053 1919 1685 2303 1569 1929 873 259 1558 
11810 2062 1911 1687 2299 1566 1927 883 270 1550 
11814 2080 1917 1686 2293 1559 1925 881 278 1580 
11817 2064 1917 1696 2291 1559 1929 872 262 1561 
11822 2061 1910 1697 2298 1565 1925 874 228 1577 
11828 2052 1893 1680 2287 1553 1911 856 238 1570 
11832 2054 1905 1677 2285 1548 1909 857 238 1587 
11843 2030 1918 1690 2273 1548 1916 852 255 1586 
11852 2042 1931 1707 2293 1570 1943 873 277 1586 
11879 2010 1930 1692 2280 1538 1917 854 256 1546 
11884 2008 1945 1692 2264 1542 1921 859 253 1533 
11893 1982 1938 1688 2266 1537 1914 856 233 1535 
11897 1984 1934 1694 2275 1543 1932 866 257 1558 
11902 1976 1942 1685 2268 1530 1930 845 222 1567 
11911 1992 1956 1689 2270 1538 1937 856 251 1571 
11920 2002 1969 1665 2256 1516 1907 852 263 1555 
11926 2018 1973 1683 2252 1536 1911 870 262 1552 
11932 2015 1981 1680 2248 1541 1908 874 276 1559 
11941 2029 1984 1695 2257 1563 1922 880 272 1541 
11945 2015 1983 1706 2265 1577 1931 893 257 1545 
11950 2022 1986 1709 2273 1585 1946 898 260 1527 
11957 2031 1984 1718 2275 1591 1951 913 267 1520 
11963 2017 1987 1725 2280 1595 1956 897 270 1513 
11965 2025 1996 1734 2290 1608 1966 909 270 1535 
11969 2019 2007 1726 2294 1597 1957 902 255 1536 
11974 2035 2020 1741 2289 1607 1961 911 290 1544 
11976 2046 2022 1755 2299 1619 1972 928 290 1550 
11980 2032 2022 1762 2304 1622 1978 921 274 1532 
11984 2028 2026 1762 2303 1604 1973 905 270 1534 
11989 2011 2018 1748 2293 1588 1957 882 274 1522 
11996 1993 1992 1714 2268 1561 1925 859 289 1512 
12002 1998 1959 1694 2267 1562 1919 867 291 1512 
12006 2014 1948 1709 2282 1596 1943 899 313 1524 
12010 2002 1927 1695 2286 1599 1944 893 308 1519 
12014 2001 1940 1701 2285 1607 1952 900 310 1526 
12018 2002 1942 1692 2284 1602 1951 912 310 1524 
12021 2004 1951 1702 2291 1618 1967 922 298 1535 
12025 2011 1958 1703 2285 1617 1959 914 285 1540 
12028 2016 1970 1691 2278 1608 1951 905 293 1544 
12034 2006 1966 1698 2275 1614 1945 909 292 1542 
12037 2024 1972 1708 2275 1619 1940 913 293 1559 
12039 2025 1987 1729 2291 1638 1956 940 298 1564 
12042 2032 1997 1727 2298 1633 1959 928 297 1570 
12047 2009 2002 1744 2305 1638 1968 925 291 1563 
12050 2008 2006 1741 2300 1620 1967 931 281 1577 
12055 2007 2019 1747 2312 1639 1987 948 283 1595 
12058 2006 2036 1755 2316 1646 1992 954 287 1581 
12061 1982 2036 1739 2304 1632 1976 933 300 1569 
12064 1978 2033 1741 2307 1641 1978 934 299 1555 
12067 1978 2044 1728 2293 1630 1962 920 281 1560 
12069 1965 2042 1738 2295 1634 1957 912 288 1546 
12076 1949 2046 1730 2280 1622 1952 899 295 1524 
12084 1928 2041 1726 2264 1605 1935 875 284 1517 
12088 1940 2048 1721 2263 1611 1944 888 265 1528 
12090 1955 2057 1728 2263 1609 1950 890 276 1538 
12094 1962 2068 1743 2265 1612 1956 896 292 1535 
12095 1962 2072 1740 2266 1610 1952 894 294 1530 
12099 1956 2074 1735 2263 1605 1948 889 287 1527 
12107 1937 2062 1716 2253 1580 1943 872 267 1506 
12111 1934 2075 1717 2269 1583 1956 869 272 1501 
12114 1939 2084 1713 2276 1583 1960 879 284 1501 
12116 1935 2081 1722 2270 1587 1959 873 290 1501 
12119 1951 2092 1733 2270 1592 1959 883 283 1514 
12127 1930 2095 1733 2274 1608 1956 899 294 1510 
12131 1936 2109 1748 2290 1621 1971 916 295 1511 
12135 1949 2121 1754 2293 1615 1975 905 304 1512 
12140 1955 2121 1761 2294 1621 1985 918 304 1495 
12147 1953 2126 1763 2301 1620 1981 904 279 1481 
12152 1969 2143 1771 2305 1629 1978 902 293 1497 
12162 1972 2111 1734 2284 1599 1962 842 248 1483 
12164 1970 2113 1743 2290 1608 1969 858 269 1487 
12167 1984 2117 1748 2307 1631 1980 869 273 1505 
12173 1994 2114 1729 2304 1614 1965 847 281 1521 
12183 1994 2120 1714 2284 1609 1946 856 268 1541 
12191 1977 2090 1709 2273 1597 1936 847 264 1516 
12195 1989 2090 1740 2292 1620 1962 858 291 1526 
12200 1993 2091 1725 2288 1608 1960 861 264 1541 
12206 1978 2093 1741 2296 1626 1961 880 265 1527 
12212 1986 2087 1743 2294 1616 1963 853 272 1524 
12215 1987 2101 1752 2298 1621 1971 871 273 1538 
12218 2001 2104 1756 2305 1624 1973 887 282 1531 
12223 1989 2110 1761 2315 1624 1970 883 274 1535 
12230 1988 2110 1748 2313 1611 1956 870 270 1547 
12238 1984 2117 1737 2316 1594 1954 855 254 1520 
12247 1944 2087 1702 2281 1559 1924 823 233 1474 
12252 1931 2085 1700 2271 1554 1918 824 246 1470 
12258 1942 2099 1703 2262 1542 1919 798 246 1454 
12261 1924 2099 1691 2245 1518 1901 785 229 1457 
12263 1931 2110 1696 2247 1520 1902 800 250 1474 
12267 1944 2131 1703 2250 1524 1904 786 236 1473 
12268 1950 2134 1701 2253 1517 1903 780 230 1488 
12271 1943 2131 1706 2264 1526 1906 798 233 1476 
12272 1958 2150 1722 2279 1544 1918 813 233 1499 
12275 1948 2147 1724 2286 1551 1913 813 257 1501 
12278 1954 2155 1737 2296 1567 1934 831 265 1511 
12284 1969 2168 1735 2296 1557 1927 805 243 1505 
12287 1979 2178 1749 2305 1566 1940 815 258 1529 
12293 2000 2181 1741 2301 1556 1932 804 244 1526 
12299 2021 2192 1734 2305 1555 1924 794 242 1523 
12303 2009 2191 1712 2299 1539 1903 774 239 1524 
12311 2011 2181 1690 2302 1534 1907 781 264 1517 
12315 1999 2201 1695 2313 1553 1920 802 257 1514 
12320 1998 2217 1704 2328 1578 1942 837 256 1529 
12323 1994 2219 1695 2328 1571 1936 833 252 1528 
12327 2000 2225 1709 2336 1582 1946 841 245 1534 
12333 1997 2227 1712 2344 1580 1947 832 243 1539 
12339 1981 2222 1687 2332 1553 1926 825 237 1523 
12343 1989 2234 1703 2351 1567 1929 826 247 1534 
12347 2002 2244 1707 2364 1580 1950 845 248 1548 
12351 2016 2263 1715 2378 1594 1971 869 254 1557 
12353 2018 2278 1728 2383 1615 1985 891 268 1564 
12356 1999 2266 1732 2370 1610 1983 879 255 1557 
12361 2001 2268 1739 2378 1619 1991 894 242 1565 
12364 2001 2271 1757 2377 1623 1991 887 253 1547 
12369 2004 2272 1761 2382 1640 1988 923 259 1559 
12372 2016 2277 1760 2378 1636 1989 923 281 1571 
12374 2015 2283 1772 2387 1646 2003 929 293 1576 
12376 2010 2288 1770 2384 1639 1997 919 272 1574 
12384 1980 2283 1765 2372 1629 1986 889 256 1532 
12395 1943 2235 1738 2350 1585 1957 841 235 1495 
12398 1944 2228 1737 2351 1599 1959 852 236 1489 
12403 1957 2221 1726 2350 1582 1960 840 242 1507 
12409 1952 2228 1728 2348 1595 1948 855 234 1500 
12413 1962 2231 1714 2338 1579 1936 840 241 1507 
12420 1956 2210 1693 2325 1570 1929 817 227 1494 
12425 1966 2220 1708 2334 1587 1949 848 250 1497 
12432 1958 2210 1683 2309 1566 1916 813 253 1486 
12438 1959 2210 1675 2305 1560 1906 822 257 1484 
12448 1957 2200 1658 2294 1560 1903 841 262 1490 
12454 1965 2200 1684 2303 1582 1912 856 279 1497 
12475 1947 2122 1646 2248 1510 1853 782 226 1432 
12480 1945 2126 1651 2253 1510 1862 783 221 1426 
12487 1947 2108 1593 2230 1471 1840 737 206 1437 
12491 1945 2117 1623 2243 1489 1858 765 223 1426 
12496 1950 2117 1627 2247 1480 1846 765 224 1448 
12498 1962 2125 1640 2252 1490 1850 779 240 1461 
12501 1960 2128 1634 2255 1491 1847 782 235 1476 
12506 1952 2115 1639 2247 1495 1841 780 211 1470 
12516 1946 2124 1642 2256 1503 1857 794 214 1435 
12520 1951 2123 1646 2256 1503 1869 802 236 1442 
12523 1959 2131 1671 2264 1523 1877 825 252 1454 
12528 1953 2132 1673 2270 1518 1881 830 239 1461 
12530 1972 2135 1689 2285 1538 1903 856 267 1464 
12533 1963 2141 1679 2291 1532 1905 850 249 1472 
12537 1970 2144 1668 2283 1531 1904 846 239 1485 
12539 1989 2149 1667 2292 1534 1908 842 242 1489 
12542 1985 2149 1663 2291 1538 1909 846 247 1480 
12544 1972 2142 1657 2288 1544 1906 853 244 1475 
12546 1981 2158 1660 2289 1552 1912 866 245 1482 
12548 1986 2160 1672 2297 1558 1914 873 256 1492 
12551 1991 2167 1672 2304 1549 1912 859 253 1506 
12554 1988 2179 1675 2302 1553 1911 873 251 1519 
12557 1986 2195 1687 2311 1566 1920 896 261 1527 
12559 1990 2200 1694 2320 1571 1930 900 274 1528 
12561 2001 2201 1690 2317 1568 1927 896 251 1535 
12564 1992 2207 1696 2313 1569 1922 897 262 1525 
12566 2009 2222 1694 2321 1575 1928 906 263 1527 
12569 1997 2223 1679 2318 1567 1915 886 265 1518 
12572 1996 2229 1682 2320 1567 1916 900 273 1528 
12573 1999 2229 1683 2327 1572 1917 903 266 1530 
12574 2004 2223 1686 2335 1582 1921 912 271 1528 
12575 2009 2226 1690 2339 1587 1924 916 272 1526 
12577 2019 2230 1692 2341 1587 1934 911 267 1515 
12578 2018 2238 1687 2347 1586 1933 913 278 1512 
12579 2025 2233 1686 2346 1591 1932 922 285 1514 
12584 2016 2228 1676 2338 1574 1921 907 290 1510 
12586 2019 2232 1681 2347 1585 1935 916 284 1522 
12590 2007 2209 1682 2351 1586 1941 907 270 1511 
12598 2009 2199 1675 2338 1557 1918 883 266 1510 
12608 2006 2177 1663 2317 1537 1897 851 253 1492 
12619 1992 2144 1613 2283 1483 1851 799 240 1447 
12624 2000 2141 1602 2277 1473 1845 784 224 1446 
12628 2004 2144 1608 2275 1470 1844 780 238 1442 
12631 2027 2157 1634 2289 1481 1865 790 251 1470 
12636 2029 2154 1644 2293 1491 1870 809 233 1482 
12642 2026 2156 1643 2290 1485 1861 784 225 1469 
12648 2037 2143 1621 2290 1476 1854 768 219 1470 
12724 1902 2032 1467 2114 1299 1707 636 161 1355 
12777 1862 1998 1397 2052 1227 1652 569 151 1303 
12850 1742 1872 1293 1924 1086 1515 492 145 1195 
13264 0 0 0 0 0 0 0 0 0 
13265 0 0 0 0 0 0 0 0 0 
13306 0 0 0 0 0 0 0 0 0 
