# Avida time data
# Tue May 29 13:46:53 2018
#  1: update
#  2: avida time
#  3: average generation
#  4: num_executed?

-1 0 0 0 
26 1.55995 10.36 3930 
49 2.94967 20.3917 20370 
71 4.27472 30.3112 50280 
93 5.57911 40.3584 93480 
114 6.80591 50.223 107730 
134 7.96905 60.1659 107940 
152 9.00655 70.0097 107910 
169 9.97204 80.1934 108000 
185 10.8702 90.5708 107940 
200 11.6971 100.55 107910 
216 12.5667 110.536 107910 
230 13.3208 120.162 107910 
245 14.1224 130.218 108000 
259 14.8712 140.442 107970 
273 15.6182 150.211 108000 
289 16.4716 160.577 107940 
303 17.2202 170.319 107970 
318 18.0169 180.393 107970 
333 18.8125 190.066 107970 
350 19.7122 200.44 107970 
366 20.5551 210.387 107940 
382 21.393 220.339 107970 
398 22.2297 230.473 108000 
413 23.0149 240.506 108000 
427 23.7448 250.026 108000 
442 24.5299 260.056 107970 
457 25.3144 270.294 108000 
472 26.0992 280.205 107970 
487 26.8815 290.461 107970 
500 27.5597 300.543 107970 
513 28.2372 310.736 107940 
526 28.9132 320.392 107970 
539 29.5881 330.439 108000 
553 30.3123 340.335 108000 
566 30.9825 350.627 107940 
580 31.7025 360.521 107970 
593 32.3692 370.402 107970 
607 33.0882 380.657 107970 
620 33.7551 390.735 108000 
633 34.418 400.507 108000 
647 35.1347 410.626 108000 
660 35.806 420.416 108000 
673 36.4753 430.254 108000 
687 37.1969 440.42 107940 
702 37.9691 450.742 108000 
715 38.6371 460.199 108000 
729 39.3555 470.337 107970 
743 40.0716 480.356 107940 
757 40.7886 490.173 107970 
772 41.5576 500.663 108000 
786 42.2753 510.331 108000 
801 43.0421 520.605 107940 
815 43.7585 530.493 108000 
829 44.4729 540.312 107970 
844 45.2382 550.455 107940 
858 45.9476 560.45 107940 
872 46.6575 570.648 107970 
886 47.3687 580.152 107940 
901 48.1326 590.338 108000 
916 48.8951 600.751 108000 
930 49.6027 610.565 108000 
944 50.3086 620.242 107970 
958 51.0139 630.31 108000 
973 51.7659 640.488 108000 
987 52.4649 650.142 108000 
1002 53.2112 660.484 108000 
1015 53.8566 670.386 108000 
1029 54.5489 680.732 108000 
1043 55.2403 690.32 107940 
1057 55.9293 700.519 108000 
1071 56.6184 710.29 107970 
1084 57.2576 720.592 108000 
1097 57.8949 730.111 108000 
1110 58.531 740.404 107970 
1124 59.2156 750.27 107970 
1138 59.9004 760.231 108000 
1153 60.6317 770.649 107970 
1166 61.2643 780.254 107970 
1180 61.945 790.34 108000 
1195 62.6744 800.571 108000 
1209 63.3543 810.641 108000 
1222 63.9857 820.355 108000 
1236 64.6651 830.149 108000 
1250 65.3422 840.553 108000 
1263 65.9559 850.006 108000 
1277 66.5882 860.437 108000 
1290 67.1391 870.572 108000 
1301 67.573 880.018 108000 
1314 68.0524 890.728 107970 
1324 68.3994 900.457 108000 
1334 68.7281 910.909 108000 
1343 69.0118 920.467 108000 
1353 69.3155 930.877 108000 
1362 69.5775 940.192 108000 
1372 69.8601 950.776 108000 
1382 70.1333 960.571 108000 
1392 70.3997 970.302 107940 
1403 70.6882 980.393 107970 
1414 70.9753 990.024 108000 
1426 71.2854 1000.63 108000 
1439 71.6168 1010.59 108000 
1452 71.947 1020.62 108000 
1465 72.2781 1030.08 107970 
1479 72.6325 1040.34 108000 
1493 72.9887 1050.31 108000 
1507 73.3442 1060.55 108000 
1520 73.6748 1070.22 108000 
1534 74.0286 1080.15 108000 
1549 74.4061 1090.77 108000 
1562 74.7337 1100.05 108000 
1577 75.1123 1110.59 108000 
1591 75.467 1120.65 108000 
1604 75.7976 1130 107940 
1618 76.1515 1140.22 107970 
1632 76.5065 1150.4 108000 
1646 76.8589 1160.61 107970 
1660 77.2134 1170.64 108000 
1673 77.5429 1180.08 108000 
1687 77.8978 1190.28 107970 
1701 78.2521 1200.37 108000 
1715 78.6054 1210.6 108000 
1729 78.9587 1220.62 108000 
1743 79.3134 1230.65 107970 
1757 79.6674 1240.5 108000 
1771 80.0203 1250.6 107970 
1785 80.3733 1260.36 108000 
1799 80.7277 1270.24 108000 
1813 81.0811 1280.4 107970 
1826 81.4077 1290.02 108000 
1840 81.7546 1300.51 108000 
1852 82.0389 1310.2 107970 
1864 82.3076 1320.72 107970 
1875 82.5389 1330.67 108000 
1885 82.7386 1340.34 107970 
1895 82.9273 1350.72 107970 
1904 83.0897 1361.3 107970 
1912 83.2265 1370.53 107910 
1920 83.3585 1380.34 107970 
1929 83.4999 1390.82 108000 
1937 83.6211 1400.62 108000 
1945 83.7381 1410.57 107970 
1953 83.8512 1420.05 107970 
1961 83.9612 1430.77 108000 
1969 84.0683 1440.61 108000 
1978 84.1861 1450.92 107970 
1987 84.3011 1460.11 108000 
1998 84.4392 1470.31 107940 
2010 84.5878 1480.37 107970 
2023 84.7434 1490.08 108000 
2040 84.9356 1500.65 108000 
2056 85.0997 1510.41 108000 
2071 85.2411 1520.11 107940 
2086 85.3686 1530.37 107880 
2099 85.4697 1540.26 108000 
2112 85.5634 1550.88 107910 
2123 85.6379 1560.04 107970 
2135 85.7157 1570.35 108000 
2147 85.7908 1580.07 108000 
2160 85.8686 1590.33 107940 
2173 85.9443 1601 107910 
2185 86.0124 1610.71 107910 
2197 86.0801 1620.81 108000 
2210 86.1537 1630.25 107970 
2223 86.2275 1640.54 107910 
2236 86.3013 1650.83 108000 
2248 86.3684 1660.24 108000 
2261 86.4418 1670.04 107970 
2275 86.5214 1680.43 108000 
2288 86.5949 1690.09 107970 
2301 86.6687 1700.32 107970 
2314 86.743 1710.08 107970 
2329 86.8288 1720.53 108000 
2342 86.903 1730 107970 
2356 86.9823 1740.66 107940 
2370 87.0602 1751.02 107970 
2384 87.1364 1760.37 108000 
2400 87.2208 1770.32 108000 
2414 87.2913 1780.11 108000 
2428 87.3562 1790.29 108000 
2442 87.4157 1800.2 107970 
2458 87.4777 1810.89 108000 
2472 87.5279 1820.77 108000 
2486 87.5746 1830.26 107970 
2500 87.6186 1840.68 108000 
2514 87.6611 1850.42 107940 
2529 87.7041 1860.42 107940 
2544 87.7451 1870.52 107850 
2558 87.7826 1880.44 107940 
2573 87.8211 1890.05 107790 
2590 87.8637 1900.7 107850 
2605 87.9 1910.06 107850 
2622 87.9401 1920.39 107820 
2639 87.9797 1930.54 107670 
2657 88.021 1940.18 107850 
2676 88.0645 1950.27 107940 
2695 88.108 1960.62 107910 
2714 88.1508 1970.21 107730 
2735 88.1986 1980.26 107850 
2758 88.2508 1990.26 107820 
2779 88.2978 2000.24 107700 
2800 88.3401 2010.43 107850 
2815 88.3556 2020.15 107580 
2827 88.364 2030.28 107700 
2838 88.3678 2040.49 107700 
2850 88.368 2050.21 107610 
2864 88.3682 2061.02 107580 
2877 88.3683 2070.56 107580 
2894 88.3684 2080.45 107430 
2908 88.3685 2090.1 107220 
2922 88.3685 2100.61 106950 
2934 88.3686 2110.07 106650 
2948 88.3686 2120.19 106980 
2960 88.3686 2130.6 106710 
2969 88.3686 2140.49 106920 
2981 88.3686 2150.48 106650 
2993 88.3686 2160.11 106080 
3006 88.3687 2170.23 105870 
3019 88.3687 2180.14 104880 
3032 88.3687 2190.65 104730 
3044 88.3687 2200.12 104070 
3059 88.3687 2210.45 104100 
3074 88.3687 2220.78 103620 
3088 88.3687 2230.58 103920 
3107 88.3687 2240.18 103260 
3119 88.3687 2250.72 103590 
3129 88.3687 2260.47 103890 
3138 88.3687 2270.54 104490 
3153 88.3687 2281.02 104280 
3163 88.3687 2290.52 104370 
3174 88.3687 2300.64 103740 
3185 88.3687 2310.42 103890 
3199 88.3687 2320.78 103380 
3207 88.3687 2330.46 103350 
3217 88.3687 2340.62 103800 
3233 88.3687 2350.02 102840 
3245 88.3687 2360.93 103710 
3259 88.3687 2370.99 103470 
3267 88.3687 2380.32 103500 
3275 88.3687 2390.88 103560 
3284 88.3687 2401.1 104250 
3293 88.3687 2410.49 103890 
3302 88.3687 2420.41 103560 
3313 88.3687 2431.13 103200 
3323 88.3687 2440.69 103590 
3334 88.3687 2450.83 103320 
3347 88.3687 2460.31 102930 
3360 88.3687 2470.99 103080 
3372 88.3687 2480.01 102810 
3382 88.3687 2490.49 102960 
3392 88.3688 2500.11 103080 
3406 88.3688 2510.72 102870 
3422 88.3688 2520.13 101790 
3435 88.3688 2530.33 102300 
3449 88.3688 2540.04 102510 
3469 88.3688 2550.12 102240 
3488 88.3688 2560.69 102330 
3500 88.3688 2570.46 102060 
3512 88.3688 2580.77 102420 
3524 88.3688 2590.87 101520 
3537 88.3688 2600.53 101760 
3549 88.3688 2610.03 102540 
3564 88.3688 2620.16 102360 
3577 88.3688 2630.08 103020 
3593 88.3688 2640.56 102360 
3605 88.3688 2651.1 102270 
3615 88.3688 2660.3 102540 
3629 88.3688 2670.86 102660 
3639 88.3688 2680.67 102990 
3650 88.3688 2690.07 103110 
3662 88.3688 2700.68 103140 
3672 88.3688 2710.68 103170 
3682 88.3688 2720.27 103290 
3693 88.3688 2730.84 103440 
3706 88.3688 2740.32 103110 
3720 88.3688 2750.31 103470 
3733 88.3688 2760.59 102480 
3746 88.3688 2770.24 102330 
3756 88.3688 2780.04 102270 
3769 88.3688 2790.33 102030 
3780 88.3688 2800.14 102600 
3792 88.3688 2810.98 103140 
3803 88.3688 2820.04 103200 
3813 88.3688 2830.11 103200 
3821 88.3688 2840.68 103980 
3828 88.3688 2850.1 103830 
3838 88.3688 2860.45 102990 
3845 88.3688 2870.18 103200 
3853 88.3688 2880.58 103530 
3861 88.3688 2891.64 103470 
3870 88.3688 2900.02 103620 
3883 88.3688 2910.03 103680 
3895 88.3688 2920.73 103080 
3907 88.3688 2930.39 103350 
3922 88.3688 2940.41 102480 
3934 88.3688 2950.65 102930 
3948 88.3688 2960.29 102990 
3964 88.3688 2970.11 102390 
3977 88.3688 2980.52 103230 
3992 88.3688 2991 103260 
4007 88.3688 3000.4 102900 
4023 88.3688 3010.43 103950 
4039 88.3688 3020.51 103350 
4052 88.3688 3030.15 103920 
4068 88.3688 3040.42 103170 
4081 88.3688 3050.17 103290 
4094 88.3688 3060.12 104370 
4108 88.3688 3070.04 103440 
4122 88.3689 3080.3 102900 
4137 88.3689 3090.3 104010 
4152 88.3689 3100.57 103410 
4164 88.3689 3110.5 103620 
4180 88.3689 3120.6 103350 
4196 88.3689 3130.38 102390 
4211 88.3689 3140.32 103170 
4227 88.3689 3150.16 102420 
4241 88.3689 3160.22 102180 
4255 88.3689 3170.59 102420 
4271 88.3689 3180.21 102030 
4285 88.3689 3190.45 102420 
4302 88.3689 3200.09 103080 
4315 88.3689 3210.44 103470 
4328 88.3689 3220.41 103800 
4342 88.3689 3230.55 102780 
4355 88.3689 3240.78 103350 
4369 88.3689 3250.11 102570 
4384 88.3689 3260.57 101580 
4396 88.3689 3270.17 101880 
4410 88.3689 3280.81 101700 
4423 88.3689 3290.41 101640 
4439 88.3689 3300.77 102120 
4456 88.3689 3310.33 101580 
4480 88.3689 3320.34 100650 
4499 88.3689 3330.05 99090 
4515 88.3689 3340.45 98580 
4528 88.3689 3350.68 97830 
4540 88.3689 3360.01 97560 
4551 88.3689 3370.29 97440 
4562 88.3689 3380.92 96840 
4573 88.3689 3390.01 96300 
4588 88.3689 3400.61 94860 
4596 88.3689 3410.09 94590 
4607 88.3689 3420.81 94950 
4612 88.3689 3430.7 95250 
4620 88.3689 3440.35 95100 
4633 88.3689 3450.49 94800 
4642 88.3689 3460.6 94680 
4656 88.3689 3470.37 94320 
4669 88.3689 3481.69 94290 
4675 88.3689 3490.51 94260 
4682 88.3689 3501.12 94200 
4687 88.3689 3512.54 93990 
4697 88.3689 3520.15 94080 
4705 88.3689 3530.2 94110 
4713 88.3689 3540.28 93480 
4719 88.3689 3551.35 93750 
4727 88.3689 3560.88 93840 
4736 88.3689 3570.54 93810 
4745 88.3689 3580.27 93270 
4751 88.3689 3591.51 93270 
4757 88.3689 3601.41 93060 
4763 88.3689 3610.1 92520 
4768 88.3689 3620.39 93090 
4773 88.3689 3630.62 93330 
4777 88.3689 3642.24 93390 
4781 88.3689 3652.16 93450 
4784 88.3689 3660.48 93540 
4787 88.3689 3670.85 93690 
4790 88.3689 3682.29 93960 
4793 88.3689 3691.78 94410 
4800 88.3689 3700.68 93960 
4804 88.3689 3710.03 94170 
4814 88.3689 3720.13 94080 
4826 88.3689 3730.2 93570 
4833 88.3689 3740.58 92910 
4837 88.3689 3751.41 93270 
4842 88.3689 3763.41 93270 
4845 88.3689 3773.86 93390 
4848 88.3689 3782.87 93570 
4850 88.3689 3792.61 93720 
4855 88.3689 3801.02 93390 
4859 88.3689 3811.1 93390 
4862 88.3689 3820.42 93570 
4866 88.3689 3830.9 92880 
4871 88.3689 3841.66 92520 
4877 88.3689 3852.01 92100 
4884 88.3689 3861.79 91560 
4891 88.3689 3870.09 91200 
4898 88.3689 3881.83 91050 
4902 88.3689 3893.21 91080 
4905 88.3689 3903.05 90570 
4908 88.3689 3911.31 90960 
4912 88.3689 3920.71 90690 
4918 88.3689 3932.84 90810 
4921 88.3689 3940.37 90570 
4927 88.3689 3952.08 89760 
4931 88.3689 3964.13 89730 
4933 88.3689 3971.89 89730 
4936 88.3689 3982.34 89790 
4941 88.3689 3994.09 89520 
4943 88.3689 4001.33 89730 
4946 88.3689 4014.43 90060 
4949 88.3689 4022.53 89970 
4954 88.3689 4033.68 89760 
4956 88.3689 4040.46 89310 
4959 88.3689 4051.46 90180 
4963 88.3689 4061.14 90420 
4971 88.3689 4070.52 90150 
4979 88.3689 4080.81 90030 
4984 88.3689 4092 89910 
4988 88.3689 4101.11 90120 
4994 88.3689 4110.32 90000 
4999 88.3689 4121.65 90270 
5005 88.3689 4130.41 90330 
5014 88.3689 4141.28 90420 
5024 88.3689 4150.52 90150 
5029 88.3689 4162.1 90240 
5035 88.3689 4170.12 89760 
5037 88.3689 4180.63 90000 
5042 88.3689 4191.68 90360 
5052 88.3689 4202.62 90180 
5058 88.3689 4210.44 90180 
5073 88.3689 4221.85 88950 
5079 88.3689 4232.36 88560 
5084 88.3689 4242.36 88410 
5086 88.3689 4250.16 88530 
5092 88.3689 4261.09 88290 
5094 88.3689 4271.26 88350 
5097 88.3689 4281.64 88830 
5099 88.3689 4291.71 89040 
5102 88.3689 4301.33 88980 
5106 88.3689 4313.37 88740 
5109 88.3689 4325.46 89370 
5111 88.3689 4332.28 89730 
5115 88.3689 4344.94 89730 
5118 88.3689 4351.57 89910 
5122 88.3689 4360.38 90030 
5127 88.3689 4370.77 90060 
5131 88.3689 4380.24 89760 
5134 88.3689 4391.53 90120 
5136 88.3689 4403.23 90120 
5138 88.3689 4413.44 90270 
5140 88.3689 4420.17 90300 
5145 88.3689 4430.78 90150 
5148 88.3689 4443.72 90330 
5150 88.3689 4450.72 90570 
5153 88.3689 4461.76 90390 
5156 88.3689 4470.18 90540 
5158 88.3689 4480.29 90870 
5163 88.3689 4491.54 90540 
5170 88.3689 4502.35 90540 
5177 88.3689 4511.56 89970 
5182 88.3689 4522.4 89550 
5187 88.3689 4530.95 88920 
5203 88.3689 4540.14 87780 
5221 88.3689 4550.03 87120 
5228 88.3689 4563.76 87120 
5231 88.3689 4570.75 87510 
5237 88.3689 4581.35 87540 
5241 88.3689 4592.15 88290 
5244 88.3689 4603.45 88590 
5250 88.3689 4610.38 88440 
5261 88.3689 4620.01 88500 
5273 88.3689 4630.29 88350 
5286 88.3689 4640.14 87480 
5296 88.3689 4651.15 87330 
5303 88.3689 4660.77 87720 
5310 88.3689 4673.27 87660 
5312 88.3689 4680.85 87870 
5315 88.3689 4691.06 87690 
5318 88.3689 4702.33 88260 
5320 88.3689 4713.3 88770 
5324 88.3689 4720.21 88800 
5328 88.3689 4730.63 88950 
5337 88.3689 4742.48 89280 
5341 88.3689 4750.67 89850 
5347 88.3689 4760.29 89940 
5350 88.3689 4770.04 90000 
5355 88.3689 4781.2 90210 
5359 88.3689 4793.54 90600 
5362 88.3689 4802.39 90930 
5365 88.3689 4811.26 90930 
5370 88.3689 4823.38 91260 
5373 88.3689 4830.07 91590 
5381 88.3689 4841.62 91380 
5387 88.3689 4851.91 91170 
5390 88.3689 4860.78 91740 
5398 88.3689 4872.23 91500 
5403 88.3689 4880.49 91440 
5411 88.3689 4892.13 91020 
5423 88.3689 4900.42 90270 
5436 88.3689 4910.75 89460 
5447 88.3689 4921.88 89100 
5454 88.3689 4930.23 89310 
5462 88.3689 4941.07 89070 
5471 88.3689 4952.2 88830 
5475 88.3689 4961.96 88980 
5480 88.3689 4973.06 89010 
5483 88.3689 4981.74 89160 
5489 88.3689 4991.86 88650 
5493 88.3689 5001.2 88830 
5498 88.3689 5012.18 88770 
5502 88.3689 5020.95 88680 
5507 88.3689 5032.03 88350 
5511 88.3689 5041.78 88290 
5514 88.3689 5050.02 88500 
5520 88.3689 5060 88740 
5526 88.3689 5071.66 88560 
5531 88.3689 5084.18 88710 
5533 88.3689 5091.89 89070 
5537 88.3689 5100.11 89070 
5541 88.3689 5111.05 89370 
5544 88.3689 5122.97 89280 
5546 88.3689 5130.94 89580 
5550 88.3689 5141.72 89820 
5558 88.3689 5153.53 89550 
5563 88.3689 5160.96 89580 
5570 88.3689 5172.74 89520 
5574 88.3689 5184.62 89490 
5576 88.3689 5192.18 89670 
5583 88.3689 5200.89 89160 
5589 88.3689 5212.77 89040 
5591 88.3689 5222.05 89040 
5593 88.3689 5230.97 89520 
5597 88.3689 5242.07 89280 
5601 88.3689 5250.18 89670 
5609 88.3689 5260.29 88980 
5614 88.3689 5272.1 89280 
5616 88.3689 5281.45 89250 
5618 88.3689 5291.96 89370 
5621 88.3689 5302.6 89250 
5623 88.3689 5310.3 89430 
5629 88.3689 5320.26 89160 
5633 88.3689 5336.16 89190 
5635 88.3689 5344.67 89370 
5638 88.3689 5356.41 89220 
5639 88.3689 5362.53 89280 
5642 88.3689 5376.09 89430 
5643 88.3689 5380.65 89340 
5645 88.3689 5397.01 89550 
5648 88.3689 5400.64 89280 
5652 88.3689 5410.71 88950 
5654 88.3689 5422.98 88890 
5655 88.3689 5434.11 89100 
5657 88.3689 5443.69 89370 
5659 88.3689 5450.56 89490 
5661 88.3689 5461.19 89640 
5664 88.3689 5471.4 89430 
5666 88.3689 5483.28 89580 
5669 88.3689 5492.11 89610 
5671 88.3689 5501.02 89700 
5673 88.3689 5516.57 89670 
5674 88.3689 5523.17 89490 
5676 88.3689 5534.26 89640 
5678 88.3689 5542.3 89700 
5683 88.3689 5556.57 89520 
5684 88.3689 5564.43 89460 
5686 88.3689 5570.23 89280 
5690 88.3689 5582.57 89130 
5692 88.3689 5590.09 89220 
5694 88.3689 5604.76 89100 
5695 88.3689 5617.23 89160 
5696 88.3689 5623.74 89460 
5698 88.3689 5635.6 89640 
5700 88.3689 5644.91 89760 
5701 88.3689 5650.11 89760 
5703 88.3689 5663.4 89880 
5705 88.3689 5670.83 89910 
5709 88.3689 5682 89820 
5711 88.3689 5693.64 90120 
5713 88.3689 5700.9 90300 
5718 88.3689 5711.1 90210 
5726 88.3689 5720.71 90060 
5736 88.3689 5731.02 89550 
5747 88.3689 5740.67 88950 
5753 88.3689 5750.22 89190 
5762 88.3689 5764.84 88650 
5764 88.3689 5773.52 88920 
5766 88.3689 5780.3 88740 
5770 88.3689 5796.2 88440 
5771 88.3689 5806.97 88440 
5772 88.3689 5816.34 88380 
5773 88.3689 5820.57 88440 
5775 88.3689 5830.73 88560 
5778 88.3689 5846.69 88800 
5779 88.3689 5853.71 88920 
5780 88.3689 5860.09 89130 
5782 88.3689 5870.72 89070 
5784 88.3689 5880.47 89280 
5787 88.3689 5892.56 89490 
5789 88.3689 5904.96 89370 
5790 88.3689 5912.61 89550 
5792 88.3689 5920.85 89580 
5795 88.3689 5931.32 89850 
5800 88.3689 5941.98 89790 
5804 88.3689 5951.94 90060 
5808 88.3689 5963.28 89910 
5812 88.3689 5973.17 89850 
5815 88.3689 5982.57 90030 
5821 88.3689 5993.2 89580 
5829 88.3689 6001.5 89550 
5834 88.3689 6011.65 89700 
5839 88.3689 6023.94 90120 
5843 88.3689 6030.97 90120 
5849 88.3689 6042.35 89760 
5851 88.3689 6051.98 89820 
5854 88.3689 6063.71 89850 
5856 88.3689 6080.57 89940 
5857 88.3689 6084.58 90210 
5858 88.3689 6090.18 90150 
5861 88.3689 6100.06 90300 
5864 88.3689 6111.07 90270 
5867 88.3689 6124.31 90420 
5871 88.3689 6133.97 90480 
5873 88.3689 6143.85 90720 
5876 88.3689 6153.22 90570 
5878 88.3689 6163.02 91230 
5882 88.3689 6170.92 91200 
5887 88.3689 6180.64 90870 
5891 88.3689 6190.58 90870 
5898 88.3689 6200.25 90900 
5908 88.3689 6212.07 91080 
5912 88.3689 6222.07 91230 
5916 88.3689 6230.71 90960 
5920 88.3689 6241.19 91560 
5928 88.3689 6250.51 91380 
5942 88.3689 6260.32 90540 
5949 88.3689 6270.35 90060 
5956 88.3689 6286.08 90330 
5958 88.3689 6290 90450 
5962 88.3689 6302.53 90660 
5964 88.3689 6311 90690 
5968 88.3689 6320.37 90750 
5972 88.3689 6331.57 90900 
5977 88.3689 6342.05 90870 
5983 88.3689 6350.28 91080 
5988 88.3689 6363.46 91050 
5994 88.3689 6372.47 90810 
6001 88.3689 6381.44 90390 
6017 88.3689 6390.61 90120 
6025 88.3689 6401.99 89850 
6030 88.3689 6414.38 89430 
6033 88.3689 6426.47 89460 
6035 88.3689 6431.69 89490 
6039 88.3689 6443.01 89340 
6045 88.3689 6453.09 89250 
6049 88.3689 6460.16 88980 
6055 88.3689 6471.29 88920 
6062 88.3689 6480.55 88680 
6072 88.3689 6491.03 88230 
6078 88.3689 6500.55 88320 
6082 88.3689 6512.48 88440 
6084 88.3689 6522.87 88590 
6086 88.3689 6530.95 88530 
6090 88.3689 6540.02 88560 
6093 88.3689 6554.49 88800 
6095 88.3689 6560.02 88890 
6099 88.3689 6570.14 88830 
6103 88.3689 6581.83 89040 
6105 88.3689 6590.07 89220 
6111 88.3689 6603.98 88830 
6113 88.3689 6611.06 89160 
6119 88.3689 6621.04 89100 
6123 88.3689 6630.7 88920 
6126 88.3689 6640.15 88770 
6130 88.3689 6651.18 88920 
6137 88.3689 6661.51 88860 
6141 88.3689 6671.19 88920 
6150 88.3689 6683.6 88470 
6154 88.3689 6691.78 88440 
6159 88.3689 6700.47 88260 
6162 88.3689 6710.51 88680 
6168 88.3689 6720.14 88320 
6176 88.3689 6730.04 88710 
6182 88.3689 6741.06 88350 
6186 88.3689 6751.41 88290 
6190 88.3689 6760.53 88260 
6194 88.3689 6770.72 88320 
6198 88.3689 6784.69 88320 
6201 88.3689 6792.18 88470 
6206 88.3689 6800.61 88170 
6211 88.3689 6810.09 88200 
6216 88.3689 6820.57 87960 
6221 88.3689 6834.98 87930 
6226 88.3689 6841.39 87720 
6229 88.3689 6850.5 87690 
6232 88.3689 6862.39 87750 
6239 88.3689 6872.65 87690 
6241 88.3689 6882.28 87660 
6244 88.3689 6891.55 87630 
6254 88.3689 6900.62 87120 
6258 88.3689 6910.28 87300 
6268 88.3689 6920.55 86340 
6278 88.3689 6931.73 85950 
6283 88.3689 6940.03 85470 
6292 88.3689 6953.78 85260 
6296 88.3689 6961.06 85470 
6321 88.3689 6970.34 83640 
6326 88.3689 6981.62 83940 
6331 88.3689 6991.1 83550 
6333 88.3689 7004.5 84060 
6335 88.3689 7011.54 84510 
6340 88.3689 7020.49 84360 
6346 88.3689 7031.73 84450 
6352 88.3689 7040.04 84480 
6358 88.3689 7050.16 84390 
6369 88.3689 7061.78 84090 
6375 88.3689 7071.38 84090 
6380 88.3689 7082.84 84000 
6383 88.3689 7092.89 84390 
6388 88.3689 7103.89 84390 
6394 88.3689 7111.51 84210 
6401 88.3689 7121.72 84450 
6403 88.3689 7130.1 84690 
6412 88.3689 7140.6 84690 
6417 88.3689 7150.09 84720 
6422 88.3689 7161.44 84810 
6424 88.3689 7170.63 85050 
6428 88.3689 7181.16 85680 
6431 88.3689 7190.08 85800 
6438 88.3689 7202.14 85950 
6442 88.3689 7212.78 86100 
6447 88.3689 7220.34 86040 
6454 88.3689 7230.76 85890 
6459 88.3689 7240.03 86400 
6471 88.3689 7250.76 85350 
6477 88.3689 7262.27 85050 
6487 88.3689 7271.92 84150 
6492 88.3689 7280.31 83700 
6502 88.3689 7291.44 83280 
6510 88.3689 7300.02 83010 
6514 88.3689 7310.05 83130 
6526 88.3689 7320.18 83190 
6534 88.3689 7330.83 83370 
6550 88.3689 7340.15 82920 
6557 88.3689 7350.46 83010 
6561 88.3689 7363.43 83040 
6565 88.3689 7370.96 83520 
6571 88.3689 7380.64 83760 
6576 88.3689 7390.37 84030 
6580 88.3689 7402.98 84210 
6582 88.3689 7412.15 84360 
6585 88.3689 7420.28 84570 
6588 88.3689 7434.62 84300 
6592 88.3689 7443.79 84480 
6596 88.3689 7450.07 84510 
6600 88.3689 7462.08 84750 
6604 88.3689 7470.6 84780 
6612 88.3689 7482.17 85050 
6614 88.3689 7497.23 85260 
6615 88.3689 7501.39 85440 
6617 88.3689 7511.09 85770 
6626 88.3689 7521.23 85200 
6629 88.3689 7530.94 85470 
6631 88.3689 7540.07 85620 
6634 88.3689 7550.43 85740 
6637 88.3689 7564.44 85830 
6638 88.3689 7570.12 85890 
6640 88.3689 7581.27 86280 
6643 88.3689 7594.4 86340 
6645 88.3689 7604.84 86280 
6647 88.3689 7613.68 86250 
6651 88.3689 7623.64 86430 
6656 88.3689 7630.83 86010 
6659 88.3689 7640.3 85920 
6666 88.3689 7656.06 85740 
6667 88.3689 7661.63 85920 
6670 88.3689 7672.6 85950 
6675 88.3689 7681.01 85590 
6678 88.3689 7694.23 85770 
6681 88.3689 7704.03 86250 
6682 88.3689 7712.8 86400 
6684 88.3689 7724.53 86760 
6686 88.3689 7731.03 86940 
6688 88.3689 7743.18 86940 
6690 88.3689 7752.5 86880 
6696 88.3689 7763.95 86730 
6697 88.3689 7770.37 87000 
6704 88.3689 7781.07 86640 
6707 88.3689 7790.8 86970 
6712 88.3689 7800.21 86550 
6720 88.3689 7815.23 85200 
6722 88.3689 7823.03 85020 
6724 88.3689 7834.63 85050 
6725 88.3689 7848.31 85080 
6726 88.3689 7859.31 85140 
6727 88.3689 7863.62 85260 
6730 88.369 7873.38 85170 
6732 88.369 7881.89 85110 
6734 88.369 7895.4 85140 
6735 88.369 7901.75 85110 
6738 88.369 7911.07 85050 
6744 88.369 7921.62 84870 
6750 88.369 7930.98 84660 
6758 88.369 7940.17 84270 
6762 88.369 7951.14 84510 
6771 88.369 7960.03 84270 
6778 88.369 7972.82 84330 
6784 88.369 7982.87 84330 
6789 88.369 7992.03 84240 
6792 88.369 8001.53 84090 
6795 88.369 8012.63 84210 
6798 88.369 8023.68 84450 
6800 88.369 8031.58 84780 
6805 88.369 8040.42 84690 
6809 88.369 8052.51 84540 
6812 88.369 8060.62 84900 
6816 88.369 8073.95 85080 
6819 88.369 8085.73 84900 
6822 88.369 8091.86 85500 
6826 88.369 8102.27 85560 
6830 88.369 8110.12 85440 
6833 88.369 8123.49 85710 
6836 88.369 8132.75 85830 
6838 88.369 8147.53 85950 
6839 88.369 8152.23 86160 
6841 88.369 8163.62 86250 
6843 88.369 8172.68 86700 
6852 88.369 8180.56 86010 
6863 88.369 8191.06 85320 
6870 88.369 8201.22 84900 
6875 88.369 8210.55 84510 
6879 88.369 8221.44 84330 
6882 88.369 8232.24 84540 
6885 88.369 8247.56 84570 
6886 88.369 8252.38 84720 
6887 88.369 8260.58 84810 
6889 88.369 8272.06 85110 
6891 88.369 8283.01 85290 
6893 88.369 8293.48 85200 
6896 88.369 8301.86 85050 
6898 88.369 8314.73 84930 
6900 88.369 8320.43 84840 
6904 88.369 8331.01 84540 
6909 88.369 8340.91 84480 
6913 88.369 8353.17 84600 
6917 88.369 8362.66 84630 
6921 88.369 8370.6 84750 
6928 88.369 8382.26 84540 
6930 88.369 8395.94 84450 
6934 88.369 8400.39 84540 
6936 88.369 8412.94 84390 
6937 88.369 8426.48 84510 
6938 88.369 8434.68 84780 
6939 88.369 8441.59 84930 
6941 88.369 8453.26 84510 
6942 88.369 8463.05 84720 
6944 88.369 8471.04 85080 
6946 88.369 8482.96 84870 
6948 88.369 8494.41 84870 
6951 88.369 8502.33 84630 
6953 88.369 8511.78 84840 
6956 88.369 8520.23 85050 
6960 88.369 8532.6 85050 
6963 88.369 8540.55 85320 
6969 88.369 8554.16 85440 
6974 88.369 8560.43 85230 
6984 88.369 8572.13 85320 
6989 88.369 8584.11 84960 
6990 88.369 8590.2 85230 
6991 88.369 8600.36 85560 
6995 88.369 8611.64 85530 
6997 88.369 8620.81 85380 
7001 88.369 8631.47 85590 
7003 88.369 8640.75 85680 
7006 88.369 8651.42 86040 
7009 88.369 8669.67 85950 
7010 88.369 8670.29 86070 
7014 88.369 8683.37 85890 
7016 88.369 8695.26 86130 
7019 88.369 8700.82 85860 
7023 88.369 8712.1 85470 
7026 88.369 8727.02 85350 
7028 88.369 8730.53 85830 
7035 88.369 8742.84 85140 
7039 88.369 8753.29 85320 
7041 88.369 8761.72 85350 
7046 88.369 8770.81 85410 
7050 88.369 8782.67 85140 
7051 88.369 8790.91 85380 
7056 88.369 8801.76 85170 
7059 88.369 8813.82 85500 
7060 88.369 8822.73 85440 
7063 88.369 8836.15 85260 
7064 88.369 8841.5 85500 
7067 88.369 8853.13 85590 
7069 88.369 8872.28 86040 
7070 88.369 8880.79 86670 
7071 88.369 8889.42 86880 
7072 88.369 8896.5 87060 
7074 88.369 8901.49 86880 
7077 88.369 8914.12 87120 
7080 88.369 8921.42 86940 
7083 88.369 8931.1 87120 
7087 88.369 8941.41 86790 
7092 88.369 8953.78 86520 
7095 88.369 8961.6 86340 
7097 88.369 8970.24 86250 
7102 88.369 8980.33 86370 
7109 88.369 8990.42 85920 
7112 88.369 9002.57 85650 
7118 88.369 9012.17 85800 
7123 88.369 9022.85 85830 
7125 88.369 9030.23 86070 
7130 88.369 9044.13 86100 
7132 88.369 9050.35 86340 
7138 88.369 9061.99 85830 
7141 88.369 9073.41 86730 
7144 88.369 9080.95 86850 
7148 88.369 9090.71 87300 
7152 88.369 9101.28 87330 
7156 88.369 9111.38 87780 
7159 88.369 9120.26 87660 
7163 88.369 9133.67 88110 
7169 88.369 9144.84 87750 
7170 88.369 9150.07 87960 
7172 88.369 9160.54 88410 
7174 88.369 9170.5 88320 
7176 88.369 9181.46 88290 
7179 88.369 9192.06 88410 
7181 88.369 9202.09 88620 
7183 88.369 9212.85 88800 
7185 88.369 9220.97 88950 
7189 88.369 9233.8 88890 
7192 88.369 9245.74 89010 
7194 88.369 9250.97 88980 
7200 88.369 9261.79 89070 
7204 88.369 9270.35 89520 
7209 88.369 9282.29 89400 
7214 88.369 9291.05 89100 
7216 88.369 9306.11 89190 
7218 88.369 9312.1 89250 
7223 88.369 9320 88470 
7228 88.369 9331.67 88380 
7238 88.369 9340.63 87840 
7246 88.369 9350.86 87660 
7256 88.369 9362.3 86850 
7259 88.369 9370.31 86850 
7263 88.369 9381.73 86850 
7271 88.369 9392.13 86250 
7278 88.369 9402.23 85920 
7290 88.369 9411.59 85260 
7301 88.369 9420.47 85260 
7310 88.369 9431.63 85260 
7321 88.369 9440.94 85170 
7333 88.369 9450.03 84990 
7344 88.369 9460.52 84690 
7359 88.369 9470.13 84210 
7365 88.369 9480.34 84510 
7370 88.369 9490.24 84600 
7377 88.369 9501.06 84360 
7381 88.369 9515.62 84630 
7383 88.369 9525.96 84780 
7384 88.369 9530.75 84930 
7386 88.369 9542.93 85020 
7390 88.369 9554.63 85200 
7393 88.369 9561.07 85590 
7397 88.369 9570.35 85320 
7402 88.369 9583.86 85560 
7404 88.369 9592.47 85650 
7407 88.369 9603.56 85770 
7412 88.369 9612.05 85890 
7416 88.369 9621.92 86130 
7420 88.369 9630.5 86130 
7423 88.369 9641.78 85980 
7427 88.369 9651.35 86370 
7430 88.369 9660.95 86520 
7434 88.369 9670.09 86850 
7440 88.369 9681.75 86670 
7443 88.369 9691.48 87030 
7446 88.369 9703.28 87390 
7449 88.369 9710.83 87630 
7451 88.369 9722.9 87450 
7456 88.369 9731.58 87420 
7461 88.369 9741.11 87600 
7467 88.369 9750.09 87450 
7474 88.369 9760.97 87360 
7479 88.369 9771.77 87330 
7483 88.369 9781.96 87300 
7488 88.369 9790.27 87570 
7494 88.369 9800.03 87570 
7499 88.369 9810.37 87600 
7504 88.369 9820.71 87780 
7510 88.369 9832.54 87960 
7512 88.369 9841.61 88260 
7514 88.369 9851.66 88590 
7522 88.369 9861.04 88230 
7527 88.369 9872.68 88110 
7530 88.369 9881.84 88290 
7539 88.369 9893.6 87900 
7543 88.369 9903.88 87810 
7551 88.369 9911 87150 
7554 88.369 9922.55 87450 
7558 88.369 9934.91 87510 
7560 88.369 9942.36 88110 
7566 88.369 9954.31 87990 
7573 88.369 9961.64 87630 
7578 88.369 9970.58 87690 
7585 88.369 9984.39 87480 
7586 88.369 9990.14 87690 
7589 88.369 10002.3 87780 
7591 88.369 10014.2 87690 
7592 88.369 10020.1 87750 
7594 88.369 10034.8 87510 
7596 88.369 10041.4 87720 
7600 88.369 10052.5 87750 
7602 88.369 10062 87870 
7606 88.369 10076.6 87840 
7608 88.369 10083.7 87930 
7610 88.369 10098.2 87930 
7611 88.369 10106.1 87930 
7613 88.369 10117.3 88020 
7614 88.369 10121.4 88230 
7616 88.369 10131.6 88290 
7622 88.369 10141.1 88230 
7627 88.369 10151.3 88230 
7631 88.369 10162.6 88710 
7635 88.369 10171 88530 
7637 88.369 10182.4 88500 
7640 88.369 10192.7 88560 
7641 88.369 10205.4 88470 
7643 88.369 10215.6 88290 
7644 88.369 10228.5 88380 
7645 88.369 10238.7 88620 
7646 88.369 10246.6 88740 
7647 88.369 10255.2 89010 
7648 88.369 10264.5 89160 
7649 88.369 10270.1 89130 
7650 88.369 10283.2 89100 
7651 88.369 10292.3 89280 
7653 88.369 10303.3 89610 
7655 88.369 10316.9 89310 
7656 88.369 10322.7 89430 
7658 88.369 10335 89520 
7659 88.369 10348.2 89490 
7660 88.369 10350.6 89550 
7662 88.369 10368.8 89670 
7663 88.369 10380.9 89580 
7664 88.369 10391.6 89760 
7665 88.369 10401.4 89820 
7666 88.369 10407.8 90030 
7667 88.369 10412.3 90090 
7669 88.369 10422.8 90240 
7670 88.369 10432.8 90330 
7671 88.369 10442 90300 
7673 88.369 10450.9 90510 
7675 88.369 10460.9 90480 
7677 88.369 10474.3 90510 
7679 88.369 10480.8 90780 
7682 88.369 10496.7 90750 
7683 88.369 10501.3 90960 
7686 88.369 10513.4 90990 
7688 88.369 10521.7 91200 
7691 88.369 10532.4 91230 
7693 88.369 10540.5 91230 
7695 88.369 10552.2 91650 
7697 88.369 10563.8 91770 
7701 88.369 10570.7 91710 
7707 88.369 10580.9 91440 
7710 88.369 10591.8 91260 
7712 88.369 10603.2 91170 
7713 88.369 10611.2 91170 
7716 88.369 10620 91110 
7719 88.369 10630.6 90900 
7727 88.369 10645 90240 
7730 88.369 10650.2 90180 
7733 88.369 10660.3 90720 
7736 88.369 10671.3 90750 
7739 88.369 10681.9 90720 
7743 88.369 10691.1 90990 
7747 88.369 10707.2 90780 
7748 88.369 10713 90900 
7750 88.369 10723.2 90870 
7753 88.369 10731.8 90810 
7756 88.369 10743.4 90600 
7758 88.369 10752.4 90930 
7762 88.369 10762 90690 
7769 88.369 10770.2 90570 
7772 88.369 10782.3 91170 
7775 88.369 10794.2 91140 
7778 88.369 10800.4 90960 
7783 88.369 10812.7 91050 
7790 88.369 10824.2 90780 
7794 88.369 10830.8 90450 
7803 88.369 10843.7 89940 
7806 88.369 10851.9 90480 
7815 88.369 10861.5 90060 
7827 88.369 10872 89580 
7841 88.369 10880.2 88980 
7859 88.369 10890.9 88530 
7867 88.369 10901.1 88230 
7870 88.369 10911.6 88530 
7874 88.369 10920.9 88500 
7878 88.369 10932.1 88560 
7880 88.369 10944.6 88770 
7882 88.369 10953.2 88830 
7886 88.369 10960.9 88890 
7891 88.369 10971.6 89160 
7895 88.369 10980.6 89430 
7909 88.369 10990.5 88590 
7920 88.369 11001.7 88140 
7925 88.369 11011.6 87900 
7939 88.369 11020.2 87570 
7959 88.369 11031.2 86850 
7972 88.369 11041.1 86730 
7984 88.369 11050.5 86070 
7989 88.369 11062.2 86010 
7992 88.369 11072 86040 
7995 88.369 11080.8 86250 
7998 88.369 11091.8 86550 
8000 88.369 11100.2 86640 
8004 88.369 11111.1 86670 
8009 88.369 11120 86760 
8012 88.369 11134.7 86820 
8013 88.369 11140.2 87090 
8026 88.369 11150 85890 
8034 88.369 11161 85380 
8036 88.369 11170.9 85770 
8038 88.369 11181.2 85500 
8044 88.369 11190.1 85560 
8053 88.369 11203.8 85260 
8055 88.369 11212.8 85470 
8057 88.369 11227.6 85680 
8059 88.369 11235 85740 
8060 88.369 11242.5 86010 
8062 88.369 11255 86310 
8065 88.369 11262.2 86190 
8067 88.369 11273.6 86430 
8072 88.369 11282 86520 
8076 88.369 11292.9 86910 
8077 88.369 11300.9 87030 
8080 88.369 11312.3 87090 
8082 88.369 11322.7 87300 
8084 88.369 11331.4 87630 
8086 88.369 11340.7 87510 
8089 88.369 11354.1 87630 
8092 88.369 11364.5 87870 
8095 88.369 11371.2 87630 
8099 88.369 11380 87660 
8103 88.369 11393.1 87510 
8110 88.369 11402.4 87690 
8114 88.369 11411.8 87300 
8119 88.369 11420.4 87330 
8124 88.369 11430.3 86940 
8138 88.369 11441 86160 
8141 88.369 11451 85800 
8144 88.369 11463 86100 
8147 88.369 11474.1 86040 
8149 88.369 11480.9 86160 
8152 88.369 11490 86040 
8156 88.369 11501.8 86190 
8163 88.369 11510 85650 
8167 88.369 11521.1 85800 
8181 88.369 11530.4 85110 
8186 88.369 11543.5 84990 
8188 88.369 11552.1 85440 
8195 88.369 11560.4 84960 
8200 88.369 11571.2 85080 
8206 88.369 11581 85320 
8213 88.369 11591.9 85530 
8217 88.369 11600.3 85950 
8223 88.369 11612.5 86160 
8232 88.369 11620.4 86100 
8242 88.369 11631.3 85950 
8255 88.369 11643.3 86100 
8260 88.369 11651.4 86370 
8265 88.369 11660.7 86520 
8270 88.369 11674.2 86670 
8272 88.369 11685.2 86970 
8274 88.369 11690.2 87210 
8277 88.369 11700.2 87300 
8282 88.369 11711.3 87690 
8288 88.369 11721 87690 
8294 88.369 11733.7 87720 
8296 88.369 11744.1 88080 
8300 88.369 11751.6 88320 
8305 88.369 11763.1 88260 
8310 88.369 11770.7 88080 
8315 88.369 11780.4 88020 
8319 88.369 11791.5 88230 
8323 88.369 11800.3 88410 
8331 88.369 11813.5 88230 
8334 88.369 11820.8 88440 
8340 88.369 11830.5 88020 
8344 88.369 11841.7 88290 
8348 88.369 11851.6 87990 
8352 88.369 11860.9 87780 
8354 88.369 11874.7 88170 
8356 88.369 11882.5 88050 
8358 88.369 11891.1 88230 
8360 88.369 11903.5 88290 
8363 88.369 11915.6 88650 
8364 88.369 11923 88860 
8368 88.369 11931.6 88770 
8372 88.369 11944.4 88920 
8374 88.369 11953.6 88950 
8376 88.369 11962.2 89220 
8379 88.369 11971.7 89400 
8382 88.369 11984.2 89280 
8386 88.369 11991.6 89160 
8395 88.369 12000.4 88740 
8406 88.369 12010.9 88170 
8415 88.369 12026 87840 
8417 88.369 12033.1 88230 
8424 88.369 12040.4 87870 
8429 88.369 12050.7 88110 
8437 88.369 12061.4 87870 
8444 88.369 12072.8 87540 
8446 88.369 12081.4 87840 
8450 88.369 12091.9 87690 
8455 88.369 12101.2 87840 
8457 88.369 12110.7 87870 
8462 88.369 12121.1 87660 
8464 88.369 12130 87210 
8469 88.369 12142.2 87120 
8474 88.369 12151.3 86790 
8481 88.369 12160.2 86220 
8489 88.369 12172.4 85950 
8495 88.369 12186.5 85890 
8498 88.369 12190.1 85980 
8505 88.369 12201.2 85860 
8511 88.369 12212.6 85470 
8514 88.369 12220.6 85830 
8521 88.369 12230.6 85920 
8525 88.369 12243.5 86130 
8527 88.369 12250.4 86310 
8529 88.369 12265.4 86460 
8531 88.369 12272 86700 
8538 88.369 12282.3 86490 
8542 88.369 12291.5 86130 
8547 88.369 12301.6 86280 
8553 88.369 12311.4 85710 
8555 88.369 12321.5 86040 
8559 88.369 12334.4 86220 
8564 88.369 12340.7 86100 
8574 88.369 12350.8 85260 
8580 88.369 12361.2 85050 
8587 88.369 12370.6 84900 
8591 88.369 12381.6 84900 
8596 88.369 12393.4 85140 
8599 88.369 12403.5 85410 
8603 88.369 12411.2 85650 
8606 88.369 12423.2 85680 
8611 88.369 12434.3 85830 
8614 88.369 12440.5 85740 
8619 88.369 12451.4 85980 
8621 88.369 12460.2 86160 
8623 88.369 12470.6 86400 
8626 88.369 12485.7 86790 
8628 88.369 12491.6 87120 
8631 88.369 12503.8 86910 
8633 88.369 12511.9 87360 
8637 88.369 12522.2 87570 
8641 88.369 12533.6 87840 
8643 88.369 12540.6 88260 
8646 88.369 12550.5 88050 
8649 88.369 12560.6 88770 
8651 88.369 12574.4 89130 
8654 88.369 12581 88920 
8657 88.369 12592.2 89010 
8663 88.369 12600.5 88590 
8668 88.369 12610.8 88710 
8674 88.369 12622.3 88110 
8676 88.369 12630.3 88200 
8679 88.369 12642.1 88320 
8684 88.369 12650.3 88290 
8691 88.369 12662 88350 
8694 88.369 12673.2 88410 
8698 88.369 12680.4 88560 
8701 88.369 12696.5 88290 
8702 88.369 12700.2 88230 
8705 88.369 12714.1 88200 
8707 88.369 12725.4 88230 
8709 88.369 12731.4 88260 
8713 88.369 12744.1 88020 
8714 88.369 12758.4 88080 
8715 88.369 12765.1 88140 
8723 88.369 12770.2 87930 
8727 88.369 12780.6 88050 
8729 88.369 12791.5 88170 
8733 88.369 12800.5 87840 
8736 88.369 12812.7 88020 
8738 88.369 12821.2 88290 
8741 88.369 12831.3 88440 
8748 88.369 12842.3 88410 
8760 88.369 12851.2 88680 
8770 88.369 12860.5 88920 
8779 88.369 12872.2 88890 
8788 88.369 12882.5 88920 
8793 88.369 12890.9 88890 
8803 88.369 12900.2 88500 
8812 88.369 12911.1 88140 
8820 88.369 12920.3 87600 
8824 88.369 12932.3 88020 
8831 88.369 12943 88110 
8839 88.369 12951.6 88110 
8852 88.369 12963.3 87450 
8855 88.369 12971.7 87600 
8860 88.369 12982.1 87570 
8862 88.369 12990.4 87690 
8865 88.369 13000.2 87900 
8870 88.369 13011.7 88230 
8876 88.369 13020.7 88200 
8881 88.369 13031.5 87900 
8886 88.369 13045.1 88080 
8890 88.369 13050.4 88290 
8897 88.369 13060.6 88350 
8906 88.369 13077 87900 
8907 88.369 13080.1 88050 
8914 88.369 13093.2 87930 
8918 88.369 13101.6 87990 
8921 88.369 13115.1 87960 
8922 88.369 13125.3 88380 
8923 88.369 13133.4 88590 
8925 88.369 13143.5 88740 
8927 88.369 13152.6 89040 
8929 88.369 13161 89280 
8932 88.369 13176.9 89550 
8933 88.369 13180.8 89670 
8940 88.369 13192.9 89550 
8943 88.369 13201.6 89610 
8948 88.369 13212.8 89280 
8949 88.369 13221.1 89250 
8951 88.369 13230.5 89610 
8954 88.369 13240.8 89550 
8958 88.369 13251.7 89670 
8963 88.369 13261.2 89400 
8973 88.369 13272 89010 
8976 88.369 13280.1 89310 
8978 88.369 13291.6 89400 
8981 88.369 13304.9 89490 
8983 88.369 13320.2 89370 
8984 88.369 13326.6 89520 
8985 88.369 13334.4 89490 
8988 88.369 13342.6 89190 
8992 88.369 13352.9 88890 
8996 88.369 13360.4 88770 
9005 88.369 13371.1 88110 
9008 88.369 13381.1 87990 
9022 88.369 13392.9 87540 
9026 88.369 13401.8 87540 
9030 88.369 13410.3 88170 
9037 88.369 13420.1 88290 
9047 88.369 13432.3 88740 
9053 88.369 13440.9 88830 
9060 88.369 13453.3 88710 
9062 88.369 13462 88830 
9067 88.369 13471.7 88980 
9074 88.369 13483.9 88950 
9078 88.369 13491.4 89340 
9093 88.369 13500.1 88800 
9101 88.369 13512 88500 
9104 88.369 13520 88680 
9112 88.369 13532.2 88470 
9119 88.369 13541.8 88260 
9124 88.369 13550.2 88260 
9129 88.369 13561.7 88290 
9135 88.369 13571.2 88200 
9138 88.369 13580.5 88170 
9145 88.369 13593.9 88170 
9147 88.369 13600.9 88380 
9150 88.369 13611.6 88470 
9151 88.369 13620.9 88710 
9155 88.369 13635.3 88830 
9156 88.369 13642.8 88950 
9157 88.369 13651.1 89130 
9158 88.369 13661.1 89370 
9159 88.369 13671.3 89310 
9161 88.369 13686.5 89640 
9163 88.369 13691.1 89670 
9165 88.369 13702 89640 
9168 88.369 13710.8 89760 
9170 88.369 13722 90240 
9173 88.369 13734.3 89880 
9176 88.369 13740.1 89940 
9181 88.369 13750.6 89940 
9185 88.369 13763.6 89970 
9193 88.369 13770.9 89580 
9202 88.369 13780.5 89490 
9215 88.369 13791.5 88890 
9219 88.369 13800.2 89010 
9227 88.369 13810.3 88860 
9231 88.369 13820.6 88890 
9235 88.369 13830.5 89100 
9240 88.369 13842.9 89340 
9244 88.369 13850.1 89160 
9251 88.369 13860.8 88830 
9258 88.369 13872.7 88740 
9261 88.369 13881.1 88770 
9270 88.369 13891.7 88350 
9274 88.369 13900.4 88230 
9276 88.369 13911.9 88440 
9279 88.369 13920.6 88890 
9282 88.369 13932.3 88920 
9284 88.369 13940.8 89070 
9289 88.369 13953.1 88980 
9292 88.369 13963.3 88950 
9295 88.369 13974.5 89100 
9298 88.369 13983.5 88860 
9300 88.369 13991.6 88950 
9303 88.369 14002.2 88980 
9306 88.369 14010.8 89370 
9311 88.369 14020.2 89280 
9316 88.369 14030.1 89280 
9320 88.369 14040.6 89610 
9322 88.369 14053.9 90060 
9324 88.369 14063.5 90480 
9327 88.369 14070.3 90480 
9334 88.369 14081.7 90180 
9337 88.369 14091.8 90360 
9347 88.369 14101.3 90120 
9361 88.369 14111 89940 
9374 88.369 14121.4 89490 
9391 88.369 14133.4 88320 
9395 88.369 14142.2 88590 
9398 88.369 14150.1 89070 
9408 88.369 14160.4 88920 
9419 88.369 14172.9 88980 
9423 88.369 14183.2 89280 
9427 88.369 14190.6 89460 
9442 88.369 14200 89100 
9457 88.369 14210.2 88380 
9467 88.369 14221.4 88380 
9470 88.369 14230.2 88410 
9472 88.369 14241.6 88440 
9474 88.369 14250.1 88710 
9476 88.369 14264.5 89040 
9478 88.369 14278.6 89280 
9479 88.369 14281.8 89340 
9481 88.369 14291.6 89340 
9483 88.369 14300.6 89700 
9484 88.369 14311.8 89730 
9486 88.369 14324.3 89850 
9488 88.369 14331.3 89880 
9491 88.369 14342.1 89700 
9493 88.369 14352 89940 
9495 88.369 14363.2 90420 
9498 88.369 14371.1 90450 
9500 88.369 14382 90690 
9505 88.369 14391.1 90750 
9508 88.369 14401 90810 
9513 88.369 14412.9 91050 
9516 88.369 14424.9 90930 
9521 88.369 14433.8 90660 
9525 88.369 14441.4 90750 
9527 88.369 14454.3 90840 
9531 88.369 14461.7 91170 
9533 88.369 14471.3 91200 
9542 88.369 14482.3 90900 
9546 88.369 14491.6 90810 
9552 88.369 14501.3 90630 
9565 88.369 14510.1 89700 
9579 88.369 14522.1 88890 
9586 88.369 14531.3 89130 
9602 88.369 14541 88920 
9612 88.369 14551.2 88860 
9616 88.369 14562.6 88890 
9618 88.369 14570.1 89130 
9642 88.369 14580.2 87540 
9657 88.369 14590.2 86940 
9671 88.369 14600.5 86610 
9677 88.369 14610 86910 
9681 88.369 14620.4 87090 
9686 88.369 14631.3 87210 
9690 88.369 14641.8 87270 
9695 88.369 14650.3 87750 
9699 88.369 14661 87660 
9706 88.369 14671.5 87330 
9713 88.369 14681.7 87270 
9717 88.369 14691.6 87270 
9728 88.369 14700.9 86850 
9738 88.369 14713.7 86550 
9748 88.369 14720.2 86520 
9752 88.369 14730 86640 
9758 88.369 14741.8 86790 
9762 88.369 14752.3 86970 
9769 88.369 14760.6 87240 
9773 88.369 14770.8 87390 
9781 88.369 14781.1 87360 
9794 88.369 14790.7 86970 
9803 88.369 14801.6 87090 
9812 88.369 14810.6 87300 
9823 88.369 14820.1 87090 
9843 88.369 14831.4 86970 
9861 88.369 14842.3 86760 
9869 88.369 14850.4 86760 
9882 88.369 14862.1 86490 
9900 88.369 14870.5 85920 
9917 88.369 14881.7 85710 
9923 88.369 14890.1 85830 
9929 88.369 14904.1 85830 
9933 88.369 14914.1 85950 
9943 88.369 14922.3 85890 
9950 88.369 14931.2 85980 
9958 88.369 14940.2 86160 
9967 88.369 14953.2 85980 
9972 88.369 14962.2 86130 
9975 88.369 14972.2 86280 
9977 88.369 14980.6 86280 
9980 88.369 14992.3 86520 
9985 88.369 15003 86430 
9987 88.369 15010.5 86310 
9990 88.369 15023.7 86520 
9992 88.369 15030.1 86700 
9997 88.369 15042.6 86700 
10002 88.369 15052.1 86970 
10004 88.369 15063.6 87090 
10006 88.369 15072.9 87150 
10008 88.369 15080.3 87540 
10010 88.369 15092.3 87510 
10012 88.369 15103.4 87720 
10013 88.369 15112.4 87810 
10014 88.369 15121.9 87900 
10016 88.369 15141.7 88140 
10017 88.369 15148.1 88350 
10018 88.369 15153.8 88500 
10019 88.369 15160.5 88470 
10021 88.369 15176 88710 
10022 88.369 15185.4 88800 
10023 88.369 15192.4 88860 
10025 88.369 15206.9 89070 
10027 88.369 15213.6 89190 
10029 88.369 15221 88980 
10034 88.369 15233.4 88770 
10037 88.369 15241.5 88650 
10039 88.369 15252.7 89040 
10041 88.369 15260.4 89040 
10048 88.369 15270 88860 
10054 88.369 15280.3 88680 
10059 88.369 15291 88830 
10061 88.369 15301.6 89010 
10064 88.369 15312.8 88710 
10067 88.369 15321.5 88650 
10070 88.369 15332.4 89010 
10074 88.369 15343.1 88980 
10079 88.369 15350.5 88980 
10084 88.369 15360.2 88770 
10088 88.369 15371 88590 
10090 88.369 15381.9 88980 
10093 88.369 15390.5 89100 
10096 88.369 15402.7 89040 
10097 88.369 15411.2 88920 
10099 88.369 15421.2 89160 
10103 88.369 15431 89190 
10105 88.369 15440.2 89130 
10108 88.369 15451.7 89040 
10112 88.369 15460.8 89160 
10117 88.369 15471.8 89100 
10121 88.369 15481.9 88950 
10127 88.369 15491.3 88740 
10133 88.369 15503 88350 
10141 88.369 15512.1 88140 
10145 88.369 15524.2 87990 
10146 88.369 15531.1 88140 
10148 88.369 15542.8 88350 
10149 88.369 15552.1 88290 
10154 88.369 15562.4 87810 
10157 88.369 15577.5 87960 
10158 88.369 15583.1 87990 
10161 88.369 15596.1 87780 
10163 88.369 15605.7 87840 
10164 88.369 15615.6 87990 
10165 88.369 15625.5 88140 
10166 88.369 15633.6 88260 
10168 88.369 15645.9 88320 
10170 88.369 15652.8 88290 
10177 88.369 15661.2 88290 
10183 88.369 15671.7 88110 
10187 88.369 15680 87930 
10193 88.369 15691.1 87930 
10197 88.369 15701.9 88200 
10208 88.369 15712.4 87810 
10215 88.369 15720.3 87690 
10225 88.369 15730.3 87660 
10230 88.369 15740.2 87690 
10243 88.369 15750.4 87480 
10249 88.369 15761.7 87390 
10263 88.369 15770.5 86850 
10270 88.369 15780.9 86880 
10287 88.369 15792.7 86220 
10295 88.369 15800.6 86370 
10306 88.369 15810.8 86460 
10321 88.369 15824.5 86490 
10329 88.369 15831.4 86310 
10341 88.369 15840.1 86490 
10363 88.369 15850.1 85290 
10376 88.369 15861.5 85260 
10380 88.369 15872.5 85260 
10385 88.369 15883.9 85200 
10388 88.369 15892 85500 
10400 88.369 15901.7 84780 
10411 88.369 15911.1 84120 
10415 88.369 15920.5 84060 
10431 88.369 15930.3 83760 
10441 88.369 15947.7 83940 
10443 88.369 15950.2 84210 
10447 88.369 15960.7 84300 
10451 88.369 15975.7 84420 
10454 88.369 15980.7 84360 
10464 88.369 15990.3 83880 
10470 88.369 16001.2 83550 
10472 88.369 16013.4 83700 
10474 88.369 16022.3 84000 
10478 88.369 16030.2 84030 
10488 88.369 16040.5 84090 
10498 88.369 16051.2 84210 
10500 88.369 16061.4 84330 
10503 88.369 16074.3 84360 
10504 88.369 16082.8 84390 
10505 88.369 16090.6 84510 
10506 88.369 16100.2 84510 
10511 88.369 16110.9 84270 
10514 88.369 16124.8 84390 
10516 88.369 16132.4 84420 
10520 88.369 16141.3 84120 
10522 88.369 16151.6 84420 
10524 88.369 16163.6 84600 
10526 88.369 16173.2 84450 
10528 88.369 16181.9 84660 
10531 88.369 16190.6 84510 
10533 88.369 16201.7 84510 
10536 88.369 16216.5 84390 
10537 88.369 16224.4 84540 
10540 88.369 16235.9 84330 
10541 88.369 16240 84330 
10544 88.369 16252.4 84600 
10548 88.369 16261.6 84360 
10553 88.369 16271.4 84180 
10555 88.369 16283.2 84360 
10557 88.369 16291.1 84600 
10560 88.369 16302.1 84480 
10563 88.369 16314.2 84690 
10565 88.369 16322.2 84810 
10567 88.369 16330.5 85020 
10572 88.369 16340.6 85440 
10576 88.369 16351.9 85560 
10581 88.369 16360.3 85470 
10585 88.369 16371.2 85710 
10588 88.369 16380.8 85890 
10594 88.369 16391.1 85860 
10604 88.369 16400.6 85860 
10635 88.369 16412.2 84510 
10652 88.369 16420.6 84450 
10661 88.369 16430.7 84570 
10671 88.369 16441.5 84360 
10676 88.369 16451.5 84450 
10681 88.369 16461.9 84600 
10686 88.369 16470.7 84870 
10700 88.369 16481.4 84420 
10705 88.369 16490.7 84720 
10718 88.369 16500.7 84540 
10722 88.369 16511.5 84630 
10728 88.369 16521.6 84810 
10741 88.369 16533.3 84150 
10748 88.369 16541.8 84360 
10760 88.369 16550.3 84090 
10766 88.369 16563.1 84300 
10771 88.369 16570.1 84630 
10781 88.369 16581.9 84450 
10789 88.369 16590 84390 
10793 88.369 16600.2 84450 
10819 88.369 16610.9 83550 
10838 88.369 16621.1 83250 
10843 88.369 16630.2 83190 
10851 88.369 16641.5 83430 
10861 88.369 16654.6 83490 
10866 88.369 16661.5 83700 
10872 88.369 16670.2 83880 
10875 88.369 16680.3 84120 
10878 88.369 16691.1 84000 
10880 88.369 16700.6 83880 
10882 88.369 16712.1 84090 
10884 88.369 16722.3 84300 
10888 88.369 16730.9 83940 
10896 88.369 16741.9 83790 
10901 88.369 16754 83670 
10903 88.369 16763.1 84060 
10907 88.369 16772 83940 
10912 88.369 16781.2 83910 
10915 88.369 16791.7 83850 
10920 88.369 16800.7 83970 
10926 88.369 16810.6 83970 
10932 88.369 16822.5 84180 
10937 88.369 16831.6 83880 
10939 88.369 16841.8 84150 
10944 88.369 16853.1 83850 
10948 88.369 16860.5 83670 
10953 88.369 16871.1 83550 
10956 88.369 16881.5 83820 
10960 88.369 16890.2 83880 
10965 88.369 16900.4 83910 
10972 88.369 16911.6 83850 
10979 88.369 16923.9 83550 
10983 88.369 16930.5 83460 
11002 88.369 16942.6 82770 
11008 88.369 16950.9 82830 
11017 88.369 16960.3 82920 
11022 88.369 16974.9 82890 
11038 88.369 16981.6 81780 
11047 88.369 16990.5 81510 
11053 88.369 17004 81810 
11056 88.369 17010.1 82020 
11066 88.369 17020.8 81780 
11072 88.369 17033.3 82050 
11076 88.369 17041.5 82080 
11080 88.369 17054 82170 
11083 88.369 17063.8 82500 
11087 88.369 17076.2 82410 
11088 88.369 17080.1 82530 
11091 88.369 17094.8 82920 
11092 88.369 17100.7 83010 
11095 88.369 17114.7 82980 
11096 88.369 17124.9 83010 
11097 88.369 17130 83100 
11101 88.369 17141.3 83460 
11103 88.369 17154 83370 
11104 88.369 17161 83700 
11106 88.369 17172.4 84060 
11109 88.369 17184 84150 
11112 88.369 17190.8 84240 
11116 88.369 17205.7 84060 
11118 88.369 17210.7 84120 
11122 88.369 17225.5 83850 
11130 88.369 17232 83670 
11135 88.369 17243.4 83490 
11141 88.369 17250.1 83520 
11146 88.369 17263.9 83370 
11151 88.369 17273.2 83670 
11157 88.369 17282.4 84270 
11173 88.369 17290.1 84150 
11192 88.369 17300.1 83640 
11216 88.369 17312.4 82710 
11226 88.369 17320.2 82950 
11239 88.369 17331 82620 
11241 88.369 17341.3 82920 
11244 88.369 17350.2 82860 
11250 88.369 17363.1 82590 
11254 88.369 17370.3 82740 
11261 88.369 17380.8 82860 
11270 88.369 17390 83100 
11298 88.369 17401.3 82260 
11318 88.369 17410.9 81480 
11331 88.369 17420.2 81180 
11339 88.369 17430.2 81390 
11350 88.369 17440.2 81450 
11365 88.369 17450.1 81480 
11372 88.369 17460.4 81240 
11376 88.369 17471.8 81330 
11380 88.369 17484.5 81780 
11382 88.369 17495.7 81990 
11384 88.369 17500.3 82020 
11388 88.369 17511 81990 
11397 88.369 17522.6 81750 
11415 88.369 17530.1 81180 
11435 88.369 17542 80820 
11441 88.369 17550.3 80940 
11452 88.369 17561.9 80700 
11466 88.369 17571.4 80460 
11472 88.369 17581.6 80550 
11477 88.369 17591.1 80850 
11487 88.369 17600 81030 
11498 88.369 17611.8 81060 
11504 88.369 17620.5 80970 
11508 88.369 17632.5 80910 
11509 88.369 17640.1 80970 
11511 88.369 17654.5 81510 
11513 88.369 17669.3 81750 
11514 88.369 17673.8 81900 
11516 88.369 17681.7 82170 
11520 88.369 17691.7 81870 
11522 88.369 17708.5 82080 
11523 88.369 17711.7 82500 
11524 88.369 17720 82440 
11527 88.369 17731.9 82770 
11532 88.369 17742.9 82800 
11535 88.369 17750.9 82770 
11538 88.369 17762.2 83100 
11544 88.369 17772.4 82770 
11547 88.369 17784 82530 
11549 88.369 17790.1 82650 
11552 88.369 17802.7 82920 
11555 88.369 17810.7 82950 
11561 88.369 17822.3 83100 
11563 88.369 17831.2 83250 
11564 88.369 17845.6 83280 
11566 88.369 17852.6 83460 
11568 88.369 17860.4 83430 
11570 88.369 17871.9 83550 
11572 88.369 17882.9 83550 
11574 88.369 17890.5 83580 
11577 88.369 17903.5 83520 
11578 88.369 17911.4 83610 
11580 88.369 17929.7 83940 
11581 88.369 17937.1 84090 
11582 88.369 17944.7 84420 
11584 88.369 17950.7 84450 
11586 88.369 17960.8 84270 
11588 88.369 17971 84390 
11597 88.369 17981.5 83910 
11599 88.369 17991.6 83970 
11602 88.369 18002.1 84000 
11606 88.369 18017.1 83850 
11607 88.369 18020.4 83940 
11609 88.369 18038 84000 
11610 88.369 18043.4 84000 
11611 88.369 18054.7 84030 
11612 88.369 18066 84000 
11613 88.369 18073.5 84390 
11614 88.369 18082.7 84330 
11615 88.369 18090.4 84420 
11617 88.369 18101 84480 
11619 88.369 18110.1 84570 
11622 88.369 18124.9 84600 
11623 88.369 18133.8 84540 
11626 88.369 18142.1 84300 
11627 88.369 18153.7 84210 
11629 88.369 18162.1 84540 
11632 88.369 18172.3 84660 
11637 88.369 18187.5 84600 
11639 88.369 18195 84510 
11640 88.369 18200.7 84540 
11642 88.369 18216.1 84750 
11643 88.369 18225.3 84900 
11645 88.369 18243 84900 
11646 88.369 18248 85170 
11647 88.369 18254.1 85380 
11648 88.369 18263.1 85350 
11651 88.369 18274.8 85500 
11652 88.369 18281 85590 
11654 88.369 18290.8 85980 
11656 88.369 18305.8 86100 
11657 88.369 18313.4 86130 
11658 88.369 18320 86100 
11664 88.369 18330.1 86580 
11668 88.369 18342.5 86790 
11669 88.369 18353.5 86850 
11672 88.369 18360.6 86970 
11676 88.369 18373.9 86820 
11681 88.369 18383.1 86970 
11684 88.369 18393.6 87030 
11686 88.369 18400.7 87030 
11691 88.369 18415.6 86760 
11694 88.369 18426.6 86970 
11695 88.369 18430.2 87150 
11699 88.369 18441.8 86820 
11703 88.369 18451.8 86730 
11707 88.369 18460.4 87000 
11712 88.369 18471.3 87240 
11715 88.369 18480.3 87600 
11722 88.369 18491.2 87360 
11726 88.369 18500.4 87360 
11731 88.369 18510.6 87090 
11736 88.369 18520.1 87000 
11740 88.369 18530.5 87150 
11745 88.369 18540.8 87660 
11756 88.369 18550.3 87540 
11762 88.369 18561 87570 
11766 88.369 18571.3 87330 
11770 88.369 18583.6 87570 
11772 88.369 18590.7 87570 
11775 88.369 18603.8 87720 
11777 88.369 18610.1 87660 
11786 88.369 18620.6 87330 
11800 88.369 18632.4 86070 
11808 88.369 18642.5 86070 
11810 88.369 18651.1 86190 
11814 88.369 18664.6 86250 
11817 88.369 18670.7 86160 
11822 88.369 18682 86010 
11828 88.369 18692.1 85770 
11832 88.369 18700.1 85710 
11843 88.369 18710.8 85590 
11852 88.369 18720.2 85800 
11879 88.369 18730.7 85470 
11884 88.369 18741 85170 
11893 88.369 18752.1 84690 
11897 88.369 18762.3 85020 
11902 88.369 18770.6 85200 
11911 88.369 18781.2 85080 
11920 88.369 18790.1 85050 
11926 88.369 18800.9 85110 
11932 88.369 18810.7 85140 
11941 88.369 18822.1 85050 
11945 88.369 18830.8 85380 
11950 88.369 18840.2 85560 
11957 88.369 18850.4 85740 
11963 88.369 18862.6 85920 
11965 88.369 18870.7 86010 
11969 88.369 18881 86280 
11974 88.369 18893.3 86160 
11976 88.369 18902.6 86550 
11980 88.369 18910.8 86460 
11984 88.369 18920.9 86610 
11989 88.369 18930.5 86520 
11996 88.369 18942.9 86070 
12002 88.369 18953.7 85260 
12006 88.369 18963.9 85470 
12010 88.369 18970.2 85800 
12014 88.369 18981.6 85800 
12018 88.369 18992.4 85800 
12021 88.369 19002.9 85800 
12025 88.369 19014 86070 
12028 88.369 19021 85830 
12034 88.369 19033.3 85740 
12037 88.369 19044.7 85950 
12039 88.369 19053 86130 
12042 88.369 19060.1 86670 
12047 88.369 19071.4 86520 
12050 88.369 19080.4 86550 
12055 88.369 19091.2 86670 
12058 88.369 19102.1 86850 
12061 88.369 19115.4 86610 
12064 88.369 19123 86700 
12067 88.369 19132 86580 
12069 88.369 19140.5 86400 
12076 88.369 19152 86610 
12084 88.369 19163.7 86220 
12088 88.369 19171.9 86100 
12090 88.369 19184.7 85980 
12094 88.369 19193.5 85980 
12095 88.369 19200.4 86070 
12099 88.369 19211.7 85890 
12107 88.369 19220.4 85530 
12111 88.369 19233.1 85710 
12114 88.369 19242.8 85860 
12116 88.369 19252.6 85860 
12119 88.369 19261.2 85800 
12127 88.369 19272 85710 
12131 88.369 19280.9 85650 
12135 88.369 19290.8 86010 
12140 88.369 19300.7 86100 
12147 88.369 19310.6 86430 
12152 88.369 19321.6 86550 
12162 88.369 19330.9 86010 
12164 88.369 19342.4 86160 
12167 88.369 19351.3 86280 
12173 88.369 19360.6 86250 
12183 88.369 19370.8 85830 
12191 88.369 19380.5 85470 
12195 88.369 19391 86010 
12200 88.369 19401.8 86010 
12206 88.369 19411.1 86040 
12212 88.369 19421 86070 
12215 88.369 19431.8 86070 
12218 88.369 19441.3 86220 
12223 88.369 19451.3 86340 
12230 88.369 19460.3 86340 
12238 88.369 19474 86280 
12247 88.369 19482 85530 
12252 88.369 19491.2 85020 
12258 88.369 19505.5 85110 
12261 88.369 19510.2 84570 
12263 88.369 19520.1 84780 
12267 88.369 19532.8 84960 
12268 88.369 19540 85170 
12271 88.369 19550.2 85350 
12272 88.369 19562.6 85320 
12275 88.369 19573.9 85650 
12278 88.369 19582.3 85980 
12284 88.369 19591.7 85800 
12287 88.369 19601 86400 
12293 88.369 19610.9 86130 
12299 88.369 19621.9 86280 
12303 88.369 19630.5 86490 
12311 88.369 19642.5 86400 
12315 88.369 19652.4 86520 
12320 88.369 19663.7 86730 
12323 88.369 19670.6 86700 
12327 88.369 19681.3 87060 
12333 88.369 19691.6 87030 
12339 88.369 19700.2 86760 
12343 88.369 19711.1 87060 
12347 88.369 19721.8 87240 
12351 88.369 19733.4 87540 
12353 88.369 19744.4 87690 
12356 88.369 19750.1 87600 
12361 88.369 19762.5 87690 
12364 88.369 19771.8 87870 
12369 88.369 19780.6 88020 
12372 88.369 19793.9 88020 
12374 88.369 19804.7 88470 
12376 88.369 19810.1 88260 
12384 88.369 19820.9 88110 
12395 88.369 19832.8 86940 
12398 88.369 19842.3 86700 
12403 88.369 19852.4 86670 
12409 88.369 19861.8 86490 
12413 88.369 19871.7 86490 
12420 88.369 19881.3 86100 
12425 88.369 19891.7 86130 
12432 88.369 19902.7 85530 
12438 88.369 19911.3 85500 
12448 88.369 19920.1 85170 
12454 88.369 19930.7 85320 
12475 88.369 19943.3 84060 
12480 88.369 19951.3 84060 
12487 88.369 19963 83910 
12491 88.369 19970.9 84030 
12496 88.369 19980.3 84030 
12498 88.369 19993.1 84330 
12501 88.369 20001 84300 
12506 88.369 20012.7 84390 
12516 88.369 20023.6 83970 
12520 88.369 20030.7 84390 
12523 88.369 20042.3 84660 
12528 88.369 20051.4 84690 
12530 88.369 20062.7 84780 
12533 88.369 20073.8 85320 
12537 88.369 20082.6 85560 
12539 88.369 20090.6 85770 
12542 88.369 20106.4 85650 
12544 88.369 20111.6 85860 
12546 88.369 20123.3 85770 
12548 88.369 20130.4 85650 
12551 88.369 20140.9 85800 
12554 88.369 20151.2 85800 
12557 88.369 20164.4 86040 
12559 88.369 20174 86280 
12561 88.369 20182.2 86400 
12564 88.369 20191.8 86340 
12566 88.369 20200.5 86670 
12569 88.369 20214.1 86730 
12572 88.369 20223.8 86610 
12573 88.369 20231.7 86760 
12574 88.369 20244.1 86820 
12575 88.369 20251.5 86940 
12577 88.369 20266.9 87120 
12578 88.369 20274.7 87120 
12579 88.369 20280.6 87210 
12584 88.369 20290.7 86760 
12586 88.369 20303.5 87000 
12590 88.369 20312.2 86910 
12598 88.369 20321.3 86520 
12608 88.369 20331.7 86370 
12619 88.369 20340.6 85470 
12624 88.369 20350.9 85050 
12628 88.369 20360.1 85200 
12631 88.369 20370.8 85650 
12636 88.369 20382.4 85620 
12642 88.369 20390.2 85650 
12648 88.369 20400.3 85860 
12724 88.369 20412.4 81390 
12777 88.369 20420.6 79770 
12850 88.369 20430.4 76020 
13264 89.6681 20487.3 900 
13265 89.6821 20464.9 870 
13306 90.4123 20525 90 
