# Avida time data
# Tue Jun  5 10:54:34 2018
#  1: update
#  2: avida time
#  3: average generation
#  4: num_executed?

0 0 0.134722 108000 
100 0.864952 13.7739 108000 
200 1.75374 27.9428 108000 
300 2.64317 42.1658 108000 
400 3.53205 56.4536 108000 
500 4.42142 70.8169 108000 
600 5.31044 85.1147 108000 
700 6.20101 99.3881 108000 
800 7.09169 113.605 108000 
900 7.98367 127.927 108000 
1000 8.8772 142.591 108000 
1100 9.77155 157.25 108000 
1200 10.6657 171.98 108000 
1300 11.5596 186.623 108000 
1400 12.4547 201.061 108000 
1500 13.3506 216.084 108000 
1600 14.2471 230.913 108000 
1700 15.1446 246.017 108000 
1800 16.0401 260.892 108000 
1900 16.9356 275.72 108000 
2000 17.8315 290.279 108000 
2100 18.7271 305.882 108000 
2200 19.623 321.431 108000 
2300 20.5183 336.536 108000 
2400 21.4136 351.346 108000 
2500 22.3093 366.457 108000 
2600 23.2053 381.133 108000 
2700 24.1018 395.866 108000 
2800 24.9994 410.852 108000 
2900 25.8958 425.594 108000 
3000 26.7931 440.087 108000 
3100 27.6907 454.553 108000 
3200 28.5884 469.836 108000 
3300 29.4859 484.421 108000 
3400 30.3825 499.049 108000 
3500 31.2797 514.31 108000 
3600 32.1762 528.494 108000 
3700 33.0748 542.604 108000 
3800 33.9732 557.651 108000 
3900 34.8725 572.157 108000 
4000 35.7721 586.294 108000 
4100 36.6722 600.61 108000 
4200 37.5724 614.679 108000 
4300 38.4736 628.956 108000 
4400 39.3752 643.488 108000 
4500 40.2767 658.244 108000 
4600 41.1763 673.227 108000 
4700 42.076 688.691 108000 
4800 42.9763 703.023 108000 
4900 43.8769 718.287 108000 
5000 44.7754 733.452 108000 
5100 45.6738 748.011 108000 
5200 46.5724 762.92 108000 
5300 47.4709 777.447 108000 
5400 48.3701 792.12 108000 
5500 49.2698 807.997 108000 
5600 50.1702 822.407 108000 
5700 51.0705 836.905 108000 
5800 51.9701 851.16 108000 
5900 52.8703 865.856 108000 
6000 53.7697 881.021 108000 
6100 54.6689 895.155 108000 
6200 55.5694 910.523 108000 
6300 56.4692 925.337 108000 
6400 57.3681 939.991 108000 
6500 58.2675 954.938 108000 
6600 59.1672 969.241 108000 
6700 60.0662 984.173 108000 
6800 60.9644 999.284 108000 
6900 61.8634 1014.35 108000 
7000 62.7632 1028.71 108000 
7100 63.663 1043.87 108000 
7200 64.5621 1058.31 108000 
7300 65.4617 1072.96 108000 
7400 66.3629 1086.78 108000 
7500 67.2636 1101.11 108000 
7600 68.1649 1115.55 108000 
7700 69.066 1130.35 108000 
7800 69.9672 1145.05 108000 
7900 70.869 1159.72 108000 
8000 71.7706 1174.61 108000 
8100 72.6717 1189.22 108000 
8200 73.5719 1203.61 108000 
8300 74.4727 1218.77 108000 
8400 75.3734 1232.61 108000 
8500 76.2754 1246.95 108000 
8600 77.1787 1261.07 108000 
8700 78.0835 1275.84 108000 
8800 78.9892 1289.96 108000 
8900 79.8957 1304.26 108000 
9000 80.8016 1319.06 108000 
9100 81.7074 1333.51 108000 
9200 82.6114 1347.48 108000 
9300 83.5161 1361.98 108000 
9400 84.4197 1376.26 108000 
9500 85.3223 1390.68 108000 
9600 86.2232 1404.68 108000 
9700 87.1248 1418.95 108000 
9800 88.025 1433.76 108000 
9900 88.9256 1447.79 108000 
10000 89.8279 1461.91 108000 
10100 90.7302 1476.24 108000 
10200 91.6312 1490.69 108000 
10300 92.5331 1505.9 108000 
10400 93.4352 1520.66 108000 
10500 94.3362 1535.54 108000 
10600 95.2378 1549.49 108000 
10700 96.1392 1563.93 108000 
10800 97.0426 1579.07 108000 
10900 97.9455 1593.17 108000 
11000 98.849 1607.67 108000 
11100 99.7519 1621.88 108000 
11200 100.655 1636.05 108000 
11300 101.559 1649.29 108000 
11400 102.463 1662.98 108000 
11500 103.368 1677.84 108000 
11600 104.273 1691.37 108000 
11700 105.179 1705.1 108000 
11800 106.084 1719.28 108000 
11900 106.989 1733.8 108000 
12000 107.894 1747.72 108000 
12100 108.8 1761.68 108000 
12200 109.706 1775.46 108000 
12300 110.613 1789.43 108000 
12400 111.52 1804.43 108000 
12500 112.426 1818.94 108000 
12600 113.333 1833.25 108000 
12700 114.238 1847.8 108000 
12800 115.146 1862.64 108000 
12900 116.053 1876.92 108000 
13000 116.96 1892.06 108000 
13100 117.866 1907.01 108000 
13200 118.772 1921.29 108000 
13300 119.679 1935.82 108000 
13400 120.585 1949.92 108000 
13500 121.49 1964.41 108000 
13600 122.396 1977.97 108000 
13700 123.302 1992.64 108000 
13800 124.208 2007.17 108000 
13900 125.114 2021.86 108000 
14000 126.021 2036.18 108000 
14100 126.927 2050.62 108000 
14200 127.834 2065.18 108000 
14300 128.741 2079.42 108000 
14400 129.647 2093.71 108000 
14500 130.553 2108.83 108000 
14600 131.458 2123.01 108000 
14700 132.362 2137.17 108000 
14800 133.263 2151.43 108000 
14900 134.164 2166.21 108000 
15000 135.06 2180.01 108000 
15100 135.955 2193.79 108000 
15200 136.849 2208.22 108000 
15300 137.74 2222.47 108000 
15400 138.631 2236.49 108000 
15500 139.522 2251.09 108000 
15600 140.413 2265.6 108000 
15700 141.304 2279.91 108000 
15800 142.194 2294.27 108000 
15900 143.085 2308.69 108000 
16000 143.979 2323.23 108000 
16100 144.873 2337.74 108000 
16200 145.768 2352.35 108000 
16300 146.665 2366.93 108000 
16400 147.564 2381.79 108000 
16500 148.46 2396.42 108000 
16600 149.358 2410.85 108000 
16700 150.256 2425.6 108000 
16800 151.154 2440.15 108000 
16900 152.052 2454.58 108000 
17000 152.951 2469.5 108000 
17100 153.849 2484.05 108000 
17200 154.748 2498.6 108000 
17300 155.647 2513.04 108000 
17400 156.546 2528.39 108000 
17500 157.445 2543.13 108000 
17600 158.343 2557.85 108000 
17700 159.24 2572.2 108000 
17800 160.137 2586.94 108000 
17900 161.037 2602.04 108000 
18000 161.937 2616.85 108000 
18100 162.837 2631.53 108000 
18200 163.736 2646.23 108000 
18300 164.634 2660.87 108000 
18400 165.532 2675.68 108000 
18500 166.431 2690.24 108000 
18600 167.331 2704.83 108000 
18700 168.231 2719.3 108000 
18800 169.131 2735.05 108000 
18900 170.032 2749.98 108000 
19000 170.933 2765.2 108000 
19100 171.833 2779.94 108000 
19200 172.735 2794.72 108000 
19300 173.637 2809.37 108000 
19400 174.538 2824.07 108000 
19500 175.44 2838.83 108000 
19600 176.341 2854.04 108000 
19700 177.243 2868.81 108000 
19800 178.145 2883.75 108000 
19900 179.049 2898.18 108000 
20000 179.952 2913.05 108000 
20100 180.856 2926.78 108000 
20200 181.759 2941.69 108000 
20300 182.663 2956.89 108000 
20400 183.567 2971.43 108000 
20500 184.471 2985.66 108000 
20600 185.375 3000.42 108000 
20700 186.279 3015.03 108000 
20800 187.184 3029.61 108000 
20900 188.089 3044.63 108000 
21000 188.994 3059.25 108000 
21100 189.901 3074.24 108000 
21200 190.808 3088.49 108000 
21300 191.712 3103.33 108000 
21400 192.618 3117.37 108000 
21500 193.523 3132.03 108000 
21600 194.428 3146.6 108000 
21700 195.331 3161.35 108000 
21800 196.235 3176.14 108000 
21900 197.14 3191.61 108000 
22000 198.043 3206.46 108000 
22100 198.946 3221.62 108000 
22200 199.849 3236.05 108000 
22300 200.753 3250.94 108000 
22400 201.656 3265.88 108000 
22500 202.559 3280.88 108000 
22600 203.463 3295.75 108000 
22700 204.366 3311.08 108000 
22800 205.269 3325.78 108000 
22900 206.172 3340.62 108000 
23000 207.075 3355.47 108000 
23100 207.975 3370.42 108000 
23200 208.877 3385.21 108000 
23300 209.776 3399.7 108000 
23400 210.676 3414.76 108000 
23500 211.575 3429.54 108000 
23600 212.476 3444.23 108000 
23700 213.376 3459.12 108000 
23800 214.275 3474.26 108000 
23900 215.174 3489.31 108000 
24000 216.073 3504.61 108000 
24100 216.972 3519.82 108000 
24200 217.87 3534.92 108000 
24300 218.768 3549.85 108000 
24400 219.665 3564.96 108000 
24500 220.563 3579.84 108000 
24600 221.461 3594.72 108000 
24700 222.359 3609.84 108000 
24800 223.256 3625.16 108000 
24900 224.154 3639.93 108000 
25000 225.052 3654.67 108000 
25100 225.95 3669.7 108000 
25200 226.847 3684.51 108000 
25300 227.745 3699.24 108000 
25400 228.643 3713.92 108000 
25500 229.541 3728.69 108000 
25600 230.441 3743.27 108000 
25700 231.342 3757.98 108000 
