# Avida Average Data
# Thu Jun  7 12:34:18 2018
#  1: Update
#  2: Merit
#  3: Gestation Time
#  4: Fitness
#  5: Repro Rate?
#  6: (deprecated) Size
#  7: Copied Size
#  8: Executed Size
#  9: (deprecated) Abundance
# 10: Proportion of organisms that gave birth in this update
# 11: Proportion of Breed True Organisms
# 12: (deprecated) Genotype Depth
# 13: Generation
# 14: Neutral Metric
# 15: Lineage Label
# 16: True Replication Rate (based on births/update, time-averaged)

0 50 348 0 0 0 100 97 0 1 1 0 0 0 0 0 
100 0.204918 347.967 0.278668 0 0 99.9713 96.9672 0 0 0 0 7.97131 2.68637 0 0 
200 0.000937144 348.179 0.278113 0 0 99.9408 96.8439 0 0 0 0 15.9772 2.76119 0 0 
300 6.54989e-06 348.63 0.277859 0 0 100.016 96.8783 0 0 0 0 22.9847 2.79378 0 0 
400 258.801 342.462 0.277133 0 0 97.7358 94.9072 0 0.06 0.0533333 0 43.5128 2.05822 0 0 
500 364.059 342.595 0.276978 0 0 97.7186 94.8703 0 0.0483333 0.0425 0 56.24 1.47562 0 0.173379 
600 510.663 343.164 0.276233 0 0 97.8983 94.7989 0 0.0752778 0.065 0 73.8558 1.26818 0 0.353561 
700 540.62 343.377 0.276306 0 0 97.9592 94.88 0 0.0555556 0.0444444 0 84.2544 1.26589 0 0.569367 
800 544.868 343.574 0.275986 0 0 97.9594 94.8286 0 0.0575 0.0494444 0 93.69 1.14286 0 0.787621 
900 578.109 344.294 0.275667 0 0 97.9881 94.8614 0 0.0616667 0.0563889 0 104.244 0.11881 0 0.957453 
1000 731.083 345.567 0.275858 0 0 98.1883 95.11 0 0.0436111 0.0361111 0 119.157 -3.46427 0 1.10213 
1100 778.342 345.118 0.276154 0 0 98.3475 95.3119 0 0.0697222 0.0608333 0 132.286 -5.6174 0 1.22273 
1200 857.01 347.639 0.275581 0 0 98.9297 95.8022 0 0.0433333 0.0372222 0 143.043 -7.54256 0 1.33505 
1300 915.965 352.074 0.275264 0 0 99.9969 96.8736 0 0.0675 0.0588889 0 154.382 -10.4311 0 1.46434 
1400 996.455 355.994 0.275215 0 0 101.013 97.9106 0 0.0630556 0.0544444 0 165.885 -12.9966 0 1.62196 
1500 1040.92 355.611 0.276778 0 0 101.249 98.1892 0 0.0552778 0.0511111 0 176.517 -14.7433 0 1.76238 
1600 1062.89 350.845 0.284715 0 0 101.604 98.4778 0 0.0522222 0.0475 0 186.815 -14.4643 0 1.8692 
1700 1051.43 329.381 0.309115 0 0 102.091 98.9789 0 0.0625 0.0580556 0 198.846 -12.8752 0 1.9745 
1800 1030.64 297.436 0.350532 0 0 103.161 100.08 0 0.0858333 0.0766667 0 214.536 -9.5421 0 2.09804 
1900 1027.66 279.368 0.372814 0 0 103.724 100.644 0 0.0911111 0.0811111 0 229.201 -7.68547 0 2.22564 
2000 1047.66 275.27 0.378264 0 0 103.89 100.845 0 0.0755556 0.0683333 0 241.843 -6.66979 0 2.34742 
2100 1061.07 277.34 0.378266 0 0 103.927 100.861 0 0.0766667 0.0669444 0 254.225 -5.23555 0 2.46525 
2200 1149.13 274.323 0.379345 0 0 103.917 100.795 0 0.0605556 0.0508333 0 268.619 -2.48651 0 2.58342 
2300 1249.12 273.598 0.379666 0 0 103.933 100.873 0 0.0797222 0.0713889 0 285.134 2.16074 0 2.71266 
2400 1289.39 274.931 0.379035 0 0 103.964 100.823 0 0.0769444 0.0677778 0 299.652 3.77549 0 2.84568 
2500 1304.4 273.532 0.379926 0 0 103.952 100.907 0 0.0808333 0.0722222 0 312.53 4.92996 0 2.97971 
2600 1310.93 274.608 0.379292 0 0 103.911 100.824 0 0.0725 0.0608333 0 324.612 5.10894 0 3.10999 
2700 1331.1 272.599 0.380423 0 0 103.976 100.922 0 0.0644444 0.0577778 0 336.575 6.67654 0 3.21781 
2800 1311.54 272.005 0.38049 0 0 103.954 100.881 0 0.0766667 0.0663889 0 348.516 6.19008 0 3.28137 
2900 1335.11 277.274 0.37807 0 0 103.956 100.852 0 0.0636111 0.0527778 0 360.333 6.17233 0 3.30125 
3000 1326.15 274.319 0.379506 0 0 103.952 100.902 0 0.0672222 0.055 0 372.311 6.13305 0 3.30431 
3100 1334.47 275.843 0.378826 0 0 103.966 100.852 0 0.0638889 0.0569444 0 384.205 5.66365 0 3.30029 
3200 1321.71 271.993 0.380556 0 0 104.004 100.897 0 0.0683333 0.0591667 0 396.034 5.09954 0 3.29853 
3300 1310.48 276.836 0.378348 0 0 103.954 100.895 0 0.0775 0.0694444 0 408.01 4.65759 0 3.29372 
3400 1314.15 274.231 0.37957 0 0 103.983 100.898 0 0.0752778 0.0655556 0 419.941 4.86851 0 3.29445 
3500 1309.34 274.233 0.37945 0 0 104.011 100.907 0 0.0822222 0.0738889 0 431.835 4.60891 0 3.29662 
3600 1305.06 274.962 0.378986 0 0 103.96 100.863 0 0.0827778 0.0722222 0 443.737 5.08643 0 3.30298 
3700 1313.77 272.652 0.380317 0 0 103.98 100.912 0 0.07 0.0622222 0 455.625 4.92924 0 3.3062 
3800 1287.55 274.479 0.3802 0 0 104.031 100.947 0 0.0941667 0.0838889 0 467.666 6.1849 0 3.30769 
3900 1320.82 271.294 0.383092 0 0 104.012 100.941 0 0.0747222 0.0655556 0 479.914 5.86166 0 3.31215 
4000 1296.07 269.118 0.386084 0 0 103.964 100.828 0 0.0886111 0.0772222 0 492.508 5.71522 0 3.31902 
4100 1332.05 264.428 0.391074 0 0 104.119 101.028 0 0.0766667 0.0655556 0 505.659 5.45068 0 3.33488 
4200 1370.29 261.511 0.396504 0 0 104.267 101.11 0 0.0791667 0.0722222 0 520.276 7.06787 0 3.37392 
4300 1447.87 261.721 0.398182 0 0 104.226 101.079 0 0.0719444 0.0630556 0 535.701 7.66877 0 3.44856 
4400 1475.23 263.546 0.395996 0 0 104.286 101.179 0 0.0761111 0.0663889 0 549.375 8.81321 0 3.5367 
4500 1505.66 264.23 0.394828 0 0 104.29 101.218 0 0.0727778 0.0636111 0 562.192 9.58194 0 3.63606 
4600 1522.11 264.209 0.395564 0 0 104.219 101.147 0 0.0761111 0.0666667 0 574.959 9.91018 0 3.74317 
4700 1519.33 258.124 0.404202 0 0 104.337 101.234 0 0.0894444 0.0811111 0 588.722 10.7774 0 3.84358 
4800 1550.81 247.863 0.417787 0 0 104.539 101.407 0 0.0819444 0.0694444 0 603.839 11.5114 0 3.93878 
4900 1554.47 241.016 0.428145 0 0 104.743 101.595 0 0.0788889 0.0688889 0 619.06 13.5393 0 4.03966 
5000 1543.33 233.165 0.437779 0 0 104.847 101.76 0 0.0861111 0.0761111 0 634.042 14.2631 0 4.14443 
5100 1532.78 231.775 0.440294 0 0 104.931 101.861 0 0.0972222 0.0866667 0 648.099 15.7199 0 4.24244 
5200 1538.77 231.138 0.442112 0 0 105.024 101.982 0 0.0877778 0.0788889 0 662.043 15.3 0 4.32763 
5300 1538.27 230.124 0.44252 0 0 104.959 101.854 0 0.0919444 0.0794444 0 675.769 15.8339 0 4.38374 
5400 1545.28 230.352 0.442525 0 0 104.989 101.938 0 0.085 0.0755556 0 689.286 15.2014 0 4.41369 
5500 1541.1 230.913 0.442303 0 0 104.992 101.95 0 0.0897222 0.0775 0 702.917 13.8564 0 4.426 
5600 1544.77 230.273 0.442108 0 0 104.941 101.814 0 0.0888889 0.0730556 0 716.476 14.0829 0 4.42807 
5700 1564.97 230.506 0.442658 0 0 104.999 101.961 0 0.0769444 0.0652778 0 729.962 14.1415 0 4.43104 
5800 1524.06 230.434 0.442318 0 0 105.003 101.918 0 0.0980556 0.0891667 0 743.492 12.2261 0 4.42854 
5900 1559.62 230.424 0.442546 0 0 105.059 101.975 0 0.0783333 0.0705556 0 757.016 13.0422 0 4.43062 
6000 1524.67 230.16 0.442554 0 0 105.006 101.881 0 0.0966667 0.0841667 0 770.688 11.5746 0 4.43855 
6100 1541.46 230.506 0.442363 0 0 104.976 101.908 0 0.0927778 0.0811111 0 784.282 12.1186 0 4.44162 
6200 1533.45 230.232 0.442672 0 0 105.028 101.927 0 0.0905556 0.0808333 0 797.884 12.7614 0 4.43908 
6300 1537.12 230.749 0.442647 0 0 104.998 101.927 0 0.0863889 0.0761111 0 811.532 12.927 0 4.44077 
6400 1528.1 230.321 0.442278 0 0 104.964 101.859 0 0.0919444 0.0819444 0 824.976 11.185 0 4.4405 
6500 1520.91 230.935 0.441577 0 0 104.97 101.896 0 0.0980556 0.0819444 0 838.647 10.3681 0 4.43314 
6600 1560.64 230.542 0.4421 0 0 104.966 101.908 0 0.08 0.0727778 0 852.317 9.52193 0 4.42811 
6700 1541.65 231.249 0.441819 0 0 104.922 101.837 0 0.0866667 0.0758333 0 866.035 8.39443 0 4.43094 
6800 1540.54 230.562 0.442237 0 0 105.016 101.904 0 0.0894444 0.0775 0 879.611 8.72143 0 4.42949 
6900 1547.83 230.212 0.44237 0 0 104.99 101.856 0 0.0847222 0.0716667 0 893.275 6.90792 0 4.43122 
7000 1544.14 230.308 0.44233 0 0 104.988 101.88 0 0.0913889 0.0797222 0 906.84 6.47393 0 4.43519 
7100 1537.06 230.499 0.442597 0 0 105.021 101.956 0 0.0941667 0.0811111 0 920.416 7.09506 0 4.43793 
7200 1550.88 231.61 0.441603 0 0 104.944 101.855 0 0.0905556 0.0766667 0 933.931 9.56027 0 4.43488 
7300 1533.67 230.877 0.441731 0 0 104.891 101.833 0 0.0880556 0.0752778 0 947.559 11.4628 0 4.44083 
7400 1537.58 230.752 0.441939 0 0 104.951 101.889 0 0.0913889 0.0833333 0 961.169 10.1022 0 4.43785 
7500 1567.66 230.391 0.441933 0 0 104.956 101.818 0 0.0780556 0.0702778 0 974.795 9.9681 0 4.43999 
7600 1543.4 230.495 0.44263 0 0 104.995 101.938 0 0.0869444 0.0777778 0 988.42 9.62483 0 4.43512 
7700 1558.35 230.259 0.44284 0 0 105.025 101.969 0 0.0797222 0.0680556 0 1001.96 9.07607 0 4.43885 
7800 1560.39 230.844 0.441818 0 0 105.002 101.946 0 0.0772222 0.0658333 0 1015.38 11.451 0 4.44037 
7900 1540.3 230.533 0.44202 0 0 105.006 101.862 0 0.0891667 0.0788889 0 1028.95 11.3183 0 4.44411 
8000 1532.59 230.325 0.44216 0 0 104.991 101.851 0 0.0913889 0.0786111 0 1042.48 11.5247 0 4.44206 
8100 1555.62 231.164 0.441495 0 0 104.982 101.879 0 0.0777778 0.0697222 0 1055.96 8.50873 0 4.44411 
8200 1545.98 230.475 0.442302 0 0 105.017 101.93 0 0.0861111 0.0758333 0 1069.52 6.49913 0 4.44088 
8300 1550.8 230.237 0.44258 0 0 104.998 101.903 0 0.0858333 0.0738889 0 1083.09 7.82075 0 4.43435 
8400 1548.86 230.184 0.442486 0 0 104.985 101.866 0 0.0922222 0.0786111 0 1096.82 3.93403 0 4.43722 
8500 1564.78 230.412 0.441878 0 0 104.94 101.803 0 0.0777778 0.0702778 0 1110.3 7.00389 0 4.43551 
8600 1551.88 230.417 0.442198 0 0 104.989 101.864 0 0.0822222 0.0719444 0 1123.95 3.89622 0 4.43789 
8700 1532.38 230.374 0.442287 0 0 104.973 101.842 0 0.0947222 0.0830556 0 1137.44 3.48664 0 4.43355 
8800 1518.34 230.568 0.442389 0 0 105.004 101.927 0 0.100278 0.0877778 0 1150.99 5.06272 0 4.43486 
8900 1545.25 230.116 0.442663 0 0 104.982 101.884 0 0.0872222 0.0780556 0 1164.54 2.96873 0 4.43364 
9000 1534.21 230.635 0.442332 0 0 105.045 101.988 0 0.09 0.0769444 0 1178.12 5.32979 0 4.43326 
9100 1555.53 230.622 0.442289 0 0 105.039 101.94 0 0.0783333 0.0719444 0 1191.69 4.88378 0 4.43583 
9200 1530.48 231.195 0.441406 0 0 105.004 101.861 0 0.101667 0.0919444 0 1205.23 3.91655 0 4.43886 
9300 1545.75 230.602 0.442304 0 0 105.075 101.982 0 0.0852778 0.0761111 0 1219.12 3.77263 0 4.44135 
9400 1532.32 232.395 0.440367 0 0 104.978 101.874 0 0.0947222 0.0811111 0 1232.58 2.50489 0 4.43509 
9500 1548.74 230.896 0.442201 0 0 105.068 101.986 0 0.0875 0.0744444 0 1246.34 2.1021 0 4.43322 
9600 1523.21 230.679 0.441812 0 0 104.97 101.832 0 0.0933333 0.0805556 0 1260.07 2.13525 0 4.43522 
9700 1555.25 230.636 0.442071 0 0 105.021 101.887 0 0.0791667 0.0708333 0 1273.7 -0.0955556 0 4.4353 
9800 1531.89 230.859 0.442283 0 0 105.089 102.023 0 0.0883333 0.0802778 0 1287.23 1.91252 0 4.43403 
9900 1564.68 230.609 0.441979 0 0 105.024 101.871 0 0.0763889 0.065 0 1300.79 3.14093 0 4.43276 
10000 1544.89 230.926 0.441744 0 0 105.035 101.922 0 0.0866667 0.0780556 0 1314.08 2.02407 0 4.43159 
10100 1548.14 230.681 0.44183 0 0 105.029 101.906 0 0.0880556 0.0761111 0 1327.58 5.33014 0 4.42997 
10200 1541.02 231.036 0.441511 0 0 105.011 101.785 0 0.0869444 0.0766667 0 1341.11 7.94764 0 4.42905 
10300 1522.25 230.655 0.441914 0 0 105.052 101.905 0 0.0975 0.0858333 0 1354.73 6.40919 0 4.42798 
10400 1551.07 230.632 0.441885 0 0 105.033 101.847 0 0.0902778 0.0775 0 1368.3 7.74281 0 4.42674 
10500 1536.53 230.5 0.441332 0 0 104.994 101.726 0 0.0902778 0.0805556 0 1381.9 8.94753 0 4.43206 
10600 1553.93 230.828 0.441203 0 0 104.984 101.721 0 0.0822222 0.0725 0 1395.41 4.62167 0 4.43254 
10700 1540.86 230.493 0.441087 0 0 105.021 101.657 0 0.0802778 0.0716667 0 1408.88 0.978418 0 4.4378 
