# Avida Dominant Data
# Fri Jun 15 12:07:38 2018
#  1: Update
#  2: Average Merit of the Dominant Genotype
#  3: Average Gestation Time of the Dominant Genotype
#  4: Average Fitness of the Dominant Genotype
#  5: Repro Rate?
#  6: Size of Dominant Genotype
#  7: Copied Size of Dominant Genotype
#  8: Executed Size of Dominant Genotype
#  9: Abundance of Dominant Genotype
# 10: Number of Births
# 11: Number of Dominant Breed True?
# 12: Dominant Gene Depth
# 13: Dominant Breed In
# 14: Max Fitness?
# 15: Genotype ID of Dominant Genotype
# 16: Name of the Dominant Genotype

0 0 0 0 0 100 0 0 1 0 0 0 0 2.22507e-308 1 100-aaaaa 
100 97 389 0.249357 0.00257069 100 100 0 54 0 0 0 0 0.249357 1 100-aaaaa 
200 97 389 0.249357 0.00257069 100 99.9993 0 589 8 7 0 0 0.249357 1 100-aaaaa 
300 97 389 0.249357 0.00257069 100 99.9998 0 197 12 9 0 0 0.249357 1 100-aaaaa 
400 97 389 0.249357 0.00257069 100 99.9998 0 75 10 7 0 0 0.249357 1 100-aaaaa 
500 97 389 0.249357 0.00257069 100 99.9998 0 31 1 1 0 0 0.249357 1 100-aaaaa 
600 97 389 0.249357 0.00257069 100 100 0 15 2 1 1 0 0.249357 4590 100-aaati 
700 95 378 0.251323 0.0026455 98 98.0673 0 16 1 1 5 0 0.251323 17808 098-aaafz 
800 95 376 0.25266 0.00265957 98 98 0 18 0 0 8 0 0.25266 29091 098-aaanu 
900 93 376 0.24734 0.00265957 98 98 0 14 0 0 6 0 0.24734 25815 098-aaakh 
1000 96 379 0.253298 0.00263852 99 98.9688 0 18 1 1 12 0 0.253298 40794 099-aabpl 
1100 94 372 0.252688 0.00268817 97 97 0 13 0 0 7 0 0.252688 39603 097-aaadr 
1200 100 295 0.338983 0.00338983 103 102.994 0 31 1 0 7 0 0.338983 48304 103-aaahe 
1300 100 295 0.338983 0.00338983 103 102.998 0 61 0 0 7 0 0.338983 48304 103-aaahe 
1400 100 295 0.338983 0.00338983 103 102.999 0 109 15 14 7 0 0.338983 48304 103-aaahe 
1500 100 295 0.338983 0.00338983 103 102.999 0 111 8 6 7 0 0.338983 48304 103-aaahe 
1600 100 295 0.338983 0.00338983 103 103 0 73 5 2 7 0 0.338983 48304 103-aaahe 
1700 100 295 0.338983 0.00338983 103 103 0 41 3 3 7 0 0.338983 48304 103-aaahe 
1800 100 295 0.338983 0.00338983 103 103 0 39 3 3 7 0 0.338983 48304 103-aaahe 
1900 99 290 0.341379 0.00344828 103 103 0 24 1 1 16 0 0.341379 96310 103-aadeq 
2000 99 289 0.342561 0.00346021 103 103 0 20 1 1 15 0 0.342561 88211 103-aabvx 
2100 100 293 0.341297 0.00341297 103 103 0 28 4 2 11 0 0.341297 107802 103-aaepf 
2200 101 256 0.394531 0.00390625 104 104 0 25 1 0 17 0 0.394531 119359 104-aaamy 
2300 101 256 0.394531 0.00390625 104 104 0 39 1 0 17 0 0.394531 119359 104-aaamy 
2400 101 256 0.394531 0.00390625 104 104 0 22 1 1 17 0 0.394531 119359 104-aaamy 
2500 98 252 0.388889 0.00396825 104 104 0 19 1 1 23 0 0.388889 143217 104-aabcz 
2600 100 253 0.395257 0.00395257 104 104 0 26 9 8 21 0 0.395257 148414 104-aabkf 
2700 99 250 0.396 0.004 105 105 0 23 3 3 24 0 0.396 150570 105-aaaga 
2800 101 254 0.397638 0.00393701 104 104 0 29 2 2 26 0 0.397638 166868 104-aaddj 
2900 98 251 0.390438 0.00398406 104 104 0 22 2 0 25 0 0.390438 165616 104-aacyk 
3000 101 254 0.397638 0.00393701 104 104 0 20 1 1 23 0 0.397638 174092 104-aaecu 
3100 102 253 0.403162 0.00395257 104 104 0 26 5 3 30 0 0.403162 184973 104-aafnt 
3200 99 250 0.396 0.004 104 104 0 22 2 1 21 0 0.396 173730 104-aadvz 
3300 99 247 0.40081 0.00404858 105 105 0 26 0 0 28 0 0.40081 203464 105-aabkg 
3400 153.374 249 0.61596 0.00401606 104 104 0 52 6 3 30 0 0.787149 220003 104-aajry 
3500 151.106 249 0.60685 0.00401606 104 104 0 127 18 15 30 0 0.787149 220003 104-aajry 
3600 200 250 0.8 0.004 104 104 0 166 27 20 33 0 0.8 233241 104-aalew 
3700 396 248 1.59677 0.00403226 104 104 0 432 67 49 39 0 1.59677 243157 104-aamku 
3800 396 248 1.59677 0.00403226 104 104 0 417 40 29 39 0 1.59677 243157 104-aamku 
3900 396 248 1.59677 0.00403226 104 104 0 217 17 13 39 0 1.59677 243157 104-aamku 
4000 792 248 3.19355 0.00403226 104 104 0 374 29 22 41 0 3.19355 263603 104-aapci 
4100 784 245 3.2 0.00408163 104 104 0 131 12 7 44 0 3.2 266848 104-aapgy 
4200 784 245 3.2 0.00408163 104 104 0 80 15 13 44 0 3.2 266848 104-aapgy 
4300 792 248 3.19355 0.00403226 104 104 0 34 2 0 42 0 3.19355 284963 104-aarnx 
4400 784 246 3.18699 0.00406504 104 104 0 30 3 2 47 0 3.18699 285392 104-aarkd 
4500 800 248 3.22581 0.00403226 104 104 0 31 2 1 47 0 3.22581 294923 104-aasne 
4600 800 245 3.26531 0.00408163 104 104 0 23 6 4 45 0 3.26531 305269 104-aatqj 
4700 1552 243 6.38683 0.00411523 104 104 0 432 41 32 50 0 6.38683 324687 104-aavvr 
4800 6208 243 25.5473 0.00411523 104 104 0 572 58 40 52 0 25.5473 332701 104-aawqm 
4900 6208 243 25.5473 0.00411523 104 104 0 334 37 28 52 0 25.5473 332701 104-aawqm 
5000 6208 243 25.5473 0.00411523 104 104 0 186 20 11 52 0 25.5473 332701 104-aawqm 
5100 6208 243 25.5473 0.00411523 104 104 0 94 14 13 52 0 25.5473 332701 104-aawqm 
5200 6272 243 25.8107 0.00411523 104 104 0 39 5 4 54 0 25.8107 340230 104-aaxoo 
5300 6272 243 25.8107 0.00411523 104 104 0 50 6 4 56 0 25.8107 360562 104-aazwz 
5400 6272 243 25.8107 0.00411523 104 104 0 32 8 5 56 0 25.8107 360562 104-aazwz 
5500 6144 242 25.3884 0.00413223 104 104 0 34 3 3 55 0 25.3884 361278 104-aazxf 
5600 6208 242 25.6529 0.00413223 104 104 0 28 8 6 57 0 25.6529 382024 104-abbyh 
5700 6208 242 25.6529 0.00413223 104 104 0 42 7 3 54 0 25.6529 375359 104-abbhd 
5800 6208 242 25.6529 0.00413223 104 104 0 33 4 2 54 0 25.6529 375359 104-abbhd 
5900 6208 244 25.4426 0.00409836 104 104 0 27 3 3 60 0 25.4426 418173 104-abfnp 
6000 6208 244 25.4426 0.00409836 104 104 0 27 8 6 61 0 25.4426 434525 104-abgyp 
6100 6336 245 25.8612 0.00408163 104 104 0 26 8 6 55 0 25.8612 398101 104-abdrq 
6200 10369.7 240 43.2069 0.00416667 104 104 0 65 2 1 62 0 51.7333 450459 104-abimf 
6300 10182.7 240 42.4277 0.00416667 104 104 0 524 50 37 62 0 51.7333 450459 104-abimf 
6400 12416 240 51.7333 0.00416667 104 104 0 253 21 19 64 0 51.7333 460281 104-abjgp 
6500 12416 240 51.7333 0.00416667 104 104 0 193 13 8 64 0 51.7333 460281 104-abjgp 
6600 12416 240 51.7333 0.00416667 104 104 0 100 9 6 64 0 51.7333 460281 104-abjgp 
6700 12416 240 51.7333 0.00416667 104 104 0 51 6 3 64 0 51.7333 460281 104-abjgp 
6800 12416 240 51.7333 0.00416667 104 104 0 38 6 2 65 0 51.7333 467821 104-abjza 
6900 12288 238 51.6303 0.00420168 104 104 0 31 4 2 69 0 51.6303 498829 104-abmpp 
7000 12416 240 51.7333 0.00416667 104 104 0 30 2 1 64 0 51.7333 460281 104-abjgp 
7100 12416 241 51.5187 0.00414938 104 104 0 33 5 3 66 0 51.5187 519755 104-abojx 
7200 12416 240 51.7333 0.00416667 104 104 0 36 1 1 64 0 51.7333 460281 104-abjgp 
7300 12928 244 52.9836 0.00409836 105 104.995 0 34 1 1 69 0 52.9836 513377 105-aaelx 
7400 12416 239 51.9498 0.0041841 104 104 0 44 10 9 67 0 51.9498 503338 104-abnei 
7500 12416 240 51.7333 0.00416667 104 104 0 40 8 8 64 0 51.7333 460281 104-abjgp 
7600 12544 239 52.4854 0.0041841 104 104 0 53 4 3 72 0 52.4854 553798 104-abrjl 
7700 46670.1 246 189.716 0.00406504 104 104 0 297 96 69 72 0 210.211 581463 104-abtmy 
7800 46928 246 190.764 0.00406504 104 104 0 582 36 29 72 0 210.211 581463 104-abtmy 
7900 93004.7 246 378.068 0.00406504 104 104 0 1029 128 92 74 0 416.26 588936 104-abubd 
8000 93043.6 246 378.226 0.00406504 104 104 0 692 56 43 74 0 416.26 588936 104-abubd 
8100 1.49027e+06 245 6082.73 0.00408163 104 104 0 1602 190 132 78 0 6754.22 611167 104-abvnr 
8200 1.48755e+06 245 6071.63 0.00408163 104 104 0 1053 115 80 78 0 6754.22 611167 104-abvnr 
8300 1.48598e+06 245 6065.24 0.00408163 104 104 0 683 91 65 78 0 6754.22 611167 104-abvnr 
8400 2.62411e+06 245 10710.7 0.00408163 104 104 0 404 61 45 80 0 13508.4 624200 104-abwlz 
8500 2.63641e+06 245 10760.8 0.00408163 104 104 0 576 57 45 80 0 13508.4 624200 104-abwlz 
8600 3.2768e+06 244 13429.5 0.00409836 104 104 0 307 40 22 84 0 13429.5 649168 104-abxso 
8700 3.2768e+06 244 13429.5 0.00409836 104 104 0 355 41 30 84 0 13429.5 649168 104-abxso 
8800 3.2768e+06 244 13429.5 0.00409836 104 104 0 230 29 24 84 0 13429.5 649168 104-abxso 
8900 3.2768e+06 244 13429.5 0.00409836 104 104 0 146 10 8 84 0 13429.5 649168 104-abxso 
9000 3.2768e+06 244 13429.5 0.00409836 104 104 0 120 9 6 84 0 13429.5 649168 104-abxso 
9100 3.2768e+06 244 13429.5 0.00409836 104 104 0 74 13 8 85 0 13429.5 653847 104-abxxe 
9200 3.2768e+06 244 13429.5 0.00409836 104 104 0 55 11 8 85 0 13429.5 653847 104-abxxe 
9300 3.2768e+06 244 13429.5 0.00409836 104 104 0 64 5 2 85 0 13429.5 653847 104-abxxe 
9400 3.2768e+06 244 13429.5 0.00409836 104 104 0 72 1 1 84 0 13429.5 683211 104-abzhh 
9500 3.2768e+06 244 13429.5 0.00409836 104 104 0 52 3 2 85 0 13429.5 654718 104-abxyz 
9600 3.2768e+06 244 13429.5 0.00409836 104 104 0 55 6 4 85 0 13429.5 654718 104-abxyz 
9700 3.2768e+06 244 13429.5 0.00409836 104 104 0 69 9 8 85 0 13429.5 699925 104-acadj 
9800 3.2768e+06 244 13429.5 0.00409836 104 104 0 63 9 6 85 0 13429.5 699925 104-acadj 
9900 3.2768e+06 243 13484.8 0.00411523 104 104 0 75 6 4 89 0 13484.8 742351 104-accaw 
10000 3.2768e+06 243 13484.8 0.00411523 104 104 0 57 11 8 87 0 13484.8 694752 104-abzxg 
10100 3.2768e+06 244 13429.5 0.00409836 104 104 0 56 1 0 85 0 13429.5 653847 104-abxxe 
10200 3.2768e+06 244 13429.5 0.00409836 104 104 0 45 3 2 85 0 13429.5 653847 104-abxxe 
10300 3.2768e+06 244 13429.5 0.00409836 104 104 0 50 7 4 91 0 13429.5 773940 104-acdkp 
10400 3.2768e+06 244 13429.5 0.00409836 104 104 0 49 3 2 91 0 13429.5 773940 104-acdkp 
10500 3.2768e+06 244 13429.5 0.00409836 104 104 0 53 9 4 87 0 13429.5 749209 104-accjg 
10600 1.19711e+07 389.558 30861.9 0.00266499 104 104 0 589 48 35 88 0 42694.5 819563 104-acfkc 
10700 1.19807e+07 391.916 30690.9 0.00264583 104 104 0 1002 57 37 88 0 42694.5 819563 104-acfkc 
10800 1.19664e+07 391.953 30662.1 0.00264643 104 104 0 472 29 16 88 0 42694.5 819563 104-acfkc 
10900 1.32383e+07 312 42430.4 0.00320513 104 104 0 805 36 28 90 0 42430.4 830176 104-acfvm 
11000 1.32383e+07 312 42430.4 0.00320513 104 104 0 665 44 31 90 0 42430.4 830176 104-acfvm 
11100 1.32383e+07 312 42430.4 0.00320513 104 104 0 499 40 22 90 0 42430.4 830176 104-acfvm 
11200 1.32383e+07 312 42430.4 0.00320513 104 104 0 429 34 27 90 0 42430.4 830176 104-acfvm 
11300 1.32383e+07 312 42430.4 0.00320513 104 104 0 340 24 17 90 0 42430.4 830176 104-acfvm 
11400 1.32383e+07 312 42430.4 0.00320513 104 104 0 239 10 5 90 0 42430.4 830045 104-acfvv 
11500 1.32383e+07 312 42430.4 0.00320513 104 104 0 209 21 15 90 0 42430.4 830045 104-acfvv 
11600 1.32383e+07 312 42430.4 0.00320513 104 104 0 140 8 5 90 0 42430.4 830045 104-acfvv 
11700 1.32383e+07 312 42430.4 0.00320513 104 104 0 127 7 7 90 0 42430.4 830045 104-acfvv 
11800 1.32383e+07 312 42430.4 0.00320513 104 104 0 104 5 5 90 0 42430.4 830045 104-acfvv 
11900 1.32383e+07 312 42430.4 0.00320513 104 104 0 105 9 7 90 0 42430.4 830176 104-acfvm 
12000 2.64765e+07 312 84860.7 0.00320513 104 104 0 143 29 18 93 0 84860.7 907910 104-acjss 
12100 2.64765e+07 312 84860.7 0.00320513 104 104 0 1410 94 67 93 0 84860.7 907910 104-acjss 
12200 2.64765e+07 312 84860.7 0.00320513 104 104 0 1320 99 68 93 0 84860.7 907910 104-acjss 
12300 2.64765e+07 312 84860.7 0.00320513 104 104 0 1055 94 66 93 0 84860.7 907910 104-acjss 
12400 2.64765e+07 312 84860.7 0.00320513 104 104 0 930 75 52 93 0 84860.7 907910 104-acjss 
12500 2.64765e+07 312 84860.7 0.00320513 104 104 0 722 42 27 93 0 84860.7 907910 104-acjss 
12600 2.64765e+07 312 84860.7 0.00320513 104 104 0 650 49 36 93 0 84860.7 907910 104-acjss 
12700 2.64765e+07 312 84860.7 0.00320513 104 104 0 507 39 32 93 0 84860.7 907910 104-acjss 
12800 2.64765e+07 312 84860.7 0.00320513 104 104 0 398 40 30 93 0 84860.7 907910 104-acjss 
12900 2.64765e+07 312 84860.7 0.00320513 104 104 0 399 34 23 93 0 84860.7 907910 104-acjss 
13000 2.64765e+07 312 84860.7 0.00320513 104 104 0 229 15 9 93 0 84860.7 907910 104-acjss 
13100 2.64765e+07 312 84860.7 0.00320513 104 104 0 232 13 8 93 0 84860.7 907910 104-acjss 
13200 2.64765e+07 312 84860.7 0.00320513 104 104 0 204 14 12 93 0 84860.7 907910 104-acjss 
13300 2.64765e+07 312 84860.7 0.00320513 104 104 0 116 11 10 93 0 84860.7 907910 104-acjss 
13400 2.64765e+07 312 84860.7 0.00320513 104 104 0 61 9 9 93 0 84860.7 907910 104-acjss 
13500 2.64765e+07 312 84860.7 0.00320513 104 104 0 54 1 1 98 0 84860.7 978472 104-acnec 
13600 2.64765e+07 310 85408.2 0.00322581 104 104 0 62 6 4 97 0 85408.2 991799 104-acnvp 
13700 2.64765e+07 312 84860.7 0.00320513 104 104 0 68 3 2 93 0 84860.7 907910 104-acjss 
13800 2.64765e+07 310 85408.2 0.00322581 104 104 0 90 10 7 97 0 85408.2 991799 104-acnvp 
13900 2.64765e+07 310 85408.2 0.00322581 104 104 0 68 3 2 97 0 85408.2 991799 104-acnvp 
14000 2.64765e+07 310 85408.2 0.00322581 104 104 0 77 5 4 97 0 85408.2 991799 104-acnvp 
14100 6.75152e+07 310 217791 0.00322581 104 104 0 84 12 8 98 0 683266 1034484 104-acppy 
14200 6.19401e+07 310 199807 0.00322581 104 104 0 253 21 10 98 0 683266 1034484 104-acppy 
14300 6.23134e+07 310 201011 0.00322581 104 104 0 585 62 44 98 0 683266 1034484 104-acppy 
14400 6.38443e+07 310 205949 0.00322581 104 104 0 943 85 66 98 0 683266 1034484 104-acppy 
14500 6.34319e+07 310 204619 0.00322581 104 104 0 890 64 45 98 0 683266 1034484 104-acppy 
14600 6.25692e+07 310 201836 0.00322581 104 104 0 745 49 36 98 0 683266 1034484 104-acppy 
14700 6.31387e+07 310 203673 0.00322581 104 104 0 739 65 45 98 0 683266 1034484 104-acppy 
14800 6.344e+07 310 204645 0.00322581 104 104 0 651 47 33 98 0 683266 1034484 104-acppy 
14900 6.3818e+07 310 205865 0.00322581 104 104 0 676 47 30 98 0 683266 1034484 104-acppy 
15000 6.35575e+07 310 205024 0.00322581 104 104 0 441 28 14 98 0 683266 1034484 104-acppy 
15100 7.35661e+07 310 237310 0.00322581 104 104 0 251 32 19 102 0 683266 1072923 104-acrey 
15200 7.4684e+07 308 242481 0.00324675 104 104 0 160 12 9 103 0 687702 1094931 104-acsgz 
15300 7.96162e+07 309 257658 0.00323625 104 104 0 156 13 8 103 0 685477 1099103 104-acsgi 
15400 8.01402e+07 310 258517 0.00322581 104 104 0 297 31 19 102 0 683266 1095524 104-acsdc 
15500 7.56059e+07 310 243890 0.00322581 104 104 0 288 30 22 102 1 683266 1095524 104-acsdc 
15600 7.13613e+07 310 230198 0.00322581 104 104 0 212 14 12 102 0 683266 1095524 104-acsdc 
15700 7.00627e+07 310 226009 0.00322581 104 104 0 216 13 8 102 0 683266 1072923 104-acrey 
15800 6.93844e+07 310 223821 0.00322581 104 104 0 203 11 10 102 0 683266 1072923 104-acrey 
15900 7.00305e+07 310 225905 0.00322581 104 104 0 354 25 19 102 0 683266 1072923 104-acrey 
16000 7.05932e+07 310 227720 0.00322581 104 104 0 479 33 25 102 0 683266 1072923 104-acrey 
16100 6.99106e+07 310 225518 0.00322581 104 104 0 365 22 15 102 0 683266 1072923 104-acrey 
16200 6.93131e+07 310 223591 0.00322581 104 104 0 347 25 21 102 0 683266 1072923 104-acrey 
16300 8.09824e+07 309 262079 0.00323625 104 104 0 204 16 11 106 0 685477 1166093 104-acumu 
16400 7.44537e+07 310 240173 0.00322581 104 104 0 222 20 13 102 0 683266 1140418 104-actrb 
16500 6.85727e+07 310 221202 0.00322581 104 104 0 234 22 11 102 0 683266 1072923 104-acrey 
16600 7.03927e+07 310 227073 0.00322581 104 104 0 196 13 10 102 0 683266 1140418 104-actrb 
16700 6.96571e+07 310 224700 0.00322581 104 104 0 193 13 11 102 0 683266 1140418 104-actrb 
16800 6.87055e+07 310 221631 0.00322581 104 104 0 214 20 15 102 0 683266 1140418 104-actrb 
16900 7.14007e+07 312 228849 0.00320513 104 104 0 233 17 13 104 0 678886 1188618 104-acvfg 
17000 7.57123e+07 310 244233 0.00322581 104 104 0 185 15 10 105 0 676501 1182586 104-acvbo 
17100 7.43391e+07 308 241361 0.00324675 104 104 0 277 23 15 103 0 687702 1203439 104-acvrt 
17200 6.92159e+07 308 224727 0.00324675 104 104 0 188 8 5 103 0 687702 1203439 104-acvrt 
17300 6.91068e+07 308 224373 0.00324675 104 104 0 194 13 8 103 0 687702 1203439 104-acvrt 
17400 8.5711e+07 309 277382 0.00323625 104 104 0 132 9 7 105 0 685477 1219426 104-acwgg 
17500 6.83515e+07 308 221920 0.00324675 104 104 0 141 9 4 104 0 687702 1189922 104-acvgi 
17600 6.97149e+07 310 224887 0.00322581 104 104 0 148 11 9 105 0 683266 1181880 104-acuyw 
17700 8.1685e+07 312 261811 0.00320513 104 104 0 134 4 2 105 0 678886 1247252 104-acxee 
17800 7.57868e+07 309 245265 0.00323625 104 104 0 167 24 17 105 0 685477 1219426 104-acwgg 
17900 7.3552e+07 309 238032 0.00323625 104 104 0 156 13 10 105 0 685477 1219426 104-acwgg 
18000 7.94019e+07 308 257798 0.00324675 104 104 0 161 17 13 107 0 687702 1269562 104-acxxg 
18100 7.0492e+07 308 228870 0.00324675 104 104 0 127 12 10 103 0 687702 1204653 104-acvtb 
18200 6.76864e+07 308 219761 0.00324675 104 104 0 125 11 8 104 0 687702 1233880 104-acwtb 
18300 6.81151e+07 307 221873 0.00325733 104 104 0 140 12 4 108 0 689943 1240523 104-acwzg 
18400 6.85561e+07 308 222585 0.00324675 104 104 0 206 10 6 104 0 687702 1233880 104-acwtb 
18500 6.78461e+07 308 220280 0.00324675 104 104 0 180 16 13 104 0 687702 1233880 104-acwtb 
18600 6.7593e+07 308 219458 0.00324675 104 104 0 194 13 9 104 0 687702 1233880 104-acwtb 
18700 6.97297e+07 307 227133 0.00325733 104 104 0 312 22 17 108 0 689943 1240523 104-acwzg 
18800 6.83195e+07 307 222539 0.00325733 104 104 0 252 21 12 108 0 689943 1240523 104-acwzg 
18900 6.87968e+07 308 223366 0.00324675 104 104 0 285 23 18 104 0 687702 1233880 104-acwtb 
19000 6.9159e+07 308 224542 0.00324675 104 104 0 319 31 22 104 0 687702 1233880 104-acwtb 
19100 7.35846e+07 308 238911 0.00324675 104 104 0 195 15 10 105 0 687702 1322511 104-aczlv 
19200 7.27707e+07 308 236269 0.00324675 104 104 0 204 18 11 105 0 687702 1322511 104-aczlv 
19300 7.26049e+07 305 238049 0.00327869 104 104 0 209 25 19 109 0 694467 1290914 104-acyql 
19400 7.08103e+07 305 232165 0.00327869 104 104 0 149 15 7 109 0 694467 1290914 104-acyql 
19500 7.12354e+07 310 229792 0.00322581 104 104 0 146 20 16 104 0 683266 1296472 104-acyso 
19600 7.08633e+07 310 228591 0.00322581 104 104 0 136 11 6 104 0 683266 1296472 104-acyso 
19700 8.24091e+07 308 267562 0.00324675 104 104 0 167 12 8 109 0 687702 1365490 104-adays 
19800 7.49342e+07 308 243293 0.00324675 104 104 0 200 23 15 109 0 687702 1365490 104-adays 
19900 7.20779e+07 308 234019 0.00324675 104 104 0 249 11 8 109 0 687702 1365490 104-adays 
20000 7.05541e+07 308 229072 0.00324675 104 104 0 322 29 19 109 0 687702 1365490 104-adays 
20100 7.00763e+07 308 227521 0.00324675 104 104 0 307 18 13 109 0 687702 1365490 104-adays 
20200 6.91677e+07 308 224570 0.00324675 104 104 0 345 37 27 109 0 687702 1365490 104-adays 
20300 7.15425e+07 311 230040 0.00321543 104 104 0 316 31 25 114 0 681069 1357406 104-adarp 
20400 6.70524e+07 308 217703 0.00324675 104 104 0 217 13 12 109 0 687702 1365490 104-adays 
20500 6.78088e+07 308 220158 0.00324675 104 104 0 319 18 11 109 0 687702 1365490 104-adays 
20600 6.71924e+07 308 218157 0.00324675 104 104 0 264 19 12 109 0 687702 1365490 104-adays 
20700 6.72019e+07 308 218188 0.00324675 104 104 0 308 23 17 109 0 687702 1365490 104-adays 
20800 6.73268e+07 308 218593 0.00324675 104 104 0 329 28 14 109 0 687702 1365490 104-adays 
20900 6.63713e+07 308 215491 0.00324675 104 104 0 262 18 15 109 0 687702 1365490 104-adays 
21000 6.63548e+07 308 215438 0.00324675 104 104 0 220 20 14 109 0 687702 1365490 104-adays 
21100 6.6344e+07 308 215403 0.00324675 104 104 0 217 20 13 109 0 687702 1365490 104-adays 
21200 6.61392e+07 308 214738 0.00324675 104 104 0 163 15 12 109 0 687702 1365490 104-adays 
21300 7.15632e+07 308 232348 0.00324675 104 104 0 185 6 5 112 0 687702 1459695 104-addxo 
21400 6.96997e+07 309 225565 0.00323625 104 104 0 146 13 8 110 0 685477 1432456 104-addax 
21500 8.83468e+07 308 286840 0.00324675 104 104 0 154 12 11 110 0 687702 1472865 104-ademm 
21600 8.06813e+07 311 259425 0.00321543 104 104 0 185 19 15 118 0 681069 1482466 104-adery 
21700 7.78263e+07 308 252683 0.00324675 104 104 0 173 12 8 110 0 687702 1472865 104-ademm 
21800 7.56283e+07 308 245547 0.00324675 104 104 0 201 10 7 110 0 687702 1472865 104-ademm 
21900 7.76607e+07 308 252145 0.00324675 104 104 0 198 13 8 111 0 687702 1490847 104-adezd 
22000 8.61132e+07 308 279588 0.00324675 104 104 0 209 11 7 114 0 687702 1503700 104-adflb 
22100 7.00606e+07 308 227470 0.00324675 104 104 0 247 15 8 111 0 687702 1407065 104-adchd 
22200 7.06189e+07 308 229282 0.00324675 104 104 0 286 19 16 111 0 687702 1407065 104-adchd 
22300 7.09138e+07 308 230240 0.00324675 104 104 0 400 34 23 111 0 687702 1407065 104-adchd 
22400 6.99154e+07 308 226998 0.00324675 104 104 0 385 29 18 111 0 687702 1407065 104-adchd 
22500 6.93582e+07 308 225189 0.00324675 104 104 0 481 35 26 111 0 687702 1407065 104-adchd 
22600 6.89724e+07 308 223936 0.00324675 104 104 0 465 23 18 111 0 687702 1407065 104-adchd 
22700 6.86492e+07 308 222887 0.00324675 104 104 0 530 32 22 111 0 687702 1407065 104-adchd 
22800 6.75929e+07 308 219457 0.00324675 104 104 0 392 37 26 111 0 687702 1407065 104-adchd 
22900 7.21776e+07 310 232831 0.00322581 104 104 0 187 17 12 112 0 683266 1533098 104-adgjx 
23000 6.64876e+07 308 215869 0.00324675 104 104 0 157 17 9 111 0 687702 1407065 104-adchd 
23100 7.926e+07 308 257338 0.00324675 104 104 0 252 17 14 117 0 680894 1566686 104-adhkb 
23200 6.77281e+07 308 219897 0.00324675 104 104 0 203 17 13 114 0 687702 1503700 104-adflb 
23300 7.31041e+07 308 237351 0.00324675 104 104 0 210 25 17 113 0 687702 1554473 104-adhbj 
23400 7.20733e+07 308 234004 0.00324675 104 104 0 264 19 11 113 0 687702 1554473 104-adhbj 
23500 7.00602e+07 308 227468 0.00324675 104 104 0 275 22 14 113 0 687702 1554473 104-adhbj 
23600 6.84945e+07 308 222385 0.00324675 104 104 0 229 24 14 113 0 687702 1554473 104-adhbj 
23700 7.01574e+07 308 227784 0.00324675 104 104 0 144 15 12 116 0 687702 1583631 104-adhyp 
23800 6.95325e+07 308 225755 0.00324675 104 104 0 146 4 2 116 0 687702 1583631 104-adhyp 
23900 6.62666e+07 308 215151 0.00324675 104 104 0 140 8 8 113 0 687702 1554473 104-adhbj 
24000 6.66975e+07 308 216550 0.00324675 104 104 0 156 10 8 113 0 687702 1554473 104-adhbj 
24100 7.47074e+07 310 240992 0.00322581 104 104 0 202 14 12 113 0 683266 1586496 104-adibn 
24200 7.58933e+07 310 244817 0.00322581 104 104 0 321 24 17 113 0 683266 1586496 104-adibn 
24300 7.34528e+07 310 236945 0.00322581 104 104 0 243 19 12 113 1 683266 1586496 104-adibn 
24400 7.25357e+07 310 233986 0.00322581 104 104 0 187 15 10 113 0 683266 1586496 104-adibn 
24500 7.3888e+07 308 239896 0.00324675 104 104 0 174 11 6 117 0 687702 1646582 104-adkax 
24600 7.21823e+07 308 234358 0.00324675 104 104 0 241 21 17 117 0 687702 1646582 104-adkax 
24700 7.20967e+07 308 234080 0.00324675 104 104 0 279 16 15 117 0 687702 1646582 104-adkax 
24800 7.06053e+07 308 229238 0.00324675 104 104 0 229 22 16 117 0 687702 1646582 104-adkax 
24900 7.01731e+07 308 227835 0.00324675 104 104 0 263 14 12 117 0 687702 1646582 104-adkax 
25000 6.8656e+07 308 222909 0.00324675 104 104 0 233 12 7 117 0 687702 1646582 104-adkax 
25100 6.79403e+07 308 220586 0.00324675 104 104 0 215 24 18 117 0 687702 1646582 104-adkax 
25200 6.85162e+07 308 222455 0.00324675 104 104 0 293 21 14 117 0 687702 1646582 104-adkax 
25300 7.66748e+07 308 248944 0.00324675 104 104 0 307 19 11 116 0 687702 1676533 104-adkzr 
25400 7.42035e+07 308 240920 0.00324675 104 104 0 379 22 13 116 0 687702 1676533 104-adkzr 
25500 7.24008e+07 308 235067 0.00324675 104 104 0 359 33 27 116 0 687702 1676533 104-adkzr 
25600 7.01816e+07 308 227862 0.00324675 104 104 0 274 23 18 116 0 687702 1676533 104-adkzr 
25700 7.05155e+07 308 228946 0.00324675 104 104 0 399 36 23 116 0 687702 1676533 104-adkzr 
25800 7.02546e+07 308 228099 0.00324675 104 104 0 388 37 23 116 0 687702 1676533 104-adkzr 
25900 7.04083e+07 308 228598 0.00324675 104 104 0 379 23 19 116 0 687702 1676533 104-adkzr 
26000 6.88904e+07 308 223670 0.00324675 104 104 0 310 17 13 116 0 687702 1676533 104-adkzr 
26100 7.82293e+07 310 252352 0.00322581 104 104 0 273 21 12 120 0 683266 1734286 104-admvx 
26200 7.27881e+07 310 234800 0.00322581 104 104 0 309 27 18 120 0 683266 1734286 104-admvx 
26300 6.62901e+07 308 215228 0.00324675 104 104 0 222 12 9 116 0 687702 1694381 104-adlpv 
26400 7.97772e+07 308 259017 0.00324675 104 104 0 182 12 5 118 0 687702 1750344 104-adnlo 
26500 7.26224e+07 308 235787 0.00324675 104 104 0 203 18 10 118 0 687702 1755920 104-adnkp 
26600 6.99206e+07 308 227015 0.00324675 104 104 0 136 12 11 118 0 687702 1755920 104-adnkp 
26700 6.73159e+07 308 218558 0.00324675 104 104 0 149 10 8 116 0 687702 1676533 104-adkzr 
26800 6.53062e+07 308 212033 0.00324675 104 104 0 128 11 9 116 0 687702 1694381 104-adlpv 
26900 6.73536e+07 308 218681 0.00324675 104 104 0 161 13 9 116 0 687702 1676533 104-adkzr 
27000 6.59519e+07 308 214129 0.00324675 104 104 0 185 15 9 116 0 687702 1694381 104-adlpv 
27100 6.57221e+07 308 213383 0.00324675 104 104 0 177 14 8 116 0 687702 1694381 104-adlpv 
27200 6.50481e+07 308 211195 0.00324675 104 104 0 190 15 8 116 0 687702 1694381 104-adlpv 
27300 6.47186e+07 306 211499 0.00326797 104 104 0 185 10 7 117 0 692197 1743160 104-adnel 
27400 6.54314e+07 308 212439 0.00324675 104 104 0 211 15 11 116 0 687702 1694381 104-adlpv 
27500 6.53704e+07 308 212242 0.00324675 104 104 0 245 16 10 116 0 687702 1694381 104-adlpv 
27600 6.47245e+07 308 210145 0.00324675 104 104 0 188 14 12 116 0 687702 1694381 104-adlpv 
27700 6.88323e+07 308 223482 0.00324675 104 104 0 204 19 15 117 0 687702 1801420 104-adoua 
27800 7.62807e+07 308 247665 0.00324675 104 104 0 229 16 12 118 0 687702 1831462 104-adpur 
27900 7.36253e+07 308 239043 0.00324675 104 104 0 265 15 13 118 0 687702 1831462 104-adpur 
28000 6.98187e+07 308 226684 0.00324675 104 104 0 196 15 11 118 0 687702 1831462 104-adpur 
28100 7.18378e+07 308 233240 0.00324675 104 104 0 139 7 2 117 0 687702 1815099 104-adpgx 
28200 6.90858e+07 308 224305 0.00324675 104 104 0 158 13 7 117 0 687702 1815099 104-adpgx 
28300 6.84897e+07 308 222369 0.00324675 104 104 0 198 15 14 118 0 687702 1831462 104-adpur 
28400 6.81283e+07 308 221196 0.00324675 104 104 0 185 11 8 118 0 687702 1831462 104-adpur 
28500 6.76574e+07 308 219667 0.00324675 104 104 0 157 12 9 118 0 687702 1831462 104-adpur 
28600 6.94377e+07 306 226921 0.00326797 104 104 0 170 12 12 118 0 692197 1823137 104-adpna 
28700 7.50061e+07 308 243526 0.00324675 104 104 0 247 12 9 119 0 687702 1885022 104-adrlc 
28800 7.25891e+07 308 235679 0.00324675 104 104 0 303 19 15 119 0 687702 1885022 104-adrlc 
28900 7.02404e+07 308 228053 0.00324675 104 104 0 208 21 14 119 0 687702 1885022 104-adrlc 
29000 6.987e+07 310 225387 0.00322581 104 104 0 209 21 13 120 0 683266 1823736 104-adpoe 
29100 6.97943e+07 310 225143 0.00322581 104 104 0 199 14 8 120 0 683266 1823736 104-adpoe 
29200 8.18539e+07 308 265759 0.00324675 104 104 0 244 22 17 119 0 687702 1895767 104-adrtw 
29300 7.80967e+07 308 253561 0.00324675 104 104 0 203 11 8 119 0 687702 1895767 104-adrtw 
29400 9.54594e+07 308 309933 0.00324675 104 104 0 200 16 11 120 0 687702 1938498 104-adtbq 
29500 7.73465e+07 308 251125 0.00324675 104 104 0 212 22 15 120 0 687702 1938498 104-adtbq 
29600 7.65013e+07 308 248381 0.00324675 104 104 0 292 29 21 120 0 687702 1938498 104-adtbq 
29700 7.53006e+07 308 244483 0.00324675 104 104 0 355 29 24 120 0 687702 1938498 104-adtbq 
29800 7.27502e+07 308 236202 0.00324675 104 104 0 334 26 21 120 0 687702 1938498 104-adtbq 
29900 7.12827e+07 308 231437 0.00324675 104 104 0 310 21 13 120 0 687702 1938498 104-adtbq 
30000 7.02891e+07 308 228211 0.00324675 104 104 0 278 21 14 120 0 687702 1938498 104-adtbq 
30100 6.9333e+07 308 225107 0.00324675 104 104 0 265 17 15 120 0 687702 1938498 104-adtbq 
30200 6.89681e+07 308 223922 0.00324675 104 104 0 231 13 10 120 0 687702 1938498 104-adtbq 
30300 7.40558e+07 306 242012 0.00326797 104 104 0 292 30 16 121 0 692197 1964688 104-adtta 
30400 7.46921e+07 306 244092 0.00326797 104 104 0 307 23 16 121 0 692197 1964688 104-adtta 
30500 7.15455e+07 306 233809 0.00326797 104 104 0 331 18 12 121 0 692197 1964688 104-adtta 
30600 6.79624e+07 308 220657 0.00324675 104 104 0 265 21 11 120 0 687702 1938498 104-adtbq 
30700 6.86112e+07 306 224220 0.00326797 104 104 0 262 21 15 121 0 692197 1964688 104-adtta 
30800 6.75719e+07 308 219389 0.00324675 104 104 0 207 19 13 120 0 687702 1938498 104-adtbq 
30900 6.77795e+07 308 220063 0.00324675 104 104 0 222 9 6 120 0 687702 1938498 104-adtbq 
31000 7.88899e+07 308 256136 0.00324675 104 104 0 180 23 18 122 0 687702 2032382 104-advyr 
31100 7.69045e+07 308 249690 0.00324675 104 104 0 231 18 11 122 0 687702 2032382 104-advyr 
31200 6.69655e+07 306 218841 0.00326797 104 104 0 172 7 3 121 0 692197 1964688 104-adtta 
31300 7.69568e+07 307 250674 0.00325733 104 104 0 148 18 16 121 0 689943 2024235 104-advzs 
31400 6.49081e+07 306 212118 0.00326797 104 104 0 128 4 4 125 0 692197 1949638 104-adtil 
31500 6.53445e+07 306 213544 0.00326797 104 104 0 115 8 5 125 0 692197 1949638 104-adtil 
31600 7.232e+07 306 236340 0.00326797 104 104 0 149 8 5 128 0 692197 2043329 104-adwir 
31700 8.41709e+07 306 275068 0.00326797 104 104 0 168 10 7 124 0 692197 2069780 104-adxff 
31800 7.88803e+07 306 257779 0.00326797 104 104 0 278 15 9 124 0 692197 2069780 104-adxff 
31900 7.1613e+07 306 234030 0.00326797 104 104 0 223 20 14 124 0 692197 2069780 104-adxff 
32000 6.9907e+07 306 228454 0.00326797 104 104 0 182 13 11 128 0 692197 2043329 104-adwir 
32100 6.92478e+07 306 226300 0.00326797 104 104 0 155 8 5 128 0 692197 2043329 104-adwir 
32200 7.25125e+07 308 235430 0.00324675 104 104 0 183 14 8 121 0 680894 2067177 104-adxdl 
32300 6.9073e+07 306 225729 0.00326797 104 104 0 169 5 4 126 0 692197 2010685 104-advfi 
32400 6.87502e+07 306 224674 0.00326797 104 104 0 170 15 12 126 0 692197 2010685 104-advfi 
32500 6.97045e+07 306 227792 0.00326797 104 104 0 251 17 9 126 0 692197 2010685 104-advfi 
32600 6.88875e+07 306 225122 0.00326797 104 104 0 251 20 12 126 0 692197 2010685 104-advfi 
32700 6.91363e+07 306 225936 0.00326797 104 104 0 279 29 20 126 0 692197 2010685 104-advfi 
32800 6.91961e+07 306 226131 0.00326797 104 104 0 194 16 11 127 0 692197 2057661 104-adwva 
32900 6.85431e+07 306 223997 0.00326797 104 104 0 199 15 8 126 0 692197 2010685 104-advfi 
33000 6.95837e+07 307 226657 0.00325733 104 104 0 211 17 11 123 0 689943 2097887 104-adybq 
33100 7.68961e+07 306 251294 0.00326797 104 104 0 249 25 16 123 0 692197 2146139 104-adzqx 
33200 7.31149e+07 306 238938 0.00326797 104 104 0 267 17 12 123 0 692197 2146139 104-adzqx 
33300 6.97333e+07 306 227887 0.00326797 104 104 0 202 20 13 123 0 692197 2146139 104-adzqx 
33400 6.59349e+07 306 215474 0.00326797 104 104 0 164 13 10 127 0 692197 2057661 104-adwva 
33500 6.60427e+07 306 215826 0.00326797 104 104 0 192 10 6 127 0 692197 2057661 104-adwva 
33600 6.56534e+07 306 214554 0.00326797 104 104 0 158 8 4 127 0 692197 2057661 104-adwva 
33700 6.53321e+07 306 213503 0.00326797 104 104 0 179 12 8 127 0 692197 2057661 104-adwva 
33800 7.15748e+07 306 233904 0.00326797 104 104 0 179 19 11 124 0 692197 2175008 104-aeanz 
33900 6.78792e+07 306 221827 0.00326797 104 104 0 277 24 17 123 0 692197 2146139 104-adzqx 
34000 7.22647e+07 310 233112 0.00322581 104 104 0 210 12 10 126 0 683266 2182443 104-aeavg 
34100 6.8716e+07 310 221665 0.00322581 104 104 0 216 17 13 126 0 683266 2182443 104-aeavg 
34200 8.41179e+07 308 273110 0.00324675 104 104 0 220 10 9 125 0 687702 2221185 104-aecae 
34300 6.71087e+07 306 219310 0.00326797 104 104 0 191 9 8 123 0 692197 2146139 104-adzqx 
34400 7.82383e+07 310 252382 0.00322581 104 104 0 206 17 9 129 0 683266 2214927 104-aebyz 
34500 6.72095e+07 306 219639 0.00326797 104 104 0 202 20 14 123 0 692197 2146139 104-adzqx 
34600 6.79405e+07 306 222028 0.00326797 104 104 0 313 23 15 123 0 692197 2146139 104-adzqx 
34700 6.66896e+07 306 217940 0.00326797 104 104 0 215 20 13 123 0 692197 2146139 104-adzqx 
34800 6.7535e+07 308 219270 0.00324675 104 104 0 209 14 8 129 0 687702 2158143 104-aeaap 
34900 6.66391e+07 308 216361 0.00324675 104 104 0 164 8 7 129 0 687702 2158143 104-aeaap 
35000 7.38967e+07 308 239924 0.00324675 104 104 0 143 10 5 132 0 687702 2253535 104-aedcd 
35100 6.66925e+07 306 217949 0.00326797 104 104 0 292 23 15 123 0 692197 2146139 104-adzqx 
35200 6.692e+07 306 218693 0.00326797 104 104 0 254 13 13 123 0 692197 2146139 104-adzqx 
35300 6.72e+07 306 219608 0.00326797 104 104 0 268 21 14 123 0 692197 2146139 104-adzqx 
35400 7.34658e+07 306 240084 0.00326797 104 104 0 192 8 6 125 0 692197 2265858 104-aedll 
35500 6.67073e+07 306 217998 0.00326797 104 104 0 166 15 12 123 0 692197 2146139 104-adzqx 
35600 6.68761e+07 306 218549 0.00326797 104 104 0 200 20 18 123 0 692197 2146139 104-adzqx 
35700 6.71946e+07 306 219590 0.00326797 104 104 0 254 14 10 123 0 692197 2146139 104-adzqx 
35800 6.73617e+07 306 220136 0.00326797 104 104 0 296 23 14 123 0 692197 2146139 104-adzqx 
35900 6.73321e+07 306 220040 0.00326797 104 104 0 300 34 26 123 0 692197 2146139 104-adzqx 
36000 6.74458e+07 306 220411 0.00326797 104 104 0 267 21 15 123 0 692197 2146139 104-adzqx 
36100 6.69081e+07 306 218654 0.00326797 104 104 0 146 7 5 123 0 692197 2146139 104-adzqx 
36200 6.92799e+07 308 224935 0.00324675 104 104 0 165 17 15 133 0 687702 2274698 104-aedtm 
36300 7.40422e+07 306 241968 0.00326797 104 104 0 228 23 15 126 0 692197 2317333 104-aefcu 
36400 7.19772e+07 306 235220 0.00326797 104 104 0 229 23 15 126 0 692197 2317333 104-aefcu 
36500 6.95957e+07 306 227437 0.00326797 104 104 0 248 14 12 126 0 692197 2317333 104-aefcu 
36600 7.1265e+07 308 231380 0.00324675 104 104 0 231 12 8 134 0 687702 2316018 104-aefbr 
36700 6.70049e+07 306 218970 0.00326797 104 104 0 170 15 8 126 0 692197 2317333 104-aefcu 
36800 6.99108e+07 308 226983 0.00324675 104 104 0 195 11 7 134 0 687702 2316018 104-aefbr 
36900 6.94738e+07 308 225564 0.00324675 104 104 0 182 11 6 134 0 687702 2316018 104-aefbr 
37000 7.26236e+07 308 235791 0.00324675 104 104 0 152 13 11 129 0 687702 2337354 104-aefxk 
37100 7.21927e+07 308 234392 0.00324675 104 104 0 270 23 16 131 0 687702 2347997 104-aegfc 
37200 7.07704e+07 308 229774 0.00324675 104 104 0 187 16 11 131 0 687702 2347997 104-aegfc 
37300 7.60539e+07 308 246928 0.00324675 104 104 0 129 10 9 136 0 687702 2364067 104-aeguf 
37400 7.45693e+07 308 242108 0.00324675 104 104 0 191 10 9 136 0 687702 2364067 104-aeguf 
37500 7.30279e+07 306 238653 0.00326797 104 104 0 219 9 5 133 0 692197 2388375 104-aehni 
37600 7.14182e+07 306 233393 0.00326797 104 104 0 238 19 12 133 0 692197 2388375 104-aehni 
37700 7.12825e+07 308 231437 0.00324675 104 104 0 209 21 15 136 0 687702 2364067 104-aeguf 
37800 7.17025e+07 308 232800 0.00324675 104 104 0 343 20 13 136 0 687702 2364067 104-aeguf 
37900 7.18717e+07 308 233350 0.00324675 104 104 0 370 27 15 136 0 687702 2364067 104-aeguf 
38000 7.11871e+07 308 231127 0.00324675 104 104 0 293 18 11 136 0 687702 2364067 104-aeguf 
38100 7.02082e+07 308 227949 0.00324675 104 104 0 235 27 23 136 0 687702 2364067 104-aeguf 
38200 6.96917e+07 308 226272 0.00324675 104 104 0 255 18 15 136 0 687702 2364067 104-aeguf 
38300 6.65362e+07 308 216027 0.00324675 104 104 0 153 11 8 131 0 687702 2347997 104-aegfc 
38400 6.95141e+07 306 227170 0.00326797 104 104 0 225 19 11 128 0 692197 2426447 104-aeiuh 
38500 6.83445e+07 306 223348 0.00326797 104 104 0 185 13 11 128 0 692197 2426447 104-aeiuh 
38600 7.45538e+07 307 242846 0.00325733 104 104 0 166 14 12 133 0 689943 2443200 104-aejhk 
38700 7.64542e+07 308 248228 0.00324675 104 104 0 194 13 7 137 0 687702 2460578 104-aejvq 
38800 6.5846e+07 308 213786 0.00324675 104 104 0 158 18 9 131 0 687702 2347997 104-aegfc 
38900 6.77229e+07 306 221317 0.00326797 104 104 0 152 18 12 128 0 692197 2426447 104-aeiuh 
39000 7.39188e+07 310 238448 0.00322581 104 104 0 215 14 13 134 0 683266 2476408 104-aekjm 
39100 7.12479e+07 310 229832 0.00322581 104 104 0 223 11 8 134 0 683266 2476408 104-aekjm 
39200 6.85396e+07 310 221095 0.00322581 104 104 0 172 23 12 134 0 683266 2476408 104-aekjm 
39300 7.54681e+07 306 246628 0.00326797 104 104 0 147 15 13 137 0 692197 2481674 104-aekov 
39400 7.99431e+07 306 261252 0.00326797 104 104 0 181 12 8 132 0 692197 2521531 104-aelsx 
39500 7.75673e+07 306 253488 0.00326797 104 104 0 289 21 12 132 0 692197 2521531 104-aelsx 
39600 7.25104e+07 310 233905 0.00322581 104 104 0 227 15 12 138 0 683266 2461169 104-aejvn 
39700 7.14228e+07 310 230396 0.00322581 104 104 0 261 15 11 138 0 683266 2461169 104-aejvn 
39800 7.04601e+07 310 227290 0.00322581 104 104 0 249 28 20 138 0 683266 2461169 104-aejvn 
39900 6.95475e+07 306 227280 0.00326797 104 104 0 179 17 11 132 0 692197 2521531 104-aelsx 
40000 7.76849e+07 306 253872 0.00326797 104 104 0 233 17 14 134 0 692197 2551089 104-aemtn 
40100 7.42122e+07 306 242524 0.00326797 104 104 0 299 20 16 134 0 692197 2551089 104-aemtn 
40200 7.18983e+07 306 234962 0.00326797 104 104 0 180 14 7 134 0 692197 2551089 104-aemtn 
40300 7.37333e+07 306 240959 0.00326797 104 104 0 263 21 9 129 1 692197 2522076 104-aelvf 
40400 7.31424e+07 306 239027 0.00326797 104 104 0 277 22 17 129 0 692197 2522076 104-aelvf 
40500 7.11222e+07 306 232425 0.00326797 104 104 0 209 18 12 134 0 692197 2551089 104-aemtn 
40600 7.21964e+07 306 235936 0.00326797 104 104 0 226 16 11 131 0 692197 2575795 104-aenpb 
40700 7.03313e+07 306 229841 0.00326797 104 104 0 226 15 14 131 0 692197 2575795 104-aenpb 
40800 7.10845e+07 306 232302 0.00326797 104 104 0 304 22 16 134 0 692197 2551089 104-aemtn 
40900 6.99464e+07 306 228583 0.00326797 104 104 0 257 18 11 134 0 692197 2551089 104-aemtn 
41000 6.98043e+07 306 228119 0.00326797 104 104 0 204 16 11 134 0 692197 2551089 104-aemtn 
41100 6.95268e+07 306 227212 0.00326797 104 104 0 165 14 9 134 0 692197 2551089 104-aemtn 
41200 7.13185e+07 306 233067 0.00326797 104 104 0 147 14 8 136 0 692197 2581722 104-aenux 
41300 6.96784e+07 308 226228 0.00324675 104 104 0 209 13 7 130 0 687702 2596459 104-aeoer 
41400 6.83522e+07 308 221923 0.00324675 104 104 0 157 9 8 130 0 687702 2596459 104-aeoer 
41500 8.76772e+07 308 284666 0.00324675 104 104 0 158 11 7 130 0 687702 2649242 104-aepzb 
41600 6.5684e+07 304 216066 0.00328947 104 104 0 196 11 6 137 0 696751 2615830 104-aeovb 
41700 6.59328e+07 304 216884 0.00328947 104 104 0 266 21 14 137 0 696751 2615830 104-aeovb 
41800 6.5603e+07 304 215799 0.00328947 104 104 0 235 19 15 137 0 696751 2615830 104-aeovb 
41900 7.33725e+07 310 236685 0.00322581 104 104 0 255 28 17 142 0 683266 2643624 104-aepuc 
42000 6.51561e+07 304 214329 0.00328947 104 104 0 248 13 7 137 0 696751 2615830 104-aeovb 
42100 6.53974e+07 304 215123 0.00328947 104 104 0 226 13 10 137 0 696751 2615830 104-aeovb 
42200 6.41561e+07 304 211040 0.00328947 104 104 0 194 14 9 137 0 696751 2615830 104-aeovb 
42300 6.88341e+07 308 223487 0.00324675 104 104 0 197 13 13 140 0 687702 2677265 104-aeqtw 
42400 6.68511e+07 308 217049 0.00324675 104 104 0 136 11 7 140 0 687702 2677265 104-aeqtw 
42500 6.53208e+07 308 212081 0.00324675 104 104 0 135 11 8 140 0 687702 2677265 104-aeqtw 
42600 6.82184e+07 311 219352 0.00321543 104 104 0 123 10 8 133 0 687812 2675815 104-aeqtt 
42700 6.75522e+07 308 219325 0.00324675 104 104 0 192 18 13 140 0 687702 2677265 104-aeqtw 
42800 6.98927e+07 304 229910 0.00328947 104 104 0 220 17 10 137 0 696751 2664623 104-aeqjy 
42900 6.94454e+07 304 228439 0.00328947 104 104 0 293 26 17 137 0 696751 2664623 104-aeqjy 
43000 6.71815e+07 304 220992 0.00328947 104 104 0 177 8 5 137 0 696751 2664623 104-aeqjy 
43100 7.7261e+07 304 254148 0.00328947 104 104 0 221 19 9 138 0 696751 2726712 104-aesmd 
43200 7.56163e+07 308 245508 0.00324675 104 104 0 257 24 14 135 0 687702 2714907 104-aerzq 
43300 7.50129e+07 308 243548 0.00324675 104 104 0 273 15 11 135 0 687702 2714907 104-aerzq 
43400 7.23761e+07 304 238079 0.00328947 104 104 0 235 17 14 138 0 696751 2726712 104-aesmd 
43500 7.16205e+07 304 235594 0.00328947 104 104 0 259 17 11 138 0 696751 2726712 104-aesmd 
43600 7.09616e+07 304 233426 0.00328947 104 104 0 268 25 17 138 0 696751 2726712 104-aesmd 
43700 6.88337e+07 304 226427 0.00328947 104 104 0 325 22 17 137 0 696751 2664623 104-aeqjy 
43800 6.80322e+07 304 223790 0.00328947 104 104 0 231 9 8 137 0 696751 2664623 104-aeqjy 
43900 6.75415e+07 304 222176 0.00328947 104 104 0 240 21 16 137 0 696751 2664623 104-aeqjy 
44000 7.06557e+07 304 232420 0.00328947 104 104 0 305 24 18 138 0 696751 2726712 104-aesmd 
44100 7.00547e+07 304 230443 0.00328947 104 104 0 281 12 6 138 0 696751 2726712 104-aesmd 
44200 6.97108e+07 304 229312 0.00328947 104 104 0 313 24 15 138 0 696751 2726712 104-aesmd 
44300 6.95232e+07 304 228695 0.00328947 104 104 0 331 25 15 138 0 696751 2726712 104-aesmd 
44400 6.89897e+07 304 226940 0.00328947 104 104 0 269 18 13 138 0 696751 2726712 104-aesmd 
44500 6.88484e+07 304 226475 0.00328947 104 104 0 358 22 17 138 0 696751 2726712 104-aesmd 
44600 6.76158e+07 304 222421 0.00328947 104 104 0 389 18 11 137 0 696751 2664623 104-aeqjy 
44700 7.40211e+07 304 243491 0.00328947 104 104 0 274 34 21 140 0 696751 2817527 104-aeviu 
44800 6.89078e+07 304 226670 0.00328947 104 104 0 269 31 20 140 0 696751 2817527 104-aeviu 
44900 6.73056e+07 304 221400 0.00328947 104 104 0 271 30 24 140 0 696751 2817527 104-aeviu 
45000 6.8623e+07 304 225734 0.00328947 104 104 0 221 17 12 138 0 696751 2750169 104-aethc 
45100 6.95437e+07 304 228762 0.00328947 104 104 0 256 19 14 138 0 696751 2750169 104-aethc 
45200 7.16434e+07 304 235669 0.00328947 104 104 0 175 12 11 140 0 696751 2843504 104-aewda 
45300 6.92536e+07 304 227808 0.00328947 104 104 0 203 22 16 140 0 696751 2843504 104-aewda 
45400 7.55952e+07 307 246238 0.00325733 104 104 0 170 12 8 140 0 696774 2857780 104-aewqo 
45500 7.31426e+07 307 238250 0.00325733 104 104 0 174 12 9 140 0 696774 2857780 104-aewqo 
45600 7.20678e+07 308 233986 0.00324675 104 104 0 214 16 12 140 0 687702 2834767 104-aevxf 
45700 7.95009e+07 306 259807 0.00326797 104 104 0 239 18 16 141 0 692197 2877318 104-aexhg 
45800 7.09507e+07 308 230360 0.00324675 104 104 0 224 24 14 140 0 687702 2834767 104-aevxf 
45900 7.50887e+07 306 245388 0.00326797 104 104 0 229 10 8 141 0 692197 2877318 104-aexhg 
46000 7.11848e+07 307 231872 0.00325733 104 104 0 325 32 26 140 0 696774 2857780 104-aewqo 
46100 7.06504e+07 307 230132 0.00325733 104 104 0 286 16 11 140 0 696774 2857780 104-aewqo 
46200 8.11268e+07 304 266865 0.00328947 104 104 0 151 19 11 141 0 696751 2914837 104-aeyon 
46300 6.96064e+07 307 226731 0.00325733 104 104 0 172 18 16 140 0 696774 2857780 104-aewqo 
46400 6.91498e+07 307 225244 0.00325733 104 104 0 149 12 8 140 0 696774 2857780 104-aewqo 
46500 6.82282e+07 307 222242 0.00325733 104 104 0 135 11 7 140 0 696774 2857780 104-aewqo 
46600 6.80335e+07 307 221607 0.00325733 104 104 0 174 10 8 140 0 696774 2857780 104-aewqo 
46700 6.79164e+07 307 221226 0.00325733 104 104 0 173 16 11 140 0 696774 2857780 104-aewqo 
46800 6.84297e+07 304 225098 0.00328947 104 104 0 152 12 8 140 0 696751 2906699 104-aeyja 
46900 7.73329e+07 307 251899 0.00325733 104 104 0 205 18 13 144 0 696774 2934267 104-aezeb 
47000 7.39129e+07 307 240759 0.00325733 104 104 0 241 20 16 144 0 696774 2934267 104-aezeb 
47100 7.12234e+07 307 231998 0.00325733 104 104 0 234 15 12 144 0 696774 2934267 104-aezeb 
47200 7.38775e+07 309 239086 0.00323625 104 104 0 245 14 9 144 0 692264 2960398 104-afaah 
47300 7.07973e+07 309 229117 0.00323625 104 104 0 181 13 9 144 0 692264 2960398 104-afaah 
47400 7.22938e+07 304 237808 0.00328947 104 104 0 210 8 4 141 0 696751 2911631 104-aeyla 
47500 7.05333e+07 304 232017 0.00328947 104 104 0 299 20 17 141 0 696751 2911631 104-aeyla 
47600 6.65236e+07 304 218828 0.00328947 104 104 0 230 15 9 142 0 696751 2921433 104-aeyuk 
47700 6.67718e+07 304 219644 0.00328947 104 104 0 237 7 3 142 0 696751 2921433 104-aeyuk 
47800 6.90318e+07 308 224129 0.00324675 104 104 0 193 14 10 144 0 687702 2949280 104-aezqg 
47900 6.83402e+07 308 221884 0.00324675 104 104 0 212 15 9 144 0 687702 2949280 104-aezqg 
48000 6.73287e+07 304 221476 0.00328947 104 104 0 247 29 18 141 0 696751 2911631 104-aeyla 
48100 6.6874e+07 304 219980 0.00328947 104 104 0 205 20 15 141 0 696751 2911631 104-aeyla 
48200 6.75726e+07 304 222278 0.00328947 104 104 0 301 22 18 141 0 696751 2911631 104-aeyla 
48300 6.74797e+07 304 221973 0.00328947 104 104 0 289 15 9 141 0 696751 2911631 104-aeyla 
48400 6.85559e+07 309 221864 0.00323625 104 104 0 167 10 6 145 0 692264 3012685 104-afbvj 
48500 6.57441e+07 309 212764 0.00323625 104 104 0 185 13 11 145 0 692264 3012685 104-afbvj 
48600 7.31737e+07 307 238351 0.00325733 104 104 0 206 15 11 147 0 696774 3015449 104-afbuo 
48700 7.29156e+07 307 237510 0.00325733 104 104 0 251 23 13 147 0 696774 3015449 104-afbuo 
48800 7.05737e+07 307 229882 0.00325733 104 104 0 175 13 9 147 0 696774 3015449 104-afbuo 
48900 7.23484e+07 308 234897 0.00324675 104 104 0 212 15 8 145 0 687702 3041131 104-afcpp 
49000 7.39592e+07 309 239350 0.00323625 104 104 0 230 18 12 149 0 692264 3061235 104-afdgi 
49100 7.66953e+07 304 252287 0.00328947 104 104 0 189 16 10 142 0 696751 3049029 104-afcwc 
49200 7.8957e+07 309 255524 0.00323625 104 104 0 196 13 9 145 0 692264 3092091 104-afeec 
49300 7.19193e+07 304 236577 0.00328947 104 104 0 204 15 9 142 0 696751 3049029 104-afcwc 
49400 6.99497e+07 309 226374 0.00323625 104 104 0 201 14 11 149 0 692264 3061235 104-afdgi 
49500 6.9512e+07 309 224958 0.00323625 104 104 0 235 14 12 149 0 692264 3061235 104-afdgi 
49600 6.91145e+07 309 223672 0.00323625 104 104 0 212 13 9 149 0 692264 3061235 104-afdgi 
49700 6.8314e+07 307 222521 0.00325733 104 104 0 162 12 9 147 0 696774 3015449 104-afbuo 
49800 8.20568e+07 309 265556 0.00323625 104 104 0 158 14 11 147 0 692264 3127749 104-affgr 
49900 7.28991e+07 309 235919 0.00323625 104 104 0 146 14 10 147 0 692264 3127749 104-affgr 
50000 8.09972e+07 304 266438 0.00328947 104 104 0 146 12 9 144 0 696751 3135404 104-affms 
50100 7.56931e+07 311 243386 0.00321543 104 104 0 179 19 12 146 0 687812 3112010 104-afeuc 
50200 7.36576e+07 311 236841 0.00321543 104 104 0 186 5 5 146 0 687812 3112010 104-afeuc 
50300 7.28802e+07 311 234341 0.00321543 104 104 0 255 22 11 146 0 687812 3112010 104-afeuc 
50400 7.15221e+07 311 229975 0.00321543 104 104 0 255 15 12 146 0 687812 3112010 104-afeuc 
50500 7.09486e+07 311 228131 0.00321543 104 104 0 254 21 14 146 0 687812 3112010 104-afeuc 
50600 6.8415e+07 307 222850 0.00325733 104 104 0 230 16 14 147 0 696774 3015449 104-afbuo 
50700 6.82829e+07 307 222420 0.00325733 104 104 0 214 18 8 147 0 696774 3015449 104-afbuo 
50800 6.8157e+07 307 222010 0.00325733 104 104 0 203 12 9 147 0 696774 3015449 104-afbuo 
50900 6.78504e+07 307 221011 0.00325733 104 104 0 236 25 19 147 0 696774 3015449 104-afbuo 
51000 6.76389e+07 307 220322 0.00325733 104 104 0 201 12 10 147 0 696774 3015449 104-afbuo 
51100 6.76688e+07 307 220419 0.00325733 104 104 0 197 18 10 147 0 696774 3015449 104-afbuo 
51200 8.08767e+07 310 260893 0.00322581 104 104 0 134 3 2 148 0 683266 3213173 104-afibx 
51300 7.5649e+07 312 242465 0.00320513 104 104 0 152 5 5 159 0 678886 3194479 104-afhjj 
51400 7.15856e+07 304 235479 0.00328947 104 104 0 172 14 11 145 0 696751 3206222 104-afhug 
51500 7.59475e+07 310 244992 0.00322581 104 104 0 178 18 10 148 0 683266 3213173 104-afibx 
51600 7.2819e+07 310 234900 0.00322581 104 104 0 180 13 10 148 0 683266 3213173 104-afibx 
51700 7.4078e+07 308 240513 0.00324675 104 104 0 192 16 10 149 0 687702 3217027 104-afidt 
51800 7.40766e+07 308 240508 0.00324675 104 104 0 227 14 10 149 0 687702 3217027 104-afidt 
51900 7.38701e+07 308 239838 0.00324675 104 104 0 299 23 17 149 0 687702 3217027 104-afidt 
52000 7.48319e+07 309 242175 0.00323625 104 104 0 253 19 11 153 0 692264 3228669 104-afing 
52100 7.22433e+07 309 233797 0.00323625 104 104 0 345 17 13 153 0 692264 3228669 104-afing 
52200 7.27118e+07 309 235313 0.00323625 104 104 0 406 30 23 153 0 692264 3228669 104-afing 
52300 7.17198e+07 309 232103 0.00323625 104 104 0 328 25 19 153 0 692264 3228669 104-afing 
52400 7.38176e+07 304 242821 0.00328947 104 104 0 242 13 10 147 0 696751 3242348 104-afiww 
52500 7.00734e+07 309 226775 0.00323625 104 104 0 315 31 25 153 1 692264 3228669 104-afing 
52600 6.99612e+07 309 226412 0.00323625 104 104 0 345 20 11 153 1 692264 3228669 104-afing 
52700 6.87298e+07 309 222426 0.00323625 104 104 0 165 7 4 153 0 692264 3228669 104-afing 
52800 7.27137e+07 304 239190 0.00328947 104 104 0 166 15 13 148 0 696751 3297436 104-afkqc 
52900 7.03687e+07 302 233009 0.00331126 104 104 0 231 26 17 147 0 701365 3271464 104-afjuc 
53000 7.0958e+07 302 234960 0.00331126 104 104 0 348 22 18 147 0 701365 3271464 104-afjuc 
53100 6.80724e+07 302 225405 0.00331126 104 104 0 342 18 15 147 0 701365 3271464 104-afjuc 
53200 6.659e+07 302 220497 0.00331126 104 104 0 249 15 9 147 0 701365 3271464 104-afjuc 
53300 7.17937e+07 309 232342 0.00323625 104 104 0 289 26 18 150 0 692264 3305159 104-afkxn 
53400 7.09008e+07 309 229453 0.00323625 104 104 0 368 21 13 150 0 692264 3305159 104-afkxn 
53500 7.01376e+07 309 226982 0.00323625 104 104 0 352 33 19 150 0 692264 3305159 104-afkxn 
53600 6.95375e+07 309 225040 0.00323625 104 104 0 376 21 17 150 0 692264 3305159 104-afkxn 
53700 6.94332e+07 309 224703 0.00323625 104 104 0 315 28 18 150 0 692264 3305159 104-afkxn 
53800 7.00651e+07 309 226748 0.00323625 104 104 0 491 28 24 150 0 692264 3305159 104-afkxn 
53900 6.94436e+07 309 224737 0.00323625 104 104 0 527 38 29 150 0 692264 3305159 104-afkxn 
54000 6.81912e+07 309 220684 0.00323625 104 104 0 340 20 10 150 0 692264 3305159 104-afkxn 
54100 6.94911e+07 304 228589 0.00328947 104 104 0 301 26 22 150 0 696751 3338805 104-afmam 
54200 6.92836e+07 304 227907 0.00328947 104 104 0 345 23 15 150 0 696751 3338805 104-afmam 
54300 6.88124e+07 304 226356 0.00328947 104 104 0 208 14 12 150 0 696751 3338805 104-afmam 
54400 8.04308e+07 302 266327 0.00331126 104 104 0 236 23 14 148 0 701365 3381217 104-afnlq 
54500 7.10205e+07 304 233620 0.00328947 104 104 0 187 19 16 150 0 696751 3371433 104-afnda 
54600 7.26994e+07 305 238359 0.00327869 105 104.999 0 235 19 15 150 0 701343 3392255 105-aahbt 
54700 6.83853e+07 309 221312 0.00323625 104 104 0 134 18 14 150 0 692264 3305159 104-afkxn 
54800 6.86806e+07 309 222267 0.00323625 104 104 0 221 22 12 150 0 692264 3305159 104-afkxn 
54900 7.11822e+07 305 233384 0.00327869 105 105 0 264 24 21 150 0 701343 3392255 105-aahbt 
55000 6.78308e+07 304 223128 0.00328947 104 104 0 300 27 23 150 0 696751 3371433 104-afnda 
55100 6.55383e+07 304 215586 0.00328947 104 104 0 163 9 7 150 0 696751 3371433 104-afnda 
55200 6.79577e+07 302 225026 0.00331126 104 104 0 219 20 12 149 0 701365 3342387 104-afmek 
55300 6.80901e+07 302 225464 0.00331126 104 104 0 241 13 11 149 0 701365 3342387 104-afmek 
55400 7.27536e+07 304 239321 0.00328947 104 104 0 237 29 19 152 0 696751 3428356 104-afovw 
55500 7.04006e+07 304 231581 0.00328947 104 104 0 229 20 11 152 0 696751 3428356 104-afovw 
55600 6.87255e+07 304 226071 0.00328947 104 104 0 208 16 15 152 0 696751 3428356 104-afovw 
55700 6.90885e+07 304 227265 0.00328947 104 104 0 206 21 15 152 0 696751 3428356 104-afovw 
55800 9.18469e+07 304 302128 0.00328947 104 104 0 254 27 14 155 0 696751 3481773 104-afqll 
55900 7.89465e+07 304 259692 0.00328947 104 104 0 276 23 17 155 0 696751 3481773 104-afqll 
56000 7.53033e+07 304 247708 0.00328947 104 104 0 352 24 19 155 0 696751 3481773 104-afqll 
56100 7.37127e+07 304 242476 0.00328947 104 104 0 309 30 24 155 0 696751 3481773 104-afqll 
56200 7.30897e+07 304 240427 0.00328947 104 104 0 387 37 27 155 0 696751 3481773 104-afqll 
56300 7.10673e+07 304 233774 0.00328947 104 104 0 442 39 26 155 0 696751 3481773 104-afqll 
56400 6.97219e+07 304 229348 0.00328947 104 104 0 451 31 21 155 0 696751 3481773 104-afqll 
56500 6.91485e+07 304 227462 0.00328947 104 104 0 432 33 24 155 0 696751 3481773 104-afqll 
56600 6.86548e+07 304 225838 0.00328947 104 104 0 331 23 17 155 0 696751 3481773 104-afqll 
56700 6.83858e+07 304 224953 0.00328947 104 104 0 239 22 13 155 0 696751 3481773 104-afqll 
56800 6.79637e+07 304 223565 0.00328947 104 104 0 197 15 10 155 0 696751 3481773 104-afqll 
56900 6.8032e+07 304 223789 0.00328947 104 104 0 240 15 6 155 0 696751 3481773 104-afqll 
57000 8.36688e+07 304 275226 0.00328947 104 104 0 338 26 23 155 0 696751 3540456 104-afsgn 
57100 7.48704e+07 304 246284 0.00328947 104 104 0 253 14 10 155 0 696751 3540456 104-afsgn 
57200 7.39387e+07 304 243219 0.00328947 104 104 0 269 19 14 155 0 696751 3540456 104-afsgn 
57300 7.27842e+07 304 239422 0.00328947 104 104 0 214 21 16 155 0 696751 3540456 104-afsgn 
57400 7.46136e+07 304 245439 0.00328947 104 104 0 238 21 19 153 0 696751 3564349 104-aftal 
57500 7.12026e+07 304 234219 0.00328947 104 104 0 208 11 7 153 0 696751 3564349 104-aftal 
57600 7.06838e+07 304 232512 0.00328947 104 104 0 213 14 9 153 0 696751 3564349 104-aftal 
57700 7.26189e+07 304 238878 0.00328947 104 104 0 302 29 23 153 0 696751 3564349 104-aftal 
57800 7.06389e+07 304 232365 0.00328947 104 104 0 317 23 17 153 0 696751 3564349 104-aftal 
57900 6.89785e+07 304 226903 0.00328947 104 104 0 206 21 16 153 0 696751 3564349 104-aftal 
58000 7.51257e+07 313 240018 0.00319489 104 104 0 154 8 4 157 0 683417 3593518 104-aftzs 
58100 7.95941e+07 306 260111 0.00326797 104 104 0 185 11 7 155 0 692197 3613700 104-afurk 
58200 7.22622e+07 313 230870 0.00319489 104 104 0 147 11 6 157 0 683417 3593518 104-aftzs 
58300 7.45416e+07 304 245203 0.00328947 104 104 0 199 9 6 154 0 696751 3594722 104-afuaj 
58400 7.0727e+07 304 232654 0.00328947 104 104 0 166 15 9 156 0 696751 3588046 104-aftuj 
58500 7.33437e+07 306 239685 0.00326797 104 104 0 174 12 9 156 0 692197 3619124 104-afuuy 
58600 6.9266e+07 304 227849 0.00328947 104 104 0 157 9 4 157 0 696751 3583807 104-aftqt 
58700 7.69132e+07 304 253004 0.00328947 104 104 0 242 19 13 153 0 696751 3618734 104-afutn 
58800 7.51238e+07 304 247118 0.00328947 104 104 0 179 8 5 153 0 696751 3618734 104-afutn 
58900 7.34086e+07 304 241476 0.00328947 104 104 0 255 27 22 153 0 696751 3618734 104-afutn 
59000 6.96599e+07 304 229144 0.00328947 104 104 0 231 20 15 157 0 696751 3583807 104-aftqt 
59100 7.01403e+07 304 230725 0.00328947 104 104 0 281 19 13 157 0 696751 3583807 104-aftqt 
59200 6.91693e+07 304 227530 0.00328947 104 104 0 235 21 13 157 0 696751 3583807 104-aftqt 
59300 6.92953e+07 304 227945 0.00328947 104 104 0 295 30 23 157 0 696751 3583807 104-aftqt 
59400 6.86612e+07 304 225859 0.00328947 104 104 0 320 26 19 157 0 696751 3583807 104-aftqt 
59500 7.15606e+07 302 236956 0.00331126 104 104 0 158 16 13 161 0 694421 3682134 104-afwvq 
59600 6.82336e+07 304 224453 0.00328947 104 104 0 235 19 12 157 1 696751 3583807 104-aftqt 
59700 6.84387e+07 304 225127 0.00328947 104 104 0 245 17 13 157 0 696751 3583807 104-aftqt 
59800 6.86427e+07 304 225798 0.00328947 104 104 0 324 24 17 157 0 696751 3583807 104-aftqt 
59900 6.87926e+07 304 226291 0.00328947 104 104 0 310 24 18 157 0 696751 3583807 104-aftqt 
60000 7.10122e+07 304 233593 0.00328947 104 104 0 243 14 12 158 0 696751 3679784 104-afwsy 
60100 6.93703e+07 304 228192 0.00328947 104 104 0 288 21 15 158 0 696751 3679784 104-afwsy 
60200 6.86374e+07 304 225781 0.00328947 104 104 0 267 18 11 158 0 696751 3679784 104-afwsy 
60300 6.69629e+07 304 220273 0.00328947 104 104 0 171 10 8 158 0 696751 3679784 104-afwsy 
60400 6.78874e+07 304 223314 0.00328947 104 104 0 169 11 7 157 0 696751 3583807 104-aftqt 
60500 8.33273e+07 302 275918 0.00331126 104 104 0 254 17 13 161 0 694421 3752936 104-afzhq 
60600 7.07384e+07 304 232692 0.00328947 104 104 0 183 8 6 158 0 696751 3715035 104-afxvu 
60700 6.94414e+07 304 228426 0.00328947 104 104 0 231 20 14 158 0 696751 3715035 104-afxvu 
60800 6.76864e+07 304 222653 0.00328947 104 104 0 188 14 10 158 0 696751 3715035 104-afxvu 
60900 7.88491e+07 304 259372 0.00328947 104 104 0 353 17 14 160 0 696751 3764243 104-afzoa 
61000 7.2038e+07 304 236967 0.00328947 104 104 0 298 26 22 160 0 696751 3764243 104-afzoa 
61100 7.01027e+07 304 230601 0.00328947 104 104 0 241 17 15 160 0 696751 3764243 104-afzoa 
61200 9.87315e+07 302 326925 0.00331126 104 104 0 273 27 18 164 0 694421 3805846 104-agayu 
61300 7.98622e+07 302 264444 0.00331126 104 104 0 315 15 11 164 0 694421 3805846 104-agayu 
61400 7.4973e+07 302 248255 0.00331126 104 104 0 301 22 19 164 0 694421 3805846 104-agayu 
61500 6.93121e+07 304 228000 0.00328947 104 104 0 275 16 12 160 0 696751 3764243 104-afzoa 
61600 7.00453e+07 304 230412 0.00328947 104 104 0 373 25 14 160 0 696751 3764243 104-afzoa 
61700 6.95579e+07 304 228809 0.00328947 104 104 0 322 18 14 160 0 696751 3764243 104-afzoa 
61800 7.03561e+07 302 232967 0.00331126 104 104 0 276 17 11 164 0 694421 3805846 104-agayu 
61900 6.84021e+07 304 225007 0.00328947 104 104 0 309 22 12 160 0 696751 3764243 104-afzoa 
62000 6.90755e+07 302 228727 0.00331126 104 104 0 231 14 9 164 0 694421 3805846 104-agayu 
62100 7.59421e+07 307 247369 0.00325733 104 104 0 173 15 11 158 0 689943 3842498 104-agcek 
62200 7.62127e+07 307 248250 0.00325733 104 104 0 246 17 13 158 0 689943 3842498 104-agcek 
62300 7.21549e+07 307 235032 0.00325733 104 104 0 254 14 8 158 0 689943 3842498 104-agcek 
62400 7.22507e+07 307 235344 0.00325733 104 104 0 287 18 16 158 0 689943 3842498 104-agcek 
62500 7.10651e+07 307 231482 0.00325733 104 104 0 309 16 13 158 0 689943 3842498 104-agcek 
62600 6.8475e+07 307 223046 0.00325733 104 104 0 231 17 11 158 0 689943 3842498 104-agcek 
62700 6.90248e+07 304 227055 0.00328947 104 104 0 325 29 22 161 0 696751 3854106 104-agcno 
62800 6.81751e+07 304 224260 0.00328947 104 104 0 298 13 11 161 0 696751 3854106 104-agcno 
62900 6.86277e+07 304 225749 0.00328947 104 104 0 359 25 16 161 0 696751 3854106 104-agcno 
63000 6.89356e+07 304 226762 0.00328947 104 104 0 467 39 23 161 0 696751 3854106 104-agcno 
63100 6.75296e+07 304 222137 0.00328947 104 104 0 383 23 19 161 0 696751 3854106 104-agcno 
63200 6.63256e+07 304 218176 0.00328947 104 104 0 265 17 9 161 0 696751 3854106 104-agcno 
63300 6.74728e+07 304 221950 0.00328947 104 104 0 371 37 26 161 0 696751 3854106 104-agcno 
63400 6.78113e+07 304 223063 0.00328947 104 104 0 425 24 13 161 0 696751 3854106 104-agcno 
63500 6.70858e+07 304 220677 0.00328947 104 104 0 362 31 23 161 0 696751 3854106 104-agcno 
63600 6.75752e+07 304 222287 0.00328947 104 104 0 476 38 24 161 0 696751 3854106 104-agcno 
63700 6.76865e+07 304 222653 0.00328947 104 104 0 541 45 28 161 0 696751 3854106 104-agcno 
63800 6.69627e+07 304 220272 0.00328947 104 104 0 451 26 14 161 0 696751 3854106 104-agcno 
63900 6.62006e+07 304 217765 0.00328947 104 104 0 309 29 20 161 0 696751 3854106 104-agcno 
64000 6.60849e+07 304 217385 0.00328947 104 104 0 281 17 15 161 0 696751 3854106 104-agcno 
64100 6.70999e+07 304 220723 0.00328947 104 104 0 291 22 19 159 0 696751 3783702 104-agaej 
64200 6.58416e+07 304 216584 0.00328947 104 104 0 254 16 10 161 0 696751 3854106 104-agcno 
64300 6.60842e+07 304 217382 0.00328947 104 104 0 272 21 17 161 0 696751 3854106 104-agcno 
64400 7.45233e+07 304 245142 0.00328947 104 104 0 300 29 19 162 0 696751 3957717 104-agfwe 
64500 6.62181e+07 304 217823 0.00328947 104 104 0 300 25 15 161 0 696751 3854106 104-agcno 
64600 6.60516e+07 304 217275 0.00328947 104 104 0 235 24 18 161 0 696751 3854106 104-agcno 
64700 6.60295e+07 304 217202 0.00328947 104 104 0 235 15 6 161 0 696751 3854106 104-agcno 
64800 6.61259e+07 304 217519 0.00328947 104 104 0 249 24 19 161 0 696751 3854106 104-agcno 
64900 8.37374e+07 304 275452 0.00328947 104 104 0 322 23 16 163 0 696751 4013834 104-aghos 
65000 7.56165e+07 304 248738 0.00328947 104 104 0 255 17 14 163 0 696751 4013834 104-aghos 
65100 7.38926e+07 305 242271 0.00327869 104 104 0 220 18 14 162 0 694467 3999696 104-aghdj 
65200 7.22453e+07 305 236870 0.00327869 104 104 0 203 20 14 162 0 694467 3999696 104-aghdj 
65300 8.05226e+07 304 264877 0.00328947 104 104 0 218 6 3 164 0 696751 4031311 104-agieg 
65400 7.51384e+07 304 247166 0.00328947 104 104 0 263 24 18 164 0 696751 4031311 104-agieg 
65500 7.10885e+07 305 233077 0.00327869 104 104 0 262 17 10 162 0 694467 3999696 104-aghdj 
65600 7.19529e+07 305 235911 0.00327869 104 104 0 385 26 17 162 0 694467 3999696 104-aghdj 
65700 7.12689e+07 305 233668 0.00327869 104 104 0 409 34 26 162 0 694467 3999696 104-aghdj 
65800 7.04547e+07 305 230999 0.00327869 104 104 0 269 16 11 162 0 694467 3999696 104-aghdj 
65900 7.58381e+07 304 249467 0.00328947 104 104 0 161 14 7 161 0 696751 4060048 104-agjde 
66000 6.97613e+07 305 228726 0.00327869 104 104 0 198 15 8 162 0 694467 3999696 104-aghdj 
66100 6.95855e+07 305 228149 0.00327869 104 104 0 205 16 10 162 0 694467 3999696 104-aghdj 
66200 7.36982e+07 304 242428 0.00328947 104 104 0 302 27 18 161 0 696751 4060048 104-agjde 
66300 7.1258e+07 304 234401 0.00328947 104 104 0 227 22 14 161 0 696751 4060048 104-agjde 
66400 7.14872e+07 304 235155 0.00328947 104 104 0 313 27 21 161 0 696751 4060048 104-agjde 
66500 6.98835e+07 304 229880 0.00328947 104 104 0 174 14 8 161 0 696751 4060048 104-agjde 
66600 7.36956e+07 304 242420 0.00328947 104 104 0 179 19 17 164 0 696751 4091641 104-agkfj 
66700 6.98701e+07 305 229082 0.00327869 104 104 0 208 22 14 162 0 694467 3999696 104-aghdj 
66800 8.39875e+07 305 275369 0.00327869 104 104 0 220 22 16 166 0 694467 4126322 104-agliz 
66900 7.63002e+07 305 250165 0.00327869 104 104 0 235 12 7 166 0 694467 4126322 104-agliz 
67000 7.18278e+07 305 235501 0.00327869 104 104 0 262 20 11 166 0 694467 4126322 104-agliz 
67100 6.90547e+07 305 226409 0.00327869 104 104 0 238 19 15 166 0 694467 4126322 104-agliz 
67200 6.73417e+07 305 220793 0.00327869 104 104 0 195 10 8 166 0 694467 4126322 104-agliz 
67300 6.67529e+07 305 218862 0.00327869 104 104 0 223 19 12 166 0 694467 4126322 104-agliz 
67400 7.53128e+07 304 247739 0.00328947 104 104 0 190 16 14 164 0 696751 4148585 104-agmal 
67500 7.37644e+07 304 242646 0.00328947 104 104 0 202 24 14 164 0 696751 4148585 104-agmal 
67600 6.85945e+07 304 225640 0.00328947 104 104 0 167 5 4 167 0 696751 4125533 104-aglgm 
67700 7.34475e+07 304 241604 0.00328947 104 104 0 196 17 10 165 0 696751 4164552 104-agmnt 
67800 7.32087e+07 304 240818 0.00328947 104 104 0 149 5 4 165 0 696751 4144794 104-aglxi 
67900 6.6384e+07 304 218368 0.00328947 104 104 0 187 15 9 162 0 696751 4120805 104-agldg 
68000 7.84578e+07 304 258085 0.00328947 104 104 0 241 18 9 168 0 696751 4188400 104-agnhp 
68100 6.86394e+07 304 225788 0.00328947 104 104 0 331 26 17 167 0 696751 4125533 104-aglgm 
68200 6.93455e+07 304 228110 0.00328947 104 104 0 358 32 21 167 0 696751 4125533 104-aglgm 
68300 6.79489e+07 304 223516 0.00328947 104 104 0 285 20 16 167 0 696751 4125533 104-aglgm 
68400 7.03236e+07 304 231328 0.00328947 104 104 0 250 22 14 165 0 696751 4164552 104-agmnt 
68500 6.64889e+07 304 218713 0.00328947 104 104 0 184 21 14 167 0 696751 4125533 104-aglgm 
68600 6.61272e+07 304 217524 0.00328947 104 104 0 185 9 5 167 0 696751 4125533 104-aglgm 
68700 6.59845e+07 304 217054 0.00328947 104 104 0 180 19 14 167 0 696751 4125533 104-aglgm 
68800 6.61562e+07 304 217619 0.00328947 104 104 0 174 6 5 167 0 696751 4125533 104-aglgm 
68900 7.49884e+07 304 246672 0.00328947 104 104 0 261 30 20 168 0 696751 4236550 104-agowo 
69000 7.20518e+07 304 237013 0.00328947 104 104 0 271 27 20 168 0 696751 4236550 104-agowo 
69100 7.22076e+07 305 236746 0.00327869 104 104 0 269 23 16 167 0 694467 4180104 104-agndg 
69200 7.08962e+07 305 232446 0.00327869 104 104 0 272 22 16 167 0 694467 4180104 104-agndg 
69300 7.31167e+07 305 239727 0.00327869 104 104 0 378 22 15 167 0 694467 4180104 104-agndg 
69400 7.08245e+07 305 232211 0.00327869 104 104 0 366 27 19 167 0 694467 4180104 104-agndg 
69500 7.00458e+07 305 229658 0.00327869 104 104 0 350 35 28 167 0 694467 4180104 104-agndg 
69600 6.90785e+07 305 226487 0.00327869 104 104 0 294 18 14 167 0 694467 4180104 104-agndg 
69700 6.98769e+07 305 229104 0.00327869 104 104 0 356 25 16 167 0 694467 4180104 104-agndg 
69800 6.97919e+07 305 228826 0.00327869 104 104 0 364 31 25 167 1 694467 4180104 104-agndg 
69900 6.93139e+07 304 228006 0.00328947 104 104 0 364 36 23 169 0 696751 4235785 104-agovl 
70000 6.83797e+07 304 224933 0.00328947 104 104 0 367 30 22 169 0 696751 4235785 104-agovl 
70100 6.84188e+07 304 225062 0.00328947 104 104 0 437 32 19 169 0 696751 4235785 104-agovl 
70200 6.68951e+07 304 220050 0.00328947 104 104 0 293 20 16 169 0 696751 4235785 104-agovl 
70300 7.28453e+07 304 239623 0.00328947 104 104 0 247 13 8 171 0 696751 4307439 104-agret 
70400 6.68399e+07 304 219868 0.00328947 104 104 0 300 20 13 169 0 696751 4235785 104-agovl 
70500 6.69375e+07 304 220189 0.00328947 104 104 0 271 19 14 169 0 696751 4235785 104-agovl 
70600 6.66317e+07 304 219183 0.00328947 104 104 0 202 17 12 169 0 696751 4235785 104-agovl 
70700 6.62469e+07 304 217918 0.00328947 104 104 0 195 7 6 169 0 696751 4235785 104-agovl 
70800 7.36307e+07 304 242206 0.00328947 104 104 0 194 14 10 170 0 696751 4309935 104-agrgi 
70900 8.05223e+07 304 264876 0.00328947 104 104 0 245 19 11 173 0 696751 4362281 104-agsvu 
71000 7.77217e+07 304 255663 0.00328947 104 104 0 279 15 11 173 0 696751 4362281 104-agsvu 
71100 7.45839e+07 304 245342 0.00328947 104 104 0 355 32 20 173 0 696751 4362281 104-agsvu 
71200 7.20396e+07 304 236972 0.00328947 104 104 0 249 25 16 173 0 696751 4362281 104-agsvu 
71300 7.04856e+07 304 231861 0.00328947 104 104 0 222 12 10 173 0 696751 4362281 104-agsvu 
71400 7.06326e+07 306 230825 0.00326797 104 104 0 208 20 9 172 0 692197 4343711 104-agshb 
71500 6.99809e+07 306 228696 0.00326797 104 104 0 237 20 13 172 0 692197 4343711 104-agshb 
71600 6.61266e+07 304 217522 0.00328947 104 104 0 188 19 11 169 0 696751 4235785 104-agovl 
71700 6.60216e+07 304 217176 0.00328947 104 104 0 188 10 8 169 0 696751 4235785 104-agovl 
71800 7.88507e+07 304 259377 0.00328947 104 104 0 285 20 11 174 0 696751 4402528 104-agucf 
71900 7.4772e+07 304 245961 0.00328947 104 104 0 257 20 15 174 0 696751 4402528 104-agucf 
72000 6.96629e+07 300 232210 0.00333333 104 104 0 308 16 11 173 0 706041 4415375 104-aguor 
72100 7.38641e+07 300 246214 0.00333333 104 104 0 277 21 16 174 0 706041 4436158 104-agvgl 
72200 7.06738e+07 300 235579 0.00333333 104 104 0 305 23 18 174 0 706041 4436158 104-agvgl 
72300 6.71208e+07 300 223736 0.00333333 104 104 0 274 21 14 174 0 706041 4436158 104-agvgl 
72400 6.52879e+07 300 217626 0.00333333 104 104 0 223 15 12 174 0 706041 4436158 104-agvgl 
72500 6.54635e+07 300 218212 0.00333333 104 104 0 305 29 19 174 0 706041 4436158 104-agvgl 
72600 6.50854e+07 300 216951 0.00333333 104 104 0 275 18 12 174 0 706041 4436158 104-agvgl 
72700 6.4997e+07 300 216657 0.00333333 104 104 0 239 26 17 174 0 706041 4436158 104-agvgl 
72800 6.52003e+07 300 217334 0.00333333 104 104 0 234 19 12 174 0 706041 4436158 104-agvgl 
72900 7.18601e+07 300 239534 0.00333333 104 104 0 269 18 12 175 0 706041 4465176 104-agwhg 
73000 6.97858e+07 300 232619 0.00333333 104 104 0 223 9 7 175 0 706041 4465176 104-agwhg 
73100 6.75613e+07 300 225204 0.00333333 104 104 0 181 9 9 175 0 706041 4465176 104-agwhg 
73200 6.54902e+07 300 218301 0.00333333 104 104 0 195 10 7 174 0 706041 4436158 104-agvgl 
73300 6.53719e+07 300 217906 0.00333333 104 104 0 224 26 21 174 0 706041 4436158 104-agvgl 
73400 6.77668e+07 305 222186 0.00327869 104 104 0 168 7 4 176 0 694467 4467503 104-agwfo 
73500 6.56429e+07 300 218810 0.00333333 104 104 0 163 16 11 174 0 706041 4436158 104-agvgl 
73600 6.96935e+07 305 228503 0.00327869 104 104 0 223 18 12 171 0 694467 4468512 104-agwgw 
73700 7.05252e+07 305 231230 0.00327869 104 104 0 287 24 17 171 0 694467 4468512 104-agwgw 
73800 6.63496e+07 300 221165 0.00333333 104 104 0 355 28 20 174 0 706041 4436158 104-agvgl 
73900 6.61666e+07 300 220555 0.00333333 104 104 0 274 16 9 174 0 706041 4436158 104-agvgl 
74000 7.46607e+07 300 248869 0.00333333 104 104 0 348 25 21 176 0 706041 4540353 104-agynj 
74100 7.19206e+07 300 239735 0.00333333 104 104 0 271 23 14 176 0 706041 4540353 104-agynj 
74200 6.79809e+07 305 222888 0.00327869 104 104 0 222 19 10 171 0 694467 4468512 104-agwgw 
74300 6.60815e+07 300 220272 0.00333333 104 104 0 272 16 8 174 0 706041 4436158 104-agvgl 
74400 6.59066e+07 300 219689 0.00333333 104 104 0 244 18 12 174 0 706041 4436158 104-agvgl 
74500 6.84247e+07 300 228082 0.00333333 104 104 0 238 17 9 175 0 706041 4531880 104-agygw 
74600 6.8397e+07 300 227990 0.00333333 104 104 0 284 17 12 175 0 706041 4531880 104-agygw 
74700 6.79275e+07 300 226425 0.00333333 104 104 0 279 25 18 175 0 706041 4531880 104-agygw 
74800 7.61749e+07 304 250575 0.00328947 104 104 0 367 28 17 179 0 696751 4587679 104-ahads 
74900 7.54502e+07 304 248191 0.00328947 104 104 0 455 27 21 179 0 696751 4587679 104-ahads 
75000 7.27132e+07 304 239188 0.00328947 104 104 0 402 30 24 179 0 696751 4587679 104-ahads 
75100 7.02284e+07 304 231015 0.00328947 104 104 0 297 29 19 179 0 696751 4587679 104-ahads 
75200 6.95037e+07 304 228630 0.00328947 104 104 0 294 17 12 179 0 696751 4587679 104-ahads 
75300 7.56237e+07 302 250410 0.00331126 104 104 0 286 21 15 177 0 701365 4624807 104-ahbfu 
75400 6.65293e+07 300 221764 0.00333333 104 104 0 197 11 10 175 0 706041 4576435 104-agzst 
75500 7.87815e+07 302 260866 0.00331126 104 104 0 261 18 16 177 0 701365 4626086 104-ahbha 
75600 6.58718e+07 300 219573 0.00333333 104 104 0 226 24 18 175 0 706041 4576435 104-agzst 
75700 6.63025e+07 300 221008 0.00333333 104 104 0 313 19 15 175 0 706041 4576435 104-agzst 
75800 6.91677e+07 302 229032 0.00331126 104 104 0 239 24 14 176 0 701365 4619587 104-ahbch 
75900 6.5902e+07 300 219673 0.00333333 104 104 0 142 18 14 175 0 706041 4531880 104-agygw 
76000 6.72854e+07 302 222799 0.00331126 104 104 0 164 14 11 176 0 701365 4619587 104-ahbch 
76100 7.52154e+07 304 247419 0.00328947 104 104 0 135 9 4 182 0 696751 4656329 104-ahceu 
76200 6.73338e+07 302 222959 0.00331126 104 104 0 197 14 10 176 0 701365 4619587 104-ahbch 
76300 6.61147e+07 300 220382 0.00333333 104 104 0 168 17 11 175 0 706041 4531880 104-agygw 
76400 6.63056e+07 300 221019 0.00333333 104 104 0 170 11 9 175 0 706041 4531880 104-agygw 
76500 6.64609e+07 300 221536 0.00333333 104 104 0 223 12 10 175 0 706041 4531880 104-agygw 
76600 6.64494e+07 300 221498 0.00333333 104 104 0 363 23 14 175 0 706041 4531880 104-agygw 
76700 6.68431e+07 300 222810 0.00333333 104 104 0 395 23 15 175 0 706041 4531880 104-agygw 
76800 6.66652e+07 300 222217 0.00333333 104 104 0 249 23 14 175 0 706041 4531880 104-agygw 
76900 6.67607e+07 300 222536 0.00333333 104 104 0 343 27 19 175 0 706041 4531880 104-agygw 
77000 6.66682e+07 300 222227 0.00333333 104 104 0 331 19 10 175 0 706041 4531880 104-agygw 
77100 6.86991e+07 300 228997 0.00333333 104 104 0 215 11 10 179 0 706041 4692368 104-ahdjq 
77200 7.1504e+07 304 235211 0.00328947 104 104 0 221 22 16 180 0 696751 4716013 104-aheat 
77300 7.89925e+07 303 260701 0.00330033 105 105 0 181 14 10 177 0 705972 4744502 105-aahsv 
77400 7.987e+07 300 266233 0.00333333 104 104 0 228 18 12 177 0 706041 4749972 104-ahezk 
77500 7.80105e+07 303 257460 0.00330033 105 105 0 176 18 15 178 0 705972 4757667 105-aahtm 
77600 6.90059e+07 304 226993 0.00328947 104 104 0 193 18 13 180 0 696751 4716013 104-aheat 
77700 6.67721e+07 300 222574 0.00333333 104 104 0 215 12 8 179 0 706041 4692368 104-ahdjq 
77800 7.40567e+07 302 245221 0.00331126 104 104 0 264 19 14 179 0 701365 4767676 104-ahflq 
77900 6.93015e+07 303 228718 0.00330033 105 105 0 269 23 20 178 0 705972 4757667 105-aahtm 
78000 6.72805e+07 303 222048 0.00330033 105 105 0 194 12 9 178 0 705972 4757667 105-aahtm 
78100 7.72986e+07 300 257662 0.00333333 104 104 0 183 7 4 179 0 706041 4774104 104-ahfrn 
78200 7.10895e+07 303 234619 0.00330033 105 105 0 182 18 13 179 0 705972 4765852 105-aahtz 
78300 6.81e+07 302 225497 0.00331126 104 104 0 186 12 7 179 0 701365 4767676 104-ahflq 
78400 7.55412e+07 300 251804 0.00333333 104 104 0 235 20 13 180 0 706041 4798080 104-ahgfh 
78500 7.11694e+07 300 237231 0.00333333 104 104 0 224 15 8 180 0 706041 4798080 104-ahgfh 
78600 7.61583e+07 304 250521 0.00328947 104 104 0 216 17 12 180 0 696751 4812033 104-ahgni 
78700 7.21479e+07 304 237329 0.00328947 104 104 0 197 19 14 180 0 696751 4812033 104-ahgni 
78800 7.0784e+07 304 232842 0.00328947 104 104 0 169 12 8 180 0 696751 4812033 104-ahgni 
78900 7.6951e+07 304 253128 0.00328947 104 104 0 184 17 15 183 0 696751 4844067 104-ahhhr 
79000 8.22612e+07 300 274204 0.00333333 104 104 0 188 11 8 184 0 706041 4848107 104-ahhky 
79100 7.88135e+07 304 259255 0.00328947 104 104 0 168 15 12 179 0 696751 4850399 104-ahhmd 
79200 6.79736e+07 303 224335 0.00330033 105 105 0 220 14 10 179 0 705972 4765852 105-aahtz 
79300 7.32978e+07 304 241111 0.00328947 104 104 0 157 13 10 179 0 696751 4850399 104-ahhmd 
79400 6.76534e+07 303 223279 0.00330033 105 105 0 155 16 12 179 0 705972 4765852 105-aahtz 
79500 8.46785e+07 300 282262 0.00333333 104 104 0 251 23 18 182 0 706041 4868250 104-ahhyy 
79600 7.75323e+07 302 256729 0.00331126 104 104 0 350 33 23 181 0 701365 4853496 104-ahhon 
79700 7.48629e+07 300 249543 0.00333333 104 104 0 363 30 23 182 0 706041 4868250 104-ahhyy 
79800 7.30323e+07 300 243441 0.00333333 104 104 0 388 34 25 182 0 706041 4868250 104-ahhyy 
79900 2.0931e+08 398.263 542520 0.00258372 104 104 0 1479 73 48 184 0 696751 4913215 104-ahjdj 
80000 2.08911e+08 399.773 539654 0.0025745 104 104 0 1172 57 40 184 0 696751 4913215 104-ahjdj 
80100 2.10405e+09 401.99 5.46142e+06 0.00256342 104 104 0 1347 75 43 188 0 1.10752e+07 4921604 104-ahjll 
80200 3.32042e+09 405.703 8.4714e+06 0.00253917 104 104 0 1083 64 46 189 0 1.10752e+07 4926599 104-ahjpo 
80300 3.32608e+09 403.599 8.52415e+06 0.0025521 104 104 0 1498 81 56 189 0 1.10752e+07 4926599 104-ahjpo 
80400 3.32666e+09 402.781 8.5442e+06 0.00255787 104 104 0 1355 65 42 189 0 1.10752e+07 4926599 104-ahjpo 
80500 3.32635e+09 402.072 8.55112e+06 0.0025611 104 104 0 1094 45 38 189 0 1.10752e+07 4926599 104-ahjpo 
80600 3.389e+09 307 1.10391e+07 0.00325733 104 104 0 1405 173 131 191 0 1.10391e+07 4932967 104-ahjxz 
80700 3.389e+09 307 1.10391e+07 0.00325733 104 104 0 1457 91 66 191 0 1.10391e+07 4932967 104-ahjxz 
80800 3.389e+09 307 1.10391e+07 0.00325733 104 104 0 1346 120 92 191 0 1.10391e+07 4932967 104-ahjxz 
80900 3.389e+09 307 1.10391e+07 0.00325733 104 104 0 1112 84 55 191 0 1.10391e+07 4932967 104-ahjxz 
81000 3.389e+09 307 1.10391e+07 0.00325733 104 104 0 985 75 46 191 0 1.10391e+07 4932967 104-ahjxz 
81100 3.389e+09 307 1.10391e+07 0.00325733 104 104 0 911 66 47 191 0 1.10391e+07 4932967 104-ahjxz 
81200 3.389e+09 307 1.10391e+07 0.00325733 104 104 0 654 41 28 191 0 1.10391e+07 4932967 104-ahjxz 
81300 3.389e+09 307 1.10391e+07 0.00325733 104 104 0 661 68 46 191 0 1.10391e+07 4932967 104-ahjxz 
81400 3.389e+09 307 1.10391e+07 0.00325733 104 104 0 577 36 27 191 0 1.10391e+07 4932967 104-ahjxz 
81500 3.389e+09 307 1.10391e+07 0.00325733 104 104 0 595 51 33 191 0 1.10391e+07 4932967 104-ahjxz 
81600 3.389e+09 307 1.10391e+07 0.00325733 104 104 0 560 51 44 191 0 1.10391e+07 4932967 104-ahjxz 
81700 3.389e+09 307 1.10391e+07 0.00325733 104 104 0 533 34 28 191 0 1.10391e+07 4932967 104-ahjxz 
81800 3.389e+09 307 1.10391e+07 0.00325733 104 104 0 383 24 19 191 0 1.10391e+07 4932967 104-ahjxz 
81900 3.389e+09 307 1.10391e+07 0.00325733 104 104 0 258 25 17 191 1 1.10391e+07 4932967 104-ahjxz 
82000 3.389e+09 307 1.10391e+07 0.00325733 104 104 0 257 13 11 191 0 1.10391e+07 4932967 104-ahjxz 
82100 3.389e+09 307 1.10391e+07 0.00325733 104 104 0 217 10 5 191 0 1.10391e+07 4932967 104-ahjxz 
82200 3.389e+09 307 1.10391e+07 0.00325733 104 104 0 174 10 6 191 0 1.10391e+07 4932967 104-ahjxz 
82300 3.389e+09 307 1.10391e+07 0.00325733 104 104 0 175 15 12 191 0 1.10391e+07 4932967 104-ahjxz 
82400 3.389e+09 307 1.10391e+07 0.00325733 104 104 0 123 3 2 191 0 1.10391e+07 4932967 104-ahjxz 
82500 3.389e+09 305 1.11115e+07 0.00327869 104 104 0 104 7 6 193 0 1.11115e+07 5010716 104-ahmrn 
82600 3.389e+09 307 1.10391e+07 0.00325733 104 104 0 122 11 5 192 0 1.10391e+07 4953772 104-ahktw 
82700 3.389e+09 307 1.10391e+07 0.00325733 104 104 0 93 5 4 194 0 1.10391e+07 5032924 104-ahnkl 
82800 3.389e+09 307 1.10391e+07 0.00325733 104 104 0 140 7 5 191 0 1.10391e+07 4932967 104-ahjxz 
82900 3.389e+09 305 1.11115e+07 0.00327869 104 104 0 93 17 14 193 0 1.11115e+07 5010716 104-ahmrn 
83000 3.389e+09 307 1.10391e+07 0.00325733 104 104 0 87 8 5 192 0 1.10391e+07 4946275 104-ahknb 
83100 3.389e+09 307 1.10391e+07 0.00325733 104 104 0 95 6 4 192 0 1.10391e+07 4946275 104-ahknb 
83200 3.389e+09 310 1.09323e+07 0.00322581 104 104 0 64 6 6 200 0 1.09323e+07 5047304 104-ahnwu 
83300 3.389e+09 307 1.10391e+07 0.00325733 104 104 0 82 6 5 192 0 1.10391e+07 4946275 104-ahknb 
83400 3.389e+09 307 1.10391e+07 0.00325733 104 104 0 73 7 5 192 0 1.10391e+07 4946275 104-ahknb 
83500 3.389e+09 307 1.10391e+07 0.00325733 104 104 0 80 3 1 194 0 1.10391e+07 5077644 104-ahouy 
83600 3.389e+09 307 1.10391e+07 0.00325733 104 104 0 79 5 4 194 0 1.10391e+07 5077644 104-ahouy 
83700 3.389e+09 307 1.10391e+07 0.00325733 104 104 0 111 9 6 194 0 1.10391e+07 5077644 104-ahouy 
83800 3.389e+09 307 1.10391e+07 0.00325733 104 104 0 102 7 6 194 0 1.10391e+07 5077644 104-ahouy 
83900 3.389e+09 307 1.10391e+07 0.00325733 104 104 0 117 10 7 194 0 1.10391e+07 5077644 104-ahouy 
84000 3.389e+09 307 1.10391e+07 0.00325733 104 104 0 98 8 6 194 0 1.10391e+07 5077644 104-ahouy 
84100 3.389e+09 305 1.11115e+07 0.00327869 104 104 0 73 9 5 195 0 1.11115e+07 5059632 104-ahogc 
84200 3.389e+09 307 1.10391e+07 0.00325733 104 104 0 67 4 2 195 0 1.10391e+07 5139735 104-ahqwb 
84300 3.389e+09 305 1.11115e+07 0.00327869 104 104 0 72 13 11 195 0 1.11115e+07 5059632 104-ahogc 
84400 3.389e+09 307 1.10391e+07 0.00325733 104 104 0 78 5 2 194 0 1.10391e+07 5096385 104-ahpkm 
84500 3.389e+09 307 1.10391e+07 0.00325733 104 104 0 74 2 1 194 0 1.10391e+07 5077644 104-ahouy 
84600 3.42255e+09 307 1.11484e+07 0.00325733 104 104 0 89 5 5 196 0 1.11484e+07 5072123 104-ahoqj 
84700 3.389e+09 306 1.10752e+07 0.00326797 104 104 0 81 6 3 197 0 1.10752e+07 5148656 104-ahrai 
84800 3.389e+09 307 1.10391e+07 0.00325733 104 104 0 74 10 7 194 0 1.10391e+07 5096385 104-ahpkm 
84900 3.389e+09 305 1.11115e+07 0.00327869 104 104 0 92 10 8 193 0 1.11115e+07 5010716 104-ahmrn 
85000 3.389e+09 307 1.10391e+07 0.00325733 104 104 0 78 9 7 197 0 1.10391e+07 5145289 104-ahqye 
85100 3.389e+09 305 1.11115e+07 0.00327869 104 104 0 64 2 2 193 0 1.11115e+07 5010716 104-ahmrn 
85200 3.389e+09 305 1.11115e+07 0.00327869 104 104 0 90 14 9 193 0 1.11115e+07 5010716 104-ahmrn 
85300 3.389e+09 305 1.11115e+07 0.00327869 104 104 0 92 4 4 193 0 1.11115e+07 5010716 104-ahmrn 
85400 3.389e+09 305 1.11115e+07 0.00327869 104 104 0 70 3 2 193 0 1.11115e+07 5010716 104-ahmrn 
85500 3.389e+09 305 1.11115e+07 0.00327869 104 104 0 68 1 1 193 0 1.11115e+07 5010716 104-ahmrn 
85600 3.389e+09 306 1.10752e+07 0.00326797 104 104 0 79 5 3 200 0 1.10752e+07 5210962 104-ahsyg 
85700 3.389e+09 305 1.11115e+07 0.00327869 104 104 0 111 8 7 196 0 1.11115e+07 5198326 104-ahson 
85800 3.389e+09 305 1.11115e+07 0.00327869 104 104 0 153 10 8 196 0 1.11115e+07 5198326 104-ahson 
85900 3.389e+09 305 1.11115e+07 0.00327869 104 104 0 180 16 13 196 0 1.11115e+07 5198326 104-ahson 
86000 3.389e+09 305 1.11115e+07 0.00327869 104 104 0 150 24 16 196 0 1.11115e+07 5198326 104-ahson 
86100 3.389e+09 305 1.11115e+07 0.00327869 104 104 0 116 9 7 196 0 1.11115e+07 5198326 104-ahson 
86200 3.389e+09 305 1.11115e+07 0.00327869 104 104 0 107 14 12 196 0 1.11115e+07 5198326 104-ahson 
86300 3.389e+09 305 1.11115e+07 0.00327869 104 104 0 112 11 10 199 0 1.11115e+07 5228265 104-ahtmv 
86400 3.389e+09 307 1.10391e+07 0.00325733 104 104 0 89 17 11 198 0 1.10391e+07 5266921 104-ahusz 
86500 3.389e+09 307 1.10391e+07 0.00325733 104 104 0 140 10 7 198 0 1.10391e+07 5266921 104-ahusz 
86600 3.389e+09 307 1.10391e+07 0.00325733 104 104 0 117 7 6 198 0 1.10391e+07 5266921 104-ahusz 
86700 3.389e+09 307 1.10391e+07 0.00325733 104 104 0 102 8 5 198 0 1.10391e+07 5266921 104-ahusz 
86800 3.389e+09 307 1.10391e+07 0.00325733 104 104 0 129 12 8 198 0 1.10391e+07 5266921 104-ahusz 
86900 3.389e+09 307 1.10391e+07 0.00325733 104 104 0 135 7 3 198 0 1.10391e+07 5266921 104-ahusz 
87000 3.389e+09 307 1.10391e+07 0.00325733 104 104 0 105 10 4 198 0 1.10391e+07 5266921 104-ahusz 
87100 3.389e+09 307 1.10391e+07 0.00325733 104 104 0 113 16 12 198 0 1.10391e+07 5266921 104-ahusz 
87200 3.389e+09 307 1.10391e+07 0.00325733 104 104 0 146 14 7 198 0 1.10391e+07 5266921 104-ahusz 
87300 3.389e+09 307 1.10391e+07 0.00325733 104 104 0 136 8 4 198 0 1.10391e+07 5266921 104-ahusz 
87400 3.389e+09 307 1.10391e+07 0.00325733 104 104 0 129 8 4 198 0 1.10391e+07 5266921 104-ahusz 
87500 3.389e+09 307 1.10391e+07 0.00325733 104 104 0 103 9 5 199 0 1.10391e+07 5212272 104-ahszq 
87600 3.389e+09 307 1.10391e+07 0.00325733 104 104 0 138 14 11 199 0 1.10391e+07 5212272 104-ahszq 
87700 3.389e+09 307 1.10391e+07 0.00325733 104 104 0 111 3 1 199 0 1.10391e+07 5212272 104-ahszq 
87800 3.389e+09 307 1.10391e+07 0.00325733 104 104 0 135 18 17 199 0 1.10391e+07 5212272 104-ahszq 
87900 3.389e+09 307 1.10391e+07 0.00325733 104 104 0 117 9 7 199 0 1.10391e+07 5212272 104-ahszq 
88000 3.389e+09 307 1.10391e+07 0.00325733 104 104 0 95 11 10 199 0 1.10391e+07 5212272 104-ahszq 
88100 3.389e+09 305 1.11115e+07 0.00327869 104 104 0 101 6 4 200 0 1.11115e+07 5290053 104-ahvjz 
88200 3.389e+09 305 1.11115e+07 0.00327869 104 104 0 108 8 6 200 0 1.11115e+07 5290053 104-ahvjz 
88300 3.389e+09 305 1.11115e+07 0.00327869 104 104 0 86 7 6 200 0 1.11115e+07 5290053 104-ahvjz 
88400 3.389e+09 305 1.11115e+07 0.00327869 104 104 0 73 1 1 200 0 1.11115e+07 5290053 104-ahvjz 
88500 3.42255e+09 305 1.12215e+07 0.00327869 104 104 0 71 0 0 200 0 1.12215e+07 5403752 104-ahzaf 
88600 3.42255e+09 310 1.10405e+07 0.00322581 104 104 0 63 5 3 203 0 1.10405e+07 5393393 104-ahysk 
88700 3.389e+09 309 1.09676e+07 0.00323625 104 104 0 62 6 3 206 0 1.09676e+07 5336904 104-ahwxs 
88800 3.389e+09 309 1.09676e+07 0.00323625 104 104 0 89 5 4 206 0 1.09676e+07 5336904 104-ahwxs 
88900 3.389e+09 305 1.11115e+07 0.00327869 104 104 0 95 8 7 198 0 1.11115e+07 5435517 104-aiabb 
89000 3.389e+09 305 1.11115e+07 0.00327869 104 104 0 93 7 4 198 0 1.11115e+07 5435517 104-aiabb 
89100 3.389e+09 309 1.09676e+07 0.00323625 104 104 0 99 6 2 206 0 1.09676e+07 5336904 104-ahwxs 
89200 3.389e+09 309 1.09676e+07 0.00323625 104 104 0 112 15 9 206 0 1.09676e+07 5336904 104-ahwxs 
89300 3.42255e+09 307 1.11484e+07 0.00325733 104 104 0 100 3 3 202 0 1.11484e+07 5450213 104-aialz 
89400 3.42255e+09 307 1.11484e+07 0.00325733 104 104 0 85 6 5 202 0 1.11484e+07 5450213 104-aialz 
89500 3.42255e+09 307 1.11484e+07 0.00325733 104 104 0 75 4 3 202 0 1.11484e+07 5450213 104-aialz 
89600 3.42255e+09 305 1.12215e+07 0.00327869 104 104 0 65 1 1 203 0 1.12215e+07 5483881 104-aibnr 
89700 3.42255e+09 305 1.12215e+07 0.00327869 104 104 0 89 2 2 202 0 1.12215e+07 5427946 104-ahzuj 
89800 3.42255e+09 305 1.12215e+07 0.00327869 104 104 0 81 5 4 201 0 1.12215e+07 5459630 104-aiauv 
89900 3.42255e+09 305 1.12215e+07 0.00327869 104 104 0 73 2 2 202 0 1.12215e+07 5427946 104-ahzuj 
90000 3.42255e+09 305 1.12215e+07 0.00327869 104 104 0 100 6 6 203 0 1.12215e+07 5483881 104-aibnr 
90100 3.42255e+09 305 1.12215e+07 0.00327869 104 104 0 110 9 7 203 0 1.12215e+07 5483881 104-aibnr 
90200 3.42255e+09 305 1.12215e+07 0.00327869 104 104 0 115 7 6 203 0 1.12215e+07 5483881 104-aibnr 
90300 3.42255e+09 307 1.11484e+07 0.00325733 104 104 0 101 3 2 203 0 1.11484e+07 5490712 104-aibuo 
90400 3.42255e+09 307 1.11484e+07 0.00325733 104 104 0 93 7 6 203 0 1.11484e+07 5490712 104-aibuo 
90500 3.389e+09 303 1.11848e+07 0.00330033 104 104 0 93 4 3 201 0 1.11848e+07 5469811 104-aibdu 
90600 3.42255e+09 310 1.10405e+07 0.00322581 104 104 0 82 7 5 203 0 1.10405e+07 5393393 104-ahysk 
90700 3.42255e+09 305 1.12215e+07 0.00327869 104 104 0 68 4 3 202 0 1.12215e+07 5427946 104-ahzuj 
90800 3.42255e+09 305 1.12215e+07 0.00327869 104 104 0 78 4 3 204 0 1.12215e+07 5535227 104-aidcz 
90900 3.42255e+09 305 1.12215e+07 0.00327869 104 104 0 96 4 3 204 0 1.12215e+07 5551237 104-aidqj 
91000 3.42255e+09 307 1.11484e+07 0.00325733 104 104 0 109 12 8 206 0 1.11484e+07 5527870 104-aicwu 
91100 3.42255e+09 305 1.12215e+07 0.00327869 104 104 0 108 3 3 204 0 1.12215e+07 5551237 104-aidqj 
91200 3.42255e+09 307 1.11484e+07 0.00325733 104 104 0 120 18 13 206 0 1.11484e+07 5527870 104-aicwu 
91300 3.42255e+09 305 1.12215e+07 0.00327869 104 104 0 101 5 3 204 0 1.12215e+07 5551237 104-aidqj 
91400 3.42255e+09 305 1.12215e+07 0.00327869 104 104 0 119 11 9 204 0 1.12215e+07 5551237 104-aidqj 
91500 3.42255e+09 305 1.12215e+07 0.00327869 104 104 0 102 10 5 204 0 1.12215e+07 5551237 104-aidqj 
91600 3.42255e+09 305 1.12215e+07 0.00327869 104 104 0 105 10 5 204 0 1.12215e+07 5551237 104-aidqj 
91700 3.42255e+09 305 1.12215e+07 0.00327869 104 104 0 84 7 4 204 0 1.12215e+07 5551237 104-aidqj 
91800 3.42255e+09 305 1.12215e+07 0.00327869 104 104 0 70 7 4 204 0 1.12215e+07 5551237 104-aidqj 
91900 3.42255e+09 308 1.11122e+07 0.00324675 104 104 0 90 3 3 206 0 1.11122e+07 5595803 104-aifai 
92000 3.42255e+09 308 1.11122e+07 0.00324675 104 104 0 110 7 7 206 0 1.11122e+07 5595803 104-aifai 
92100 3.42255e+09 308 1.11122e+07 0.00324675 104 104 0 94 13 9 206 0 1.11122e+07 5595803 104-aifai 
92200 3.42255e+09 308 1.11122e+07 0.00324675 104 104 0 87 8 4 206 0 1.11122e+07 5595803 104-aifai 
92300 3.42255e+09 305 1.12215e+07 0.00327869 104 104 0 87 3 1 204 0 1.12215e+07 5548682 104-aidnr 
92400 3.42255e+09 308 1.11122e+07 0.00324675 104 104 0 98 10 7 206 0 1.11122e+07 5595803 104-aifai 
92500 3.42255e+09 307 1.11484e+07 0.00325733 104 104 0 73 2 2 203 0 1.11484e+07 5629417 104-aigdb 
92600 3.389e+09 307 1.10391e+07 0.00325733 104 104 0 74 4 2 208 0 1.10391e+07 5642191 104-aigov 
92700 3.42255e+09 308 1.11122e+07 0.00324675 104 104 0 105 11 7 206 0 1.11122e+07 5595803 104-aifai 
92800 3.42255e+09 308 1.11122e+07 0.00324675 104 104 0 93 2 2 206 0 1.11122e+07 5595803 104-aifai 
92900 3.42255e+09 308 1.11122e+07 0.00324675 104 104 0 93 9 9 206 0 1.11122e+07 5595803 104-aifai 
93000 3.42255e+09 307 1.11484e+07 0.00325733 104 104 0 78 4 3 208 0 1.11484e+07 5642430 104-aigqe 
93100 3.389e+09 303 1.11848e+07 0.00330033 104 104 0 62 5 3 203 0 1.11848e+07 5626194 104-aigab 
93200 3.42255e+09 302 1.1333e+07 0.00331126 104 104 0 87 1 1 206 0 1.1333e+07 5655479 104-aigzp 
93300 3.42255e+09 302 1.1333e+07 0.00331126 104 104 0 113 9 7 206 0 1.1333e+07 5655479 104-aigzp 
93400 3.42255e+09 302 1.1333e+07 0.00331126 104 104 0 125 13 10 206 0 1.1333e+07 5655479 104-aigzp 
93500 3.42255e+09 302 1.1333e+07 0.00331126 104 104 0 119 8 4 206 0 1.1333e+07 5655479 104-aigzp 
93600 3.42255e+09 302 1.1333e+07 0.00331126 104 104 0 111 9 6 206 0 1.1333e+07 5655479 104-aigzp 
93700 3.42255e+09 302 1.1333e+07 0.00331126 104 104 0 85 9 8 206 0 1.1333e+07 5655479 104-aigzp 
93800 3.42255e+09 307 1.11484e+07 0.00325733 104 104 0 79 3 2 208 0 1.11484e+07 5642430 104-aigqe 
93900 3.42255e+09 307 1.11484e+07 0.00325733 104 104 0 141 14 11 208 0 1.11484e+07 5642430 104-aigqe 
94000 3.42255e+09 302 1.1333e+07 0.00331126 104 104 0 79 10 7 206 0 1.1333e+07 5655479 104-aigzp 
94100 3.389e+09 307 1.10391e+07 0.00325733 104 104 0 83 15 11 209 0 1.10391e+07 5751890 104-aikbo 
94200 3.389e+09 307 1.10391e+07 0.00325733 104 104 0 66 2 2 209 0 1.10391e+07 5751890 104-aikbo 
94300 3.42255e+09 305 1.12215e+07 0.00327869 104 104 0 82 5 5 210 0 1.12215e+07 5749257 104-aijzv 
94400 3.42255e+09 305 1.12215e+07 0.00327869 104 104 0 83 17 9 210 0 1.12215e+07 5749257 104-aijzv 
94500 3.42255e+09 305 1.12215e+07 0.00327869 104 104 0 78 4 3 210 0 1.12215e+07 5717454 104-aiiyt 
94600 3.42255e+09 305 1.12215e+07 0.00327869 104 104 0 96 14 10 210 0 1.12215e+07 5717454 104-aiiyt 
94700 3.42255e+09 305 1.12215e+07 0.00327869 104 104 0 95 5 4 210 0 1.12215e+07 5717454 104-aiiyt 
94800 3.42255e+09 305 1.12215e+07 0.00327869 104 104 0 98 13 6 210 0 1.12215e+07 5717454 104-aiiyt 
94900 3.42255e+09 305 1.12215e+07 0.00327869 104 104 0 82 6 5 210 0 1.12215e+07 5717454 104-aiiyt 
95000 3.42255e+09 302 1.1333e+07 0.00331126 104 104 0 82 11 7 208 0 1.1333e+07 5811463 104-aimbt 
95100 3.42255e+09 302 1.1333e+07 0.00331126 104 104 0 80 7 7 208 0 1.1333e+07 5811463 104-aimbt 
95200 3.42255e+09 302 1.1333e+07 0.00331126 104 104 0 92 7 6 208 0 1.1333e+07 5794744 104-ailmu 
95300 3.45611e+09 306 1.12945e+07 0.00326797 105 104.999 0 81 4 2 207 0 1.12945e+07 5816907 105-aajcq 
95400 3.42255e+09 302 1.1333e+07 0.00331126 104 104 0 107 10 9 208 0 1.1333e+07 5794744 104-ailmu 
95500 3.42255e+09 302 1.1333e+07 0.00331126 104 104 0 96 4 3 208 0 1.1333e+07 5794744 104-ailmu 
95600 3.42255e+09 302 1.1333e+07 0.00331126 104 104 0 61 3 3 208 0 1.1333e+07 5794744 104-ailmu 
95700 3.45611e+09 306 1.12945e+07 0.00326797 105 105 0 74 9 9 207 0 1.12945e+07 5816907 105-aajcq 
95800 3.45611e+09 306 1.12945e+07 0.00326797 105 105 0 63 3 1 207 0 1.12945e+07 5816907 105-aajcq 
95900 3.45611e+09 306 1.12945e+07 0.00326797 105 105 0 81 3 2 207 0 1.12945e+07 5816907 105-aajcq 
96000 3.42255e+09 305 1.12215e+07 0.00327869 104 104 0 88 5 4 212 0 1.12215e+07 5860590 104-ainnb 
96100 3.42255e+09 302 1.1333e+07 0.00331126 104 104 0 88 5 4 209 0 1.1333e+07 5857971 104-ainlg 
96200 3.42255e+09 305 1.12215e+07 0.00327869 104 104 0 140 4 3 212 0 1.12215e+07 5860590 104-ainnb 
96300 3.42255e+09 305 1.12215e+07 0.00327869 104 104 0 114 8 5 212 0 1.12215e+07 5860590 104-ainnb 
96400 3.42255e+09 302 1.1333e+07 0.00331126 104 104 0 105 13 6 210 0 1.1333e+07 5876596 104-aiocl 
96500 3.42255e+09 302 1.1333e+07 0.00331126 104 104 0 98 8 5 210 0 1.1333e+07 5876596 104-aiocl 
96600 3.42255e+09 307 1.11484e+07 0.00325733 104 104 0 86 5 5 205 0 1.11484e+07 5879725 104-aioes 
96700 3.42255e+09 302 1.1333e+07 0.00331126 104 104 0 78 7 5 210 0 1.1333e+07 5876596 104-aiocl 
96800 3.42255e+09 302 1.1333e+07 0.00331126 104 104 0 93 15 13 210 0 1.1333e+07 5876596 104-aiocl 
96900 3.42255e+09 302 1.1333e+07 0.00331126 104 104 0 87 3 2 210 0 1.1333e+07 5876596 104-aiocl 
97000 3.45611e+09 306 1.12945e+07 0.00326797 105 105 0 57 4 1 207 0 1.12945e+07 5816907 105-aajcq 
97100 3.42255e+09 302 1.1333e+07 0.00331126 104 104 0 70 0 0 210 0 1.1333e+07 5876596 104-aiocl 
97200 3.42255e+09 302 1.1333e+07 0.00331126 104 104 0 73 0 0 210 0 1.1333e+07 5938980 104-aipzm 
97300 3.42255e+09 302 1.1333e+07 0.00331126 104 104 0 101 11 8 210 0 1.1333e+07 5938980 104-aipzm 
97400 3.42255e+09 302 1.1333e+07 0.00331126 104 104 0 88 9 6 210 0 1.1333e+07 5938980 104-aipzm 
97500 3.42255e+09 304 1.12584e+07 0.00328947 104 104 0 79 4 3 210 0 1.12584e+07 5940241 104-aipzr 
97600 3.42255e+09 307 1.11484e+07 0.00325733 104 104 0 83 4 3 212 0 1.11484e+07 5952363 104-aiqiw 
97700 3.42255e+09 304 1.12584e+07 0.00328947 104 104 0 71 4 4 210 0 1.12584e+07 5914827 104-aipga 
97800 3.45611e+09 306 1.12945e+07 0.00326797 105 105 0 64 11 9 207 0 1.12945e+07 5816907 105-aajcq 
97900 3.45611e+09 306 1.12945e+07 0.00326797 105 105 0 75 4 3 207 0 1.12945e+07 5816907 105-aajcq 
98000 3.42255e+09 307 1.11484e+07 0.00325733 104 104 0 82 3 2 217 0 1.11484e+07 5995859 104-airrt 
98100 3.45611e+09 306 1.12945e+07 0.00326797 105 105 0 65 4 2 207 0 1.12945e+07 5816907 105-aajcq 
98200 3.42255e+09 307 1.11484e+07 0.00325733 104 104 0 89 10 6 217 0 1.11484e+07 5995859 104-airrt 
98300 3.389e+09 305 1.11115e+07 0.00327869 104 104 0 83 4 4 213 0 1.11115e+07 5954786 104-aiqmi 
98400 3.389e+09 305 1.11115e+07 0.00327869 104 104 0 115 5 2 213 0 1.11115e+07 5954786 104-aiqmi 
98500 3.45611e+09 306 1.12945e+07 0.00326797 105 105 0 124 13 8 207 0 1.12945e+07 5816907 105-aajcq 
98600 3.45611e+09 306 1.12945e+07 0.00326797 105 105 0 72 4 2 207 0 1.12945e+07 5816907 105-aajcq 
98700 3.45611e+09 306 1.12945e+07 0.00326797 105 105 0 78 3 2 207 0 1.12945e+07 5816907 105-aajcq 
98800 3.42255e+09 305 1.12215e+07 0.00327869 104 104 0 76 4 2 217 0 1.12215e+07 6022222 104-aiskp 
98900 3.42255e+09 302 1.1333e+07 0.00331126 104 104 0 79 4 2 210 0 1.1333e+07 5938980 104-aipzm 
99000 3.42255e+09 302 1.1333e+07 0.00331126 104 104 0 96 5 4 210 0 1.1333e+07 5938980 104-aipzm 
99100 3.42255e+09 302 1.1333e+07 0.00331126 104 104 0 79 7 6 210 0 1.1333e+07 5938980 104-aipzm 
99200 3.42255e+09 303 1.12956e+07 0.00330033 104 104 0 75 14 13 218 0 1.12956e+07 6065574 104-aitlz 
99300 3.389e+09 301 1.12591e+07 0.00332226 104 104 0 81 4 3 214 0 1.12591e+07 6070121 104-aitpw 
99400 3.42255e+09 307 1.11484e+07 0.00325733 104 104 0 64 3 1 218 0 1.11484e+07 6059497 104-aithy 
99500 3.42255e+09 307 1.11484e+07 0.00325733 104 104 0 80 3 2 218 0 1.11484e+07 6059497 104-aithy 
99600 3.42255e+09 307 1.11484e+07 0.00325733 104 104 0 68 8 7 218 0 1.11484e+07 6059497 104-aithy 
99700 3.42255e+09 305 1.12215e+07 0.00327869 104 104 0 91 7 7 208 0 1.12215e+07 6096588 104-aiugc 
99800 3.389e+09 301 1.12591e+07 0.00332226 104 104 0 93 7 3 214 0 1.12591e+07 6070121 104-aitpw 
99900 3.45611e+09 304 1.13688e+07 0.00328947 105 105 0 82 8 4 214 0 1.13688e+07 6025088 105-aajte 
100000 3.45611e+09 304 1.13688e+07 0.00328947 105 105 0 87 5 2 214 0 1.13688e+07 6025088 105-aajte 
