# Avida tasks data
# Fri Jun 15 12:07:38 2018
# First column gives the current update, next columns give the number
# of organisms that have the particular task as a component of their merit
#  1: Update
#  2: Not
#  3: Nand
#  4: And
#  5: OrNot
#  6: Or
#  7: AndNot
#  8: Nor
#  9: Xor
# 10: Equals

0 0 0 0 0 0 0 0 0 0 
100 0 0 0 0 0 0 0 0 0 
200 0 0 0 0 0 0 0 0 0 
300 0 0 0 0 0 0 0 0 0 
400 0 0 0 0 0 0 0 0 0 
500 0 0 0 0 0 0 0 0 0 
600 0 0 0 0 0 0 0 0 0 
700 0 0 0 0 0 0 0 0 0 
800 0 0 0 0 0 0 0 0 0 
900 0 0 0 0 0 0 0 0 0 
1000 0 0 0 0 0 0 0 0 0 
1100 0 0 0 0 0 0 0 0 0 
1200 0 0 0 0 0 0 0 0 0 
1300 0 0 0 0 0 0 0 0 0 
1400 0 0 0 0 0 0 0 0 0 
1500 0 0 0 0 0 0 0 0 0 
1600 0 0 0 0 0 0 0 0 0 
1700 0 0 0 0 0 0 0 0 0 
1800 0 0 0 0 0 0 0 0 0 
1900 0 0 0 0 0 0 0 0 0 
2000 0 0 0 0 0 0 0 0 0 
2100 0 0 0 0 0 0 0 0 0 
2200 0 0 0 0 0 0 0 0 0 
2300 0 0 0 0 0 0 0 0 0 
2400 0 0 0 0 0 0 0 0 0 
2500 0 0 0 0 0 0 0 0 0 
2600 0 0 0 0 0 0 0 0 0 
2700 0 0 0 0 0 0 0 0 0 
2800 0 0 0 0 0 0 0 0 0 
2900 0 0 0 0 0 0 0 0 0 
3000 0 0 0 0 0 0 0 0 0 
3100 0 0 0 0 0 0 0 0 0 
3200 0 0 0 0 0 0 0 0 0 
3300 0 0 0 0 0 0 0 0 0 
3400 63 0 0 0 0 0 0 0 0 
3500 476 23 0 0 0 0 0 0 0 
3600 2056 590 0 2 0 0 0 0 0 
3700 1284 419 0 1690 0 0 0 0 0 
3800 60 36 0 3433 0 0 0 0 0 
3900 8 59 0 3495 0 0 0 0 0 
4000 3 2575 2 3514 0 0 0 0 0 
4100 11 3390 0 3513 0 0 0 0 0 
4200 6 3440 0 3520 0 0 0 0 0 
4300 13 3427 0 3505 0 0 0 0 0 
4400 17 3419 2 3521 0 0 0 0 0 
4500 37 3396 0 3504 0 0 0 0 0 
4600 20 3455 0 3510 3 2 0 0 0 
4700 12 3364 9 1606 0 2012 0 0 0 
4800 4 3416 14 3474 0 3494 0 0 0 
4900 6 3395 16 3470 0 3476 0 0 0 
5000 13 3435 8 3471 0 3489 0 0 0 
5100 12 3436 10 3465 0 3486 0 0 0 
5200 19 3424 10 3465 0 3477 0 0 0 
5300 7 3419 15 3483 0 3505 0 0 0 
5400 9 3432 14 3467 0 3485 0 0 0 
5500 18 3435 10 3490 0 3491 0 0 0 
5600 8 3468 7 3482 0 3498 0 0 0 
5700 13 3439 10 3490 0 3493 0 0 0 
5800 13 3445 8 3478 0 3474 0 0 0 
5900 12 3438 8 3462 0 3479 0 0 0 
6000 10 3459 8 3466 0 3494 0 0 0 
6100 15 3470 7 3489 0 3520 0 0 0 
6200 72 3468 6 3468 0 3464 0 0 0 
6300 1218 3419 6 3482 0 3488 0 0 0 
6400 2691 3429 10 3459 0 3468 0 0 0 
6500 3320 3441 2 3469 0 3466 0 0 0 
6600 3439 3448 10 3484 0 3494 0 0 0 
6700 3463 3416 6 3464 0 3471 0 0 0 
6800 3443 3403 12 3457 0 3455 0 0 0 
6900 3472 3447 7 3463 0 3497 0 0 0 
7000 3420 3415 14 3475 0 3475 0 0 0 
7100 3464 3439 10 3480 0 3472 0 0 0 
7200 3445 3435 5 3470 0 3473 0 0 0 
7300 3421 3432 6 3467 0 3489 0 0 0 
7400 3458 3443 9 3456 0 3491 1 0 0 
7500 3494 3390 8 3484 0 3468 0 0 0 
7600 3474 3434 13 3480 0 3489 0 0 0 
7700 2822 3456 17 3457 457 3454 1 0 0 
7800 203 3517 55 3384 2443 3376 0 0 0 
7900 3039 3530 51 3390 2523 3406 0 0 0 
8000 3333 3497 38 3404 2409 3402 2 73 0 
8100 39 3523 46 3432 2565 3418 2 0 2478 
8200 14 3515 38 3443 2548 3447 1 5 2477 
8300 16 3496 39 3426 2405 3426 0 83 2445 
8400 20 3523 47 3408 1270 3406 1 858 2070 
8500 11 3519 41 3424 167 3418 3 1658 1781 
8600 15 3524 46 3419 20 3410 0 2727 2698 
8700 9 3541 38 3421 4 3413 0 3239 3186 
8800 13 3536 52 3408 1 3417 0 3286 3222 
8900 14 3525 40 3413 0 3396 0 3275 3203 
9000 9 3522 54 3392 8 3394 2 3275 3205 
9100 11 3547 48 3424 6 3419 1 3290 3225 
9200 5 3524 48 3427 7 3411 0 3281 3217 
9300 14 3542 46 3413 5 3425 0 3276 3226 
9400 6 3546 46 3436 5 3429 2 3312 3242 
9500 10 3540 35 3420 7 3423 2 3270 3185 
9600 9 3530 57 3384 0 3376 0 3242 3165 
9700 23 3536 59 3406 4 3398 0 3260 3198 
9800 16 3527 64 3388 5 3386 0 3248 3195 
9900 16 3539 37 3424 4 3421 2 3274 3230 
10000 8 3524 40 3417 5 3412 0 3281 3226 
10100 12 3533 49 3422 5 3428 0 3275 3202 
10200 9 3531 25 3435 4 3440 0 3285 3237 
10300 12 3532 30 3411 9 3413 2 3287 3216 
10400 9 3549 35 3436 1 3439 0 3305 3250 
10500 10 3531 34 3419 7 3421 0 3266 3226 
10600 26 3546 1529 3148 8 3150 2 3037 2997 
10700 48 3555 3177 2896 3 2882 0 2836 2799 
10800 23 3581 3452 3081 0 3070 0 3016 2976 
10900 9 3590 3491 3366 2 3361 0 3324 3290 
11000 11 3591 3503 3432 1 3429 0 3396 3340 
11100 11 3593 3522 3425 0 3425 0 3371 3342 
11200 9 3583 3502 3436 2 3426 0 3398 3370 
11300 11 3582 3498 3441 0 3432 0 3379 3346 
11400 10 3598 3528 3471 0 3467 0 3435 3397 
11500 18 3586 3504 3424 0 3423 0 3367 3339 
11600 11 3583 3524 3467 4 3466 0 3423 3387 
11700 18 3593 3521 3443 1 3438 0 3402 3366 
11800 11 3587 3511 3450 1 3438 0 3401 3372 
11900 9 3588 3485 3438 0 3437 0 3380 3358 
12000 243 3584 3490 3420 2 3422 0 3365 3322 
12100 2886 3576 3490 3339 2 3342 0 3298 3280 
12200 3389 3578 3490 3372 0 3366 0 3314 3275 
12300 3375 3579 3456 3358 0 3363 0 3306 3283 
12400 3379 3583 3474 3354 1 3351 1 3295 3259 
12500 3396 3579 3485 3369 4 3373 0 3307 3280 
12600 3389 3578 3466 3359 2 3365 0 3306 3288 
12700 3373 3578 3480 3378 0 3366 0 3305 3272 
12800 3393 3576 3477 3366 2 3369 0 3317 3290 
12900 3421 3582 3493 3398 2 3389 0 3349 3329 
13000 3399 3583 3484 3374 2 3369 1 3310 3289 
13100 3394 3581 3479 3355 0 3350 0 3308 3286 
13200 3430 3584 3518 3416 0 3426 0 3377 3355 
13300 3396 3584 3499 3375 1 3368 0 3324 3306 
13400 3395 3569 3489 3389 1 3391 0 3328 3318 
13500 3420 3582 3493 3397 3 3387 0 3354 3332 
13600 3409 3570 3488 3385 3 3385 0 3322 3309 
13700 3414 3579 3486 3404 2 3398 0 3350 3330 
13800 3384 3589 3499 3360 1 3357 1 3315 3292 
13900 3393 3580 3470 3363 4 3366 1 3308 3302 
14000 3371 3576 3486 3349 6 3350 2 3294 3271 
14100 3381 3584 3483 3379 14 3384 0 3324 3295 
14200 3412 3579 3495 3408 33 3402 0 3361 3337 
14300 3384 3575 3473 3377 82 3364 0 3298 3275 
14400 3355 3581 3473 3343 141 3342 0 3263 3238 
14500 3366 3577 3481 3336 126 3334 0 3266 3235 
14600 3368 3582 3478 3339 172 3334 0 3252 3245 
14700 3380 3570 3479 3322 166 3317 0 3253 3228 
14800 3366 3578 3499 3333 160 3338 0 3269 3244 
14900 3392 3583 3478 3367 189 3360 0 3307 3288 
15000 3350 3565 3461 3332 157 3323 0 3240 3225 
15100 3361 3575 3482 3365 143 3350 0 3286 3275 
15200 3395 3583 3489 3362 178 3360 0 3298 3283 
15300 3382 3577 3474 3363 179 3348 0 3286 3269 
15400 3411 3580 3513 3409 197 3407 0 3342 3315 
15500 3435 3582 3511 3404 178 3394 0 3358 3327 
15600 3427 3581 3494 3420 154 3413 0 3357 3326 
15700 3430 3581 3519 3425 179 3420 0 3356 3338 
15800 3434 3588 3514 3426 165 3419 0 3362 3345 
15900 3433 3582 3522 3435 181 3434 0 3368 3346 
16000 3434 3584 3494 3417 208 3403 0 3347 3328 
16100 3432 3576 3512 3435 184 3427 0 3371 3348 
16200 3405 3575 3478 3417 186 3409 0 3333 3302 
16300 3448 3580 3527 3468 149 3464 1 3405 3391 
16400 3470 3582 3508 3463 181 3445 1 3386 3357 
16500 3417 3580 3488 3450 157 3424 0 3376 3358 
16600 3430 3585 3506 3449 200 3430 0 3358 3338 
16700 3464 3590 3517 3476 192 3473 0 3421 3402 
16800 3478 3593 3529 3488 179 3477 0 3431 3398 
16900 3483 3584 3531 3500 158 3483 0 3430 3407 
17000 3464 3578 3517 3463 172 3459 0 3411 3386 
17100 3449 3585 3516 3441 149 3446 0 3393 3376 
17200 3459 3581 3526 3463 198 3461 1 3410 3394 
17300 3472 3589 3524 3473 174 3464 0 3411 3383 
17400 3467 3584 3524 3482 218 3478 0 3411 3385 
17500 3483 3587 3526 3482 200 3463 0 3423 3398 
17600 3500 3589 3540 3504 219 3501 0 3459 3433 
17700 3496 3588 3534 3508 212 3494 1 3442 3415 
17800 3476 3589 3531 3489 182 3488 0 3431 3406 
17900 3490 3588 3550 3507 193 3509 0 3448 3435 
18000 3479 3587 3541 3478 136 3467 0 3426 3389 
18100 3447 3590 3523 3474 151 3476 0 3409 3397 
18200 3483 3591 3527 3489 172 3488 0 3436 3417 
18300 3503 3591 3547 3514 201 3508 0 3450 3429 
18400 3509 3590 3547 3531 186 3525 0 3471 3454 
18500 3507 3598 3555 3534 175 3525 0 3487 3461 
18600 3520 3589 3551 3541 176 3534 0 3496 3461 
18700 3500 3584 3541 3526 194 3528 0 3462 3429 
18800 3539 3585 3555 3525 182 3524 0 3490 3475 
18900 3487 3593 3548 3504 210 3500 0 3436 3409 
19000 3500 3593 3550 3531 171 3512 0 3460 3432 
19100 3470 3581 3523 3497 187 3484 0 3430 3403 
19200 3509 3584 3540 3530 210 3510 0 3451 3436 
19300 3515 3585 3537 3516 176 3512 4 3460 3432 
19400 3506 3588 3550 3506 159 3507 1 3450 3426 
19500 3500 3588 3542 3524 188 3517 0 3457 3444 
19600 3499 3592 3531 3484 216 3470 0 3433 3401 
19700 3499 3575 3529 3497 220 3481 0 3426 3407 
19800 3474 3587 3524 3487 151 3479 0 3427 3396 
19900 3477 3582 3519 3487 151 3485 0 3422 3400 
20000 3472 3587 3530 3486 163 3475 0 3420 3395 
20100 3504 3590 3545 3513 197 3497 0 3459 3436 
20200 3511 3586 3537 3519 152 3510 0 3463 3443 
20300 3527 3592 3550 3525 195 3516 4 3490 3467 
20400 3531 3591 3555 3540 199 3526 1 3501 3472 
20500 3513 3587 3552 3533 189 3531 0 3482 3452 
20600 3525 3594 3562 3546 215 3534 2 3489 3467 
20700 3528 3590 3547 3562 169 3531 2 3497 3456 
20800 3550 3592 3568 3563 175 3557 0 3514 3471 
20900 3533 3593 3551 3538 169 3534 0 3497 3471 
21000 3547 3598 3571 3574 176 3562 2 3503 3481 
21100 3546 3594 3570 3570 164 3564 0 3518 3491 
21200 3541 3592 3560 3562 143 3546 3 3504 3483 
21300 3549 3594 3566 3555 190 3550 3 3523 3490 
21400 3536 3592 3554 3543 191 3542 3 3494 3465 
21500 3537 3591 3564 3562 187 3559 0 3502 3476 
21600 3546 3591 3561 3563 171 3556 1 3511 3492 
21700 3533 3592 3560 3560 163 3550 1 3509 3492 
21800 3528 3596 3552 3558 178 3533 2 3497 3475 
21900 3536 3594 3559 3551 206 3554 0 3511 3474 
22000 3528 3591 3556 3549 195 3543 0 3498 3478 
22100 3548 3594 3574 3575 169 3566 0 3518 3495 
22200 3562 3597 3578 3573 198 3566 0 3538 3498 
22300 3550 3596 3569 3572 154 3564 0 3522 3502 
22400 3555 3593 3568 3576 196 3558 0 3529 3500 
22500 3553 3598 3559 3569 140 3549 2 3522 3501 
22600 3562 3594 3573 3571 194 3564 0 3526 3494 
22700 3562 3598 3567 3568 165 3560 0 3537 3497 
22800 3544 3596 3556 3579 212 3562 0 3511 3480 
22900 3540 3595 3569 3571 181 3579 0 3516 3484 
23000 3559 3595 3572 3575 182 3565 0 3528 3493 
23100 3541 3588 3553 3561 174 3548 0 3509 3489 
23200 3538 3590 3553 3563 160 3550 0 3495 3467 
23300 3543 3590 3559 3560 217 3552 1 3508 3486 
23400 3554 3597 3579 3573 177 3572 0 3527 3514 
23500 3553 3596 3566 3572 180 3562 0 3521 3491 
23600 3535 3596 3553 3556 160 3545 0 3503 3479 
23700 3556 3594 3572 3580 160 3571 0 3533 3506 
23800 3532 3597 3558 3564 146 3555 0 3500 3463 
23900 3536 3592 3566 3568 196 3555 0 3505 3477 
24000 3561 3597 3573 3559 161 3564 0 3533 3519 
24100 3549 3590 3563 3563 225 3557 0 3515 3493 
24200 3521 3596 3560 3561 157 3555 0 3479 3461 
24300 3546 3589 3578 3568 182 3560 0 3515 3489 
24400 3529 3596 3561 3564 192 3553 0 3495 3460 
24500 3547 3594 3569 3573 145 3562 0 3517 3491 
24600 3550 3595 3572 3577 207 3561 0 3530 3496 
24700 3540 3591 3566 3567 182 3553 0 3521 3491 
24800 3541 3592 3564 3565 215 3557 0 3502 3478 
24900 3547 3590 3564 3565 215 3547 1 3506 3482 
25000 3551 3586 3561 3575 216 3550 0 3523 3505 
25100 3548 3591 3569 3576 196 3559 1 3523 3503 
25200 3553 3596 3563 3563 169 3561 1 3536 3506 
25300 3559 3594 3577 3571 188 3573 1 3533 3505 
25400 3543 3597 3566 3556 182 3553 0 3516 3491 
25500 3562 3595 3567 3561 158 3558 0 3524 3502 
25600 3548 3586 3561 3554 163 3550 0 3524 3495 
25700 3555 3594 3558 3557 194 3545 0 3515 3491 
25800 3554 3594 3573 3569 180 3562 0 3523 3491 
25900 3549 3588 3557 3550 213 3548 0 3520 3498 
26000 3554 3596 3569 3572 220 3551 0 3517 3494 
26100 3552 3595 3575 3559 197 3568 1 3528 3503 
26200 3528 3591 3547 3565 135 3539 0 3505 3480 
26300 3558 3594 3569 3571 195 3565 0 3520 3490 
26400 3553 3591 3569 3564 204 3565 0 3527 3500 
26500 3556 3594 3568 3569 220 3563 0 3531 3499 
26600 3536 3597 3574 3575 180 3570 0 3515 3479 
26700 3572 3594 3572 3571 175 3566 1 3535 3510 
26800 3563 3597 3576 3567 178 3571 4 3537 3515 
26900 3542 3598 3568 3570 188 3565 0 3519 3501 
27000 3567 3596 3578 3577 159 3572 0 3537 3503 
27100 3550 3593 3572 3555 223 3562 0 3526 3506 
27200 3544 3596 3567 3557 121 3562 1 3522 3486 
27300 3556 3585 3562 3567 161 3548 1 3516 3490 
27400 3539 3593 3564 3556 175 3555 0 3510 3478 
27500 3528 3592 3569 3566 178 3558 0 3515 3496 
27600 3553 3595 3566 3561 190 3560 0 3526 3482 
27700 3552 3596 3572 3571 190 3569 1 3530 3506 
27800 3539 3591 3568 3579 167 3568 1 3520 3495 
27900 3535 3596 3571 3561 219 3565 0 3523 3515 
28000 3545 3593 3567 3559 183 3561 1 3519 3496 
28100 3545 3596 3565 3559 163 3553 0 3516 3496 
28200 3543 3592 3581 3571 180 3574 0 3522 3510 
28300 3543 3593 3565 3565 180 3548 1 3507 3490 
28400 3541 3592 3565 3569 193 3550 1 3508 3486 
28500 3518 3594 3551 3556 183 3547 2 3489 3466 
28600 3554 3595 3581 3568 176 3569 0 3531 3500 
28700 3537 3591 3569 3558 225 3545 2 3498 3479 
28800 3539 3596 3567 3564 192 3556 0 3515 3494 
28900 3544 3592 3561 3569 170 3545 0 3511 3480 
29000 3543 3595 3568 3566 191 3556 0 3504 3476 
29100 3539 3591 3564 3566 196 3558 0 3513 3493 
29200 3533 3595 3570 3569 179 3564 0 3516 3492 
29300 3548 3594 3579 3564 175 3568 1 3524 3504 
29400 3539 3592 3562 3568 166 3552 0 3515 3490 
29500 3537 3591 3565 3577 201 3556 0 3498 3482 
29600 3546 3588 3569 3566 159 3562 0 3527 3496 
29700 3543 3597 3575 3560 188 3567 1 3516 3492 
29800 3547 3591 3573 3567 171 3559 0 3524 3500 
29900 3541 3590 3562 3567 174 3555 0 3515 3484 
30000 3549 3596 3557 3562 171 3555 0 3525 3501 
30100 3554 3594 3575 3563 186 3554 0 3527 3499 
30200 3541 3593 3572 3567 186 3559 1 3516 3495 
30300 3532 3591 3561 3563 174 3552 0 3503 3481 
30400 3531 3592 3554 3565 205 3543 0 3501 3470 
30500 3547 3592 3564 3559 156 3559 0 3516 3484 
30600 3543 3596 3562 3570 191 3551 0 3500 3484 
30700 3546 3592 3576 3582 180 3571 0 3514 3480 
30800 3534 3588 3554 3560 240 3548 0 3491 3453 
30900 3537 3595 3569 3563 174 3566 0 3514 3487 
31000 3538 3591 3574 3580 146 3571 0 3521 3513 
31100 3536 3588 3562 3569 214 3552 0 3509 3500 
31200 3541 3593 3570 3575 217 3562 0 3504 3482 
31300 3549 3592 3575 3576 221 3564 0 3520 3506 
31400 3554 3598 3574 3568 189 3559 0 3522 3495 
31500 3538 3590 3559 3566 187 3552 0 3503 3478 
31600 3534 3590 3558 3566 164 3553 0 3502 3461 
31700 3544 3595 3565 3578 215 3560 0 3516 3474 
31800 3547 3586 3558 3566 199 3551 0 3511 3484 
31900 3537 3590 3569 3571 183 3562 0 3520 3503 
32000 3550 3597 3564 3565 179 3557 0 3518 3493 
32100 3524 3596 3574 3576 192 3567 1 3503 3483 
32200 3556 3593 3559 3565 221 3551 0 3519 3484 
32300 3548 3593 3574 3585 192 3572 0 3521 3486 
32400 3543 3589 3573 3567 161 3561 1 3523 3494 
32500 3525 3593 3567 3564 205 3553 0 3488 3470 
32600 3533 3590 3571 3566 183 3556 2 3495 3469 
32700 3549 3588 3569 3573 168 3562 0 3519 3497 
32800 3531 3589 3553 3564 206 3547 0 3505 3485 
32900 3531 3589 3549 3559 182 3538 0 3509 3482 
33000 3528 3589 3556 3564 157 3555 0 3501 3480 
33100 3532 3586 3567 3567 166 3550 1 3506 3483 
33200 3534 3597 3570 3563 158 3550 0 3499 3484 
33300 3527 3591 3560 3566 182 3546 0 3501 3471 
33400 3542 3596 3571 3573 177 3561 2 3521 3502 
33500 3545 3591 3566 3565 191 3561 0 3518 3502 
33600 3532 3591 3557 3572 175 3551 0 3509 3477 
33700 3548 3589 3562 3574 155 3554 0 3508 3485 
33800 3528 3591 3569 3570 161 3556 0 3511 3496 
33900 3557 3595 3570 3582 190 3562 0 3524 3479 
34000 3534 3596 3581 3575 181 3571 0 3505 3478 
34100 3541 3584 3557 3570 187 3548 0 3512 3497 
34200 3526 3596 3560 3562 174 3558 0 3502 3474 
34300 3552 3595 3573 3582 217 3566 0 3527 3492 
34400 3547 3593 3571 3574 167 3564 0 3521 3502 
34500 3563 3596 3579 3573 177 3574 0 3538 3502 
34600 3547 3594 3570 3569 174 3565 0 3520 3485 
34700 3549 3594 3576 3570 209 3560 0 3514 3483 
34800 3554 3591 3570 3562 175 3557 0 3518 3485 
34900 3542 3592 3565 3568 208 3559 0 3517 3494 
35000 3538 3595 3570 3562 171 3558 0 3499 3488 
35100 3549 3592 3560 3573 195 3555 0 3514 3482 
35200 3536 3594 3573 3573 162 3565 0 3509 3491 
35300 3535 3589 3564 3571 199 3553 0 3508 3485 
35400 3534 3589 3561 3561 158 3550 0 3496 3475 
35500 3563 3594 3567 3573 192 3556 0 3541 3502 
35600 3535 3591 3579 3584 177 3574 0 3500 3485 
35700 3551 3591 3566 3570 194 3560 0 3516 3496 
35800 3542 3591 3571 3577 212 3566 0 3519 3505 
35900 3537 3597 3578 3569 201 3565 0 3505 3494 
36000 3559 3594 3583 3573 210 3572 0 3538 3507 
36100 3542 3595 3580 3573 193 3567 0 3518 3498 
36200 3547 3589 3555 3576 150 3549 0 3520 3485 
36300 3536 3590 3562 3566 156 3560 1 3503 3486 
36400 3548 3600 3583 3584 168 3577 0 3532 3514 
36500 3545 3597 3572 3562 198 3565 0 3524 3498 
36600 3551 3595 3583 3575 171 3574 0 3539 3523 
36700 3562 3594 3573 3580 140 3565 0 3533 3497 
36800 3532 3596 3563 3572 212 3561 0 3510 3494 
36900 3529 3594 3564 3572 188 3553 0 3510 3482 
37000 3553 3594 3564 3576 160 3559 0 3531 3502 
37100 3537 3584 3556 3562 197 3553 0 3510 3480 
37200 3536 3587 3562 3576 181 3555 0 3496 3459 
37300 3522 3593 3568 3571 180 3560 0 3499 3492 
37400 3539 3594 3570 3564 206 3557 0 3516 3496 
37500 3528 3588 3579 3585 162 3569 0 3509 3493 
37600 3529 3593 3573 3565 207 3553 0 3499 3487 
37700 3544 3586 3566 3577 170 3561 0 3517 3497 
37800 3551 3593 3569 3578 212 3563 0 3523 3485 
37900 3529 3592 3565 3556 187 3551 0 3507 3487 
38000 3520 3596 3560 3575 201 3550 0 3489 3453 
38100 3546 3587 3565 3574 222 3559 0 3517 3489 
38200 3531 3593 3572 3566 182 3566 0 3495 3474 
38300 3542 3593 3574 3582 174 3565 0 3526 3514 
38400 3551 3594 3567 3571 189 3557 0 3520 3507 
38500 3529 3593 3569 3577 162 3562 0 3512 3504 
38600 3533 3592 3558 3571 179 3558 0 3511 3485 
38700 3531 3591 3570 3566 230 3559 0 3508 3475 
38800 3546 3589 3566 3568 187 3560 0 3509 3478 
38900 3559 3590 3571 3572 211 3561 0 3527 3510 
39000 3541 3596 3574 3579 173 3568 0 3530 3513 
39100 3533 3585 3558 3556 151 3544 0 3503 3471 
39200 3524 3589 3568 3553 185 3540 0 3499 3480 
39300 3552 3595 3575 3565 193 3554 0 3525 3507 
39400 3535 3595 3575 3559 208 3561 2 3509 3483 
39500 3535 3594 3566 3577 182 3562 0 3499 3479 
39600 3549 3593 3573 3578 232 3565 0 3519 3504 
39700 3545 3596 3573 3564 187 3557 0 3503 3465 
39800 3540 3589 3566 3563 168 3557 0 3515 3482 
39900 3545 3594 3572 3570 175 3561 0 3526 3491 
40000 3530 3591 3564 3564 151 3555 0 3504 3456 
40100 3540 3593 3557 3568 170 3551 0 3517 3497 
40200 3533 3592 3573 3564 205 3555 0 3498 3468 
40300 3570 3591 3568 3576 210 3556 0 3532 3505 
40400 3543 3592 3571 3573 176 3563 0 3513 3481 
40500 3544 3587 3552 3567 180 3545 0 3510 3473 
40600 3544 3595 3578 3574 169 3565 0 3508 3477 
40700 3522 3580 3552 3558 177 3545 0 3492 3467 
40800 3553 3585 3573 3579 184 3567 0 3527 3491 
40900 3562 3594 3566 3571 254 3560 0 3530 3484 
41000 3539 3592 3585 3587 174 3578 0 3521 3508 
41100 3561 3593 3570 3583 214 3566 0 3532 3504 
41200 3548 3589 3551 3569 185 3543 0 3521 3482 
41300 3550 3591 3549 3568 175 3539 0 3525 3492 
41400 3552 3593 3568 3579 165 3563 0 3519 3492 
41500 3560 3597 3580 3585 182 3578 0 3541 3521 
41600 3543 3594 3573 3586 202 3571 0 3531 3508 
41700 3550 3595 3569 3570 150 3557 0 3524 3500 
41800 3531 3593 3579 3579 192 3573 0 3509 3487 
41900 3557 3595 3583 3578 176 3574 0 3529 3503 
42000 3535 3586 3556 3561 200 3546 0 3490 3472 
42100 3571 3593 3576 3580 204 3571 0 3544 3513 
42200 3551 3595 3577 3579 179 3576 0 3528 3501 
42300 3542 3592 3567 3576 257 3562 0 3506 3477 
42400 3553 3593 3581 3586 169 3577 0 3538 3497 
42500 3547 3589 3565 3569 207 3562 0 3522 3500 
42600 3551 3599 3577 3579 194 3567 0 3532 3513 
42700 3549 3586 3553 3568 183 3548 0 3521 3505 
42800 3533 3590 3571 3573 191 3564 0 3498 3461 
42900 3560 3593 3568 3578 177 3559 0 3527 3485 
43000 3541 3593 3569 3574 195 3565 0 3514 3483 
43100 3555 3595 3570 3582 191 3565 0 3538 3507 
43200 3540 3594 3577 3571 235 3567 0 3517 3495 
43300 3550 3586 3574 3569 194 3562 0 3523 3498 
43400 3563 3589 3570 3581 222 3565 0 3532 3504 
43500 3554 3592 3573 3577 193 3567 0 3524 3505 
43600 3553 3596 3578 3577 220 3568 0 3525 3503 
43700 3554 3597 3576 3577 204 3564 0 3534 3497 
43800 3553 3585 3567 3567 202 3560 0 3522 3482 
43900 3540 3587 3561 3567 168 3561 0 3516 3485 
44000 3550 3589 3567 3568 209 3552 0 3520 3492 
44100 3528 3591 3574 3573 199 3563 0 3496 3470 
44200 3547 3593 3574 3573 190 3566 0 3522 3493 
44300 3559 3596 3580 3578 183 3571 0 3544 3513 
44400 3547 3595 3559 3570 177 3553 0 3523 3500 
44500 3550 3599 3578 3576 205 3571 0 3523 3493 
44600 3557 3593 3577 3580 181 3570 0 3520 3497 
44700 3538 3583 3566 3566 182 3554 0 3504 3470 
44800 3571 3593 3579 3587 149 3572 0 3552 3517 
44900 3538 3591 3576 3573 166 3564 0 3513 3476 
45000 3546 3596 3576 3572 177 3567 0 3524 3497 
45100 3529 3594 3571 3565 247 3560 0 3497 3476 
45200 3550 3592 3576 3575 189 3569 0 3519 3497 
45300 3555 3595 3578 3566 161 3564 0 3529 3487 
45400 3547 3590 3567 3562 203 3551 0 3522 3475 
45500 3532 3590 3561 3565 194 3552 0 3492 3451 
45600 3550 3592 3581 3578 176 3579 0 3533 3509 
45700 3550 3591 3570 3578 218 3564 0 3520 3504 
45800 3550 3591 3566 3573 195 3564 0 3513 3479 
45900 3540 3597 3574 3570 232 3563 0 3520 3482 
46000 3558 3598 3580 3592 174 3576 0 3540 3508 
46100 3557 3591 3568 3567 240 3564 0 3532 3502 
46200 3544 3595 3578 3572 225 3571 0 3520 3494 
46300 3548 3592 3578 3569 172 3571 0 3519 3497 
46400 3550 3594 3579 3585 186 3569 0 3520 3495 
46500 3550 3598 3588 3581 167 3578 0 3523 3482 
46600 3543 3595 3573 3578 197 3572 0 3525 3497 
46700 3550 3594 3580 3570 201 3569 0 3532 3511 
46800 3543 3596 3580 3572 197 3569 0 3508 3487 
46900 3553 3595 3581 3576 170 3575 2 3536 3503 
47000 3555 3594 3574 3573 181 3563 2 3530 3513 
47100 3549 3593 3565 3573 200 3565 0 3525 3491 
47200 3561 3593 3569 3576 228 3564 0 3536 3503 
47300 3553 3594 3579 3576 161 3572 0 3531 3502 
47400 3555 3596 3570 3573 191 3564 1 3535 3487 
47500 3548 3591 3575 3569 202 3558 0 3519 3482 
47600 3543 3592 3574 3580 217 3567 0 3508 3503 
47700 3542 3591 3570 3570 197 3564 0 3524 3493 
47800 3529 3592 3566 3569 195 3561 0 3504 3491 
47900 3537 3593 3566 3571 189 3560 0 3510 3483 
48000 3553 3595 3579 3579 195 3572 0 3537 3520 
48100 3547 3587 3561 3573 201 3559 0 3522 3500 
48200 3561 3598 3580 3580 219 3575 0 3532 3495 
48300 3545 3593 3570 3563 181 3554 0 3519 3493 
48400 3551 3595 3574 3573 150 3563 0 3522 3489 
48500 3543 3594 3574 3566 198 3560 0 3508 3492 
48600 3556 3594 3584 3568 210 3566 0 3524 3498 
48700 3553 3593 3573 3571 201 3564 0 3523 3495 
48800 3558 3594 3579 3574 195 3573 3 3520 3503 
48900 3553 3589 3578 3582 147 3569 1 3523 3493 
49000 3552 3593 3564 3568 177 3550 0 3513 3474 
49100 3535 3597 3573 3573 200 3562 0 3518 3498 
49200 3528 3597 3573 3575 166 3563 1 3509 3493 
49300 3535 3594 3575 3574 207 3570 0 3516 3488 
49400 3542 3597 3570 3567 193 3562 0 3509 3475 
49500 3542 3592 3567 3571 192 3562 0 3507 3486 
49600 3543 3591 3576 3575 151 3564 0 3512 3480 
49700 3550 3592 3573 3578 191 3569 0 3527 3470 
49800 3543 3593 3571 3584 210 3570 0 3527 3489 
49900 3549 3596 3571 3576 181 3557 0 3511 3482 
50000 3544 3594 3561 3572 184 3558 0 3512 3477 
50100 3542 3593 3569 3573 185 3562 0 3513 3491 
50200 3531 3590 3561 3554 172 3542 0 3494 3463 
50300 3561 3590 3569 3585 198 3566 0 3534 3509 
50400 3556 3596 3573 3580 215 3566 0 3534 3485 
50500 3537 3593 3561 3579 185 3555 0 3512 3483 
50600 3530 3591 3569 3576 196 3563 2 3509 3475 
50700 3550 3595 3569 3570 158 3559 0 3531 3497 
50800 3551 3595 3580 3579 199 3570 0 3521 3503 
50900 3557 3598 3580 3585 195 3577 0 3522 3476 
51000 3548 3594 3571 3578 195 3565 0 3516 3485 
51100 3556 3597 3572 3578 202 3563 0 3531 3504 
51200 3541 3599 3571 3574 204 3565 0 3515 3498 
51300 3536 3597 3578 3578 204 3576 0 3510 3484 
51400 3544 3594 3561 3570 205 3557 1 3520 3497 
51500 3552 3592 3566 3581 201 3561 0 3518 3475 
51600 3548 3588 3571 3573 161 3565 0 3512 3490 
51700 3557 3596 3578 3577 196 3568 0 3528 3498 
51800 3561 3596 3575 3578 187 3566 1 3530 3496 
51900 3544 3598 3567 3577 197 3557 0 3526 3491 
52000 3550 3595 3575 3579 198 3570 0 3527 3507 
52100 3557 3598 3579 3583 199 3575 0 3540 3514 
52200 3551 3596 3580 3581 216 3570 0 3518 3489 
52300 3525 3594 3561 3564 211 3552 0 3498 3478 
52400 3551 3588 3565 3576 175 3562 0 3529 3499 
52500 3565 3596 3583 3592 192 3580 0 3543 3509 
52600 3547 3597 3574 3567 241 3553 0 3514 3476 
52700 3533 3592 3566 3564 167 3555 1 3499 3471 
52800 3522 3595 3574 3554 165 3552 0 3487 3457 
52900 3540 3594 3575 3568 180 3560 0 3511 3484 
53000 3534 3596 3572 3567 218 3559 0 3520 3500 
53100 3544 3593 3564 3563 163 3548 0 3507 3460 
53200 3532 3598 3581 3567 169 3566 0 3514 3494 
53300 3537 3594 3562 3562 203 3549 1 3512 3484 
53400 3551 3590 3559 3570 174 3551 0 3511 3466 
53500 3547 3596 3565 3574 188 3561 0 3529 3501 
53600 3546 3587 3550 3576 162 3547 0 3509 3483 
53700 3562 3594 3573 3581 188 3568 0 3538 3493 
53800 3548 3598 3575 3561 178 3560 0 3514 3485 
53900 3545 3593 3571 3578 218 3564 0 3517 3485 
54000 3556 3591 3572 3574 217 3562 0 3521 3478 
54100 3534 3594 3575 3576 212 3572 0 3518 3499 
54200 3559 3596 3572 3586 231 3567 0 3521 3492 
54300 3555 3591 3575 3580 226 3566 0 3517 3487 
54400 3548 3596 3576 3578 210 3561 0 3530 3505 
54500 3530 3595 3579 3574 182 3572 1 3504 3483 
54600 3560 3596 3569 3575 185 3565 0 3538 3507 
54700 3548 3591 3573 3574 189 3562 0 3522 3504 
54800 3547 3594 3578 3584 164 3574 0 3528 3489 
54900 3553 3594 3574 3579 212 3572 0 3512 3477 
55000 3554 3594 3574 3574 172 3562 0 3519 3476 
55100 3554 3595 3581 3583 204 3573 0 3535 3511 
55200 3556 3592 3574 3577 189 3565 0 3522 3510 
55300 3553 3593 3573 3586 229 3574 0 3535 3497 
55400 3548 3585 3572 3576 154 3561 0 3515 3494 
55500 3549 3592 3573 3578 206 3570 0 3518 3490 
55600 3546 3586 3563 3575 182 3553 0 3506 3481 
55700 3557 3592 3567 3569 223 3558 0 3512 3471 
55800 3557 3599 3567 3576 186 3558 0 3526 3470 
55900 3544 3591 3563 3569 177 3554 0 3524 3495 
56000 3537 3591 3563 3572 212 3560 0 3512 3486 
56100 3542 3595 3556 3563 186 3544 0 3508 3471 
56200 3543 3596 3584 3579 177 3578 0 3511 3484 
56300 3545 3591 3577 3578 182 3572 0 3520 3499 
56400 3535 3594 3565 3557 161 3546 0 3493 3470 
56500 3548 3591 3567 3573 169 3563 0 3515 3496 
56600 3540 3592 3574 3579 194 3575 0 3512 3504 
56700 3552 3592 3577 3569 199 3564 0 3521 3476 
56800 3560 3593 3577 3580 211 3575 0 3538 3505 
56900 3555 3591 3571 3586 218 3568 0 3514 3481 
57000 3536 3596 3569 3581 188 3565 0 3511 3505 
57100 3532 3589 3564 3570 192 3558 0 3498 3477 
57200 3552 3592 3570 3577 191 3568 0 3525 3504 
57300 3555 3594 3568 3583 198 3567 0 3538 3510 
57400 3541 3597 3573 3574 168 3559 0 3522 3501 
57500 3542 3592 3564 3560 222 3555 0 3505 3487 
57600 3541 3593 3559 3569 265 3552 0 3503 3468 
57700 3546 3598 3572 3576 206 3569 0 3530 3503 
57800 3540 3590 3566 3567 176 3552 1 3503 3481 
57900 3542 3588 3549 3561 178 3543 2 3495 3467 
58000 3539 3594 3569 3575 193 3567 0 3518 3486 
58100 3543 3595 3570 3578 228 3558 0 3514 3489 
58200 3546 3592 3565 3571 144 3559 0 3524 3500 
58300 3550 3587 3569 3577 217 3569 0 3521 3483 
58400 3542 3589 3561 3565 223 3545 0 3504 3461 
58500 3543 3588 3565 3572 198 3554 0 3504 3476 
58600 3556 3593 3573 3576 178 3569 0 3529 3503 
58700 3549 3592 3569 3579 181 3561 0 3525 3498 
58800 3547 3592 3563 3571 207 3549 2 3504 3455 
58900 3543 3597 3579 3571 238 3572 0 3519 3494 
59000 3546 3594 3560 3572 213 3549 0 3513 3477 
59100 3543 3593 3562 3572 170 3552 0 3510 3494 
59200 3551 3596 3567 3577 184 3564 0 3520 3494 
59300 3543 3594 3576 3575 192 3571 0 3509 3480 
59400 3538 3591 3562 3566 188 3553 0 3503 3468 
59500 3552 3593 3565 3573 185 3553 0 3510 3474 
59600 3544 3588 3560 3583 158 3564 0 3522 3486 
59700 3554 3590 3570 3585 247 3568 0 3523 3492 
59800 3545 3595 3574 3578 239 3567 0 3506 3492 
59900 3548 3593 3564 3575 170 3564 0 3512 3485 
60000 3532 3590 3566 3569 188 3559 0 3492 3463 
60100 3557 3589 3572 3581 184 3570 1 3537 3503 
60200 3554 3595 3564 3571 134 3559 0 3521 3500 
60300 3550 3591 3565 3571 212 3561 0 3508 3469 
60400 3558 3594 3567 3571 219 3556 0 3524 3494 
60500 3547 3593 3569 3577 171 3566 0 3521 3496 
60600 3545 3592 3557 3562 215 3546 0 3501 3468 
60700 3536 3596 3573 3574 200 3565 2 3511 3479 
60800 3538 3593 3557 3574 162 3551 0 3505 3488 
60900 3543 3592 3563 3583 194 3561 0 3516 3479 
61000 3552 3596 3574 3586 171 3573 0 3520 3488 
61100 3557 3587 3557 3571 238 3554 0 3522 3507 
61200 3542 3594 3574 3570 178 3564 0 3510 3480 
61300 3545 3594 3575 3583 221 3570 0 3523 3495 
61400 3557 3595 3572 3578 195 3564 0 3521 3474 
61500 3531 3594 3568 3574 199 3556 0 3511 3484 
61600 3556 3593 3568 3570 176 3562 0 3517 3486 
61700 3540 3597 3557 3573 145 3550 0 3508 3476 
61800 3530 3591 3555 3568 211 3543 0 3498 3476 
61900 3546 3596 3581 3572 195 3565 0 3509 3490 
62000 3549 3593 3563 3568 218 3557 0 3514 3494 
62100 3537 3598 3574 3574 180 3564 0 3500 3462 
62200 3537 3598 3568 3563 160 3559 0 3505 3472 
62300 3542 3595 3564 3573 217 3558 0 3507 3467 
62400 3547 3593 3558 3561 194 3552 1 3518 3495 
62500 3551 3598 3574 3568 173 3558 0 3505 3470 
62600 3546 3600 3571 3572 144 3568 2 3526 3505 
62700 3546 3595 3569 3566 195 3554 0 3515 3482 
62800 3550 3593 3569 3572 180 3560 14 3525 3509 
62900 3544 3587 3553 3566 200 3545 0 3499 3478 
63000 3537 3599 3557 3561 193 3548 0 3504 3464 
63100 3538 3595 3566 3559 171 3556 0 3512 3484 
63200 3551 3597 3573 3574 231 3570 2 3528 3494 
63300 3544 3586 3563 3570 194 3555 0 3512 3484 
63400 3528 3599 3566 3574 178 3553 0 3498 3472 
63500 3546 3596 3574 3574 201 3567 0 3519 3483 
63600 3544 3594 3565 3569 183 3556 0 3525 3501 
63700 3543 3595 3559 3571 153 3557 0 3520 3475 
63800 3541 3588 3551 3563 191 3550 0 3512 3499 
63900 3544 3590 3558 3568 152 3552 0 3501 3470 
64000 3536 3597 3569 3576 218 3559 0 3509 3479 
64100 3545 3596 3570 3581 219 3563 0 3520 3489 
64200 3539 3595 3567 3566 215 3554 0 3507 3477 
64300 3536 3597 3572 3572 188 3560 0 3515 3491 
64400 3548 3580 3559 3576 177 3551 0 3506 3472 
64500 3549 3597 3570 3579 204 3563 0 3513 3477 
64600 3547 3595 3581 3570 164 3565 0 3521 3480 
64700 3533 3589 3567 3570 227 3558 0 3501 3479 
64800 3534 3598 3579 3568 227 3567 0 3514 3482 
64900 3534 3594 3558 3561 202 3545 0 3504 3478 
65000 3539 3597 3566 3569 185 3558 0 3510 3475 
65100 3542 3595 3568 3575 197 3557 0 3522 3487 
65200 3540 3593 3580 3582 187 3576 0 3515 3488 
65300 3537 3582 3553 3565 207 3544 0 3495 3470 
65400 3557 3593 3562 3571 138 3553 0 3522 3484 
65500 3544 3590 3553 3564 151 3546 0 3497 3470 
65600 3546 3591 3560 3569 191 3551 0 3516 3501 
65700 3552 3588 3562 3574 215 3559 0 3521 3487 
65800 3510 3595 3563 3559 182 3547 0 3483 3448 
65900 3530 3595 3567 3567 193 3557 0 3492 3444 
66000 3541 3588 3558 3569 188 3548 0 3505 3491 
66100 3543 3584 3559 3565 182 3553 0 3498 3471 
66200 3546 3589 3558 3567 213 3551 0 3514 3483 
66300 3549 3595 3571 3580 183 3567 0 3525 3493 
66400 3546 3597 3581 3576 228 3574 0 3523 3498 
66500 3550 3589 3575 3576 184 3568 1 3514 3483 
66600 3547 3593 3576 3571 209 3569 0 3509 3482 
66700 3555 3600 3577 3574 188 3571 0 3534 3518 
66800 3535 3581 3546 3559 201 3537 0 3496 3477 
66900 3543 3594 3569 3573 173 3567 0 3521 3502 
67000 3526 3595 3561 3567 187 3554 0 3503 3469 
67100 3554 3591 3567 3563 197 3554 0 3524 3488 
67200 3539 3595 3570 3566 165 3559 0 3521 3488 
67300 3525 3598 3578 3570 205 3568 0 3493 3471 
67400 3524 3588 3553 3566 191 3554 0 3481 3448 
67500 3541 3591 3555 3555 228 3542 0 3508 3478 
67600 3540 3586 3557 3570 217 3557 0 3497 3489 
67700 3522 3593 3568 3559 167 3553 0 3492 3468 
67800 3548 3597 3578 3575 166 3572 0 3522 3488 
67900 3534 3590 3564 3575 212 3559 0 3507 3469 
68000 3539 3592 3558 3564 165 3553 0 3508 3488 
68100 3520 3589 3558 3552 231 3545 0 3479 3447 
68200 3547 3589 3560 3557 179 3550 0 3507 3469 
68300 3544 3595 3557 3573 210 3556 0 3522 3499 
68400 3539 3595 3557 3565 187 3554 0 3499 3483 
68500 3557 3596 3566 3567 189 3553 0 3520 3474 
68600 3527 3592 3552 3546 188 3539 0 3482 3456 
68700 3527 3595 3565 3562 189 3551 0 3485 3464 
68800 3548 3595 3579 3571 153 3563 0 3513 3486 
68900 3553 3590 3564 3569 187 3554 0 3514 3480 
69000 3531 3589 3558 3566 174 3551 0 3496 3464 
69100 3543 3585 3552 3564 175 3550 0 3497 3467 
69200 3539 3594 3562 3556 206 3552 0 3499 3482 
69300 3531 3583 3555 3554 185 3539 0 3498 3465 
69400 3543 3591 3560 3563 177 3548 0 3512 3486 
69500 3511 3590 3560 3558 149 3548 0 3474 3458 
69600 3531 3585 3549 3564 164 3543 0 3504 3488 
69700 3534 3592 3561 3564 175 3552 0 3495 3471 
69800 3538 3587 3549 3564 209 3543 0 3513 3486 
69900 3529 3596 3559 3558 172 3543 0 3497 3469 
70000 3539 3594 3559 3568 189 3556 0 3515 3488 
70100 3550 3598 3577 3576 229 3568 0 3513 3476 
70200 3543 3595 3572 3568 219 3556 0 3510 3477 
70300 3550 3597 3576 3580 189 3572 0 3520 3501 
70400 3538 3593 3571 3569 204 3556 0 3497 3477 
70500 3534 3597 3578 3569 193 3559 0 3504 3485 
70600 3529 3595 3554 3558 191 3548 0 3486 3476 
70700 3525 3594 3555 3558 161 3540 1 3487 3469 
70800 3547 3598 3578 3580 171 3569 0 3525 3488 
70900 3535 3593 3574 3568 155 3560 0 3504 3492 
71000 3552 3592 3574 3573 221 3563 0 3509 3463 
71100 3543 3593 3569 3564 175 3562 0 3502 3479 
71200 3554 3595 3579 3573 199 3566 0 3524 3494 
71300 3529 3595 3560 3561 197 3552 0 3501 3480 
71400 3527 3587 3551 3562 174 3543 0 3489 3465 
71500 3530 3595 3563 3567 176 3548 0 3492 3468 
71600 3540 3594 3565 3564 195 3560 0 3513 3489 
71700 3521 3596 3569 3567 186 3564 3 3497 3481 
71800 3539 3596 3558 3578 183 3554 0 3513 3475 
71900 3539 3591 3566 3575 199 3552 0 3508 3496 
72000 3532 3596 3568 3571 194 3556 0 3503 3484 
72100 3550 3595 3579 3576 221 3566 0 3508 3501 
72200 3524 3593 3558 3557 218 3540 0 3477 3460 
72300 3540 3593 3560 3564 153 3545 0 3494 3475 
72400 3551 3589 3557 3559 195 3543 0 3509 3490 
72500 3534 3597 3564 3562 169 3554 2 3509 3482 
72600 3538 3600 3573 3578 205 3567 0 3508 3496 
72700 3541 3595 3561 3568 237 3552 0 3506 3492 
72800 3550 3594 3563 3581 185 3558 0 3516 3490 
72900 3541 3595 3569 3573 203 3557 0 3514 3499 
73000 3541 3593 3560 3569 203 3560 0 3504 3461 
73100 3552 3595 3579 3563 190 3565 0 3522 3482 
73200 3541 3594 3559 3574 176 3549 0 3507 3484 
73300 3534 3597 3575 3576 176 3567 0 3514 3498 
73400 3514 3593 3560 3569 181 3555 0 3477 3460 
73500 3534 3592 3563 3558 232 3548 0 3499 3495 
73600 3543 3600 3570 3571 201 3564 0 3520 3498 
73700 3548 3593 3566 3566 244 3562 0 3512 3502 
73800 3552 3595 3572 3578 138 3565 0 3516 3499 
73900 3543 3595 3577 3578 150 3569 0 3526 3504 
74000 3543 3596 3570 3572 200 3560 0 3521 3497 
74100 3545 3599 3574 3576 178 3565 0 3509 3484 
74200 3547 3593 3571 3580 191 3567 0 3510 3499 
74300 3557 3589 3561 3573 197 3555 1 3513 3488 
74400 3530 3595 3574 3573 191 3563 0 3500 3479 
74500 3530 3596 3575 3576 203 3569 0 3494 3473 
74600 3530 3592 3563 3571 175 3555 0 3486 3465 
74700 3555 3594 3575 3569 167 3564 0 3514 3487 
74800 3542 3600 3576 3579 190 3569 0 3517 3495 
74900 3560 3599 3569 3577 184 3556 0 3526 3502 
75000 3526 3597 3577 3576 220 3566 0 3504 3490 
75100 3522 3596 3577 3577 144 3574 0 3506 3484 
75200 3547 3595 3575 3575 187 3568 0 3520 3506 
75300 3541 3597 3566 3573 177 3556 0 3522 3499 
75400 3546 3598 3571 3569 155 3562 0 3510 3478 
75500 3541 3594 3571 3577 186 3562 0 3507 3479 
75600 3518 3598 3565 3565 150 3550 0 3492 3464 
75700 3548 3596 3582 3577 196 3566 0 3516 3502 
75800 3553 3597 3576 3577 199 3568 0 3519 3494 
75900 3545 3597 3584 3574 196 3578 0 3534 3502 
76000 3545 3598 3566 3582 204 3558 0 3524 3487 
76100 3537 3600 3577 3571 231 3567 0 3509 3491 
76200 3551 3597 3571 3573 194 3567 0 3522 3490 
76300 3539 3592 3564 3571 196 3560 0 3503 3484 
76400 3551 3597 3571 3574 199 3566 0 3524 3492 
76500 3540 3593 3564 3562 172 3549 0 3497 3474 
76600 3551 3598 3570 3572 168 3555 0 3522 3507 
76700 3535 3598 3576 3577 190 3567 0 3506 3485 
76800 3551 3595 3571 3571 225 3564 0 3524 3514 
76900 3546 3598 3583 3577 193 3568 0 3517 3515 
77000 3547 3597 3573 3575 234 3567 0 3511 3490 
77100 3535 3599 3568 3570 192 3556 0 3495 3464 
77200 3548 3596 3565 3576 193 3560 0 3512 3478 
77300 3534 3599 3577 3575 232 3570 0 3514 3495 
77400 3541 3594 3571 3571 136 3562 0 3510 3496 
77500 3552 3595 3571 3578 146 3568 0 3519 3512 
77600 3560 3594 3562 3569 168 3556 0 3524 3494 
77700 3542 3595 3572 3580 183 3572 0 3509 3488 
77800 3532 3599 3575 3577 231 3567 0 3515 3495 
77900 3535 3597 3573 3577 187 3570 0 3507 3490 
78000 3528 3595 3562 3567 173 3552 0 3494 3470 
78100 3545 3600 3564 3571 162 3552 0 3491 3471 
78200 3541 3596 3553 3568 194 3548 0 3523 3510 
78300 3532 3591 3559 3557 178 3535 0 3482 3455 
78400 3540 3599 3570 3580 225 3564 0 3511 3487 
78500 3543 3595 3567 3573 178 3556 0 3511 3496 
78600 3543 3598 3577 3575 143 3565 0 3517 3506 
78700 3535 3594 3567 3565 161 3554 0 3504 3472 
78800 3536 3598 3570 3570 176 3557 0 3498 3475 
78900 3547 3596 3573 3573 177 3568 0 3509 3504 
79000 3544 3599 3569 3567 180 3564 0 3517 3491 
79100 3536 3598 3566 3569 212 3558 0 3509 3485 
79200 3535 3596 3576 3575 200 3562 0 3506 3501 
79300 3530 3593 3568 3581 252 3556 0 3502 3502 
79400 3529 3598 3565 3574 171 3551 0 3503 3498 
79500 3529 3589 3549 3561 180 3552 0 3488 3466 
79600 3539 3592 3571 3565 202 3556 0 3490 3485 
79700 3539 3598 3568 3572 189 3562 0 3511 3486 
79800 3543 3598 3582 3573 300 3570 0 3503 3492 
79900 3487 3593 3542 3542 2789 3517 14 3421 3410 
80000 3482 3586 3531 3532 2608 3516 679 3410 3422 
80100 3487 3590 3536 3517 1054 3509 2799 3385 3408 
80200 3491 3574 3513 3498 2361 3483 3246 3360 3406 
80300 3485 3589 3537 3513 3193 3510 3310 3385 3414 
80400 3476 3586 3523 3518 3309 3507 3307 3393 3416 
80500 3496 3591 3552 3533 3356 3524 3351 3417 3433 
80600 3514 3597 3556 3553 3407 3545 3407 3483 3453 
80700 3527 3597 3561 3550 3444 3541 3450 3499 3476 
80800 3496 3593 3537 3536 3421 3527 3419 3462 3427 
80900 3497 3596 3548 3541 3417 3524 3423 3451 3424 
81000 3507 3598 3546 3553 3455 3535 3454 3471 3443 
81100 3499 3595 3540 3526 3415 3511 3422 3454 3435 
81200 3513 3592 3549 3552 3441 3534 3444 3479 3467 
81300 3496 3597 3547 3543 3410 3533 3411 3463 3431 
81400 3502 3593 3554 3547 3444 3540 3442 3465 3448 
81500 3507 3590 3551 3530 3430 3517 3426 3463 3431 
81600 3499 3591 3541 3529 3431 3520 3424 3457 3440 
81700 3516 3591 3540 3545 3411 3516 3407 3470 3423 
81800 3515 3597 3554 3550 3445 3542 3437 3493 3455 
81900 3514 3598 3547 3534 3454 3529 3450 3477 3453 
82000 3505 3588 3533 3541 3394 3523 3401 3479 3449 
82100 3512 3593 3551 3549 3441 3542 3449 3478 3463 
82200 3505 3595 3560 3561 3429 3545 3434 3476 3452 
82300 3503 3591 3543 3545 3401 3519 3411 3453 3421 
82400 3502 3598 3541 3544 3435 3518 3433 3476 3443 
82500 3502 3593 3529 3528 3426 3508 3426 3466 3442 
82600 3490 3591 3533 3526 3409 3521 3418 3463 3431 
82700 3492 3588 3538 3542 3422 3540 3418 3480 3440 
82800 3507 3588 3540 3540 3429 3532 3421 3476 3448 
82900 3496 3594 3526 3534 3420 3506 3410 3457 3417 
83000 3522 3595 3556 3545 3435 3534 3439 3485 3452 
83100 3477 3593 3531 3527 3398 3510 3408 3438 3405 
83200 3494 3597 3538 3531 3437 3522 3427 3465 3447 
83300 3500 3596 3542 3551 3411 3531 3412 3474 3437 
83400 3475 3595 3528 3531 3400 3521 3397 3442 3404 
83500 3483 3596 3543 3542 3409 3522 3410 3454 3430 
83600 3523 3593 3551 3551 3457 3541 3452 3500 3466 
83700 3487 3596 3544 3532 3430 3530 3427 3455 3427 
83800 3454 3594 3541 3530 3388 3515 3383 3412 3405 
83900 3489 3592 3530 3528 3411 3516 3413 3466 3430 
84000 3488 3590 3521 3520 3415 3495 3412 3451 3418 
84100 3500 3594 3541 3547 3436 3530 3430 3478 3455 
84200 3501 3595 3549 3547 3424 3539 3421 3472 3437 
84300 3500 3589 3542 3527 3432 3514 3424 3456 3441 
84400 3476 3587 3535 3520 3412 3517 3404 3449 3420 
84500 3514 3595 3561 3547 3449 3539 3452 3480 3454 
84600 3498 3589 3545 3540 3440 3530 3441 3469 3447 
84700 3500 3594 3552 3549 3430 3533 3432 3469 3452 
84800 3501 3592 3548 3536 3425 3528 3419 3467 3427 
84900 3482 3593 3538 3543 3387 3528 3396 3463 3418 
85000 3502 3592 3546 3547 3429 3534 3436 3479 3445 
85100 3487 3593 3530 3532 3411 3512 3408 3455 3422 
85200 3490 3593 3527 3533 3412 3521 3406 3455 3421 
85300 3523 3590 3532 3535 3463 3518 3461 3488 3458 
85400 3490 3588 3535 3541 3410 3531 3408 3469 3438 
85500 3484 3592 3541 3540 3404 3527 3405 3458 3421 
85600 3468 3590 3541 3538 3412 3521 3409 3444 3427 
85700 3503 3591 3535 3551 3424 3525 3437 3478 3448 
85800 3509 3584 3531 3532 3425 3517 3415 3471 3427 
85900 3497 3591 3546 3547 3425 3535 3426 3472 3446 
86000 3503 3592 3551 3551 3449 3541 3446 3475 3453 
86100 3492 3593 3552 3548 3431 3537 3426 3460 3442 
86200 3494 3593 3535 3537 3399 3523 3395 3458 3427 
86300 3491 3599 3535 3546 3421 3522 3421 3464 3435 
86400 3479 3594 3533 3540 3405 3515 3402 3447 3420 
86500 3505 3589 3544 3548 3431 3536 3432 3470 3447 
86600 3488 3589 3537 3534 3423 3519 3418 3453 3435 
86700 3485 3590 3546 3545 3415 3532 3413 3456 3427 
86800 3498 3589 3537 3525 3434 3520 3439 3462 3440 
86900 3485 3585 3533 3516 3422 3510 3413 3436 3413 
87000 3482 3596 3531 3547 3418 3521 3412 3454 3430 
87100 3509 3590 3542 3544 3426 3529 3426 3478 3440 
87200 3491 3588 3543 3547 3428 3528 3427 3457 3432 
87300 3503 3583 3526 3524 3426 3507 3421 3454 3443 
87400 3498 3593 3542 3541 3433 3524 3426 3460 3433 
87500 3504 3588 3556 3553 3456 3545 3446 3460 3444 
87600 3489 3594 3540 3539 3396 3529 3405 3463 3429 
87700 3497 3593 3547 3537 3411 3525 3405 3465 3429 
87800 3502 3595 3548 3560 3437 3544 3443 3463 3436 
87900 3480 3587 3536 3528 3410 3521 3398 3450 3437 
88000 3494 3589 3535 3534 3435 3525 3429 3467 3441 
88100 3499 3588 3532 3535 3447 3519 3441 3464 3453 
88200 3488 3592 3537 3546 3432 3525 3428 3456 3440 
88300 3486 3592 3544 3554 3392 3534 3395 3456 3425 
88400 3513 3588 3528 3539 3438 3526 3437 3494 3444 
88500 3499 3590 3555 3542 3416 3533 3416 3451 3420 
88600 3502 3596 3549 3551 3420 3531 3422 3474 3425 
88700 3497 3598 3543 3556 3441 3539 3432 3485 3444 
88800 3481 3591 3525 3526 3425 3511 3420 3452 3422 
88900 3499 3591 3527 3529 3420 3510 3424 3466 3431 
89000 3511 3593 3549 3556 3434 3544 3433 3479 3461 
89100 3493 3592 3548 3545 3430 3535 3426 3473 3457 
89200 3491 3596 3545 3547 3447 3529 3437 3449 3435 
89300 3467 3596 3531 3536 3389 3519 3403 3451 3427 
89400 3506 3594 3554 3551 3446 3541 3444 3468 3435 
89500 3486 3590 3544 3540 3415 3527 3414 3458 3437 
89600 3500 3592 3553 3543 3428 3532 3421 3469 3450 
89700 3491 3595 3552 3544 3426 3540 3425 3465 3428 
89800 3510 3592 3543 3542 3443 3524 3445 3481 3447 
89900 3499 3593 3534 3536 3431 3517 3426 3464 3425 
90000 3491 3594 3547 3548 3413 3529 3410 3466 3440 
90100 3482 3590 3527 3526 3433 3515 3428 3451 3425 
90200 3505 3599 3554 3564 3436 3555 3437 3490 3451 
90300 3502 3596 3550 3547 3452 3535 3449 3479 3457 
90400 3510 3591 3549 3547 3444 3530 3445 3474 3444 
90500 3512 3595 3546 3553 3430 3544 3435 3498 3477 
90600 3521 3596 3539 3545 3436 3526 3437 3497 3462 
90700 3483 3592 3524 3523 3398 3507 3408 3456 3414 
90800 3493 3598 3542 3546 3422 3527 3421 3460 3408 
90900 3500 3594 3543 3527 3418 3527 3430 3465 3428 
91000 3505 3589 3546 3541 3438 3525 3434 3467 3435 
91100 3485 3597 3539 3552 3412 3531 3415 3459 3427 
91200 3513 3593 3535 3552 3423 3525 3423 3483 3440 
91300 3491 3594 3531 3531 3408 3514 3404 3462 3408 
91400 3485 3597 3534 3546 3402 3531 3399 3473 3436 
91500 3489 3591 3530 3515 3389 3501 3392 3456 3415 
91600 3505 3588 3535 3532 3418 3511 3418 3467 3419 
91700 3511 3595 3552 3564 3433 3542 3426 3477 3427 
91800 3506 3588 3532 3538 3414 3526 3427 3477 3428 
91900 3503 3591 3536 3534 3426 3527 3433 3479 3440 
92000 3509 3596 3543 3542 3427 3526 3425 3469 3420 
92100 3491 3595 3537 3552 3410 3532 3413 3475 3425 
92200 3495 3594 3544 3549 3412 3539 3410 3469 3434 
92300 3536 3591 3553 3553 3459 3543 3474 3505 3482 
92400 3500 3594 3542 3562 3418 3530 3411 3460 3427 
92500 3517 3590 3554 3548 3433 3545 3439 3490 3442 
92600 3509 3589 3541 3552 3422 3531 3422 3486 3439 
92700 3503 3594 3538 3539 3409 3520 3409 3463 3410 
92800 3506 3598 3561 3551 3416 3537 3424 3475 3420 
92900 3505 3589 3540 3551 3407 3534 3407 3470 3439 
93000 3494 3592 3527 3540 3395 3520 3395 3469 3428 
93100 3524 3589 3545 3549 3450 3530 3441 3483 3445 
93200 3495 3592 3536 3545 3434 3528 3425 3470 3447 
93300 3523 3586 3545 3536 3407 3533 3419 3475 3433 
93400 3516 3586 3537 3547 3429 3536 3436 3492 3458 
93500 3497 3590 3541 3541 3423 3532 3414 3475 3423 
93600 3507 3594 3552 3552 3439 3543 3439 3475 3436 
93700 3503 3599 3557 3557 3434 3551 3430 3481 3448 
93800 3503 3589 3543 3546 3425 3538 3423 3487 3441 
93900 3516 3589 3542 3552 3437 3526 3432 3477 3441 
94000 3498 3588 3539 3536 3403 3524 3415 3469 3426 
94100 3499 3594 3528 3527 3411 3514 3415 3466 3429 
94200 3494 3585 3539 3533 3413 3527 3409 3461 3410 
94300 3504 3591 3551 3544 3411 3529 3411 3458 3427 
94400 3507 3594 3549 3545 3432 3527 3428 3472 3445 
94500 3507 3594 3557 3550 3428 3543 3432 3475 3437 
94600 3523 3591 3533 3543 3408 3514 3410 3481 3434 
94700 3512 3592 3529 3536 3428 3516 3420 3482 3447 
94800 3512 3599 3548 3543 3426 3527 3422 3481 3445 
94900 3516 3595 3547 3560 3435 3548 3439 3494 3447 
95000 3506 3590 3540 3545 3404 3529 3407 3472 3422 
95100 3513 3590 3540 3553 3418 3527 3409 3469 3420 
95200 3506 3592 3541 3541 3422 3537 3421 3489 3444 
95300 3514 3586 3537 3535 3430 3523 3427 3476 3436 
95400 3519 3591 3527 3541 3432 3508 3437 3480 3440 
95500 3529 3592 3538 3557 3421 3527 3428 3494 3445 
95600 3520 3591 3549 3551 3419 3543 3422 3492 3426 
95700 3486 3594 3522 3531 3408 3513 3398 3452 3405 
95800 3521 3594 3544 3539 3404 3520 3414 3484 3439 
95900 3501 3590 3527 3530 3406 3516 3414 3467 3421 
96000 3519 3593 3548 3544 3418 3531 3420 3478 3422 
96100 3534 3595 3549 3557 3460 3542 3465 3504 3462 
96200 3521 3595 3547 3547 3441 3533 3448 3488 3450 
96300 3517 3592 3535 3537 3413 3521 3432 3477 3433 
96400 3518 3595 3553 3563 3425 3539 3432 3494 3431 
96500 3480 3590 3527 3537 3400 3512 3394 3456 3404 
96600 3496 3596 3530 3536 3410 3516 3409 3458 3410 
96700 3533 3588 3548 3549 3448 3534 3450 3495 3456 
96800 3502 3590 3535 3532 3437 3522 3434 3480 3447 
96900 3514 3594 3534 3553 3442 3524 3441 3492 3459 
97000 3523 3591 3552 3552 3416 3535 3413 3484 3431 
97100 3508 3594 3542 3555 3440 3538 3440 3484 3456 
97200 3515 3591 3556 3547 3431 3534 3425 3459 3417 
97300 3487 3588 3522 3544 3400 3522 3399 3460 3420 
97400 3507 3589 3539 3533 3421 3521 3405 3468 3403 
97500 3512 3592 3543 3542 3423 3536 3427 3462 3419 
97600 3507 3585 3521 3524 3399 3505 3404 3464 3406 
97700 3512 3593 3550 3562 3419 3545 3422 3487 3439 
97800 3525 3589 3542 3545 3429 3529 3438 3488 3445 
97900 3509 3592 3542 3544 3437 3535 3440 3490 3442 
98000 3529 3579 3550 3545 3411 3536 3422 3480 3437 
98100 3498 3588 3532 3543 3410 3524 3407 3459 3439 
98200 3515 3592 3537 3537 3434 3517 3439 3476 3442 
98300 3514 3589 3552 3553 3446 3535 3441 3482 3437 
98400 3530 3587 3542 3553 3434 3545 3431 3489 3451 
98500 3491 3586 3526 3529 3406 3510 3408 3456 3407 
98600 3510 3594 3542 3541 3436 3523 3432 3470 3429 
98700 3507 3588 3547 3544 3383 3534 3383 3467 3412 
98800 3511 3591 3531 3544 3405 3519 3413 3468 3418 
98900 3500 3582 3527 3523 3426 3509 3422 3453 3419 
99000 3507 3580 3548 3548 3424 3540 3425 3476 3441 
99100 3526 3590 3543 3554 3436 3542 3432 3505 3430 
99200 3503 3587 3528 3535 3379 3521 3390 3459 3405 
99300 3503 3599 3532 3544 3413 3527 3420 3486 3445 
99400 3501 3591 3550 3549 3431 3545 3436 3476 3442 
99500 3494 3585 3530 3543 3400 3527 3397 3465 3418 
99600 3491 3590 3548 3546 3398 3536 3393 3463 3423 
99700 3499 3593 3537 3541 3394 3525 3397 3468 3423 
99800 3493 3584 3513 3533 3418 3509 3420 3456 3419 
99900 3498 3600 3544 3546 3423 3535 3421 3462 3434 
100000 3502 3589 3533 3538 3419 3524 3415 3466 3416 
