# Avida Dominant Data
# Tue Jun  5 10:54:37 2018
#  1: Update
#  2: Average Merit of the Dominant Genotype
#  3: Average Gestation Time of the Dominant Genotype
#  4: Average Fitness of the Dominant Genotype
#  5: Repro Rate?
#  6: Size of Dominant Genotype
#  7: Copied Size of Dominant Genotype
#  8: Executed Size of Dominant Genotype
#  9: Abundance of Dominant Genotype
# 10: Number of Births
# 11: Number of Dominant Breed True?
# 12: Dominant Gene Depth
# 13: Dominant Breed In
# 14: Max Fitness?
# 15: Genotype ID of Dominant Genotype
# 16: Name of the Dominant Genotype

0 111.369 211.286 0.527102 0.00473298 115 115 0 204 14 11 67 0 0.530093 154 115-aaabc 
100 113.171 211.98 0.533915 0.00471754 115 115 0 100 16 9 67 0 0.690752 154 115-aaabc 
200 113.411 211.989 0.535026 0.00471732 115 115 0 56 5 2 67 0 0.690752 154 115-aaabc 
300 113.499 211.996 0.535428 0.00471718 115 115 0 33 5 4 67 0 0.708198 154 115-aaabc 
400 111 210.482 0.527364 0.00475102 114 114 0 26 0 0 73 0 0.528571 25670 114-aaasl 
500 115.686 212.891 0.543506 0.0046974 115 115 0 20 2 1 73 0 0.74082 37816 115-aabxs 
600 115.251 212.986 0.541204 0.00469524 115 115 0 20 0 0 73 0 0.698537 36833 115-aabxf 
700 110.49 213.428 0.517695 0.00468556 115 115 0 26 0 0 72 0 0.518868 36058 115-aabvw 
800 115 210.966 0.545213 0.00474022 114 114 0 24 2 1 75 0 0.833289 52357 114-aabob 
900 113 212.463 0.53186 0.00470673 116 116 0 24 3 1 71 0 0.533019 72216 116-aaccg 
1000 115.589 211.542 0.546527 0.00472733 115 115 0 28 6 3 70 0 0.820155 72973 115-aaedq 
1100 114.009 208 0.548121 0.00480769 113 113 0 20 1 1 80 0 0.6447 101168 113-aabak 
1200 110 213.071 0.516266 0.00469332 113 113 0 22 6 4 80 0 0.518868 105090 113-aabcw 
1300 112 210.52 0.532019 0.00475017 115 115 0 22 3 3 74 0 0.533333 115936 115-aaghi 
1400 114.749 217.492 0.527642 0.00459799 115 115 0 21 1 0 78 0 0.810568 126700 115-aaguu 
1500 110 209 0.526316 0.00478469 113 113 0 24 1 1 84 0 0.526316 133514 113-aabol 
1600 116.052 212.985 0.544983 0.00469527 115 115 0 22 2 1 73 0 0.822611 126702 115-aaguh 
1700 114.848 209 0.549511 0.00478469 113 113 0 20 0 0 79 0 0.757786 125679 113-aablc 
1800 109 207 0.52657 0.00483092 112 112 0 24 7 4 86 0 0.52657 143965 112-aaaih 
1900 111.917 212.406 0.526903 0.00470799 115 115 0 20 6 5 82 0 0.528302 109313 115-aafwp 
2000 115.386 215.532 0.535362 0.00463971 115 115 0 16 0 0 85 0 0.826016 166566 115-aaiyn 
2100 107.759 208 0.518074 0.00480769 111 111 0 19 1 1 86 0 0.652666 184047 111-aaacn 
2200 110 213.089 0.516223 0.00469293 114 114.007 0 21 3 2 84 0 0.518868 201482 114-aagja 
2300 111.444 212.889 0.523487 0.00469739 115 115 0 23 4 3 79 0 0.523585 209789 115-aaljc 
2400 112.022 210.534 0.532091 0.00474997 114 114 0 30 3 3 82 0 0.679831 221100 114-aagth 
2500 109 207 0.52657 0.00483092 112 112 0 23 5 5 94 0 0.52657 235362 112-aabfl 
2600 116.748 213.505 0.546825 0.00468376 114 114 0 34 4 4 89 0 1.01847 206561 114-aagls 
2700 118.932 212.503 0.559674 0.00470585 115 115 0 26 4 3 81 0 0.673324 246762 115-aandf 
2800 110.532 210.841 0.52425 0.00474306 114 114 0 24 4 2 89 0 0.674573 261596 114-aahwg 
2900 117.229 212 0.552965 0.00471698 115 115 0 30 2 2 84 0 0.809019 253965 115-aanme 
3000 117.268 216.545 0.541541 0.00461801 116 116 0 20 4 3 97 0 0.614975 285217 116-aaffs 
3100 111.491 211.46 0.527249 0.00472917 116 116 0 23 1 1 88 0 0.528571 287872 116-aafgx 
3200 112.986 213.532 0.529136 0.00468315 114 114 0 26 3 1 99 0 0.632706 298478 114-aajaq 
3300 115.095 210 0.54807 0.0047619 115 115 0 21 2 2 93 0 0.658895 305228 115-aapoh 
3400 116.246 212 0.548331 0.00471698 115 115 0 22 1 1 88 0 0.772891 315171 115-aaqdj 
3500 116.181 212 0.548025 0.00471698 115 115 0 30 3 1 88 0 0.772891 315171 115-aaqdj 
3600 109 207 0.52657 0.00483092 112 112 0 22 1 1 107 0 0.52657 337974 112-aacrr 
3700 112 212 0.528302 0.00471698 115 115 0 25 3 2 102 0 0.528302 355778 115-aasfv 
3800 116.394 213 0.546453 0.00469484 115 115 0 19 3 3 91 0 0.781076 344145 115-aarqd 
3900 112 213 0.525822 0.00469484 115 115 0 23 4 2 99 0 0.525822 367924 115-aasyi 
4000 111 213 0.521127 0.00469484 115 115 0 22 1 0 93 0 0.521127 370954 115-aatcr 
4100 115.248 212 0.543621 0.00471698 114 114.021 0 27 1 1 96 0 0.684612 389538 114-aalrz 
4200 118.088 215 0.549246 0.00465116 116 116 0 33 0 0 95 0 0.70023 351615 116-aaglx 
4300 117.733 215 0.547593 0.00465116 116 116 0 25 1 1 95 0 0.699745 397066 116-aahhh 
4400 109 212 0.514151 0.00471698 115 115 0 16 1 1 97 0 0.514151 418729 115-aawcy 
4500 116.038 219 0.529854 0.00456621 115 115 0 24 1 0 98 0 0.589517 432678 115-aawya 
4600 113.646 210 0.541174 0.0047619 114 114 0 25 5 3 105 0 0.661988 413457 114-aamlk 
4700 118.202 218.168 0.541791 0.0045837 116 116 0 20 4 2 109 0 0.697032 451018 116-aaiul 
4800 113.574 213 0.53321 0.00469484 114 114 0 23 1 1 107 0 0.674736 461993 114-aanwr 
4900 114 219 0.520548 0.00456621 117 116.993 0 26 7 5 116 0 0.520548 451846 117-aacfd 
5000 116.196 213 0.54552 0.00469484 115 115 0 32 3 3 108 0 0.80525 460664 115-aaylf 
5100 117.292 213.504 0.549371 0.00468377 115 115 0 31 6 5 101 0 0.773101 465133 115-aayrj 
5200 117.354 213.498 0.549675 0.0046839 115 115 0 23 3 2 101 0 0.773101 465133 115-aayrj 
5300 117.298 213.497 0.549417 0.00468394 115 115 0 29 7 5 101 0 0.773101 465133 115-aayrj 
5400 116.211 210 0.553384 0.0047619 115 115 0 34 2 2 106 0 0.685914 505658 115-abaro 
5500 111 213 0.521127 0.00469484 116 115.965 0 18 3 3 113 0 0.521127 530711 116-aalzq 
5600 117.949 214 0.551163 0.0046729 116 116 0 20 1 0 116 0 0.645134 524994 116-aalun 
5700 112 213.56 0.524446 0.00468255 115 115 0 16 2 1 102 0 0.525822 540269 115-abcjr 
5800 115.257 209 0.551468 0.00478469 115 115 0 24 6 4 108 0 0.706573 553912 115-abcvw 
5900 116.727 213 0.548012 0.00469484 115 115 0 32 2 2 118 0 0.659567 547927 115-abcrf 
6000 118.116 212.541 0.55574 0.004705 117 117 0 21 0 0 116 0 0.701924 566145 117-aadlx 
6100 118.444 218.46 0.542178 0.00457752 116 116 0 20 2 2 119 0 0.634175 587235 116-aapbx 
6200 111 210 0.528571 0.0047619 115 115 0 29 1 1 111 0 0.528571 549087 115-abcqi 
6300 113 216.408 0.522163 0.00462092 116 116 0 19 0 0 128 0 0.523148 584893 116-aaoyj 
6400 116.472 211.509 0.550673 0.00472796 115 115 0 34 5 4 106 0 0.677067 592706 115-abemn 
6500 112 211 0.530806 0.00473934 115 115 0 21 4 3 116 0 0.530806 623618 115-abftv 
6600 117.023 220.509 0.530699 0.00453499 116 116 0 26 3 2 123 0 0.633417 627768 116-aarhg 
6700 114.56 215 0.532838 0.00465116 116 116 0 26 6 6 127 0 0.684954 631335 116-aarko 
6800 116.078 218.92 0.530234 0.00456792 115 115 0 23 0 0 130 0 0.624222 651111 115-abhep 
6900 116.567 216.936 0.537339 0.0046097 115 115 0 26 3 3 131 0 0.689719 662781 115-abhvf 
7000 112 215.504 0.519715 0.00464031 115 115 0 20 0 0 111 0 0.52093 626040 115-abfzi 
7100 111.5 216.5 0.515014 0.00461901 116 116 0 25 5 4 132 0 0.518519 688040 116-aaufv 
7200 117.856 220.545 0.534393 0.00453424 116 116 0 25 3 3 127 0 0.62062 695800 116-aauot 
7300 112.309 211 0.532272 0.00473934 112 112 0 25 2 1 134 0 0.62796 705561 112-aadxm 
7400 117.739 218.025 0.540037 0.00458668 116 116.002 0 31 6 4 139 0 0.768155 680120 116-aatxt 
7500 112 217 0.516129 0.00460829 116 116 0 24 5 5 131 0 0.516129 712640 116-aavjk 
7600 110 211 0.521327 0.00473934 113 113 0 25 2 1 137 0 0.521327 730576 113-aaikc 
7700 113.741 216.478 0.525436 0.00461944 115 115 0 27 5 3 124 0 0.671032 732820 115-abkxj 
7800 112.043 215 0.52113 0.00465116 114 114 0 29 2 1 142 0 0.613848 746849 114-aatvg 
7900 110.895 212 0.523088 0.00471698 113 113.015 0 19 2 1 139 0 0.639011 740306 113-aaimk 
8000 111 215.034 0.516204 0.00465049 116 116 0 23 2 2 144 0 0.518692 755352 116-aaxcz 
8100 113.973 212 0.537606 0.00471698 113 113 0 30 7 4 139 0 0.656279 775331 113-aaixk 
8200 109 206 0.529126 0.00485437 112 112 0 49 6 5 132 0 0.529126 764338 112-aaedh 
8300 111 221 0.502262 0.00452489 115 115 0 28 0 0 137 0 0.502262 792716 115-abmte 
8400 112.273 214 0.52464 0.0046729 114 114 0 20 3 3 143 0 0.572641 815178 114-aawdl 
8500 114 222.496 0.512376 0.00449453 117 117 0 22 3 1 152 0 0.515837 796191 117-aafnb 
8600 117.017 216 0.541744 0.00462963 116 116 0 26 0 0 139 0 0.635187 828255 116-abarh 
8700 116.62 218 0.534952 0.00458716 116 116 0 26 4 4 136 0 0.682507 836991 116-abazv 
8800 112.368 214 0.525084 0.0046729 114 114 0 30 1 1 152 0 0.595714 852483 114-aaxjd 
8900 114.332 216 0.529317 0.00462963 114 114 0 26 5 5 145 0 0.607308 860228 114-aaxqz 
9000 108 206 0.524272 0.00485437 112 112 0 40 2 1 136 0 0.524272 846632 112-aaetu 
9100 108 206 0.524272 0.00485437 112 112 0 30 1 1 136 0 0.524272 846632 112-aaetu 
9200 108 207 0.521739 0.00483092 112 112 0 31 9 7 145 0 0.521739 893024 112-aafta 
9300 119.201 218 0.546795 0.00458716 117 117 0 19 2 2 152 0 0.692854 895308 117-aaggg 
9400 108 207.036 0.521656 0.00483015 112 112 0 23 1 1 142 0 0.524272 899029 112-aafyw 
9500 106 205 0.517073 0.00487805 112 112 0 19 3 1 149 0 0.517073 916580 112-aagkp 
9600 118.191 218 0.542159 0.00458716 117 117 0 30 7 4 152 0 0.692854 895308 117-aaggg 
9700 112 219 0.511416 0.00456621 115 115 0 24 1 1 155 0 0.511416 922891 115-abqsd 
9800 116.726 220 0.530572 0.00454545 117 117 0 22 7 5 156 0 0.591116 950277 117-aagsx 
9900 117.074 218 0.537038 0.00458716 117 117 0 19 3 2 155 0 0.632419 953489 117-aaguq 
10000 108 213 0.507042 0.00469484 114 114.026 0 22 0 0 156 0 0.507042 970385 114-abars 
10100 114.883 215 0.534339 0.00465116 115 115 0 21 2 2 151 0 0.619505 970685 115-abrzh 
10200 115.721 220 0.526006 0.00454545 116 116 0 21 0 0 154 0 0.652446 973561 116-abdzc 
10300 114 223.547 0.509963 0.00447336 117 117 0 22 2 1 166 0 0.511211 996082 117-aahsn 
10400 105 206 0.509709 0.00485437 111 111 0 23 1 1 159 0 0.509709 1010677 111-aaddo 
10500 115.45 224 0.515403 0.00446429 116 116 0 21 3 2 159 0 0.578335 1014491 116-abfah 
10600 112.212 214 0.524353 0.0046729 115 115 0 39 4 3 165 0 0.652773 1023739 115-abthu 
10700 108.523 211.523 0.513053 0.00472764 112 112 0 23 1 0 150 0 0.514151 1010500 112-aaikp 
10800 113 220.488 0.512503 0.00453542 117 117 0 25 4 4 169 0 0.513636 1043932 117-aajbb 
10900 109.918 215 0.511246 0.00465116 112 112 0 18 4 4 167 0 0.631406 1050085 112-aaiwe 
11000 117.349 221.469 0.52987 0.00451533 117 117 0 30 2 2 167 0 0.602673 1055953 117-aajku 
11100 113.829 218 0.522151 0.00458716 115 115 0 19 3 3 164 0 0.568495 1072204 115-abusw 
11200 115.89 222 0.522028 0.0045045 117 117 0 31 0 0 164 0 0.572149 1088808 117-aakht 
11300 108 213 0.507042 0.00469484 112 112 0 37 6 4 157 0 0.507042 1088042 112-aajfo 
11400 118.187 223.505 0.528796 0.0044742 117 117 0 22 5 4 177 0 0.627178 1101649 117-aakre 
11500 114.431 217.512 0.526087 0.00459748 113 113 0 20 6 4 171 0 0.65343 1101231 113-aamwl 
11600 110 220.479 0.498917 0.00453561 114 114 0 31 3 2 167 0 0.5 1119292 114-abdek 
11700 114 219.502 0.519359 0.00455578 117 117 0 28 3 3 166 0 0.520548 1122203 117-aaljt 
11800 113.391 216.473 0.523821 0.00461953 114 114 0 28 5 4 166 0 0.63827 1132330 114-abdkv 
11900 106 205 0.517073 0.00487805 111 111 0 31 4 2 175 0 0.517073 1147871 111-aaevl 
12000 114 219.489 0.519391 0.00455606 117 117 0 31 1 1 166 0 0.520548 1122203 117-aaljt 
12100 115.935 217.53 0.532963 0.00459709 115 115 0 25 2 1 178 0 0.762413 1166668 115-abxqv 
12200 107 209 0.511962 0.00478469 111 111 0 30 5 5 181 0 0.511962 1174045 111-aafhb 
12300 113.783 220 0.517196 0.00454545 113 113 0 24 1 1 174 0 0.648838 1172434 113-aanid 
12400 115.258 219.532 0.525014 0.00455516 115 115 0 26 2 2 180 0 0.656073 1189317 115-abylr 
12500 107 209 0.511962 0.00478469 111 111 0 26 4 4 180 0 0.511962 1186097 111-aafmo 
12600 107 209 0.511962 0.00478469 111 111 0 23 2 0 180 0 0.511962 1186097 111-aafmo 
12700 104.715 206 0.508325 0.00485437 111 111 0 28 1 1 173 0 0.509709 1225891 111-aagje 
12800 109 217.475 0.50121 0.00459826 115 115 0 24 2 1 183 0 0.502304 1243459 115-acare 
12900 116.709 221 0.528097 0.00452489 117 117 0 25 2 1 176 0 0.623402 1235064 117-aantj 
13000 106 210.476 0.503624 0.00475117 110 110 0 27 2 1 196 0 0.504762 1256304 110-aaccd 
13100 106 210.511 0.50354 0.00475038 110 110 0 29 5 2 196 0 0.504762 1256304 110-aaccd 
13200 106 210.499 0.503569 0.00475065 110 110 0 17 1 1 196 0 0.504762 1256304 110-aaccd 
13300 116.147 217 0.53524 0.00460829 115 115 0 20 0 0 189 0 0.639385 1283596 115-accvw 
13400 115.507 218 0.529848 0.00458716 115 115 0 22 3 3 194 0 0.602129 1288374 115-accww 
13500 111.421 221.421 0.503206 0.0045163 115 115 0 20 0 0 198 0 0.504505 1306901 115-acdss 
13600 114.384 216 0.529557 0.00462963 115 115 0 30 5 4 191 0 0.646389 1306201 115-acdqo 
13700 114.982 221 0.520279 0.00452489 116 116 0 21 3 1 185 0 0.596017 1312636 116-abkqk 
13800 114.393 220.497 0.518805 0.00453523 114 114 0 32 3 3 197 0 0.582969 1333890 114-abgpy 
13900 112 219.498 0.510257 0.00455586 115 115 0 24 4 3 184 0 0.511416 1316150 115-acece 
14000 112 219.494 0.510266 0.00455595 115 115 0 25 4 3 184 0 0.511416 1316150 115-acece 
14100 114.901 218 0.527067 0.00458716 114 114 0 17 3 2 203 0 0.590149 1362070 114-abhmd 
14200 111 219 0.506849 0.00456621 115 115 0 18 1 1 208 0 0.506849 1373489 115-acgwe 
14300 114.895 220 0.522249 0.00454545 114 114 0 30 5 3 199 0 0.600388 1354026 114-abhge 
14400 116.755 222 0.525926 0.0045045 120 120 0 20 2 2 189 0 0.591501 1391083 120-aaahf 
14500 111 247.518 0.448454 0.00404013 114 114 0 23 5 3 206 0 0.449393 1405951 114-abjnk 
14600 110 217 0.506912 0.00460829 114 114 0 18 0 0 202 0 0.506912 1411361 114-abjtx 
14700 114.559 218 0.525499 0.00458716 114 114 0 18 4 4 205 0 0.571236 1425324 114-abkpr 
14800 115.129 223 0.516273 0.0044843 118 118 0 18 0 0 196 0 0.570373 1428824 118-aadbd 
14900 113.383 217.659 0.520921 0.00459437 114 114 0 29 1 1 204 0 0.594689 1400273 114-abjft 
15000 112.741 219 0.514801 0.00456621 113 113 0 20 4 2 211 0 0.586234 1446545 113-aaqob 
15100 112.931 219 0.515667 0.00456621 113 113 0 21 3 1 211 0 0.596478 1446545 113-aaqob 
15200 115.202 222 0.518926 0.0045045 120 120 0 19 5 4 195 0 0.591092 1472662 120-aaaye 
15300 115.354 222 0.519611 0.0045045 120 120 0 18 0 0 195 0 0.591092 1472662 120-aaaye 
15400 109 215 0.506977 0.00465116 114 114 0 24 3 2 225 0 0.506977 1500532 114-abnpx 
15500 114.156 218 0.523654 0.00458716 114 114 0 23 1 1 216 0 0.588131 1504587 114-abnuq 
15600 118.536 222.498 0.532755 0.00449444 119 119 0 22 1 1 201 0 0.62983 1491970 119-aaczi 
15700 112.482 216.824 0.518786 0.00461209 113 113 0 28 3 1 218 0 0.589182 1504633 113-aarxy 
15800 108.711 214.711 0.50631 0.00465745 112 112 0 15 3 2 214 0 0.506977 1527738 112-aanad 
15900 109.612 217.612 0.503701 0.00459536 114 114 0 34 4 2 213 0 0.504587 1538393 114-aboxd 
16000 112 217 0.516129 0.00460829 114 114 0 22 3 3 221 0 0.516129 1554648 114-abphw 
16100 112 218 0.513761 0.00458716 114 114 0 29 2 0 223 0 0.513761 1563564 114-abprg 
16200 111 219 0.506849 0.00456621 115 115 0 18 0 0 218 0 0.506849 1586266 115-ackca 
16300 112.75 217.515 0.518357 0.00459741 113 113 0 17 0 0 233 0 0.565721 1588344 113-aatqa 
16400 109 216.456 0.50357 0.00461991 113 113 0 16 3 2 228 0 0.50463 1599685 113-aatto 
16500 115.655 227.491 0.508389 0.00439579 119 119 0 20 6 5 235 0 0.614895 1613803 119-aafmj 
16600 117.315 222.531 0.527188 0.00449378 119 119 0 20 0 0 210 0 0.575136 1623486 119-aafra 
16700 107.958 212.958 0.506944 0.00469577 112 112 0 34 5 4 224 0 0.507042 1627779 112-aaoim 
16800 117.157 221.496 0.52894 0.00451478 118 118 0 31 1 1 209 0 0.636497 1645022 118-aafsi 
16900 112.65 216 0.52153 0.00462963 113 113.039 0 17 0 0 225 0 0.588564 1630250 113-aauhd 
17000 118.702 228.509 0.519469 0.00437621 119 119 0 19 2 1 240 0 0.606361 1658510 119-aagin 
17100 114.544 217.448 0.526767 0.00459883 115 115 0 27 0 0 230 0 0.656015 1682847 115-ackmz 
17200 114.574 217.51 0.526755 0.00459752 115 115 0 21 0 0 230 0 0.656015 1682847 115-ackmz 
17300 114.708 220.504 0.520214 0.00453509 113 113 0 16 0 0 240 0 0.607106 1684913 113-aavdd 
17400 114.737 218.505 0.525106 0.00457658 115 115 0 20 2 2 233 0 0.612251 1687303 115-acknz 
17500 117.368 225 0.521636 0.00444444 115 115 0 16 0 0 252 0 0.634785 1728299 115-ackvr 
17600 110 216.466 0.508167 0.0046197 114 114 0 20 4 4 237 0 0.509259 1734383 114-abtle 
17700 109 214 0.509346 0.0046729 111 111 0 24 6 6 242 0 0.509346 1745522 111-aaksa 
17800 107.291 214.291 0.500678 0.00466656 112 112 0 25 5 4 241 0 0.502326 1721079 112-aappq 
17900 111 218 0.509174 0.00458716 115 115 0 19 0 0 242 0 0.509174 1765397 115-aclhd 
18000 114.243 220 0.519285 0.00454545 114 114 0 17 2 1 247 0 0.577958 1774463 114-abude 
18100 114.235 218.467 0.522898 0.00457736 114 114 0 22 3 2 251 0 0.594689 1764706 114-abtzn 
18200 114.112 218.481 0.522301 0.00457709 114 114 0 20 2 2 251 0 0.594689 1764706 114-abtzn 
18300 112.775 215.464 0.523408 0.00464116 112 112 0 20 2 1 255 0 0.584044 1794797 112-aaqkh 
18400 113.166 218.507 0.517911 0.00457654 112 112 0 16 3 2 252 0 0.567054 1826668 112-aaqsq 
18500 113.682 219.519 0.517871 0.00455544 112 112 0 23 4 3 253 0 0.596892 1829897 112-aaqtd 
18600 115.285 219.489 0.525245 0.00455606 114 114 0 23 5 3 245 0 0.593768 1827315 114-abuzz 
18700 112.01 219.436 0.510466 0.00455717 114 114 0 16 4 3 248 0 0.582185 1859767 114-abvlc 
18800 111 220 0.504545 0.00454545 115 115 0 17 0 0 244 0 0.504545 1851178 115-aclyw 
18900 120.944 234.564 0.51562 0.00426325 120 120 0 19 0 0 273 0 0.589667 1886839 120-aaerc 
19000 114.632 220 0.521055 0.00454549 114 114 0 22 2 2 247 0 0.624169 1869716 114-abvos 
19100 113.526 223.504 0.507937 0.00447422 118 118 0 18 1 1 262 0 0.584783 1884816 118-aajci 
19200 113.317 223.521 0.506965 0.00447388 118 118 0 29 3 1 262 0 0.584783 1884816 118-aajci 
19300 109 218 0.5 0.00458716 113 113 0 19 3 3 261 0 0.5 1925562 113-aaydo 
19400 110.468 215.935 0.511578 0.00463112 114 114 0 16 0 0 265 0 0.511628 1930185 114-abwpx 
19500 118 233.506 0.505343 0.00428256 121 121 0 15 2 2 261 0 0.506438 1950152 121-aabzp 
19600 112.839 221.585 0.509243 0.00451297 112 112.075 0 23 2 1 284 0 0.561652 1961571 112-aascm 
19700 107 217 0.493088 0.00460829 112 112 0 21 7 4 265 0 0.493088 1959412 112-aasca 
19800 115.622 217.427 0.531784 0.00459927 115 114.989 0 26 3 2 265 0 0.594514 1985501 115-acmsj 
19900 113.259 219.052 0.517041 0.00456517 113 113 0 16 4 3 266 0 0.593429 1990161 113-aayvo 
20000 108.181 211.517 0.511455 0.00472778 110 110.025 0 27 5 4 276 0 0.588501 2005528 110-aadyn 
20100 114 229.58 0.496561 0.0043558 119 119 0 15 1 1 268 0 0.497817 2021027 119-aalcr 
20200 113.882 219.5 0.518826 0.00455583 112 112 0 18 0 0 267 0 0.596241 2013720 112-aasqi 
20300 121.827 241.465 0.504538 0.00414141 126 126 0 23 1 1 273 0 0.564387 2039925 126-aaceh 
20400 113.791 219.481 0.518461 0.00455623 112 112 0 21 4 4 269 0 0.636183 2049039 112-aaszj 
20500 107 215.477 0.496574 0.00464088 112 112 0 32 4 3 281 0 0.497674 2047606 112-aasyy 
20600 121.459 234.453 0.518052 0.00426527 121 121 0 16 3 2 271 0 0.584492 2053313 121-aacmr 
20700 111 221.46 0.501221 0.0045155 114 114.005 0 15 1 0 266 0 0.502262 2068168 114-abxzs 
20800 111.913 218 0.513364 0.00458716 111 111 0 16 1 1 285 0 0.559801 2089778 111-aanak 
20900 120 241.486 0.496924 0.00414104 124 124 0 20 0 0 292 0 0.497925 2106154 124-aadpa 
21000 113.056 218 0.518603 0.00458716 113 113 0 18 2 2 268 0 0.55408 2121932 113-abaej 
21100 112.028 217.46 0.515166 0.00459857 112 112 0 24 6 3 276 0 0.614147 2118238 112-aatyw 
21200 111.02 216.537 0.512711 0.00461817 112 112 0 14 3 2 279 0 0.547903 2135081 112-aaudt 
21300 110.924 216.467 0.512429 0.00461966 112 112 0 22 1 1 279 0 0.626454 2135081 112-aaudt 
21400 111.946 217.81 0.513963 0.00459122 113 113 0 19 0 0 283 0 0.59609 2156187 113-abakz 
21500 120.185 234 0.513611 0.0042735 121 121 0 28 2 2 289 0 0.604562 2133821 121-aadcf 
21600 120.287 234 0.514048 0.0042735 121 121 0 17 0 0 289 0 0.604562 2133821 121-aadcf 
21700 108.847 218 0.499299 0.00458716 112 112 0 19 1 1 286 0 0.533192 2196747 112-aauxh 
21800 120.015 235 0.5107 0.00425532 121 121 0 19 0 0 290 0 0.620197 2207778 121-aadqs 
21900 116.567 237.486 0.490835 0.0042108 122 122 0 15 0 0 288 0 0.530394 2219690 122-aabta 
22000 106.704 223.488 0.477446 0.00447453 116 116 0 27 0 0 294 0 0.526507 2229161 116-abnna 
22100 109 216.925 0.502482 0.00460992 113 113 0 23 2 1 290 0 0.50463 2241183 113-abbhb 
22200 118.192 236 0.500814 0.00423729 121 121 0 20 3 3 313 0 0.532553 2252266 121-aaeca 
22300 120.719 233.516 0.516966 0.00428238 120 120 0 18 2 2 297 0 0.598311 2258641 120-aahnt 
22400 112.491 220 0.511322 0.00454545 112 112 0 20 4 2 283 0 0.563694 2264888 112-aavot 
22500 120.333 240.495 0.500359 0.0041581 126 126 0 16 1 1 304 0 0.545534 2287301 126-aadkr 
22600 110.952 214.492 0.517271 0.00466221 111 111 0 15 3 3 299 0 0.668783 2294109 111-aapfq 
22700 113.431 221 0.513264 0.00452489 113 113 0 14 3 3 278 0 0.545823 2308326 113-abcbg 
22800 113.814 221 0.514997 0.00452489 113 113 0 19 1 1 278 0 0.568604 2308326 113-abcbg 
22900 111.044 220 0.504743 0.00454545 112 112 0 20 0 0 291 0 0.538425 2317329 112-aavvz 
23000 116 232.505 0.498916 0.004301 119 119 0 15 0 0 305 0 0.5 2338392 119-aaodx 
23100 110 218.417 0.503627 0.00457843 112 112 0 18 2 2 292 0 0.504587 2349829 112-aawdp 
23200 112.711 219 0.514662 0.00456621 114 114 0 17 0 0 300 0 0.568628 2366112 114-abzix 
23300 112.551 219 0.513933 0.00456621 114 114 0 18 3 2 300 0 0.572582 2366112 114-abzix 
23400 120.793 242.519 0.498079 0.00412341 126 126 0 20 4 2 310 0 0.582265 2374120 126-aadzz 
23500 111.655 220 0.507524 0.00454545 114 114 0 30 3 2 303 0 0.555482 2395901 114-abzti 
23600 111 229 0.484716 0.00436681 119 119 0 21 3 1 288 0 0.484716 2390017 119-aaopn 
23700 109.864 216 0.508629 0.00462963 112 112 0 13 1 1 301 0 0.573775 2389010 112-aawnm 
23800 111.544 219 0.509332 0.00456621 112 112 0 22 5 5 288 0 0.563849 2415922 112-aawvs 
23900 106.359 215.913 0.492608 0.00463154 109 109 0 11 2 2 303 0 0.524088 2433922 109-aaboe 
24000 109.829 219.6 0.500135 0.00455376 113 113 0 15 0 0 310 0 0.527812 2458535 113-abdvn 
24100 113.603 219 0.518736 0.00456621 114 114 0 27 5 3 301 0 0.576188 2460469 114-acaoz 
24200 116.304 233.472 0.49815 0.00428318 119 119 0 20 2 2 317 0 0.533585 2469584 119-aapkv 
24300 112.557 221 0.509306 0.00452489 115 115 0 21 3 3 316 0 0.608958 2477727 115-acomt 
24400 112.35 221 0.508371 0.00452489 112 112 0 25 8 4 297 0 0.555341 2487914 112-aaxjt 
24500 110 221 0.497738 0.00452489 114 114 0 23 2 1 315 0 0.497738 2497576 114-acbbs 
24600 112.185 229.267 0.48932 0.00436174 119 119 0 19 3 3 319 0 0.522308 2519741 119-aaqbl 
24700 110 221 0.497738 0.00452489 114 114 0 16 3 3 315 0 0.497738 2497576 114-acbbs 
24800 110 227 0.484581 0.00440529 118 118 0 20 8 8 302 0 0.484581 2549084 118-aapzb 
24900 111 230 0.482609 0.00434783 120 120 0 22 0 0 295 0 0.482609 2548438 120-aalgl 
25000 113.199 222 0.509907 0.0045045 112 112 0 20 2 0 306 0 0.593743 2554839 112-aaxyt 
25100 112.197 217 0.517037 0.00460829 114 114 0 25 7 6 321 0 0.61839 2565071 114-acbzr 
25200 113.108 222 0.509495 0.0045045 112 112 0 18 1 1 306 0 0.593743 2554839 112-aaxyt 
25300 110.903 218 0.508731 0.00458716 112 112 0 28 3 3 341 0 0.56085 2594052 112-aayis 
25400 111 228 0.486842 0.00438596 116 116 0 21 2 1 352 0 0.486842 2601651 116-aboom 
25500 125 253.516 0.493067 0.00394454 132 132 0 25 1 0 349 0 0.494071 2613470 132-aabqm 
25600 111.248 220 0.505672 0.00454545 111 111.006 0 19 0 0 308 0 0.59687 2619048 111-aaqra 
25700 109 220.515 0.4943 0.00453486 112 112 0 19 1 1 335 0 0.495455 2599475 112-aaykb 
25800 112 230 0.486957 0.00434783 117 117 0 23 2 2 329 0 0.486957 2655543 117-aaxzu 
25900 117.032 232 0.504447 0.00431034 117 117 0 31 0 0 334 0 0.575498 2657515 117-aayao 
26000 106.273 219.273 0.484658 0.00456055 113 113 0 16 0 0 339 0 0.486364 2675375 113-abfke 
26100 115.109 219.77 0.523765 0.00455022 115 115 0 24 0 0 328 0 0.633732 2683561 115-acpoa 
26200 113.077 220 0.513985 0.00454545 114 114 0 19 4 4 339 0 0.563694 2679478 114-acdgm 
