# Avida count data
# Fri Jun 15 12:09:40 2018
#  1: update
#  2: number of insts executed this update
#  3: number of organisms
#  4: number of different genotypes
#  5: number of different threshold genotypes
#  6: (deprecated) number of different species
#  7: (deprecated) number of different threshold species
#  8: (deprecated) number of different lineages
#  9: number of births in this update
# 10: number of deaths in this update
# 11: number of breed true
# 12: number of breed true organisms?
# 13: number of no-birth organisms
# 14: number of single-threaded organisms
# 15: number of multi-threaded organisms
# 16: number of modified organisms

0 30 1 1 1 0 0 0 1 0 1 1 1 1 0 0 
100 3300 113 37 8 0 0 0 3 0 2 76 57 113 0 0 
200 108000 3600 1387 361 0 0 0 125 125 91 2512 1864 3600 0 0 
300 108000 3600 1754 591 0 0 0 114 114 80 2423 1833 3600 0 0 
400 108000 3600 1901 643 0 0 0 122 122 81 2336 1814 3600 0 0 
500 108000 3600 1960 682 0 0 0 141 141 97 2329 1793 3600 0 0 
600 108000 3600 1959 660 0 0 0 187 187 118 2333 1824 3600 0 0 
700 108000 3600 1987 722 0 0 0 227 227 138 2270 1830 3600 0 0 
800 108000 3600 1984 706 0 0 0 177 177 117 2322 1847 3600 0 0 
900 108000 3600 1968 673 0 0 0 158 158 100 2306 1839 3600 0 0 
1000 108000 3600 1960 689 0 0 0 188 188 133 2355 1851 3600 0 0 
1100 108000 3600 1981 677 0 0 0 211 211 126 2329 1839 3600 0 0 
1200 108000 3600 1961 670 0 0 0 162 162 105 2297 1857 3600 0 0 
1300 108000 3600 1957 642 0 0 0 184 184 105 2308 1852 3600 0 0 
1400 108000 3600 1900 672 0 0 0 185 185 135 2400 1845 3600 0 0 
1500 108000 3600 1497 401 0 0 0 223 223 149 2503 1867 3600 0 0 
1600 108000 3600 1566 422 0 0 0 273 273 195 2524 1842 3600 0 0 
1700 108000 3600 1647 418 0 0 0 147 147 100 2465 1871 3600 0 0 
1800 108000 3600 1609 465 0 0 0 198 198 138 2571 1826 3600 0 0 
1900 108000 3600 1510 417 0 0 0 281 281 197 2596 1840 3600 0 0 
2000 108000 3600 1594 456 0 0 0 115 115 83 2525 1842 3600 0 0 
2100 108000 3600 1629 477 0 0 0 148 148 100 2525 1827 3600 0 0 
2200 108000 3600 1744 541 0 0 0 219 219 140 2491 1843 3600 0 0 
2300 108000 3600 1750 546 0 0 0 195 195 126 2490 1836 3600 0 0 
2400 108000 3600 1585 450 0 0 0 182 182 125 2508 1839 3600 0 0 
2500 108000 3600 1482 399 0 0 0 221 221 160 2556 1853 3600 0 0 
2600 108000 3600 1574 444 0 0 0 235 235 163 2532 1879 3600 0 0 
2700 108000 3600 1581 393 0 0 0 209 209 140 2453 1908 3600 0 0 
2800 108000 3600 1496 356 0 0 0 215 215 151 2515 1908 3600 0 0 
2900 108000 3600 1559 408 0 0 0 285 285 204 2519 1907 3600 0 0 
3000 108000 3600 1561 415 0 0 0 216 216 154 2506 1918 3600 0 0 
3100 108000 3600 1609 418 0 0 0 232 232 157 2461 1921 3600 0 0 
3200 108000 3600 1561 410 0 0 0 246 246 172 2523 1913 3600 0 0 
3300 108000 3600 1561 431 0 0 0 283 283 204 2509 1876 3600 0 0 
3400 108000 3600 1658 429 0 0 0 247 247 149 2450 1890 3600 0 0 
3500 108000 3600 1548 432 0 0 0 256 256 185 2547 1896 3600 0 0 
3600 108000 3600 1627 427 0 0 0 241 241 175 2478 1932 3600 0 0 
3700 108000 3600 1502 353 0 0 0 209 209 144 2490 1930 3600 0 0 
3800 108000 3600 1463 303 0 0 0 248 248 172 2496 1888 3600 0 0 
3900 108000 3600 1506 342 0 0 0 268 268 181 2486 1893 3600 0 0 
4000 108000 3600 1553 353 0 0 0 255 255 184 2472 1893 3600 0 0 
4100 108000 3600 1582 381 0 0 0 266 266 175 2453 1901 3600 0 0 
4200 108000 3600 1512 385 0 0 0 267 267 180 2558 1903 3600 0 0 
4300 108000 3600 1569 416 0 0 0 257 257 180 2506 1932 3600 0 0 
4400 108000 3600 1549 406 0 0 0 281 281 193 2525 1892 3600 0 0 
4500 108000 3600 1625 426 0 0 0 240 240 181 2493 1890 3600 0 0 
4600 108000 3600 1585 434 0 0 0 259 259 173 2514 1904 3600 0 0 
4700 108000 3600 1649 430 0 0 0 264 264 188 2456 1924 3600 0 0 
4800 108000 3600 1614 433 0 0 0 208 208 142 2494 1907 3600 0 0 
4900 108000 3600 1591 422 0 0 0 210 210 141 2518 1933 3600 0 0 
5000 108000 3600 1628 408 0 0 0 260 260 179 2468 1914 3600 0 0 
5100 108000 3600 1571 416 0 0 0 255 255 175 2518 1915 3600 0 0 
5200 108000 3600 1566 414 0 0 0 230 230 162 2507 1911 3600 0 0 
5300 108000 3600 1549 429 0 0 0 263 263 187 2533 1951 3600 0 0 
5400 108000 3600 1604 414 0 0 0 253 253 191 2482 1955 3600 0 0 
5500 108000 3600 1580 439 0 0 0 252 252 170 2482 1888 3600 0 0 
5600 108000 3600 1608 449 0 0 0 265 265 188 2505 1934 3600 0 0 
5700 108000 3600 1550 429 0 0 0 237 237 182 2535 1881 3600 0 0 
5800 108000 3600 1579 438 0 0 0 272 272 190 2512 1901 3600 0 0 
5900 108000 3600 1580 424 0 0 0 228 228 158 2500 1929 3600 0 0 
6000 108000 3600 1637 430 0 0 0 271 271 165 2470 1933 3600 0 0 
6100 108000 3600 1554 443 0 0 0 246 246 181 2523 1905 3600 0 0 
6200 108000 3600 1616 425 0 0 0 253 253 177 2480 1927 3600 0 0 
6300 108000 3600 1557 418 0 0 0 238 238 165 2520 1911 3600 0 0 
6400 108000 3600 1549 416 0 0 0 282 282 193 2492 1890 3600 0 0 
6500 108000 3600 1604 428 0 0 0 261 261 175 2491 1908 3600 0 0 
6600 108000 3600 1589 458 0 0 0 251 251 174 2503 1894 3600 0 0 
6700 108000 3600 1521 397 0 0 0 329 329 241 2525 1933 3600 0 0 
6800 108000 3600 1318 211 0 0 0 178 178 117 2512 1922 3600 0 0 
6900 108000 3600 1385 236 0 0 0 157 157 101 2502 1917 3600 0 0 
7000 108000 3600 1381 272 0 0 0 283 283 197 2508 1901 3600 0 0 
7100 108000 3600 1443 314 0 0 0 249 249 156 2492 1889 3600 0 0 
7200 108000 3600 1417 350 0 0 0 262 262 178 2568 1924 36007300 17300 108000 3600 1536 363 0 0 0 216 216 149 2471 1894 36007400 17400 108000 3600 1544 363 0 0 0 233 233 169 2500 1918 36007500 17500 108000 3600 1533 366 0 0 0 264 264 177 2504 1922 36007600 17600 108000 3600 1547 365 0 0 0 248 248 168 2493 1880 36007700 17700 108000 3600 1596 401 0 0 0 269 269 186 2488 1899 36007800 17800 108000 3600 1519 374 0 0 0 266 266 192 2524 1898 36007900 17900 108000 3600 1534 388 0 0 0 249 249 184 2520 1906 36008000 18000 108000 3600 1536 375 0 0 0 256 256 175 2516 1894 36008100 18100 108000 3600 1535 409 0 0 0 254 254 174 2545 1904 36008200 108000 3600 1687 404 0 0 0 289 289 186 2352 1881 3600 0 0 
8300 108000 3600 1669 384 0 0 0 267 267 170 2375 1881 3600 0 0 
8400 108000 3600 1676 426 0 0 0 256 256 169 2402 1881 3600 0 0 
8500 108000 3600 1670 415 0 0 0 306 306 201 2370 1905 3600 0 0 
8600 108000 3600 1716 423 0 0 0 291 291 198 2355 1924 3600 0 0 
8700 108000 3600 1675 446 0 0 0 315 315 209 2418 1872 3600 0 0 
8800 108000 3600 1719 446 0 0 0 277 277 179 2378 1888 3600 0 0 
8900 108000 3600 1709 424 0 0 0 305 305 204 2374 1879 3600 0 0 
9000 108000 3600 1696 424 0 0 0 294 294 202 2371 1873 3600 0 0 
9100 108000 3600 1758 451 0 0 0 319 319 199 2326 1873 3600 0 0 
9200 108000 3600 1724 444 0 0 0 315 315 208 2370 1845 3600 0 0 
9300 108000 3600 1672 449 0 0 0 329 329 224 2379 1881 3600 0 0 
9400 108000 3600 1825 448 0 0 0 312 312 190 2265 1862 3600 0 0 
9500 108000 3600 1789 460 0 0 0 358 358 239 2316 1901 3600 0 0 
9600 108000 3600 1729 461 0 0 0 340 340 221 2363 1849 3600 0 0 
9700 108000 3600 1763 426 0 0 0 377 377 241 2308 1892 3600 0 0 
9800 108000 3600 1743 449 0 0 0 347 347 238 2368 1871 3600 0 0 
9900 108000 3600 1775 449 0 0 0 326 326 203 2312 1880 3600 0 0 
10000 108000 3600 1776 440 0 0 0 304 304 187 2304 1868 3600 0 0 
10100 108000 3600 1791 443 0 0 0 291 291 189 2311 1841 3600 0 0 
10200 108000 3600 1725 444 0 0 0 336 336 219 2349 1837 3600 0 0 
10300 108000 3600 1821 448 0 0 0 326 326 196 2254 1875 3600 0 0 
10400 108000 3600 1742 452 0 0 0 311 311 203 2357 1872 3600 0 0 
10500 108000 3600 1654 389 0 0 0 468 468 297 2347 1893 3600 0 0 
10600 108000 3600 1524 271 0 0 0 279 279 180 2339 1882 3600 0 0 
10700 108000 3600 1627 363 0 0 0 318 318 221 2368 1892 3600 0 0 
10800 108000 3600 1640 368 0 0 0 339 339 220 2374 1886 3600 0 0 
10900 108000 3600 1638 398 0 0 0 297 297 184 2394 1837 3600 0 0 
11000 108000 3600 1696 393 0 0 0 336 336 207 2333 1892 3600 0 0 
11100 108000 3600 1690 415 0 0 0 295 295 202 2382 1850 3600 0 0 
11200 108000 3600 1721 389 0 0 0 320 320 207 2309 1863 3600 0 0 
11300 108000 3600 1685 410 0 0 0 296 296 200 2383 1896 3600 0 0 
11400 108000 3600 1719 394 0 0 0 344 344 233 2337 1902 3600 0 0 
11500 108000 3600 1679 401 0 0 0 316 316 206 2365 1850 3600 0 0 
11600 108000 3600 1677 405 0 0 0 331 331 213 2376 1912 3600 0 0 
11700 108000 3600 1732 428 0 0 0 287 287 183 2331 1873 3600 0 0 
11800 108000 3600 1740 413 0 0 0 314 314 185 2316 1858 3600 0 0 
11900 108000 3600 1625 408 0 0 0 360 360 250 2448 1882 3600 0 0 
12000 108000 3600 1715 432 0 0 0 337 337 235 2387 1854 3600 0 0 
12100 108000 3600 1749 423 0 0 0 290 290 182 2321 1895 3600 0 0 
12200 108000 3600 1640 389 0 0 0 348 348 233 2405 1878 3600 0 0 
12300 108000 3600 1751 408 0 0 0 301 301 196 2331 1900 3600 0 0 
12400 108000 3600 1724 397 0 0 0 291 291 185 2350 1894 3600 0 0 
12500 108000 3600 1702 393 0 0 0 338 338 228 2321 1862 3600 0 0 
12600 108000 3600 1742 429 0 0 0 320 320 194 2346 1860 3600 0 0 
12700 108000 3600 1702 405 0 0 0 323 323 205 2357 1854 3600 0 0 
12800 108000 3600 1707 427 0 0 0 327 327 217 2363 1862 3600 0 0 
12900 108000 3600 1719 395 0 0 0 352 352 227 2319 1864 3600 0 0 
13000 108000 3600 1767 423 0 0 0 359 359 212 2306 1880 3600 0 0 
13100 108000 3600 1731 441 0 0 0 307 307 190 2350 1891 3600 0 0 
13200 108000 3600 1673 425 0 0 0 356 356 223 2391 1895 3600 0 0 
13300 108000 3600 1702 428 0 0 0 348 348 228 2366 1870 3600 0 0 
13400 108000 3600 1748 426 0 0 0 372 372 247 2347 1860 3600 0 0 
13500 108000 3600 1717 397 0 0 0 316 316 209 2351 1899 3600 0 0 
13600 108000 3600 1728 423 0 0 0 301 301 200 2347 1901 3600 0 0 
13700 108000 3600 1738 429 0 0 0 317 317 206 2325 1874 3600 0 0 
13800 108000 3600 1749 446 0 0 0 326 326 203 2337 1876 3600 0 0 
13900 108000 3600 1689 424 0 0 0 317 317 201 2362 1891 3600 0 0 
14000 108000 3600 1693 423 0 0 0 315 315 192 2369 1845 3600 0 0 
14100 108000 3600 1728 443 0 0 0 313 313 206 2371 1891 3600 0 0 
14200 108000 3600 1812 448 0 0 0 310 310 201 2274 1892 3600 0 0 
14300 108000 3600 1711 408 0 0 0 287 287 191 2354 1889 3600 0 0 
14400 108000 3600 1774 423 0 0 0 330 330 214 2310 1882 3600 0 0 
14500 108000 3600 1678 427 0 0 0 316 316 208 2375 1886 3600 0 0 
14600 108000 3600 1755 435 0 0 0 329 329 222 2331 1838 3600 0 0 
14700 108000 3600 1683 423 0 0 0 288 288 194 2379 1907 3600 0 0 
14800 108000 3600 1749 436 0 0 0 282 282 195 2334 1880 3600 0 0 
14900 108000 3600 1720 407 0 0 0 315 315 196 2344 1882 3600 0 0 
15000 108000 3600 1705 399 0 0 0 368 368 255 2344 1875 3600 0 0 
15100 108000 3600 1660 406 0 0 0 356 356 244 2384 1899 3600 0 0 
15200 108000 3600 1750 404 0 0 0 313 313 202 2328 1880 3600 0 0 
15300 108000 3600 1707 416 0 0 0 331 331 212 2356 1874 3600 0 0 
15400 108000 3600 1635 429 0 0 0 356 356 241 2420 1863 3600 0 0 
15500 108000 3600 1715 416 0 0 0 267 267 175 2365 1882 3600 0 0 
15600 108000 3600 1668 417 0 0 0 322 322 210 2402 1886 3600 0 0 
15700 108000 3600 1718 436 0 0 0 317 317 220 2335 1892 3600 0 0 
15800 108000 3600 1711 418 0 0 0 300 300 207 2362 1871 3600 0 0 
15900 108000 3600 1701 413 0 0 0 299 299 201 2350 1861 3600 0 0 
16000 108000 3600 1690 449 0 0 0 352 352 236 2389 1858 3600 0 0 
16100 108000 3600 1663 430 0 0 0 318 318 217 2402 1904 3600 0 0 
16200 108000 3600 1723 445 0 0 0 325 325 198 2350 1874 3600 0 0 
16300 108000 3600 1665 438 0 0 0 354 354 236 2414 1880 3600 0 0 
16400 108000 3600 1741 444 0 0 0 328 328 220 2352 1878 3600 0 0 
16500 108000 3600 1747 416 0 0 0 328 328 219 2317 1883 3600 0 0 
16600 108000 3600 1695 417 0 0 0 330 330 218 2367 1854 3600 0 0 
16700 108000 3600 1718 411 0 0 0 341 341 222 2344 1860 3600 0 0 
16800 108000 3600 1713 423 0 0 0 378 378 260 2362 1886 3600 0 0 
16900 108000 3600 1658 392 0 0 0 272 272 179 2397 1852 3600 0 0 
17000 108000 3600 1694 409 0 0 0 333 333 212 2356 1856 3600 0 0 
17100 108000 3600 1718 439 0 0 0 350 350 231 2362 1856 3600 0 0 
17200 108000 3600 1733 437 0 0 0 316 316 215 2367 1902 3600 0 0 
17300 108000 3600 1727 431 0 0 0 358 358 232 2349 1876 3600 0 0 
17400 108000 3600 1780 452 0 0 0 340 340 231 2315 1874 3600 0 0 
17500 108000 3600 1729 435 0 0 0 329 329 207 2304 1880 3600 0 0 
17600 108000 3600 1739 400 0 0 0 332 332 205 2329 1876 3600 0 0 
17700 108000 3600 1695 426 0 0 0 320 320 212 2372 1884 3600 0 0 
17800 108000 3600 1788 428 0 0 0 371 371 236 2300 1887 3600 0 0 
17900 108000 3600 1725 437 0 0 0 340 340 228 2391 1877 3600 0 0 
18000 108000 3600 1681 424 0 0 0 330 330 217 2393 1857 3600 0 0 
18100 108000 3600 1776 411 0 0 0 361 361 221 2310 1908 3600 0 0 
18200 108000 3600 1703 424 0 0 0 345 345 216 2338 1846 3600 0 0 
18300 108000 3600 1702 402 0 0 0 318 318 218 2340 1860 3600 0 0 
18400 108000 3600 1745 424 0 0 0 346 346 226 2328 1875 3600 0 0 
18500 108000 3600 1670 444 0 0 0 366 366 231 2430 1855 3600 0 0 
18600 108000 3600 1734 439 0 0 0 302 302 184 2360 1883 3600 0 0 
18700 108000 3600 1737 426 0 0 0 360 360 238 2334 1873 3600 0 0 
18800 108000 3600 1664 433 0 0 0 322 322 203 2385 1854 3600 0 0 
18900 108000 3600 1700 436 0 0 0 323 323 207 2393 1876 3600 0 0 
19000 108000 3600 1726 430 0 0 0 325 325 213 2354 1852 3600 0 0 
19100 108000 3600 1691 435 0 0 0 268 268 178 2387 1840 3600 0 0 
19200 108000 3600 1753 455 0 0 0 327 327 215 2355 1878 3600 0 0 
19300 108000 3600 1668 439 0 0 0 301 301 212 2410 1900 3600 0 0 
19400 108000 3600 1689 420 0 0 0 352 352 225 2389 1851 3600 0 0 
19500 108000 3600 1691 429 0 0 0 390 390 255 2390 1891 3600 0 0 
19600 108000 3600 1678 423 0 0 0 314 314 208 2373 1886 3600 0 0 
19700 108000 3600 1772 425 0 0 0 341 341 219 2285 1895 3600 0 0 
19800 108000 3600 1747 425 0 0 0 316 316 196 2309 1867 3600 0 0 
19900 108000 3600 1716 419 0 0 0 348 348 246 2340 1884 3600 0 0 
20000 108000 3600 1821 415 0 0 0 343 343 226 2262 1875 3600 0 0 
20100 108000 3600 1734 410 0 0 0 331 331 198 2339 1877 3600 0 0 
20200 108000 3600 1696 407 0 0 0 354 354 238 2346 1858 3600 0 0 
20300 108000 3600 1651 410 0 0 0 325 325 216 2400 1887 3600 0 0 
20400 108000 3600 1692 401 0 0 0 364 364 246 2370 1891 3600 0 0 
20500 108000 3600 1700 413 0 0 0 320 320 207 2342 1880 3600 0 0 
20600 108000 3600 1758 434 0 0 0 344 344 212 2308 1882 3600 0 0 
20700 108000 3600 1734 441 0 0 0 393 393 267 2338 1887 3600 0 0 
20800 108000 3600 1726 448 0 0 0 314 314 205 2359 1874 3600 0 0 
20900 108000 3600 1663 382 0 0 0 327 327 215 2355 1848 3600 0 0 
21000 108000 3600 1630 316 0 0 0 308 308 198 2302 1872 3600 0 0 
21100 108000 3600 1701 406 0 0 0 337 337 212 2332 1875 3600 0 0 
21200 108000 3600 1784 429 0 0 0 334 334 207 2271 1871 3600 0 0 
21300 108000 3600 1687 432 0 0 0 296 296 200 2378 1867 3600 0 0 
21400 108000 3600 1763 435 0 0 0 305 305 199 2317 1870 3600 0 0 
21500 108000 3600 1751 435 0 0 0 332 332 234 2321 1861 3600 0 0 
21600 108000 3600 1850 432 0 0 0 275 275 170 2236 1819 3600 0 0 
21700 108000 3600 1805 446 0 0 0 332 332 206 2296 1860 3600 0 0 
21800 108000 3600 1734 427 0 0 0 307 307 201 2335 1832 3600 0 0 
21900 108000 3600 1704 453 0 0 0 315 315 209 2381 1852 3600 0 0 
22000 108000 3600 1738 435 0 0 0 299 299 199 2332 1857 3600 0 0 
22100 108000 3600 1783 438 0 0 0 362 362 238 2332 1871 3600 0 0 
22200 108000 3600 1753 431 0 0 0 312 312 209 2352 1870 3600 0 0 
22300 108000 3600 1770 466 0 0 0 302 302 199 2324 1826 3600 0 0 
22400 108000 3600 1801 454 0 0 0 316 316 188 2285 1860 3600 0 0 
22500 108000 3600 1799 444 0 0 0 283 283 186 2274 1886 3600 0 0 
22600 108000 3600 1758 439 0 0 0 322 322 193 2310 1850 3600 0 0 
22700 108000 3600 1758 423 0 0 0 317 317 219 2330 1895 3600 0 0 
22800 108000 3600 1776 451 0 0 0 324 324 198 2309 1841 3600 0 0 
22900 108000 3600 1716 435 0 0 0 288 288 193 2376 1870 3600 0 0 
23000 108000 3600 1726 429 0 0 0 383 383 250 2322 1823 3600 0 0 
23100 108000 3600 1812 423 0 0 0 359 359 232 2262 1887 3600 0 0 
23200 108000 3600 1818 439 0 0 0 297 297 199 2286 1870 3600 0 0 
23300 108000 3600 1804 433 0 0 0 296 296 167 2256 1869 3600 0 0 
23400 108000 3600 1739 445 0 0 0 306 306 192 2345 1893 3600 0 0 
23500 108000 3600 1755 421 0 0 0 294 294 184 2299 1866 3600 0 0 
23600 108000 3600 1737 442 0 0 0 316 316 203 2341 1862 3600 0 0 
23700 108000 3600 1771 469 0 0 0 304 304 183 2326 1891 3600 0 0 
23800 108000 3600 1776 441 0 0 0 272 272 166 2301 1885 3600 0 0 
23900 108000 3600 1753 437 0 0 0 336 336 218 2298 1858 3600 0 0 
24000 108000 3600 1807 462 0 0 0 298 298 187 2288 1842 3600 0 0 
24100 108000 3600 1829 461 0 0 0 299 299 194 2254 1874 3600 0 0 
24200 108000 3600 1820 461 0 0 0 329 329 204 2273 1844 3600 0 0 
24300 108000 3600 1770 475 0 0 0 261 261 167 2326 1865 3600 0 0 
24400 108000 3600 1807 479 0 0 0 322 322 200 2300 1875 3600 0 0 
24500 108000 3600 1795 451 0 0 0 323 323 208 2305 1871 3600 0 0 
24600 108000 3600 1793 451 0 0 0 270 270 171 2281 1880 3600 0 0 
24700 108000 3600 1746 428 0 0 0 320 320 214 2321 1858 3600 0 0 
24800 108000 3600 1785 445 0 0 0 345 345 209 2306 1869 3600 0 0 
24900 108000 3600 1748 438 0 0 0 330 330 215 2315 1868 3600 0 0 
25000 108000 3600 1768 429 0 0 0 359 359 231 2295 1890 3600 0 0 
25100 108000 3600 1773 442 0 0 0 348 348 222 2304 1884 3600 0 0 
25200 108000 3600 1837 460 0 0 0 314 314 208 2275 1878 3600 0 0 
25300 108000 3600 1757 463 0 0 0 290 290 196 2331 1835 3600 0 0 
25400 108000 3600 1801 439 0 0 0 328 328 211 2311 1876 3600 0 0 
25500 108000 3600 1735 463 0 0 0 299 299 196 2372 1871 3600 0 0 
25600 108000 3600 1771 459 0 0 0 326 326 214 2321 1876 3600 0 0 
25700 108000 3600 1782 478 0 0 0 311 311 202 2348 1867 3600 0 0 
25800 108000 3600 1595 318 0 0 0 323 323 208 2351 1879 3600 0 0 
25900 108000 3600 1741 364 0 0 0 334 334 216 2281 1870 3600 0 0 
26000 108000 3600 1776 383 0 0 0 317 317 200 2258 1866 3600 0 0 
26100 108000 3600 1745 388 0 0 0 299 299 200 2289 1886 3600 0 0 
26200 108000 3600 1729 397 0 0 0 324 324 196 2331 1900 3600 0 0 
26300 108000 3600 1741 416 0 0 0 302 302 202 2309 1882 3600 0 0 
26400 108000 3600 1680 401 0 0 0 322 322 214 2366 1878 3600 0 0 
26500 108000 3600 1714 407 0 0 0 330 330 211 2355 1858 3600 0 0 
26600 108000 3600 1650 402 0 0 0 337 337 225 2423 1889 3600 0 0 
26700 108000 3600 1716 388 0 0 0 326 326 197 2338 1891 3600 0 0 
26800 108000 3600 1701 392 0 0 0 313 313 203 2334 1888 3600 0 0 
26900 108000 3600 1667 399 0 0 0 305 305 206 2366 1890 3600 0 0 
27000 108000 3600 1696 388 0 0 0 319 319 198 2346 1864 3600 0 0 
27100 108000 3600 1676 394 0 0 0 323 323 207 2354 1896 3600 0 0 
27200 108000 3600 1713 406 0 0 0 277 277 170 2351 1865 3600 0 0 
27300 108000 3600 1641 406 0 0 0 340 340 224 2422 1870 3600 0 0 
27400 108000 3600 1609 393 0 0 0 326 326 220 2428 1874 3600 0 0 
27500 108000 3600 1615 374 0 0 0 294 294 187 2417 1881 3600 0 0 
27600 108000 3600 1631 381 0 0 0 326 326 217 2432 1855 3600 0 0 
27700 108000 3600 1664 381 0 0 0 313 313 189 2366 1856 3600 0 0 
27800 108000 3600 1713 396 0 0 0 313 313 199 2354 1901 3600 0 0 
27900 108000 3600 1702 419 0 0 0 328 328 211 2366 1895 3600 0 0 
28000 108000 3600 1661 408 0 0 0 331 331 232 2408 1899 3600 0 0 
28100 108000 3600 1701 410 0 0 0 300 300 195 2375 1914 3600 0 0 
28200 108000 3600 1596 368 0 0 0 342 342 228 2432 1869 3600 0 0 
28300 108000 3600 1693 411 0 0 0 324 324 203 2364 1897 3600 0 0 
28400 108000 3600 1727 406 0 0 0 331 331 224 2341 1894 3600 0 0 
28500 108000 3600 1694 409 0 0 0 313 313 214 2393 1873 3600 0 0 
28600 108000 3600 1671 402 0 0 0 344 344 227 2387 1881 3600 0 0 
28700 108000 3600 1725 376 0 0 0 326 326 213 2317 1879 3600 0 0 
28800 108000 3600 1684 415 0 0 0 339 339 239 2382 1895 3600 0 0 
28900 108000 3600 1660 402 0 0 0 316 316 204 2385 1887 3600 0 0 
29000 108000 3600 1731 423 0 0 0 322 322 223 2356 1903 3600 0 0 
29100 108000 3600 1705 405 0 0 0 368 368 216 2340 1880 3600 0 0 
29200 108000 3600 1646 392 0 0 0 344 344 230 2396 1878 3600 0 0 
29300 108000 3600 1699 415 0 0 0 337 337 230 2332 1868 3600 0 0 
29400 108000 3600 1689 391 0 0 0 327 327 237 2355 1891 3600 0 0 
29500 108000 3600 1645 390 0 0 0 333 333 215 2414 1884 3600 0 0 
29600 108000 3600 1681 406 0 0 0 324 324 225 2372 1900 3600 0 0 
29700 108000 3600 1590 357 0 0 0 327 327 238 2437 1887 3600 0 0 
29800 108000 3600 1582 367 0 0 0 344 344 243 2425 1867 3600 0 0 
29900 108000 3600 1651 371 0 0 0 342 342 220 2382 1916 3600 0 0 
30000 108000 3600 1681 369 0 0 0 321 321 212 2368 1912 3600 0 0 
30100 108000 3600 1671 414 0 0 0 323 323 224 2395 1896 3600 0 0 
30200 108000 3600 1643 397 0 0 0 352 352 233 2419 1903 3600 0 0 
30300 108000 3600 1677 401 0 0 0 331 331 225 2396 1870 3600 0 0 
30400 108000 3600 1670 416 0 0 0 363 363 230 2386 1907 3600 0 0 
30500 108000 3600 1682 405 0 0 0 348 348 235 2394 1890 3600 0 0 
30600 108000 3600 1672 414 0 0 0 334 334 240 2407 1900 3600 0 0 
30700 108000 3600 1645 382 0 0 0 368 368 242 2396 1909 3600 0 0 
30800 108000 3600 1670 412 0 0 0 339 339 233 2385 1868 3600 0 0 
30900 108000 3600 1726 410 0 0 0 317 317 207 2321 1900 3600 0 0 
31000 108000 3600 1696 414 0 0 0 395 395 268 2379 1902 3600 0 0 
31100 108000 3600 1738 423 0 0 0 346 346 232 2345 1896 3600 0 0 
31200 108000 3600 1692 411 0 0 0 336 336 211 2373 1884 3600 0 0 
31300 108000 3600 1701 409 0 0 0 305 305 202 2375 1861 3600 0 0 
31400 108000 3600 1687 410 0 0 0 359 359 232 2372 1881 3600 0 0 
31500 108000 3600 1655 378 0 0 0 338 338 222 2374 1885 3600 0 0 
31600 108000 3600 1663 387 0 0 0 359 359 240 2360 1890 3600 0 0 
31700 108000 3600 1653 375 0 0 0 339 339 217 2385 1900 3600 0 0 
31800 108000 3600 1690 377 0 0 0 367 367 220 2343 1914 3600 0 0 
31900 108000 3600 1719 367 0 0 0 349 349 229 2305 1882 3600 0 0 
32000 108000 3600 1712 397 0 0 0 342 342 218 2349 1916 3600 0 0 
32100 108000 3600 1688 395 0 0 0 348 348 229 2349 1870 3600 0 0 
32200 108000 3600 1700 413 0 0 0 303 303 179 2339 1872 3600 0 0 
32300 108000 3600 1774 384 0 0 0 327 327 201 2251 1879 3600 0 0 
32400 108000 3600 1709 391 0 0 0 301 301 194 2329 1892 3600 0 0 
32500 108000 3600 1650 375 0 0 0 327 327 217 2393 1906 3600 0 0 
32600 108000 3600 1663 411 0 0 0 317 317 216 2394 1907 3600 0 0 
32700 108000 3600 1724 402 0 0 0 300 300 203 2322 1892 3600 0 0 
32800 108000 3600 1633 372 0 0 0 330 330 211 2391 1889 3600 0 0 
32900 108000 3600 1680 406 0 0 0 358 358 252 2369 1887 3600 0 0 
33000 108000 3600 1705 394 0 0 0 381 381 255 2335 1909 3600 0 0 
33100 108000 3600 1652 400 0 0 0 365 365 233 2391 1883 3600 0 0 
33200 108000 3600 1678 373 0 0 0 345 345 224 2363 1904 3600 0 0 
33300 108000 3600 1669 390 0 0 0 348 348 223 2367 1907 3600 0 0 
33400 108000 3600 1680 389 0 0 0 325 325 217 2379 1909 3600 0 0 
33500 108000 3600 1747 410 0 0 0 326 326 200 2313 1877 3600 0 0 
33600 108000 3600 1716 389 0 0 0 328 328 222 2352 1913 3600 0 0 
33700 108000 3600 1717 398 0 0 0 301 301 192 2336 1893 3600 0 0 
33800 108000 3600 1610 389 0 0 0 327 327 205 2421 1891 3600 0 0 
33900 108000 3600 1698 372 0 0 0 311 311 205 2343 1903 3600 0 0 
34000 108000 3600 1671 399 0 0 0 336 336 216 2380 1900 3600 0 0 
34100 108000 3600 1645 380 0 0 0 398 398 271 2378 1878 3600 0 0 
34200 108000 3600 1702 374 0 0 0 358 358 235 2347 1876 3600 0 0 
34300 108000 3600 1686 391 0 0 0 330 330 216 2370 1892 3600 0 0 
34400 108000 3600 1716 388 0 0 0 321 321 198 2318 1868 3600 0 0 
34500 108000 3600 1697 400 0 0 0 362 362 227 2358 1879 3600 0 0 
34600 108000 3600 1687 421 0 0 0 312 312 193 2398 1912 3600 0 0 
34700 108000 3600 1720 410 0 0 0 333 333 220 2338 1917 3600 0 0 
34800 108000 3600 1741 416 0 0 0 277 277 186 2336 1894 3600 0 0 
34900 108000 3600 1616 395 0 0 0 329 329 233 2437 1904 3600 0 0 
35000 108000 3600 1709 407 0 0 0 329 329 212 2361 1897 3600 0 0 
35100 108000 3600 1623 378 0 0 0 300 300 207 2406 1893 3600 0 0 
35200 108000 3600 1599 368 0 0 0 364 364 263 2429 1892 3600 0 0 
35300 108000 3600 1617 390 0 0 0 319 319 218 2445 1910 3600 0 0 
35400 108000 3600 1632 410 0 0 0 319 319 212 2418 1883 3600 0 0 
35500 108000 3600 1696 403 0 0 0 321 321 198 2361 1880 3600 0 0 
35600 108000 3600 1716 397 0 0 0 367 367 242 2357 1939 3600 0 0 
35700 108000 3600 1678 400 0 0 0 340 340 233 2396 1927 3600 0 0 
35800 108000 3600 1632 374 0 0 0 346 346 233 2390 1869 3600 0 0 
35900 108000 3600 1657 384 0 0 0 349 349 215 2380 1898 3600 0 0 
36000 108000 3600 1681 402 0 0 0 324 324 206 2376 1916 3600 0 0 
36100 108000 3600 1692 410 0 0 0 305 305 209 2376 1894 3600 0 0 
36200 108000 3600 1613 384 0 0 0 336 336 232 2396 1898 3600 0 0 
36300 108000 3600 1672 408 0 0 0 331 331 222 2385 1906 3600 0 0 
36400 108000 3600 1650 408 0 0 0 336 336 209 2443 1881 3600 0 0 
36500 108000 3600 1702 379 0 0 0 331 331 220 2346 1918 3600 0 0 
36600 108000 3600 1702 398 0 0 0 379 379 253 2349 1891 3600 0 0 
36700 108000 3600 1678 394 0 0 0 319 319 207 2369 1889 3600 0 0 
36800 108000 3600 1655 373 0 0 0 320 320 213 2383 1892 3600 0 0 
36900 108000 3600 1658 374 0 0 0 290 290 196 2352 1921 3600 0 0 
37000 108000 3600 1675 378 0 0 0 337 337 247 2352 1876 3600 0 0 
37100 108000 3600 1619 400 0 0 0 342 342 233 2409 1904 3600 0 0 
37200 108000 3600 1738 407 0 0 0 368 368 233 2315 1877 3600 0 0 
37300 108000 3600 1691 397 0 0 0 302 302 194 2356 1874 3600 0 0 
37400 108000 3600 1637 403 0 0 0 281 281 192 2429 1898 3600 0 0 
37500 108000 3600 1613 421 0 0 0 321 321 221 2467 1876 3600 0 0 
37600 108000 3600 1701 419 0 0 0 309 309 205 2376 1905 3600 0 0 
37700 108000 3600 1732 421 0 0 0 303 303 195 2330 1908 3600 0 0 
37800 108000 3600 1679 407 0 0 0 349 349 219 2376 1892 3600 0 0 
37900 108000 3600 1648 418 0 0 0 317 317 223 2414 1896 3600 0 0 
38000 108000 3600 1662 394 0 0 0 363 363 243 2365 1897 3600 0 0 
38100 108000 3600 1711 380 0 0 0 335 335 226 2308 1915 3600 0 0 
38200 108000 3600 1699 402 0 0 0 325 325 220 2352 1855 3600 0 0 
38300 108000 3600 1691 386 0 0 0 333 333 215 2355 1920 3600 0 0 
38400 108000 3600 1673 401 0 0 0 323 323 201 2371 1907 3600 0 0 
38500 108000 3600 1652 407 0 0 0 322 322 207 2390 1898 3600 0 0 
38600 108000 3600 1737 400 0 0 0 299 299 190 2340 1901 3600 0 0 
38700 108000 3600 1689 390 0 0 0 372 372 235 2356 1878 3600 0 0 
38800 108000 3600 1684 409 0 0 0 377 377 255 2375 1889 3600 0 0 
38900 108000 3600 1731 403 0 0 0 334 334 222 2334 1890 3600 0 0 
39000 108000 3600 1720 424 0 0 0 369 369 228 2357 1926 3600 0 0 
39100 108000 3600 1708 410 0 0 0 343 343 232 2360 1881 3600 0 0 
39200 108000 3600 1679 409 0 0 0 346 346 220 2398 1899 3600 0 0 
39300 108000 3600 1745 411 0 0 0 338 338 221 2320 1894 3600 0 0 
39400 108000 3600 1686 396 0 0 0 278 278 183 2355 1905 3600 0 0 
39500 108000 3600 1754 409 0 0 0 371 371 236 2288 1890 3600 0 0 
39600 108000 3600 1753 408 0 0 0 327 327 212 2290 1877 3600 0 0 
39700 108000 3600 1710 378 0 0 0 337 337 208 2335 1864 3600 0 0 
39800 108000 3600 1703 397 0 0 0 297 297 201 2343 1903 3600 0 0 
39900 108000 3600 1743 397 0 0 0 355 355 232 2308 1902 3600 0 0 
40000 108000 3600 1625 377 0 0 0 347 347 238 2387 1893 3600 0 0 
40100 108000 3600 1652 391 0 0 0 377 377 258 2387 1880 3600 0 0 
40200 108000 3600 1696 392 0 0 0 353 353 224 2342 1902 3600 0 0 
40300 108000 3600 1717 394 0 0 0 385 385 240 2325 1932 3600 0 0 
40400 108000 3600 1700 373 0 0 0 324 324 216 2338 1907 3600 0 0 
40500 108000 3600 1685 406 0 0 0 335 335 225 2357 1883 3600 0 0 
40600 108000 3600 1718 389 0 0 0 332 332 212 2313 1868 3600 0 0 
40700 108000 3600 1773 391 0 0 0 340 340 213 2289 1910 3600 0 0 
40800 108000 3600 1722 407 0 0 0 342 342 219 2344 1886 3600 0 0 
40900 108000 3600 1786 420 0 0 0 349 349 212 2297 1910 3600 0 0 
41000 108000 3600 1725 411 0 0 0 305 305 197 2348 1879 3600 0 0 
41100 108000 3600 1709 409 0 0 0 278 278 181 2356 1883 3600 0 0 
41200 108000 3600 1751 411 0 0 0 312 312 210 2308 1865 3600 0 0 
41300 108000 3600 1748 381 0 0 0 314 314 203 2323 1878 3600 0 0 
41400 108000 3600 1679 395 0 0 0 337 337 227 2374 1858 3600 0 0 
41500 108000 3600 1711 395 0 0 0 336 336 215 2334 1900 3600 0 0 
41600 108000 3600 1702 431 0 0 0 369 369 232 2366 1892 3600 0 0 
41700 108000 3600 1735 414 0 0 0 332 332 213 2344 1883 3600 0 0 
41800 108000 3600 1738 382 0 0 0 345 345 238 2319 1902 3600 0 0 
41900 108000 3600 1703 398 0 0 0 309 309 195 2329 1918 3600 0 0 
42000 108000 3600 1663 399 0 0 0 321 321 210 2397 1909 3600 0 0 
42100 108000 3600 1679 404 0 0 0 352 352 230 2379 1908 3600 0 0 
42200 108000 3600 1688 418 0 0 0 305 305 209 2383 1908 3600 0 0 
42300 108000 3600 1719 394 0 0 0 313 313 206 2351 1924 3600 0 0 
42400 108000 3600 1759 410 0 0 0 325 325 199 2316 1879 3600 0 0 
42500 108000 3600 1628 410 0 0 0 313 313 196 2417 1891 3600 0 0 
42600 108000 3600 1629 396 0 0 0 355 355 243 2394 1884 3600 0 0 
42700 108000 3600 1737 389 0 0 0 331 331 213 2337 1921 3600 0 0 
42800 108000 3600 1741 405 0 0 0 327 327 204 2334 1917 3600 0 0 
42900 108000 3600 1702 398 0 0 0 344 344 231 2334 1895 3600 0 0 
43000 108000 3600 1694 410 0 0 0 368 368 228 2368 1879 3600 0 0 
43100 108000 3600 1647 411 0 0 0 335 335 214 2445 1894 3600 0 0 
43200 108000 3600 1668 395 0 0 0 351 351 230 2377 1920 3600 0 0 
43300 108000 3600 1702 399 0 0 0 340 340 244 2341 1900 3600 0 0 
43400 108000 3600 1666 378 0 0 0 329 329 206 2379 1903 3600 0 0 
43500 108000 3600 1631 363 0 0 0 331 331 229 2405 1930 3600 0 0 
43600 108000 3600 1614 390 0 0 0 333 333 217 2418 1870 3600 0 0 
43700 108000 3600 1681 369 0 0 0 369 369 238 2337 1901 3600 0 0 
43800 108000 3600 1609 379 0 0 0 353 353 245 2416 1893 3600 0 0 
43900 108000 3600 1598 363 0 0 0 357 357 240 2404 1898 3600 0 0 
44000 108000 3600 1612 373 0 0 0 322 322 189 2415 1892 3600 0 0 
44100 108000 3600 1637 378 0 0 0 333 333 220 2399 1915 3600 0 0 
44200 108000 3600 1679 384 0 0 0 352 352 241 2355 1915 3600 0 0 
44300 108000 3600 1615 386 0 0 0 360 360 264 2422 1909 3600 0 0 
44400 108000 3600 1582 381 0 0 0 355 355 228 2452 1885 3600 0 0 
44500 108000 3600 1689 382 0 0 0 314 314 205 2357 1906 3600 0 0 
44600 108000 3600 1632 388 0 0 0 320 320 207 2413 1905 3600 0 0 
44700 108000 3600 1650 406 0 0 0 350 350 230 2402 1911 3600 0 0 
44800 108000 3600 1642 390 0 0 0 325 325 217 2418 1899 3600 0 0 
44900 108000 3600 1618 374 0 0 0 402 402 276 2410 1897 3600 0 0 
45000 108000 3600 1634 385 0 0 0 345 345 224 2401 1891 3600 0 0 
45100 108000 3600 1592 362 0 0 0 340 340 213 2434 1903 3600 0 0 
45200 108000 3600 1636 377 0 0 0 358 358 245 2369 1904 3600 0 0 
45300 108000 3600 1706 390 0 0 0 336 336 220 2348 1923 3600 0 0 
45400 108000 3600 1718 398 0 0 0 347 347 231 2335 1923 3600 0 0 
45500 108000 3600 1641 384 0 0 0 375 375 236 2397 1915 3600 0 0 
45600 108000 3600 1658 390 0 0 0 380 380 263 2384 1891 3600 0 0 
45700 108000 3600 1635 396 0 0 0 319 319 218 2425 1912 3600 0 0 
45800 108000 3600 1641 363 0 0 0 358 358 226 2385 1875 3600 0 0 
45900 108000 3600 1657 388 0 0 0 354 354 242 2392 1911 3600 0 0 
46000 108000 3600 1664 412 0 0 0 377 377 250 2401 1933 3600 0 0 
46100 108000 3600 1613 383 0 0 0 321 321 224 2421 1919 3600 0 0 
46200 108000 3600 1628 393 0 0 0 344 344 214 2410 1922 3600 0 0 
46300 108000 3600 1601 394 0 0 0 369 369 258 2457 1909 3600 0 0 
46400 108000 3600 1618 379 0 0 0 357 357 249 2421 1949 3600 0 0 
46500 108000 3600 1712 382 0 0 0 310 310 206 2335 1915 3600 0 0 
46600 108000 3600 1631 402 0 0 0 326 326 211 2413 1900 3600 0 0 
46700 108000 3600 1666 358 0 0 0 329 329 222 2338 1939 3600 0 0 
46800 108000 3600 1596 380 0 0 0 299 299 201 2438 1902 3600 0 0 
46900 108000 3600 1607 369 0 0 0 308 308 202 2424 1921 3600 0 0 
47000 108000 3600 1655 382 0 0 0 328 328 226 2397 1930 3600 0 0 
47100 108000 3600 1610 386 0 0 0 366 366 254 2428 1920 3600 0 0 
47200 108000 3600 1661 385 0 0 0 323 323 210 2374 1929 3600 0 0 
47300 108000 3600 1660 390 0 0 0 333 333 230 2402 1920 3600 0 0 
47400 108000 3600 1614 380 0 0 0 315 315 218 2416 1903 3600 0 0 
47500 108000 3600 1685 402 0 0 0 345 345 237 2390 1941 3600 0 0 
47600 108000 3600 1612 384 0 0 0 344 344 232 2421 1910 3600 0 0 
47700 108000 3600 1663 403 0 0 0 331 331 215 2394 1902 3600 0 0 
47800 108000 3600 1645 358 0 0 0 318 318 215 2394 1920 3600 0 0 
47900 108000 3600 1630 392 0 0 0 335 335 232 2423 1928 3600 0 0 
48000 108000 3600 1645 381 0 0 0 356 356 255 2397 1903 3600 0 0 
48100 108000 3600 1687 406 0 0 0 338 338 217 2356 1913 3600 0 0 
48200 108000 3600 1664 386 0 0 0 355 355 231 2385 1908 3600 0 0 
48300 108000 3600 1658 395 0 0 0 346 346 226 2407 1949 3600 0 0 
48400 108000 3600 1643 385 0 0 0 372 372 240 2395 1932 3600 0 0 
48500 108000 3600 1640 385 0 0 0 327 327 217 2413 1925 3600 0 0 
48600 108000 3600 1559 403 0 0 0 352 352 243 2494 1930 3600 0 0 
48700 108000 3600 1612 392 0 0 0 304 304 212 2419 1908 3600 0 0 
48800 108000 3600 1590 373 0 0 0 334 334 231 2447 1901 3600 0 0 
48900 108000 3600 1596 371 0 0 0 351 351 233 2443 1910 3600 0 0 
49000 108000 3600 1637 381 0 0 0 324 324 222 2403 1913 3600 0 0 
49100 108000 3600 1621 376 0 0 0 347 347 236 2399 1907 3600 0 0 
49200 108000 3600 1628 373 0 0 0 323 323 211 2422 1902 3600 0 0 
49300 108000 3600 1616 369 0 0 0 310 310 205 2434 1929 3600 0 0 
49400 108000 3600 1618 402 0 0 0 331 331 209 2434 1894 3600 0 0 
49500 108000 3600 1679 411 0 0 0 327 327 213 2399 1928 3600 0 0 
49600 108000 3600 1696 380 0 0 0 346 346 226 2336 1943 3600 0 0 
49700 108000 3600 1664 380 0 0 0 312 312 209 2402 1907 3600 0 0 
49800 108000 3600 1622 386 0 0 0 336 336 209 2425 1918 3600 0 0 
49900 108000 3600 1616 401 0 0 0 312 312 221 2438 1906 3600 0 0 
50000 108000 3600 1648 365 0 0 0 342 342 222 2385 1903 3600 0 0 
50100 108000 3600 1600 384 0 0 0 331 331 210 2433 1899 3600 0 0 
50200 108000 3600 1642 369 0 0 0 310 310 210 2390 1922 3600 0 0 
50300 108000 3600 1600 379 0 0 0 316 316 215 2426 1920 3600 0 0 
50400 108000 3600 1612 387 0 0 0 332 332 237 2427 1895 3600 0 0 
50500 108000 3600 1625 379 0 0 0 358 358 240 2418 1902 3600 0 0 
50600 108000 3600 1625 358 0 0 0 303 303 198 2389 1924 3600 0 0 
50700 108000 3600 1694 390 0 0 0 323 323 202 2354 1888 3600 0 0 
50800 108000 3600 1605 365 0 0 0 354 354 238 2411 1893 3600 0 0 
50900 108000 3600 1624 365 0 0 0 375 375 251 2393 1916 3600 0 0 
51000 108000 3600 1667 388 0 0 0 319 319 198 2374 1924 3600 0 0 
51100 108000 3600 1600 373 0 0 0 369 369 258 2453 1907 3600 0 0 
51200 108000 3600 1644 372 0 0 0 299 299 202 2408 1914 3600 0 0 
51300 108000 3600 1621 400 0 0 0 329 329 215 2436 1904 3600 0 0 
51400 108000 3600 1636 366 0 0 0 306 306 207 2403 1936 3600 0 0 
51500 108000 3600 1647 380 0 0 0 338 338 224 2407 1901 3600 0 0 
51600 108000 3600 1620 374 0 0 0 365 365 243 2422 1906 3600 0 0 
51700 108000 3600 1665 391 0 0 0 326 326 219 2376 1920 3600 0 0 
51800 108000 3600 1611 381 0 0 0 365 365 235 2411 1934 3600 0 0 
51900 108000 3600 1690 380 0 0 0 307 307 202 2349 1910 3600 0 0 
52000 108000 3600 1579 361 0 0 0 358 358 246 2446 1899 3600 0 0 
52100 108000 3600 1638 374 0 0 0 339 339 213 2412 1920 3600 0 0 
52200 108000 3600 1627 400 0 0 0 357 357 246 2441 1898 3600 0 0 
52300 108000 3600 1678 388 0 0 0 378 378 233 2372 1919 3600 0 0 
52400 108000 3600 1671 366 0 0 0 330 330 215 2368 1947 3600 0 0 
52500 108000 3600 1588 355 0 0 0 338 338 238 2425 1909 3600 0 0 
52600 108000 3600 1659 359 0 0 0 303 303 202 2379 1933 3600 0 0 
52700 108000 3600 1617 380 0 0 0 300 300 204 2428 1882 3600 0 0 
52800 108000 3600 1637 387 0 0 0 361 361 238 2412 1874 3600 0 0 
52900 108000 3600 1653 390 0 0 0 346 346 241 2404 1893 3600 0 0 
53000 108000 3600 1603 382 0 0 0 334 334 229 2423 1901 3600 0 0 
53100 108000 3600 1631 379 0 0 0 296 296 191 2413 1917 3600 0 0 
53200 108000 3600 1634 387 0 0 0 308 308 215 2373 1881 3600 0 0 
53300 108000 3600 1683 386 0 0 0 359 359 234 2374 1888 3600 0 0 
53400 108000 3600 1577 366 0 0 0 398 398 283 2437 1911 3600 0 0 
53500 108000 3600 1661 368 0 0 0 350 350 243 2372 1902 3600 0 0 
53600 108000 3600 1656 354 0 0 0 327 327 210 2342 1903 3600 0 0 
53700 108000 3600 1705 387 0 0 0 384 384 242 2348 1911 3600 0 0 
53800 108000 3600 1708 381 0 0 0 318 318 211 2335 1913 3600 0 0 
53900 108000 3600 1675 392 0 0 0 362 362 237 2376 1901 3600 0 0 
54000 108000 3600 1695 391 0 0 0 304 304 196 2363 1895 3600 0 0 
54100 108000 3600 1729 387 0 0 0 343 343 228 2317 1916 3600 0 0 
54200 108000 3600 1651 380 0 0 0 331 331 205 2400 1906 3600 0 0 
54300 108000 3600 1700 409 0 0 0 321 321 196 2361 1903 3600 0 0 
54400 108000 3600 1701 380 0 0 0 339 339 228 2359 1910 3600 0 0 
54500 108000 3600 1645 389 0 0 0 359 359 236 2393 1901 3600 0 0 
54600 108000 3600 1673 380 0 0 0 359 359 241 2381 1926 3600 0 0 
54700 108000 3600 1643 357 0 0 0 358 358 243 2396 1889 3600 0 0 
54800 108000 3600 1669 384 0 0 0 362 362 231 2366 1902 3600 0 0 
54900 108000 3600 1694 384 0 0 0 338 338 226 2342 1881 3600 0 0 
55000 108000 3600 1684 387 0 0 0 340 340 223 2368 1905 3600 0 0 
55100 108000 3600 1628 407 0 0 0 334 334 234 2424 1879 3600 0 0 
55200 108000 3600 1693 408 0 0 0 381 381 255 2378 1894 3600 0 0 
55300 108000 3600 1667 381 0 0 0 359 359 249 2377 1907 3600 0 0 
55400 108000 3600 1689 419 0 0 0 320 320 199 2363 1871 3600 0 0 
55500 108000 3600 1663 387 0 0 0 357 357 228 2375 1881 3600 0 0 
55600 108000 3600 1681 386 0 0 0 331 331 213 2368 1868 3600 0 0 
55700 108000 3600 1668 365 0 0 0 343 343 227 2351 1909 3600 0 0 
55800 108000 3600 1721 400 0 0 0 353 353 220 2315 1883 3600 0 0 
55900 108000 3600 1707 389 0 0 0 354 354 231 2340 1878 3600 0 0 
56000 108000 3600 1739 401 0 0 0 312 312 199 2313 1888 3600 0 0 
56100 108000 3600 1731 408 0 0 0 355 355 236 2338 1896 3600 0 0 
56200 108000 3600 1704 382 0 0 0 355 355 221 2370 1910 3600 0 0 
56300 108000 3600 1692 394 0 0 0 338 338 213 2361 1879 3600 0 0 
56400 108000 3600 1638 380 0 0 0 385 385 263 2389 1874 3600 0 0 
56500 108000 3600 1725 394 0 0 0 346 346 230 2340 1890 3600 0 0 
56600 108000 3600 1753 392 0 0 0 337 337 201 2291 1899 3600 0 0 
56700 108000 3600 1745 404 0 0 0 318 318 203 2293 1860 3600 0 0 
56800 108000 3600 1740 398 0 0 0 359 359 231 2309 1866 3600 0 0 
56900 108000 3600 1677 392 0 0 0 402 402 264 2347 1856 3600 0 0 
57000 108000 3600 1705 415 0 0 0 368 368 234 2378 1863 3600 0 0 
57100 108000 3600 1751 418 0 0 0 368 368 241 2315 1896 3600 0 0 
57200 108000 3600 1802 414 0 0 0 352 352 226 2260 1874 3600 0 0 
57300 108000 3600 1785 402 0 0 0 376 376 233 2264 1869 3600 0 0 
57400 108000 3600 1729 425 0 0 0 339 339 223 2343 1868 3600 0 0 
57500 108000 3600 1761 400 0 0 0 374 374 221 2292 1864 3600 0 0 
57600 108000 3600 1727 403 0 0 0 308 308 185 2331 1889 3600 0 0 
57700 108000 3600 1675 388 0 0 0 375 375 249 2363 1889 3600 0 0 
57800 108000 3600 1712 412 0 0 0 367 367 235 2338 1881 3600 0 0 
57900 108000 3600 1768 407 0 0 0 352 352 229 2296 1888 3600 0 0 
58000 108000 3600 1786 398 0 0 0 354 354 215 2286 1898 3600 0 0 
58100 108000 3600 1743 391 0 0 0 353 353 238 2295 1889 3600 0 0 
58200 108000 3600 1768 406 0 0 0 366 366 226 2275 1848 3600 0 0 
58300 108000 3600 1655 367 0 0 0 420 420 286 2341 1844 3600 0 0 
58400 108000 3600 1737 393 0 0 0 372 372 228 2306 1874 3600 0 0 
58500 108000 3600 1773 422 0 0 0 369 369 241 2288 1899 3600 0 0 
58600 108000 3600 1727 416 0 0 0 390 390 256 2340 1893 3600 0 0 
58700 108000 3600 1742 439 0 0 0 337 337 227 2344 1884 3600 0 0 
58800 108000 3600 1747 410 0 0 0 352 352 230 2304 1898 3600 0 0 
58900 108000 3600 1757 392 0 0 0 360 360 221 2292 1896 3600 0 0 
59000 108000 3600 1746 417 0 0 0 324 324 199 2298 1853 3600 0 0 
59100 108000 3600 1788 414 0 0 0 342 342 202 2314 1872 3600 0 0 
59200 108000 3600 1743 424 0 0 0 355 355 232 2313 1877 3600 0 0 
59300 108000 3600 1698 398 0 0 0 369 369 233 2343 1860 3600 0 0 
59400 108000 3600 1712 396 0 0 0 360 360 248 2343 1886 3600 0 0 
59500 108000 3600 1726 397 0 0 0 354 354 224 2309 1893 3600 0 0 
59600 108000 3600 1674 390 0 0 0 314 314 196 2352 1878 3600 0 0 
59700 108000 3600 1740 412 0 0 0 334 334 211 2312 1841 3600 0 0 
59800 108000 3600 1700 361 0 0 0 369 369 251 2311 1884 3600 0 0 
59900 108000 3600 1731 407 0 0 0 379 379 251 2309 1880 3600 0 0 
60000 108000 3600 1762 416 0 0 0 296 296 195 2305 1903 3600 0 0 
60100 108000 3600 1726 403 0 0 0 357 357 237 2314 1892 3600 0 0 
60200 108000 3600 1741 399 0 0 0 372 372 217 2296 1891 3600 0 0 
60300 108000 3600 1785 412 0 0 0 336 336 207 2274 1874 3600 0 0 
60400 108000 3600 1724 421 0 0 0 347 347 227 2339 1871 3600 0 0 
60500 108000 3600 1755 403 0 0 0 306 306 210 2312 1875 3600 0 0 
60600 108000 3600 1788 415 0 0 0 381 381 248 2256 1853 3600 0 0 
60700 108000 3600 1710 410 0 0 0 360 360 225 2339 1856 3600 0 0 
60800 108000 3600 1728 400 0 0 0 337 337 209 2326 1883 3600 0 0 
60900 108000 3600 1770 406 0 0 0 362 362 226 2301 1888 3600 0 0 
61000 108000 3600 1744 408 0 0 0 318 318 199 2303 1888 3600 0 0 
61100 108000 3600 1762 411 0 0 0 359 359 235 2298 1853 3600 0 0 
61200 108000 3600 1692 417 0 0 0 293 293 204 2377 1885 3600 0 0 
61300 108000 3600 1772 414 0 0 0 351 351 230 2316 1847 3600 0 0 
61400 108000 3600 1726 406 0 0 0 370 370 239 2331 1852 3600 0 0 
61500 108000 3600 1732 390 0 0 0 319 319 207 2308 1839 3600 0 0 
61600 108000 3600 1749 400 0 0 0 358 358 207 2279 1881 3600 0 0 
61700 108000 3600 1763 417 0 0 0 380 380 253 2318 1881 3600 0 0 
61800 108000 3600 1750 393 0 0 0 333 333 223 2278 1837 3600 0 0 
61900 108000 3600 1705 378 0 0 0 349 349 221 2324 1878 3600 0 0 
62000 108000 3600 1741 409 0 0 0 347 347 233 2304 1862 3600 0 0 
62100 108000 3600 1797 408 0 0 0 336 336 207 2309 1885 3600 0 0 
62200 108000 3600 1771 418 0 0 0 357 357 224 2300 1849 3600 0 0 
62300 108000 3600 1701 400 0 0 0 378 378 264 2361 1872 3600 0 0 
62400 108000 3600 1800 425 0 0 0 342 342 213 2261 1892 3600 0 0 
62500 108000 3600 1734 429 0 0 0 321 321 213 2357 1895 3600 0 0 
62600 108000 3600 1728 410 0 0 0 334 334 202 2322 1875 3600 0 0 
62700 108000 3600 1740 384 0 0 0 349 349 225 2280 1869 3600 0 0 
62800 108000 3600 1690 399 0 0 0 310 310 196 2347 1873 3600 0 0 
62900 108000 3600 1773 377 0 0 0 353 353 225 2241 1925 3600 0 0 
63000 108000 3600 1674 392 0 0 0 343 343 240 2374 1902 3600 0 0 
63100 108000 3600 1714 411 0 0 0 329 329 236 2335 1862 3600 0 0 
63200 108000 3600 1787 391 0 0 0 346 346 214 2258 1880 3600 0 0 
63300 108000 3600 1680 399 0 0 0 363 363 250 2367 1861 3600 0 0 
63400 108000 3600 1738 409 0 0 0 324 324 210 2327 1906 3600 0 0 
63500 108000 3600 1785 399 0 0 0 364 364 241 2256 1882 3600 0 0 
63600 108000 3600 1698 383 0 0 0 390 390 251 2347 1874 3600 0 0 
63700 108000 3600 1759 400 0 0 0 327 327 200 2304 1902 3600 0 0 
63800 108000 3600 1751 406 0 0 0 339 339 210 2313 1891 3600 0 0 
63900 108000 3600 1790 405 0 0 0 328 328 220 2265 1911 3600 0 0 
64000 108000 3600 1767 430 0 0 0 345 345 209 2333 1881 3600 0 0 
64100 108000 3600 1723 400 0 0 0 317 317 206 2330 1883 3600 0 0 
64200 108000 3600 1713 402 0 0 0 367 367 244 2324 1881 3600 0 0 
64300 108000 3600 1700 395 0 0 0 360 360 236 2351 1888 3600 0 0 
64400 108000 3600 1732 401 0 0 0 382 382 244 2327 1866 3600 0 0 
64500 108000 3600 1717 386 0 0 0 358 358 226 2314 1866 3600 0 0 
64600 108000 3600 1760 377 0 0 0 357 357 225 2284 1894 3600 0 0 
64700 108000 3600 1727 392 0 0 0 340 340 212 2316 1875 3600 0 0 
64800 108000 3600 1668 393 0 0 0 362 362 240 2359 1849 3600 0 0 
64900 108000 3600 1736 417 0 0 0 309 309 198 2334 1881 3600 0 0 
65000 108000 3600 1756 398 0 0 0 304 304 198 2290 1867 3600 0 0 
65100 108000 3600 1755 414 0 0 0 358 358 218 2300 1862 3600 0 0 
65200 108000 3600 1716 410 0 0 0 404 404 262 2346 1880 3600 0 0 
65300 108000 3600 1722 406 0 0 0 396 396 267 2353 1855 3600 0 0 
65400 108000 3600 1722 396 0 0 0 313 313 200 2322 1886 3600 0 0 
65500 108000 3600 1786 414 0 0 0 366 366 228 2259 1873 3600 0 0 
65600 108000 3600 1769 409 0 0 0 393 393 249 2280 1879 3600 0 0 
65700 108000 3600 1766 415 0 0 0 329 329 211 2280 1883 3600 0 0 
65800 108000 3600 1748 397 0 0 0 368 368 214 2296 1878 3600 0 0 
65900 108000 3600 1726 404 0 0 0 374 374 244 2324 1846 3600 0 0 
66000 108000 3600 1757 404 0 0 0 299 299 201 2285 1868 3600 0 0 
66100 108000 3600 1731 388 0 0 0 352 352 223 2325 1884 3600 0 0 
66200 108000 3600 1737 403 0 0 0 316 316 216 2310 1873 3600 0 0 
66300 108000 3600 1761 390 0 0 0 322 322 199 2281 1868 3600 0 0 
66400 108000 3600 1751 423 0 0 0 355 355 237 2307 1861 3600 0 0 
66500 108000 3600 1743 402 0 0 0 347 347 219 2332 1861 3600 0 0 
66600 108000 3600 1735 405 0 0 0 340 340 210 2329 1878 3600 0 0 
66700 108000 3600 1683 387 0 0 0 334 334 203 2353 1866 3600 0 0 
66800 108000 3600 1754 425 0 0 0 372 372 234 2331 1891 3600 0 0 
66900 108000 3600 1797 434 0 0 0 350 350 216 2272 1884 3600 0 0 
67000 108000 3600 1772 402 0 0 0 344 344 217 2262 1898 3600 0 0 
67100 108000 3600 1782 396 0 0 0 339 339 208 2245 1889 3600 0 0 
67200 108000 3600 1765 413 0 0 0 309 309 202 2267 1905 3600 0 0 
67300 108000 3600 1740 415 0 0 0 347 347 223 2307 1859 3600 0 0 
67400 108000 3600 1773 406 0 0 0 349 349 205 2280 1883 3600 0 0 
67500 108000 3600 1782 420 0 0 0 309 309 206 2273 1863 3600 0 0 
67600 108000 3600 1791 411 0 0 0 321 321 197 2269 1881 3600 0 0 
67700 108000 3600 1728 401 0 0 0 331 331 224 2309 1878 3600 0 0 
67800 108000 3600 1752 382 0 0 0 294 294 174 2273 1868 3600 0 0 
67900 108000 3600 1708 381 0 0 0 335 335 208 2332 1862 3600 0 0 
68000 108000 3600 1785 368 0 0 0 323 323 203 2215 1881 3600 0 0 
68100 108000 3600 1761 405 0 0 0 311 311 198 2313 1910 3600 0 0 
68200 108000 3600 1743 409 0 0 0 357 357 225 2312 1901 3600 0 0 
68300 108000 3600 1783 422 0 0 0 300 300 187 2272 1870 3600 0 0 
68400 108000 3600 1744 402 0 0 0 366 366 224 2293 1861 3600 0 0 
68500 108000 3600 1764 436 0 0 0 362 362 238 2322 1883 3600 0 0 
68600 108000 3600 1820 417 0 0 0 336 336 198 2237 1896 3600 0 0 
68700 108000 3600 1755 402 0 0 0 372 372 238 2305 1859 3600 0 0 
68800 108000 3600 1795 368 0 0 0 336 336 206 2228 1909 3600 0 0 
68900 108000 3600 1768 416 0 0 0 359 359 228 2313 1863 3600 0 0 
69000 108000 3600 1712 401 0 0 0 320 320 208 2351 1907 3600 0 0 
69100 108000 3600 1777 413 0 0 0 328 328 210 2287 1896 3600 0 0 
69200 108000 3600 1758 425 0 0 0 332 332 218 2309 1909 3600 0 0 
69300 108000 3600 1730 425 0 0 0 347 347 231 2363 1882 3600 0 0 
69400 108000 3600 1748 401 0 0 0 354 354 223 2309 1892 3600 0 0 
69500 108000 3600 1763 405 0 0 0 339 339 214 2300 1874 3600 0 0 
69600 108000 3600 1744 393 0 0 0 335 335 205 2278 1877 3600 0 0 
69700 108000 3600 1709 358 0 0 0 319 319 210 2311 1881 3600 0 0 
69800 108000 3600 1731 398 0 0 0 372 372 237 2290 1865 3600 0 0 
69900 108000 3600 1802 428 0 0 0 320 320 208 2281 1901 3600 0 0 
70000 108000 3600 1799 406 0 0 0 324 324 192 2269 1872 3600 0 0 
70100 108000 3600 1707 408 0 0 0 341 341 231 2335 1878 3600 0 0 
70200 108000 3600 1737 369 0 0 0 344 344 219 2288 1891 3600 0 0 
70300 108000 3600 1743 393 0 0 0 304 304 189 2299 1903 3600 0 0 
70400 108000 3600 1745 405 0 0 0 365 365 236 2319 1886 3600 0 0 
70500 108000 3600 1819 397 0 0 0 362 362 237 2240 1890 3600 0 0 
70600 108000 3600 1794 397 0 0 0 304 304 181 2257 1913 3600 0 0 
70700 108000 3600 1732 405 0 0 0 356 356 226 2328 1868 3600 0 0 
70800 108000 3600 1779 391 0 0 0 332 332 198 2271 1872 3600 0 0 
70900 108000 3600 1717 379 0 0 0 347 347 196 2322 1866 3600 0 0 
71000 108000 3600 1780 390 0 0 0 354 354 219 2246 1875 3600 0 0 
71100 108000 3600 1719 405 0 0 0 366 366 227 2316 1873 3600 0 0 
71200 108000 3600 1762 422 0 0 0 351 351 237 2299 1891 3600 0 0 
71300 108000 3600 1799 395 0 0 0 326 326 200 2236 1890 3600 0 0 
71400 108000 3600 1805 404 0 0 0 377 377 243 2245 1863 3600 0 0 
71500 108000 3600 1788 400 0 0 0 414 414 257 2249 1869 3600 0 0 
71600 108000 3600 1741 398 0 0 0 351 351 219 2307 1888 3600 0 0 
71700 108000 3600 1756 383 0 0 0 328 328 203 2288 1890 3600 0 0 
71800 108000 3600 1783 394 0 0 0 355 355 228 2252 1870 3600 0 0 
71900 108000 3600 1720 392 0 0 0 337 337 223 2308 1871 3600 0 0 
72000 108000 3600 1734 395 0 0 0 363 363 230 2326 1901 3600 0 0 
72100 108000 3600 1708 377 0 0 0 358 358 237 2352 1867 3600 0 0 
72200 108000 3600 1724 408 0 0 0 342 342 207 2306 1865 3600 0 0 
72300 108000 3600 1753 393 0 0 0 313 313 215 2285 1854 3600 0 0 
72400 108000 3600 1776 395 0 0 0 375 375 231 2279 1855 3600 0 0 
72500 108000 3600 1702 396 0 0 0 363 363 242 2341 1878 3600 0 0 
72600 108000 3600 1723 406 0 0 0 345 345 233 2305 1886 3600 0 0 
72700 108000 3600 1720 387 0 0 0 347 347 215 2293 1883 3600 0 0 
72800 108000 3600 1748 415 0 0 0 355 355 234 2310 1884 3600 0 0 
72900 108000 3600 1761 414 0 0 0 368 368 227 2299 1877 3600 0 0 
73000 108000 3600 1714 401 0 0 0 370 370 233 2343 1877 3600 0 0 
73100 108000 3600 1797 399 0 0 0 346 346 210 2246 1883 3600 0 0 
73200 108000 3600 1714 405 0 0 0 310 310 211 2308 1858 3600 0 0 
73300 108000 3600 1706 403 0 0 0 340 340 222 2337 1873 3600 0 0 
73400 108000 3600 1760 388 0 0 0 326 326 193 2260 1865 3600 0 0 
73500 108000 3600 1764 408 0 0 0 381 381 243 2320 1893 3600 0 0 
73600 108000 3600 1767 406 0 0 0 363 363 229 2275 1881 3600 0 0 
73700 108000 3600 1754 388 0 0 0 319 319 192 2275 1869 3600 0 0 
73800 108000 3600 1725 421 0 0 0 290 290 188 2337 1886 3600 0 0 
73900 108000 3600 1735 397 0 0 0 352 352 221 2328 1884 3600 0 0 
74000 108000 3600 1751 394 0 0 0 312 312 192 2275 1878 3600 0 0 
74100 108000 3600 1766 398 0 0 0 322 322 205 2277 1869 3600 0 0 
74200 108000 3600 1773 400 0 0 0 295 295 194 2273 1893 3600 0 0 
74300 108000 3600 1780 412 0 0 0 303 303 183 2297 1887 3600 0 0 
74400 108000 3600 1732 396 0 0 0 304 304 187 2311 1905 3600 0 0 
74500 108000 3600 1760 393 0 0 0 304 304 197 2271 1882 3600 0 0 
74600 108000 3600 1751 386 0 0 0 386 386 259 2286 1910 3600 0 0 
74700 108000 3600 1723 401 0 0 0 356 356 233 2313 1894 3600 0 0 
74800 108000 3600 1802 404 0 0 0 339 339 225 2245 1899 3600 0 0 
74900 108000 3600 1727 406 0 0 0 301 301 202 2299 1891 3600 0 0 
75000 108000 3600 1726 423 0 0 0 341 341 204 2325 1880 3600 0 0 
75100 108000 3600 1773 388 0 0 0 320 320 201 2268 1893 3600 0 0 
75200 108000 3600 1778 393 0 0 0 325 325 202 2249 1888 3600 0 0 
75300 108000 3600 1791 391 0 0 0 348 348 222 2256 1882 3600 0 0 
75400 108000 3600 1808 398 0 0 0 365 365 222 2252 1849 3600 0 0 
75500 108000 3600 1760 382 0 0 0 324 324 194 2288 1885 3600 0 0 
75600 108000 3600 1803 410 0 0 0 374 374 239 2271 1874 3600 0 0 
75700 108000 3600 1827 416 0 0 0 371 371 222 2227 1884 3600 0 0 
75800 108000 3600 1801 409 0 0 0 330 330 207 2236 1850 3600 0 0 
75900 108000 3600 1730 409 0 0 0 313 313 189 2314 1879 3600 0 0 
76000 108000 3600 1704 402 0 0 0 348 348 232 2347 1849 3600 0 0 
76100 108000 3600 1743 381 0 0 0 330 330 225 2304 1901 3600 0 0 
76200 108000 3600 1795 400 0 0 0 360 360 213 2273 1865 3600 0 0 
76300 108000 3600 1738 403 0 0 0 372 372 226 2303 1880 3600 0 0 
76400 108000 3600 1779 416 0 0 0 298 298 197 2252 1878 3600 0 0 
76500 108000 3600 1786 385 0 0 0 366 366 244 2243 1896 3600 0 0 
76600 108000 3600 1706 393 0 0 0 316 316 206 2338 1872 3600 0 0 
76700 108000 3600 1737 382 0 0 0 344 344 235 2274 1900 3600 0 0 
76800 108000 3600 1741 417 0 0 0 293 293 189 2310 1873 3600 0 0 
76900 108000 3600 1800 391 0 0 0 384 384 241 2224 1896 3600 0 0 
77000 108000 3600 1794 425 0 0 0 306 306 191 2251 1877 3600 0 0 
77100 108000 3600 1841 411 0 0 0 366 366 221 2226 1869 3600 0 0 
77200 108000 3600 1722 375 0 0 0 346 346 221 2304 1874 3600 0 0 
77300 108000 3600 1754 389 0 0 0 341 341 209 2289 1893 3600 0 0 
77400 108000 3600 1698 359 0 0 0 308 308 188 2300 1857 3600 0 0 
77500 108000 3600 1732 401 0 0 0 352 352 227 2311 1886 3600 0 0 
77600 108000 3600 1754 395 0 0 0 344 344 224 2288 1884 3600 0 0 
77700 108000 3600 1671 376 0 0 0 333 333 223 2362 1878 3600 0 0 
77800 108000 3600 1704 402 0 0 0 364 364 238 2340 1860 3600 0 0 
77900 108000 3600 1783 428 0 0 0 371 371 230 2292 1880 3600 0 0 
78000 108000 3600 1769 399 0 0 0 326 326 200 2299 1912 3600 0 0 
78100 108000 3600 1775 402 0 0 0 335 335 225 2261 1891 3600 0 0 
78200 108000 3600 1769 400 0 0 0 273 273 180 2284 1865 3600 0 0 
78300 108000 3600 1752 426 0 0 0 326 326 214 2331 1899 3600 0 0 
78400 108000 3600 1830 406 0 0 0 333 333 210 2239 1902 3600 0 0 
78500 108000 3600 1777 415 0 0 0 318 318 202 2277 1870 3600 0 0 
78600 108000 3600 1742 392 0 0 0 309 309 208 2297 1918 3600 0 0 
78700 108000 3600 1736 381 0 0 0 345 345 217 2277 1878 3600 0 0 
78800 108000 3600 1759 387 0 0 0 322 322 216 2280 1885 3600 0 0 
78900 108000 3600 1677 371 0 0 0 399 399 260 2340 1899 3600 0 0 
79000 108000 3600 1859 393 0 0 0 351 351 211 2186 1898 3600 0 0 
79100 108000 3600 1693 384 0 0 0 335 335 208 2361 1870 3600 0 0 
79200 108000 3600 1762 384 0 0 0 309 309 194 2244 1867 3600 0 0 
79300 108000 3600 1779 407 0 0 0 325 325 188 2291 1863 3600 0 0 
79400 108000 3600 1766 401 0 0 0 303 303 200 2269 1867 3600 0 0 
79500 108000 3600 1756 392 0 0 0 329 329 206 2295 1891 3600 0 0 
79600 108000 3600 1752 393 0 0 0 317 317 196 2305 1900 3600 0 0 
79700 108000 3600 1795 394 0 0 0 318 318 209 2249 1890 3600 0 0 
79800 108000 3600 1756 387 0 0 0 295 295 183 2270 1885 3600 0 0 
79900 108000 3600 1825 421 0 0 0 308 308 204 2208 1865 3600 0 0 
80000 108000 3600 1838 406 0 0 0 353 353 221 2216 1912 3600 0 0 
80100 108000 3600 1717 407 0 0 0 320 320 211 2352 1859 3600 0 0 
80200 108000 3600 1763 413 0 0 0 297 297 191 2301 1855 3600 0 0 
80300 108000 3600 1782 422 0 0 0 331 331 203 2242 1854 3600 0 0 
80400 108000 3600 1745 404 0 0 0 352 352 231 2308 1878 3600 0 0 
80500 108000 3600 1740 411 0 0 0 346 346 223 2315 1855 3600 0 0 
80600 108000 3600 1763 426 0 0 0 340 340 213 2323 1888 3600 0 0 
80700 108000 3600 1742 417 0 0 0 334 334 220 2300 1864 3600 0 0 
80800 108000 3600 1720 398 0 0 0 328 328 210 2327 1908 3600 0 0 
80900 108000 3600 1655 396 0 0 0 303 303 211 2396 1876 3600 0 0 
81000 108000 3600 1729 390 0 0 0 344 344 228 2308 1903 3600 0 0 
81100 108000 3600 1802 418 0 0 0 303 303 190 2258 1868 3600 0 0 
81200 108000 3600 1772 413 0 0 0 346 346 224 2293 1891 3600 0 0 
81300 108000 3600 1745 430 0 0 0 321 321 200 2313 1860 3600 0 0 
81400 108000 3600 1762 398 0 0 0 327 327 202 2275 1880 3600 0 0 
81500 108000 3600 1694 405 0 0 0 340 340 219 2378 1877 3600 0 0 
81600 108000 3600 1761 419 0 0 0 349 349 222 2314 1863 3600 0 0 
81700 108000 3600 1777 402 0 0 0 297 297 194 2293 1902 3600 0 0 
81800 108000 3600 1792 407 0 0 0 358 358 213 2235 1865 3600 0 0 
81900 108000 3600 1803 394 0 0 0 326 326 200 2243 1859 3600 0 0 
82000 108000 3600 1816 386 0 0 0 334 334 195 2225 1892 3600 0 0 
82100 108000 3600 1745 394 0 0 0 324 324 198 2276 1899 3600 0 0 
82200 108000 3600 1772 420 0 0 0 348 348 217 2296 1874 3600 0 0 
82300 108000 3600 1739 410 0 0 0 331 331 208 2327 1877 3600 0 0 
82400 108000 3600 1781 413 0 0 0 333 333 219 2274 1882 3600 0 0 
82500 108000 3600 1717 412 0 0 0 326 326 221 2326 1891 3600 0 0 
82600 108000 3600 1779 434 0 0 0 312 312 203 2278 1886 3600 0 0 
82700 108000 3600 1703 421 0 0 0 345 345 231 2345 1889 3600 0 0 
82800 108000 3600 1756 419 0 0 0 377 377 238 2280 1868 3600 0 0 
82900 108000 3600 1703 415 0 0 0 321 321 222 2360 1908 3600 0 0 
83000 108000 3600 1810 406 0 0 0 319 319 201 2243 1885 3600 0 0 
83100 108000 3600 1779 407 0 0 0 362 362 238 2280 1880 3600 0 0 
83200 108000 3600 1789 393 0 0 0 384 384 235 2265 1874 3600 0 0 
83300 108000 3600 1785 437 0 0 0 339 339 217 2310 1882 3600 0 0 
83400 108000 3600 1785 395 0 0 0 362 362 221 2286 1857 3600 0 0 
83500 108000 3600 1749 410 0 0 0 323 323 204 2299 1867 3600 0 0 
83600 108000 3600 1807 425 0 0 0 373 373 226 2284 1892 3600 0 0 
83700 108000 3600 1798 436 0 0 0 281 281 178 2290 1872 3600 0 0 
83800 108000 3600 1730 431 0 0 0 360 360 237 2339 1857 3600 0 0 
83900 108000 3600 1755 401 0 0 0 344 344 220 2303 1862 3600 0 0 
84000 108000 3600 1767 406 0 0 0 316 316 201 2265 1874 3600 0 0 
84100 108000 3600 1781 392 0 0 0 358 358 226 2250 1900 3600 0 0 
84200 108000 3600 1703 396 0 0 0 344 344 232 2324 1906 3600 0 0 
84300 108000 3600 1785 394 0 0 0 348 348 227 2240 1875 3600 0 0 
84400 108000 3600 1734 399 0 0 0 354 354 228 2301 1894 3600 0 0 
84500 108000 3600 1787 409 0 0 0 332 332 208 2268 1883 3600 0 0 
84600 108000 3600 1775 435 0 0 0 317 317 202 2326 1895 3600 0 0 
84700 108000 3600 1761 404 0 0 0 367 367 233 2307 1899 3600 0 0 
84800 108000 3600 1750 423 0 0 0 345 345 213 2310 1863 3600 0 0 
84900 108000 3600 1730 397 0 0 0 377 377 252 2306 1874 3600 0 0 
85000 108000 3600 1750 394 0 0 0 340 340 224 2305 1866 3600 0 0 
85100 108000 3600 1781 432 0 0 0 348 348 221 2270 1856 3600 0 0 
3600 0 0 
88100 108000 3600 3576 7 0 0 0 60 60 2 24 1926 3600 0 0 
88200 108000 3600 3582 8 0 0 0 65 65 0 26 1941 3600 0 0 
88300 108000 3600 3580 6 0 0 0 67 67 0 25 1940 3600 0 0 
88400 108000 3600 3571 8 0 0 0 63 63 1 32 1914 3600 0 0 
88500 108000 3600 3581 7 0 0 0 65 65 0 22 1965 3600 0 0 
88600 108000 3600 3573 5 0 0 0 40 40 0 22 1935 3600 0 0 
88700 108000 3600 3575 4 0 0 0 63 63 1 25 1926 3600 0 0 
88800 108000 3600 3576 4 0 0 0 49 49 0 23 1932 3600 0 0 
88900 108000 3600 3568 6 0 0 0 55 55 1 23 1885 3600 0 0 
89000 108000 3600 3572 7 0 0 0 42 42 0 26 1912 3600 0 0 
89100 108000 3600 3574 4 0 0 0 60 60 1 18 1918 3600 0 0 
89200 108000 3600 3577 5 0 0 0 46 46 0 21 1940 3600 0 0 
89300 108000 3600 3579 7 0 0 0 55 55 0 25 1924 3600 0 0 
89400 108000 3600 3582 7 0 0 0 50 50 0 22 1947 3600 0 0 
89500 108000 3600 3573 5 0 0 0 46 46 1 25 1943 3600 0 0 
89600 108000 3600 3571 9 0 0 0 57 57 0 28 1971 3600 0 0 
89700 108000 3600 3583 5 0 0 0 58 58 0 22 1940 3600 0 0 
89800 108000 3600 3579 4 0 0 0 42 42 1 24 1920 3600 0 0 
89900 108000 3600 3577 10 0 0 0 40 40 0 23 1941 3600 0 0 
90000 108000 3600 3569 8 0 0 0 35 35 1 24 1930 3600 0 0 
90100 108000 3600 3577 6 0 0 0 49 49 0 12 1918 3600 0 0 
90200 108000 3600 3586 5 0 0 0 55 55 0 18 1904 3600 0 0 
90300 108000 3600 3577 6 0 0 0 45 45 1 23 1928 3600 0 0 
90400 108000 3600 3585 7 0 0 0 56 56 0 15 1896 3600 0 0 
90500 108000 3600 3581 6 0 0 0 47 47 0 13 1924 3600 0 0 
90600 108000 3600 3583 4 0 0 0 56 56 0 12 1917 3600 0 0 
90700 108000 3600 3580 7 0 0 0 60 60 1 20 1930 3600 0 0 
90800 108000 3600 3580 5 0 0 0 58 58 0 12 1921 3600 0 0 
90900 108000 3600 3574 5 0 0 0 53 53 0 14 1932 3600 0 0 
91000 108000 3600 3587 6 0 0 0 51 51 0 6 1938 3600 0 0 
91100 108000 3600 3582 6 0 0 0 61 61 1 12 1961 3600 0 0 
91200 108000 3600 3581 4 0 0 0 56 56 0 16 1935 3600 0 0 
91300 108000 3600 3579 7 0 0 0 51 51 0 15 1928 3600 0 0 
91400 108000 3600 3574 8 0 0 0 47 47 0 27 1949 3600 0 0 
91500 108000 3600 3582 7 0 0 0 49 49 1 21 1935 3600 0 0 
91600 108000 3600 3579 7 0 0 0 39 39 0 18 1938 3600 0 0 
91700 108000 3600 3590 5 0 0 0 54 54 0 7 1955 3600 0 0 
91800 108000 3600 3582 8 0 0 0 62 62 0 15 1908 3600 0 0 
91900 108000 3600 3582 6 0 0 0 53 53 0 9 1907 3600 0 0 
92000 108000 3600 3584 7 0 0 0 61 61 0 9 1916 3600 0 0 
92100 108000 3600 3575 3 0 0 0 47 47 1 13 1935 3600 0 0 
92200 108000 3600 3578 4 0 0 0 49 49 0 15 1942 3600 0 0 
92300 108000 3600 3585 6 0 0 0 55 55 0 12 1951 3600 0 0 
92400 108000 3600 3586 5 0 0 0 44 44 0 12 1905 3600 0 0 
92500 108000 3600 3583 2 0 0 0 50 50 0 11 1946 3600 0 0 
92600 108000 3600 3574 8 0 0 0 55 55 0 26 1939 3600 0 0 
92700 108000 3600 3582 3 0 0 0 42 42 0 18 1908 3600 0 0 
92800 108000 3600 3582 2 0 0 0 58 58 0 10 1916 3600 0 0 
92900 108000 3600 3581 3 0 0 0 48 48 2 15 1931 3600 0 0 
93000 108000 3600 3579 5 0 0 0 56 56 0 18 1904 3600 0 0 
93100 108000 3600 3579 5 0 0 0 51 51 1 16 1918 3600 0 0 
93200 108000 3600 3577 6 0 0 0 46 46 0 24 1929 3600 0 0 
93300 108000 3600 3582 5 0 0 0 41 41 0 19 1923 3600 0 0 
93400 108000 3600 3587 3 0 0 0 35 35 0 15 1967 3600 0 0 
93500 108000 3600 3582 3 0 0 0 42 42 0 22 1922 3600 0 0 
93600 108000 3600 3585 6 0 0 0 44 44 0 20 1904 3600 0 0 
93700 108000 3600 3576 7 0 0 0 52 52 1 26 1927 3600 0 0 
93800 108000 3600 3586 5 0 0 0 57 57 0 16 1919 3600 0 0 
93900 108000 3600 3581 3 0 0 0 41 41 0 16 1936 3600 0 0 
94000 108000 3600 3581 8 0 0 0 48 48 0 14 1914 3600 0 0 
94100 108000 3600 3587 9 0 0 0 54 54 1 14 1919 3600 0 0 
94200 108000 3600 3588 4 0 0 0 47 47 0 8 1960 3600 0 0 
94300 108000 3600 3579 3 0 0 0 59 59 0 22 1928 3600 0 0 
94400 108000 3600 3578 6 0 0 0 44 44 0 17 1934 3600 0 0 
94500 108000 3600 3587 6 0 0 0 34 34 0 9 1948 3600 0 0 
94600 108000 3600 3590 2 0 0 0 59 59 0 9 1927 3600 0 0 
94700 108000 3600 3585 2 0 0 0 39 39 0 11 1911 3600 0 0 
94800 108000 3600 3590 2 0 0 0 49 49 0 8 1939 3600 0 0 
94900 108000 3600 3586 0 0 0 0 57 57 0 6 1934 3600 0 0 
95000 108000 3600 3584 1 0 0 0 41 41 0 8 1926 3600 0 0 
95100 108000 3600 3584 2 0 0 0 42 42 0 6 1915 3600 0 0 
95200 108000 3600 3589 1 0 0 0 40 40 0 4 1902 3600 0 0 
95300 108000 3600 3590 3 0 0 0 43 43 0 1 1950 3600 0 0 
95400 108000 3600 3588 2 0 0 0 61 61 0 2 1902 3600 0 0 
95500 108000 3600 3591 0 0 0 0 46 46 0 3 1908 3600 0 0 
95600 108000 3600 3591 0 0 0 0 50 50 0 1 1944 3600 0 0 
95700 108000 3600 3583 4 0 0 0 33 33 0 8 1923 3600 0 0 
95800 108000 3600 3586 5 0 0 0 41 41 0 2 1944 3600 0 0 
95900 108000 3600 3591 2 0 0 0 58 58 0 6 1939 3600 0 0 
96000 108000 3600 3588 3 0 0 0 58 58 0 7 1936 3600 0 0 
96100 108000 3600 3592 1 0 0 0 48 48 0 5 1898 3600 0 0 
96200 108000 3600 3588 2 0 0 0 43 43 0 9 1917 3600 0 0 
96300 108000 3600 3584 3 0 0 0 36 36 0 13 1926 3600 0 0 
96400 108000 3600 3585 2 0 0 0 45 45 0 7 1919 3600 0 0 
96500 108000 3600 3587 2 0 0 0 49 49 0 4 1920 3600 0 0 
96600 108000 3600 3584 2 0 0 0 41 41 1 8 1955 3600 0 0 
96700 108000 3600 3589 5 0 0 0 39 39 0 10 1941 3600 0 0 
96800 108000 3600 3592 2 0 0 0 41 41 0 8 1910 3600 0 0 
96900 108000 3600 3589 0 0 0 0 56 56 0 6 1900 3600 0 0 
97000 108000 3600 3590 0 0 0 0 47 47 0 7 1897 3600 0 0 
97100 108000 3600 3586 2 0 0 0 50 50 0 6 1911 3600 0 0 
97200 108000 3600 3591 1 0 0 0 55 55 0 6 1934 3600 0 0 
97300 108000 3600 3587 2 0 0 0 42 42 0 12 1954 3600 0 0 
97400 108000 3600 3592 1 0 0 0 38 38 0 5 1931 3600 0 0 
97500 108000 3600 3587 2 0 0 0 52 52 0 12 1945 3600 0 0 
97600 108000 3600 3583 4 0 0 0 44 44 0 14 1932 3600 0 0 
97700 108000 3600 3587 1 0 0 0 43 43 0 13 1925 3600 0 0 
97800 108000 3600 3592 2 0 0 0 69 69 0 5 1908 3600 0 0 
97900 108000 3600 3587 4 0 0 0 29 29 0 10 1917 3600 0 0 
98000 108000 3600 3587 3 0 0 0 54 54 0 9 1920 3600 0 0 
98100 108000 3600 3586 3 0 0 0 41 41 0 4 1960 3600 0 0 
98200 108000 3600 3591 2 0 0 0 32 32 0 5 1916 3600 0 0 
98300 108000 3600 3589 1 0 0 0 71 71 0 3 1930 3600 0 0 
98400 108000 3600 3582 2 0 0 0 40 40 0 4 1882 3600 0 0 
98500 108000 3600 3594 3 0 0 0 61 61 0 2 1930 3600 0 0 
98600 108000 3600 3591 2 0 0 0 48 48 0 4 1929 3600 0 0 
98700 108000 3600 3593 0 0 0 0 59 59 0 3 1917 3600 0 0 
98800 108000 3600 3588 1 0 0 0 42 42 0 6 1929 3600 0 0 
98900 108000 3600 3583 1 0 0 0 48 48 0 8 1951 3600 0 0 
99000 108000 3600 3588 4 0 0 0 50 50 0 5 1947 3600 0 0 
99100 108000 3600 3591 4 0 0 0 42 42 0 9 1919 3600 0 0 
99200 108000 3600 3584 5 0 0 0 42 42 1 8 1898 3600 0 0 
99300 108000 3600 3583 6 0 0 0 51 51 0 9 1941 3600 0 0 
99400 108000 3600 3584 4 0 0 0 53 53 1 8 1943 3600 0 0 
99500 108000 3600 3585 1 0 0 0 46 46 0 3 1924 3600 0 0 
99600 108000 3600 3594 1 0 0 0 38 38 0 2 1924 3600 0 0 
99700 108000 3600 3594 0 0 0 0 52 52 0 5 1927 3600 0 0 
99800 108000 3600 3594 0 0 0 0 40 40 1 8 1957 3600 0 0 
99900 108000 3600 3593 1 0 0 0 50 50 0 14 1911 3600 0 0 
100000 108000 3600 3583 3 0 0 0 46 46 0 11 1973 3600 0 0 
