# Avida Dominant Data
# Fri Jun 15 12:09:40 2018
#  1: Update
#  2: Average Merit of the Dominant Genotype
#  3: Average Gestation Time of the Dominant Genotype
#  4: Average Fitness of the Dominant Genotype
#  5: Repro Rate?
#  6: Size of Dominant Genotype
#  7: Copied Size of Dominant Genotype
#  8: Executed Size of Dominant Genotype
#  9: Abundance of Dominant Genotype
# 10: Number of Births
# 11: Number of Dominant Breed True?
# 12: Dominant Gene Depth
# 13: Dominant Breed In
# 14: Max Fitness?
# 15: Genotype ID of Dominant Genotype
# 16: Name of the Dominant Genotype

0 0 0 0 0 100 0 0 1 0 0 0 0 2.22507e-308 1 100-aaaaa 
100 97 389 0.249357 0.00257069 100 100 0 41 0 0 0 0 0.249357 1 100-aaaaa 
200 97 389 0.249357 0.00257069 100 100 0 464 8 6 0 0 0.249357 1 100-aaaaa 
300 97 389 0.249357 0.00257069 100 100 0 179 2 1 0 0 0.249357 1 100-aaaaa 
400 97 389 0.249357 0.00257069 100 100 0 44 1 1 0 0 0.249357 1 100-aaaaa 
500 97 389 0.249357 0.00257069 100 100 0 24 0 0 0 0 0.249357 1 100-aaaaa 
600 97 384 0.252604 0.00260417 100 100 0 17 3 1 3 0 0.252604 8225 100-aabgu 
700 97 381 0.254593 0.00262467 100 100 0 13 1 0 6 0 0.254593 19931 100-aabzo 
800 90 373 0.241287 0.00268097 99 99 0 13 1 1 8 0 0.241287 33398 099-aabnh 
900 97 386 0.251295 0.00259067 100 100 0 15 0 0 7 0 0.251295 28601 100-aacje 
1000 95 371 0.256065 0.00269542 98 98 0 16 5 5 10 0 0.256065 41753 098-aaaqc 
1100 97 386 0.251295 0.00259067 100 100 0 27 0 0 4 0 0.251295 39957 100-aadcf 
1200 98 390 0.251282 0.0025641 101 101 0 24 1 1 5 0 0.251282 51125 101-aabuw 
1300 97 382 0.253927 0.0026178 100 100 0 17 2 1 11 0 0.253927 52072 100-aadpi 
1400 190 377 0.503979 0.00265252 100 100 0 110 6 5 15 0 0.503979 71588 100-aaeeo 
1500 760 375 2.02667 0.00266667 100 100 0 779 57 36 17 0 2.02667 78182 100-aaelh 
1600 760 375 2.02667 0.00266667 100 100 0 478 47 31 17 0 2.02667 78182 100-aaelh 
1700 1520 377 4.03183 0.00265252 100 100 0 378 24 17 20 0 4.03183 82719 100-aaevs 
1800 1520 377 4.03183 0.00265252 100 100 0 248 18 13 20 0 4.03183 82719 100-aaevs 
1900 3040 375 8.10667 0.00266667 100 100 0 448 48 38 21 0 8.10667 94168 100-aafto 
2000 3040 375 8.10667 0.00266667 100 100 0 337 14 9 21 0 8.10667 94168 100-aafto 
2100 3040 375 8.10667 0.00266667 100 100 0 198 8 5 21 0 8.10667 94168 100-aafto 
2200 3040 375 8.10667 0.00266667 100 100 0 100 7 6 21 0 8.10667 94168 100-aafto 
2300 6144 378 16.254 0.0026455 101 101 0 69 4 3 25 0 16.254 124035 101-aaejr 
2400 6144 378 16.254 0.0026455 101 101 0 605 38 27 25 0 16.254 124035 101-aaejr 
2500 6144 378 16.254 0.0026455 101 101 0 429 46 35 25 0 16.254 124035 101-aaejr 
2600 6208 278 22.3309 0.00359712 102 101.999 0 308 33 24 28 0 22.3309 132011 102-aabte 
2700 6208 278 22.3309 0.00359712 102 102 0 460 38 24 28 0 22.3309 132011 102-aabte 
2800 6208 278 22.3309 0.00359712 102 102 0 395 33 23 28 0 22.3309 132011 102-aabte 
2900 6208 278 22.3309 0.00359712 102 102 0 212 20 15 28 0 22.3309 132011 102-aabte 
3000 6208 278 22.3309 0.00359712 102 102 0 217 23 18 28 0 22.3309 132011 102-aabte 
3100 6208 278 22.3309 0.00359712 102 102 0 100 3 2 28 0 22.3309 132011 102-aabte 
3200 6208 278 22.3309 0.00359712 102 102 0 57 2 2 28 0 22.3309 132011 102-aabte 
3300 6208 278 22.3309 0.00359712 102 102 0 49 1 1 28 0 22.3309 132011 102-aabte 
3400 6208 277 22.4116 0.00361011 102 102 0 51 2 1 29 0 22.4116 185404 102-aaeyi 
3500 6144 275 22.3418 0.00363636 102 102 0 52 4 3 33 0 22.3418 187318 102-aafaj 
3600 6144 275 22.3418 0.00363636 102 102 0 41 1 1 33 0 22.3418 187318 102-aafaj 
3700 12416 276 44.9855 0.00362319 102 102 0 479 36 25 32 1 44.9855 213805 102-aaguw 
3800 12416 276 44.9855 0.00362319 102 102 0 429 51 38 32 0 44.9855 213805 102-aaguw 
3900 12416 276 44.9855 0.00362319 102 102 0 362 30 23 32 0 44.9855 213805 102-aaguw 
4000 12416 276 44.9855 0.00362319 102 102 0 227 24 13 32 0 44.9855 213805 102-aaguw 
4100 12416 276 44.9855 0.00362319 102 102 0 167 18 13 32 0 44.9855 213805 102-aaguw 
4200 12416 276 44.9855 0.00362319 102 102 0 145 7 5 32 0 44.9855 213805 102-aaguw 
4300 12416 276 44.9855 0.00362319 102 102 0 95 12 10 32 0 44.9855 213805 102-aaguw 
4400 12416 276 44.9855 0.00362319 102 102 0 108 17 14 32 0 44.9855 213805 102-aaguw 
4500 12416 276 44.9855 0.00362319 102 102 0 50 1 1 33 0 44.9855 250520 102-aajhu 
4600 12416 276 44.9855 0.00362319 102 102 0 49 3 2 33 0 44.9855 250520 102-aajhu 
4700 12416 276 44.9855 0.00362319 102 102 0 30 1 1 32 0 44.9855 213805 102-aaguw 
4800 12416 276 44.9855 0.00362319 102 102 0 34 4 1 32 0 44.9855 213805 102-aaguw 
4900 12288 271 45.3432 0.00369004 101 101 0 49 2 2 38 0 45.3432 293379 101-aagiv 
5000 12416 274 45.3139 0.00364964 102 102 0 63 5 3 35 0 45.3139 298601 102-aamkf 
5100 12416 274 45.3139 0.00364964 102 102 0 38 2 2 35 0 45.3139 298601 102-aamkf 
5200 12544 278 45.1223 0.00359712 103 103 0 41 9 8 40 0 45.1223 320201 103-aabxr 
5300 12544 278 45.1223 0.00359712 103 103 0 41 0 0 40 0 45.1223 320201 103-aabxr 
5400 12288 269 45.6803 0.00371747 101 101 0 38 9 7 45 0 45.6803 334363 101-aaguc 
5500 12416 276 44.9855 0.00362319 102 102 0 37 5 1 40 0 44.9855 349264 102-aapcm 
5600 12416 272 45.6471 0.00367647 102 102 0 30 1 1 41 0 45.6471 348184 102-aapee 
5700 12288 276 44.5217 0.00362319 102 102 0 34 4 3 40 0 44.5217 339501 102-aaorh 
5800 12288 276 44.5217 0.00362319 102 102 0 57 10 6 40 0 44.5217 339501 102-aaorh 
5900 12288 275 44.6836 0.00363636 102 102 0 34 1 0 41 0 44.6836 346046 102-aaoyj 
6000 12288 272 45.1765 0.00367647 102 102 0 39 10 6 44 0 45.1765 379031 102-aaqsh 
6100 12288 272 45.1765 0.00367647 102 102 0 57 7 6 44 0 45.1765 379031 102-aaqsh 
6200 12288 272 45.1765 0.00367647 102 102 0 59 5 3 44 0 45.1765 379031 102-aaqsh 
6300 12288 272 45.1765 0.00367647 102 102 0 57 4 4 44 0 45.1765 379031 102-aaqsh 
6400 12288 272 45.1765 0.00367647 102 102 0 47 11 8 44 0 45.1765 379031 102-aaqsh 
6500 12288 272 45.1765 0.00367647 102 102 0 62 6 4 44 0 45.1765 379031 102-aaqsh 
6600 12288 272 45.1765 0.00367647 102 102 0 61 8 6 44 0 45.1765 379031 102-aaqsh 
6700 49664 274 181.255 0.00364964 102 102 0 879 168 130 50 0 181.255 447187 102-aatyy 
6800 49664 274 181.255 0.00364964 102 102 0 663 49 32 50 0 181.255 447187 102-aatyy 
6900 198656 275 722.385 0.00363636 102 102 0 621 34 24 52 0 722.385 457591 102-aautu 
7000 198656 275 722.385 0.00363636 102 102 0 1051 94 69 52 0 722.385 457591 102-aautu 
7100 198656 275 722.385 0.00363636 102 102 0 719 74 43 52 0 722.385 457591 102-aautu 
7200 198656 275 722.385 0.00363636 102 102 0 564 63 42 52 0 722.385 457591 102-aautu 
7300 198656 275 722.385 0.00363636 102 102 0 319 28 19 52 0 722.385 457591 102-aautu 
7400 198656 275 722.385 0.00363636 102 102 0 223 23 19 52 0 722.385 457591 102-aautu 
7500 198656 275 722.385 0.00363636 102 102 0 107 5 3 52 0 722.385 457591 102-aautu 
7600 198656 274 725.022 0.00364964 102 102 0 42 4 2 54 0 725.022 471408 102-aavrx 
7700 198656 275 722.385 0.00363636 102 102 0 39 1 0 54 0 722.385 484548 102-aawrv 
7800 198656 275 722.385 0.00363636 102 102 0 47 6 5 55 0 722.385 500283 102-aaxwe 
7900 198656 275 722.385 0.00363636 102 102 0 61 2 2 53 0 722.385 465934 102-aavfp 
8000 194560 273 712.674 0.003663 102 102 0 46 6 2 57 0 712.674 519576 102-aazad 
8100 198656 275 722.385 0.00363636 102 102 0 39 6 5 53 0 722.385 465934 102-aavfp 
8200 198656 275 722.385 0.00363636 102 102 0 61 4 3 538200 206848 237 872.776 0.0048300 198656 274 725.022 0.00364964 102 102 0 53 4 4 568300 206848 237 872.776 0.0048400 198656 274 725.022 0.00364964 102 102 0 47 4 3 588400 206848 237 872.776 0.0048500 198656 274 725.022 0.00364964 102 102 0 61 8 4 568500 206848 237 872.776 0.0048600 198656 274 725.022 0.00364964 102 102 0 44 6 4 56 8600 206848 237 872.776 0.008700 198656 274 725.022 0.00364964 102 102 0 37 1 1 57 8700 206848 221 935.964 0.008800 202752 277 731.957 0.00361011 104 104 0 46 1 1 64 0 738800 206848 219 944.511 8900 198656 272 730.353 0.00367647 102 102 0 50 1 1 61 0 7308900 206848 219 944.511 0.00456621 102 102 0 63 9 9 66 0 944.511 602518 102-aavdx 
9000 206848 219 944.511 0.00456621 102 102 0 78 7 6 66 0 944.511 602518 102-aavdx 
9100 206848 219 944.511 0.00456621 102 102 0 39 8 3 66 0 944.511 602518 102-aavdx 
9200 204800 224 914.286 0.00446429 106 106 0 45 9 7 73 0 914.286 646839 106-aaaol 
9300 202752 220 921.6 0.00454545 101 101 0 34 5 3 74 0 921.6 672846 101-aakun 
9400 206848 221 935.964 0.00452489 102 102 0 34 5 4 67 0 935.964 672074 102-aavzn 
9500 210944 221 954.498 0.00452489 103 103 0 32 6 6 77 0 954.498 702274 103-aaeyg 
9600 204800 219 935.16 0.00456621 102 102 0 33 1 0 70 0 935.16 685260 102-aawih 
9700 206848 218 948.844 0.00458716 101 101 0 37 10 4 72 0 948.844 696106 101-aalal 
9800 206848 221 935.964 0.00452489 102 102 0 36 10 9 66 0 935.964 695803 102-aawqs 
9900 206848 217 953.217 0.00460829 102 102 0 30 3 2 76 0 953.217 719401 102-aaxgc 
10000 208896 218 958.239 0.00458716 103 103 0 49 0 0 73 0 958.239 761362 103-aafli 
10100 212992 225 946.631 0.00444444 106 106 0 31 3 2 80 0 946.631 729124 106-aabom 
10200 208896 223 936.753 0.0044843 102 102 0 29 3 1 73 0 936.753 768284 102-aaymt 
10300 208896 223 936.753 0.0044843 102 102 0 27 2 2 73 0 936.753 768284 102-aaymt 
10400 208896 223 936.753 0.0044843 102 102 0 42 8 5 73 0 936.753 768284 102-aaymt 
10500 1.67117e+06 221 7561.85 0.00452489 103 103 0 896 246 165 88 0 7561.85 826839 103-aaggc 
10600 1.67117e+06 221 7561.85 0.00452489 103 103 0 857 84 62 88 0 7561.85 826839 103-aaggc 
10700 1.67117e+06 221 7561.85 0.00452489 103 103 0 498 64 45 88 0 7561.85 826839 103-aaggc 
10800 1.67117e+06 221 7561.85 0.00452489 103 103 0 251 20 12 88 0 7561.85 826839 103-aaggc 
10900 1.67117e+06 221 7561.85 0.00452489 103 103 0 158 11 10 88 0 7561.85 826839 103-aaggc 
11000 1.67117e+06 221 7561.85 0.00452489 103 103 0 57 8 7 89 0 7561.85 830451 103-aagpv 
11100 1.67117e+06 221 7561.85 0.00452489 103 103 0 37 2 1 88 0 7561.85 826839 103-aaggc 
11200 1.67117e+06 219 7630.9 0.00456621 103 103 0 68 10 9 91 0 7630.9 878389 103-aaing 
11300 1.67117e+06 221 7561.85 0.00452489 103 103 0 45 12 7 90 0 7561.85 876775 103-aaijt 
11400 1.60563e+06 209 7682.45 0.00478469 99 99 0 39 3 3 97 0 7682.45 855385 099-aaehn 
11500 1.60563e+06 210 7645.87 0.0047619 99 99 0 44 6 3 99 0 7645.87 914640 099-aaeko 
11600 1.67117e+06 218 7665.91 0.00458716 103 103 0 42 7 4 92 0 7665.91 902698 103-aajdb 
11700 1.6384e+06 219 7481.28 0.00456621 103 103 0 31 8 6 97 0 7481.28 914951 103-aajpa 
11800 1.58925e+06 208 7640.62 0.00480769 98 98 0 41 6 4 101 0 7640.62 944417 098-aabyv 
11900 1.67117e+06 218 7665.91 0.00458716 103 103 0 51 2 1 103 0 7665.91 965432 103-aakwx 
12000 1.68755e+06 221 7635.98 0.00452489 104 103.998 0 38 5 5 92 0 7635.98 914092 104-aacgt 
12100 1.68755e+06 222 7601.59 0.0045045 104 104 0 32 9 6 94 0 7601.59 947538 104-aaclr 
12200 1.65478e+06 216 7661.04 0.00462963 103 103 0 48 4 4 97 0 7661.04 988743 103-aalof 
12300 1.68755e+06 221 7635.98 0.00452489 104 103.999 0 33 9 6 92 0 7635.98 914092 104-aacgt 
12400 1.68755e+06 221 7635.98 0.00452489 103 103 0 39 0 0 103 0 7635.98 996426 103-aalso 
12500 1.68755e+06 221 7635.98 0.00452489 104 104 0 42 8 7 94 0 7635.98 1032497 104-aadcy 
12600 1.67117e+06 219 7630.9 0.00456621 102 102.001 0 39 5 3 97 0 7630.9 994430 102-abakf 
12700 1.60563e+06 210 7645.87 0.0047619 99 99 0 40 5 4 105 0 7645.87 971746 099-aaeus 
12800 1.68755e+06 221 7635.98 0.00452489 103 103 0 55 6 4 96 0 7635.98 973401 103-aalcd 
12900 1.68755e+06 221 7635.98 0.00452489 103 103 0 39 2 2 104 0 7635.98 1012851 103-aamfb 
13000 1.60563e+06 209 7682.45 0.00478469 99 99 0 35 3 1 108 0 7682.45 1062506 099-aafdc 
13100 1.70394e+06 220 7745.16 0.00454545 104 104.009 0 38 2 1 100 0 7745.16 1068298 104-aadku 
13200 1.68755e+06 220 7670.69 0.00454545 103 103 0 32 6 6 105 0 7670.69 1096483 103-aanyl 
13300 1.6088e+06 217.193 7407.2 0.00460421 102 102 0 41 1 1 115 0 7440.44 1113012 102-abawl 
13400 1.58925e+06 207 7677.53 0.00483092 99 99 0 46 7 7 112 0 7677.53 1077830 099-aafet 
13500 1.68755e+06 221 7635.98 0.00452489 104 104 0 36 7 6 117 0 7635.98 1110115 104-aaduf 
13600 1.68755e+06 222 7601.59 0.0045045 103 103 0 36 5 4 112 0 7601.59 1105723 103-aaocu 
13700 1.72022e+06 224 7679.56 0.00446429 105 104.994 0 33 5 5 110 0 7680 1151012 105-aacac 
13800 1.75309e+06 225 7791.5 0.00444444 107 107 0 44 8 6 110 0 7791.5 1149860 107-aafuh 
13900 1.75309e+06 225 7791.5 0.00444444 107 107 0 47 2 2 110 0 7791.5 1149860 107-aafuh 
14000 1.70394e+06 221 7710.12 0.00452489 104 104 0 48 8 5 121 0 7710.12 1183940 104-aaept 
14100 1.68755e+06 221 7635.98 0.00452489 104 104 0 47 1 1 118 0 7635.98 1172453 104-aaemr 
14200 1.72032e+06 225 7645.87 0.00444444 106 106 0 32 1 1 107 0 7645.87 1187058 106-aadgs 
14300 1.68755e+06 220 7670.69 0.00454545 103 103.023 0 36 1 1 122 0 7670.69 1210848 103-aaplz 
14400 1.7203e+06 224 7679.89 0.00446429 105 104.999 0 32 0 0 111 0 7680 1218601 105-aacgg 
14500 1.57286e+06 208 7561.85 0.00480769 99 99 0 46 11 7 120 0 7561.85 1233596 099-aagmr 
14600 1.60563e+06 208 7719.38 0.00480769 99 99 0 38 2 1 114 0 7719.38 1155591 099-aafwc 
14700 1.60563e+06 208 7719.38 0.00480769 99 99 0 52 6 4 114 0 7719.38 1155591 099-aafwc 
14800 1.60563e+06 208 7719.38 0.00480769 99 99 0 43 7 5 114 0 7719.38 1155591 099-aafwc 
14900 1.62202e+06 208 7798.15 0.00480769 99 99 0 36 5 3 125 0 7798.15 1284596 099-aahdl 
15000 1.69904e+06 221.701 7663.61 0.0045106 104 104 0 45 11 10 119 0 7675.39 1287737 104-aafpd 
15100 1.60563e+06 208 7719.38 0.00480769 99 99 0 34 4 3 123 0 7719.38 1307370 099-aahmf 
15200 1.62202e+06 208 7798.15 0.00480769 99 99 0 43 7 4 121 0 7798.15 1258227 099-aagut 
15300 1.60563e+06 204 7870.75 0.00490196 99 99 0 88 12 7 129 0 7870.75 1330214 099-aahxn 
15400 1.60563e+06 204 7870.75 0.00490196 99 99 0 69 11 10 129 0 7870.75 1330214 099-aahxn 
15500 1.60563e+06 204 7870.75 0.00490196 99 99 0 34 2 1 129 0 7870.75 1330214 099-aahxn 
15600 1.70394e+06 221 7710.12 0.00452489 104 104 0 50 7 5 129 0 7710.12 1350745 104-aagkw 
15700 1.62202e+06 211 7687.28 0.00473934 100 100 0 51 4 2 123 0 7687.28 1371957 100-aahwi 
15800 1.62202e+06 211 7687.28 0.00473934 100 100 0 31 7 5 123 0 7687.28 1371957 100-aahwi 
15900 1.60563e+06 208 7719.38 0.00480769 99 99 0 53 6 5 125 0 7719.38 1394590 099-aajbm 
16000 1.62202e+06 209 7760.84 0.00478469 99 99 0 48 4 3 125 0 7760.84 1383666 099-aaiwk 
16100 1.60563e+06 209 7682.45 0.00478469 99 99 0 42 4 3 126 0 7682.45 1411467 099-aajhp 
16200 1.62202e+06 211 7687.28 0.00473934 99 99 0 41 9 6 120 0 7687.28 1373284 099-aaitb 
16300 1.68755e+06 226 7467.04 0.00442478 108 108 0 38 6 6 134 0 7467.04 1430914 108-aadns 
16400 1.62202e+06 211 7687.28 0.00473934 100 100 0 49 1 1 123 0 7687.28 1371957 100-aahwi 
16500 1.68755e+06 221 7635.98 0.00452489 104 104 0 38 6 5 130 0 7635.98 1444987 104-aahma 
16600 1.62202e+06 209 7760.84 0.00478469 99 99 0 41 8 6 125 0 7760.84 1383666 099-aaiwk 
16700 1.7367e+06 228 7617.12 0.00438596 106 106.004 0 35 6 4 135 0 7617.12 1468723 106-aadwq 
16800 1.70394e+06 220 7745.16 0.00454545 104 104 0 40 5 3 133 0 7745.16 1478674 104-aahti 
16900 1.72032e+06 225 7645.87 0.00444444 105 105 0 75 7 5 134 0 7645.87 1502585 105-aadcn 
17000 1.72032e+06 225 7645.87 0.00444444 105 105 0 68 7 3 134 0 7645.87 1502585 105-aadcn 
17100 1.70394e+06 220 7745.16 0.00454545 104 104 0 51 5 1 134 0 7745.16 1515289 104-aaibz 
17200 1.70394e+06 220 7745.16 0.00454545 104 104 0 35 1 1 134 0 7745.16 1515289 104-aaibz 
17300 1.62202e+06 210 7723.89 0.0047619 99 99 0 44 4 4 135 0 7723.89 1536391 099-aalla 
17400 1.62202e+06 210 7723.89 0.0047619 99 99 0 54 2 2 135 0 7723.89 1536391 099-aalla 
17500 1.58925e+06 208 7640.62 0.00480769 98 98 0 44 6 5 129 0 7640.62 1559029 098-aadff 
17600 1.60563e+06 205 7832.35 0.00487805 99 99 0 62 3 3 139 0 7832.35 1564726 099-aalxk 
17700 1.60563e+06 205 7832.35 0.00487805 99 99 0 34 4 4 139 0 7832.35 1564726 099-aalxk 
17800 1.60563e+06 205 7832.35 0.00487805 99 99 0 44 5 5 139 0 7832.35 1564726 099-aalxk 
17900 1.60563e+06 207 7756.68 0.00483092 99 99 0 43 0 0 145 0 7756.68 1631053 099-aamzf 
18000 1.60563e+06 206 7794.33 0.00485437 99 99 0 43 7 6 146 0 7794.33 1633664 099-aamzz 
18100 1.62202e+06 211 7687.28 0.00473934 99 99 0 48 7 4 135 0 7687.28 1634755 099-aanbv 
18200 1.60563e+06 205 7832.35 0.00487805 99 99 0 41 0 0 138 0 7832.35 1577722 099-aamdr 
18300 1.60563e+06 206 7794.33 0.00485437 99 99 0 56 4 3 141 0 7794.33 1666705 099-aante 
18400 1.60563e+06 206 7794.33 0.00485437 99 99 0 113 22 15 141 0 7794.33 1666705 099-aante 
18500 1.60563e+06 206 7794.33 0.00485437 99 99 0 51 7 3 141 0 7794.33 1666705 099-aante 
18600 1.60563e+06 206 7794.33 0.00485437 99 99 0 45 7 3 141 0 7794.33 1666705 099-aante 
18700 1.60563e+06 206 7794.33 0.00485437 99 99 0 42 4 2 141 0 7794.33 1704906 099-aaopj 
18800 1.60563e+06 206 7794.33 0.00485437 99 99 0 32 2 1 141 0 7794.33 1704906 099-aaopj 
18900 1.70394e+06 221 7710.12 0.00452489 104 104 0 39 2 2 144 0 7710.12 1706994 104-aakim 
19000 1.62202e+06 208 7798.15 0.00480769 100 100 0 44 5 5 146 0 7798.15 1743720 100-aakcj 
19100 1.62202e+06 208 7798.15 0.00480769 100 100 0 41 8 4 146 0 7798.15 1743720 100-aakcj 
19200 1.62202e+06 208 7798.15 0.00480769 100 100 0 45 7 6 146 0 7798.15 1743720 100-aakcj 
19300 1.60563e+06 207 7756.68 0.00483092 99 99 0 43 9 5 145 0 7756.68 1782389 099-aaqoc 
19400 1.60563e+06 206 7794.33 0.00485437 99 99 0 48 0 0 144 0 7794.33 1755849 099-aapxt 
19500 1.60563e+06 207 7756.68 0.00483092 99 99 0 68 8 7 146 0 7756.68 1790666 099-aaqrt 
19600 1.60563e+06 207 7756.68 0.00483092 99 99 0 80 7 6 146 0 7756.68 1790666 099-aaqrt 
19700 1.60563e+06 207 7756.68 0.00483092 99 99 0 61 3 3 146 0 7756.68 1790666 099-aaqrt 
19800 1.65478e+06 213 7768.94 0.00469484 101 101 0 46 3 3 150 0 7768.94 1804631 101-aamle 
19900 1.62202e+06 208 7798.15 0.00480769 100 100 0 40 6 6 148 0 7798.15 1820125 100-aaktm 
20000 1.58925e+06 206 7714.8 0.00485437 98 98.0126 0 39 7 5 146 0 7714.8 1831838 098-aadtv 
20100 1.65478e+06 213 7768.94 0.00469484 101 101 0 48 3 2 150 0 7768.94 1804631 101-aamle 
20200 1.65478e+06 213 7768.94 0.00469484 101 101 0 71 16 11 150 0 7768.94 1804631 101-aamle 
20300 1.65478e+06 213 7768.94 0.00469484 101 101 0 78 10 7 150 0 7768.94 1804631 101-aamle 
20400 1.6384e+06 209 7839.23 0.00478469 101 101 0 48 3 3 152 0 7839.23 1833166 101-aammq 
20500 1.6384e+06 210 7801.9 0.0047619 101 101 0 54 12 12 159 0 7801.9 1915579 101-aamwt 
20600 1.60563e+06 207 7756.68 0.00483092 99 99 0 44 4 3 148 0 7756.68 1911269 099-aaswy 
20700 1.65478e+06 213 7768.94 0.00469484 101 101 0 40 6 4 152 0 7768.94 1922986 101-aamyb 
20800 1.70394e+06 218 7816.22 0.00458716 106 106 0 28 6 3 166 0 7816.22 1907952 106-aaerw 
20900 3.34234e+06 222 15055.6 0.0045045 104 104 0 557 95 70 158 0 15055.6 1975013 104-aamxx 
21000 3.34234e+06 222 15055.6 0.0045045 104 104 0 588 80 64 158 0 15055.6 1975013 104-aamxx 
21100 3.34234e+06 222 15055.6 0.0045045 104 104 0 361 41 26 158 0 15055.6 1975013 104-aamxx 
21200 3.34234e+06 222 15055.6 0.0045045 104 104 0 200 28 17 158 0 15055.6 1975013 104-aamxx 
21300 3.34234e+06 222 15055.6 0.0045045 104 104 0 107 19 14 158 0 15055.6 1975013 104-aamxx 
21400 3.34234e+06 222 15055.6 0.0045045 104 104 0 63 5 3 158 0 15055.6 1975013 104-aamxx 
21500 3.34234e+06 222 15055.6 0.0045045 104 104 0 48 4 4 158 0 15055.6 1975013 104-aamxx 
21600 3.34234e+06 222 15055.6 0.0045045 104 104 0 24 3 2 158 0 15055.6 1975013 104-aamxx 
21700 3.34234e+06 221 15123.7 0.00452489 104 104 0 33 3 2 166 0 15123.7 2055632 104-aapvj 
21800 3.34234e+06 222 15055.6 0.0045045 104 104 0 34 5 5 160 0 15055.6 2049906 104-aapou 
21900 3.3751e+06 223 15135 0.0044843 104 104 0 51 2 2 163 0 15135 2075126 104-aaqkq 
22000 3.3751e+06 223 15135 0.0044843 104 104 0 25 0 0 163 0 15135 2075126 104-aaqkq 
22100 3.3751e+06 223 15135 0.0044843 104 104 0 33 8 7 168 0 15135 2099020 104-aardy 
22200 3.3751e+06 223 15135 0.0044843 104 104 0 37 7 6 168 0 15135 2099020 104-aardy 
22300 3.34234e+06 222 15055.6 0.0045045 104 104 0 32 6 5 161 0 15055.6 2088050 104-aarax 
22400 3.3751e+06 224 15067.4 0.00446429 104 104 0 36 5 5 172 0 15067.4 2127285 104-aasau 
22500 3.3751e+06 222 15203.2 0.0045045 104 104 0 24 3 1 166 0 15203.2 2142426 104-aasmk 
22600 3.34234e+06 224 14921.1 0.00446429 104 104 0 33 4 3 166 0 14921.1 2151616 104-aasty 
22700 3.3751e+06 222 15203.2 0.0045045 104 104 0 43 5 5 167 0 15203.2 2166764 104-aatfj 
22800 3.34234e+06 222 15055.6 0.0045045 104 104 0 36 5 4 172 0 15055.6 2165698 104-aatds 
22900 3.34234e+06 222 15055.6 0.0045045 104 104 0 60 8 4 172 0 15055.6 2165698 104-aatds 
23000 3.34234e+06 222 15055.6 0.0045045 104 104 0 54 2 1 162 0 15055.6 2159518 104-aataa 
23100 3.34234e+06 222 15055.6 0.0045045 104 104 0 40 7 2 162 0 15055.6 2159518 104-aataa 
23200 3.34234e+06 222 15055.6 0.0045045 104 104 0 51 9 6 162 0 15055.6 2159518 104-aataa 
23300 3.34234e+06 222 15055.6 0.0045045 104 104 0 49 2 1 162 0 15055.6 2159518 104-aataa 
23400 3.34234e+06 222 15055.6 0.0045045 104 104 0 62 9 5 162 0 15055.6 2159518 104-aataa 
23500 3.34234e+06 222 15055.6 0.0045045 104 104 0 45 3 2 162 0 15055.6 2159518 104-aataa 
23600 3.30957e+06 218 15181.5 0.00458716 103 103 0 35 4 4 176 0 15181.5 2268859 103-aaxnp 
23700 3.34234e+06 223 14988.1 0.0044843 104 104 0 40 7 5 173 0 14988.1 2237150 104-aauwx 
23800 3.34234e+06 218 15331.8 0.00458716 103 103 0 41 3 2 171 0 15331.8 2290753 103-aaxqb 
23900 3.3751e+06 231 14610.8 0.004329 108 108 0 53 15 12 175 0 14610.8 2295410 108-aaord 
24000 3.34234e+06 224 14921.1 0.00446429 104 104 0 33 4 4 176 0 14921.1 2281104 104-aavta 
24100 3.3751e+06 222 15203.2 0.0045045 104 104 0 46 11 7 168 0 15203.2 2330541 104-aawpz 
24200 3.3751e+06 222 15203.2 0.0045045 104 104 0 42 13 10 168 0 15203.2 2330541 104-aawpz 
24300 3.40787e+06 223 15281.9 0.0044843 105 105 0 33 0 0 185 0 15281.9 2334217 105-aaeza 
24400 3.2768e+06 225 14563.6 0.00444444 108 108 0 35 2 2 184 0 14563.6 2356704 108-aapuy 
24500 3.3751e+06 223 15135 0.0044843 104 104 0 26 2 0 180 0 15135 2356098 104-aaxda 
24600 3.40787e+06 221 15420.2 0.00452489 105 105 0 38 5 5 190 0 15420.2 2384900 105-aaflw 
24700 3.34234e+06 228 14659.4 0.00438596 108 108 0 44 5 1 173 0 14659.4 2372483 108-aaqdm 
24800 3.40787e+06 222 15350.8 0.0045045 105 105 0 36 5 4 191 0 15350.8 2392472 105-aafnq 
24900 3.40787e+06 222 15350.8 0.0045045 105 105 0 33 7 4 191 0 15350.8 2392472 105-aafnq 
25000 3.44064e+06 229 15024.6 0.00436681 108 108 0 65 4 4 188 0 15024.6 2390017 108-aaqib 
25100 3.44064e+06 229 15024.6 0.00436681 108 108 0 55 9 8 188 0 15024.6 2390017 108-aaqib 
25200 3.44064e+06 223 15428.9 0.0044843 106 106 0 30 5 5 195 0 15428.9 2439096 106-aafdm 
25300 3.40787e+06 222 15350.8 0.0045045 105 105 0 34 3 3 193 0 15350.8 2453936 105-aaglq 
25400 3.47341e+06 220 15788.2 0.00454545 110 110 0 35 9 5 191 0 15788.2 2435347 110-aabxz 
25500 3.44064e+06 223 15428.9 0.0044843 106 106 0 30 6 5 195 0 15428.9 2448925 106-aafdw 
25600 3.3751e+06 223 15135 0.0044843 105 105 0 47 5 3 198 0 15135 2482989 105-aahai 
25700 6.75021e+06 227 29736.6 0.00440529 109 109 0 107 41 30 199 0 29736.6 2516107 109-aafuq 
25800 6.75021e+06 227 29736.6 0.00440529 109 109 0 660 76 52 199 0 29736.6 2516107 109-aafuq 
25900 6.75021e+06 227 29736.6 0.00440529 109 109 0 334 43 33 199 0 29736.6 2516107 109-aafuq 
26000 6.75021e+06 227 29736.6 0.00440529 109 109 0 184 30 21 199 0 29736.6 2516107 109-aafuq 
26100 6.75021e+06 227 29736.6 0.00440529 109 109 0 130 9 7 199 0 29736.6 2516107 109-aafuq 
26200 6.75021e+06 227 29736.6 0.00440529 109 109 0 63 7 4 199 0 29736.6 2516107 109-aafuq 
26300 6.75021e+06 227 29736.6 0.00440529 109 109 0 43 5 3 199 0 29736.6 2516107 109-aafuq 
26400 6.81574e+06 221 30840.5 0.00452489 105 105 0 47 2 2 202 0 30840.5 2539393 105-aahyt 
26500 6.81574e+06 222 30701.5 0.0045045 105 105 0 37 5 3 203 0 30701.5 2564528 105-aaiix 
26600 6.5536e+06 212 30913.2 0.00471698 101 101 0 41 8 7 210 0 30913.2 2591077 101-aanqo 
26700 6.5536e+06 212 30913.2 0.00471698 101 101 0 59 8 7 210 0 30913.2 2591077 101-aanqo 
26800 6.5536e+06 212 30913.2 0.00471698 101 101 0 41 0 0 210 0 30913.2 2591077 101-aanqo 
26900 6.75021e+06 222 30406.3 0.0045045 105 105 0 34 6 3 210 0 30406.3 2623191 105-aajsj 
27000 6.5536e+06 212 30913.2 0.00471698 101 101 0 42 4 4 210 0 30913.2 2591077 101-aanqo 
27100 6.81574e+06 222 30701.5 0.0045045 105 105 0 48 9 7 203 0 30701.5 2596533 105-aajah 
27200 6.81574e+06 221 30840.5 0.00452489 105 105 0 57 2 1 206 0 30840.5 2593300 105-aaiye 
27300 6.81574e+06 221 30840.5 0.00452489 105 105 0 55 8 6 206 0 30840.5 2593300 105-aaiye 
27400 6.81574e+06 221 30840.5 0.00452489 105 105 0 50 7 6 206 0 30840.5 2593300 105-aaiye 
27500 6.81574e+06 229 29763.1 0.00436681 109 109 0 40 3 2 215 0 29763.1 2698930 109-aajic 
27600 6.48806e+06 211 30749.1 0.00473934 100 100 0 57 8 7 212 0 30749.1 2695365 100-aalpl 
27700 6.88128e+06 222 30996.8 0.0045045 106 105.991 0 51 3 1 207 0 30996.8 2711207 106-aafnf 
27800 6.88128e+06 222 30996.8 0.0045045 106 105.996 0 34 1 1 207 0 30996.8 2711207 106-aafnf 
27900 6.81574e+06 220 30980.7 0.00454545 105 105 0 49 0 0 208 0 30980.7 2739226 105-aammp 
28000 6.81574e+06 220 30980.7 0.00454545 105 105 0 47 3 3 208 0 30980.7 2739226 105-aammp 
28100 6.81574e+06 220 30980.7 0.00454545 105 105 0 45 1 1 208 0 30980.7 2739226 105-aammp 
28200 6.75021e+06 221 30543.9 0.00452489 104 104 0 64 18 15 213 0 30543.9 2747636 104-abbag 
28300 6.75021e+06 220 30682.8 0.00454545 104 104 0 37 11 7 214 0 30682.8 2774228 104-abbki 
28400 6.5536e+06 213 30768.1 0.00469484 101 101 0 50 5 3 218 0 30768.1 2779297 101-aaoed 
28500 6.81574e+06 223 30563.9 0.0044843 105 105 0 47 10 6 208 0 30563.9 2806153 105-aaobp 
28600 6.42253e+06 212 30294.9 0.00471698 101 101 0 39 4 3 222 0 30294.9 2795543 101-aaofl 
28700 6.42253e+06 212 30294.9 0.00471698 101 101 0 56 14 9 222 0 30294.9 2795543 101-aaofl 
28800 6.42253e+06 212 30294.9 0.00471698 101 101 0 39 5 5 222 0 30294.9 2795543 101-aaofl 
28900 6.81574e+06 222 30701.5 0.0045045 106 106 0 40 8 5 229 0 30701.5 2855743 106-aaftn 
29000 6.81574e+06 223 30563.9 0.0044843 105 105 0 45 4 3 220 0 30563.9 2852256 105-aaoys 
29100 6.81574e+06 223 30563.9 0.0044843 105 105 0 61 7 4 220 0 30563.9 2852256 105-aaoys 
29200 6.88128e+06 223 30857.8 0.0044843 105 105 0 47 12 10 219 0 30857.8 2817719 105-aaogl 
29300 6.48806e+06 212 30604.1 0.00471698 101 101 0 38 5 2 220 0 30604.1 2866921 101-aaorx 
29400 6.81574e+06 219 31122.1 0.00456621 105 105 0 56 10 7 213 0 31122.1 2862732 105-aapdr 
29500 6.81574e+06 211 32302.1 0.00473934 105 105 0 77 19 15 220 0 32302.1 2877521 105-aapil 
29600 6.81574e+06 211 32302.1 0.00473934 105 105 0 72 12 7 220 0 32302.1 2877521 105-aapil 
29700 6.81574e+06 211 32302.1 0.00473934 105 105 0 102 19 15 220 0 32302.1 2877521 105-aapil 
29800 6.81574e+06 211 32302.1 0.00473934 105 105 0 106 10 9 220 0 32302.1 2877521 105-aapil 
29900 6.81574e+06 211 32302.1 0.00473934 105 105 0 80 9 4 220 0 32302.1 2877521 105-aapil 
30000 6.81574e+06 211 32302.1 0.00473934 105 105 0 114 16 10 220 0 32302.1 2877521 105-aapil 
30100 6.81574e+06 211 32302.1 0.00473934 105 105 0 112 18 12 220 0 32302.1 2877521 105-aapil 
30200 6.81574e+06 211 32302.1 0.00473934 105 105 0 123 20 15 220 0 32302.1 2877521 105-aapil 
30300 6.81574e+06 211 32302.1 0.00473934 105 105 0 86 15 12 220 0 32302.1 2877521 105-aapil 
30400 6.81574e+06 211 32302.1 0.00473934 105 105 0 98 15 13 220 0 32302.1 2877521 105-aapil 
30500 6.81574e+06 211 32302.1 0.00473934 105 105 0 120 17 12 220 0 32302.1 2877521 105-aapil 
30600 6.81574e+06 211 32302.1 0.00473934 105 105 0 74 7 5 220 0 32302.1 2877521 105-aapil 
30700 6.88128e+06 215 32006 0.00465116 105 105 0 67 8 4 231 0 32006 3007346 105-aasoh 
30800 6.88128e+06 215 32006 0.00465116 105 105 0 39 4 4 231 0 32006 3007346 105-aasoh 
30900 6.81574e+06 213 31998.8 0.00469484 105 105 0 43 1 0 230 0 31998.8 3065213 105-aaukq 
31000 6.81574e+06 213 31998.8 0.00469484 105 105 0 39 6 5 230 0 31998.8 3065213 105-aaukq 
31100 6.68467e+06 210 31831.8 0.0047619 104 104.003 0 36 7 4 226 0 31831.8 3051170 104-abeor 
31200 6.81574e+06 211 32302.1 0.00473934 105 105 0 35 3 3 227 0 32302.1 3084552 105-aauxm 
31300 6.81574e+06 205 33247.5 0.00487805 106 106 0 44 3 1 235 0 33247.5 3050171 106-aaghv 
31400 6.81574e+06 204 33410.5 0.00490196 106 106 0 39 2 2 241 0 33410.5 3105230 106-aagsc 
31500 6.81574e+06 205 33247.5 0.00487805 106 106 0 55 6 3 236 0 33247.5 3085029 106-aagmy 
31600 6.88128e+06 205 33567.2 0.00487805 107 106.999 0 47 4 3 234 0 33567.2 3114767 107-aakfa 
31700 6.81574e+06 205 33247.5 0.00487805 106 106 0 69 7 4 239 0 33247.5 3128400 106-aagzb 
31800 6.81574e+06 204 33410.5 0.00490196 106 106 0 39 5 2 242 0 33410.5 3145558 106-aahgc 
31900 6.75021e+06 206 32768 0.00485437 106 106 0 49 9 7 243 0 32768 3182178 106-aahyg 
32000 6.81574e+06 204 33410.5 0.00490196 106 106 0 39 5 4 241 0 33410.5 3176717 106-aahvw 
32100 6.81574e+06 205 33247.5 0.00487805 106 106 0 62 10 7 242 0 33247.5 3159387 106-aahmg 
32200 6.81574e+06 205 33247.5 0.00487805 106 106 0 53 2 1 242 0 33247.5 3159387 106-aahmg 
32300 6.81574e+06 206 33086.1 0.00485437 106 106 0 31 1 1 241 0 33086.1 3198742 106-aaiib 
32400 7.01235e+06 210 33392.2 0.0047619 108 108 0 44 3 3 253 0 33392.2 3194802 108-aatvo 
32500 7.01235e+06 210 33392.2 0.0047619 108 108 0 70 6 4 253 0 33392.2 3194802 108-aatvo 
32600 6.94682e+06 209 33238.4 0.00478469 107 107 0 39 4 3 249 0 33238.4 3239082 107-aakvj 
32700 7.01235e+06 210 33392.2 0.0047619 108 108 0 48 4 3 253 0 33392.2 3194802 108-aatvo 
32800 7.01235e+06 210 33392.2 0.0047619 108 108 0 46 6 6 253 0 33392.2 3194802 108-aatvo 
32900 6.81574e+06 204 33410.5 0.00490196 106 106 0 49 5 3 245 0 33410.5 3285839 106-aakfi 
33000 6.94682e+06 207 33559.5 0.00483092 108 108 0 33 7 5 243 0 33559.5 3279237 108-aaukq 
33100 7.07789e+06 212 33386.3 0.00471698 108 108 0 63 8 4 261 0 33386.3 3307040 108-aauro 
33200 6.88128e+06 205 33567.2 0.00487805 107 107 0 63 9 8 241 0 33567.2 3295998 107-aaljj 
33300 6.88128e+06 206 33404.3 0.00485437 108 108 0 41 5 1 243 0 33404.3 3286441 108-aaumj 
33400 6.88128e+06 205 33567.2 0.00487805 106 106 0 46 1 0 252 0 33567.2 3331959 106-aalch 
33500 6.81574e+06 204 33410.5 0.00490196 106 106 0 45 7 6 246 0 33410.5 3320828 106-aakwr 
33600 6.88128e+06 205 33567.2 0.00487805 107 107 0 31 6 5 242 0 33567.2 3353053 107-aalzs 
33700 6.81574e+06 206 33086.1 0.00485437 106 106 0 34 2 2 248 0 33086.1 3363171 106-aalpa 
33800 6.88128e+06 205 33567.2 0.00487805 107 107 0 49 3 2 248 0 33567.2 3389183 107-aamkz 
33900 6.88128e+06 205 33567.2 0.00487805 107 107 0 48 1 1 248 0 33567.2 3389183 107-aamkz 
34000 6.88128e+06 207 33242.9 0.00483092 108 108 0 31 1 1 246 0 33242.9 3393083 108-aavvc 
34100 6.88128e+06 205 33567.2 0.00487805 107 107 0 37 9 5 248 0 33567.2 3389183 107-aamkz 
34200 6.94682e+06 206 33722.4 0.00485437 108 108 0 43 4 2 245 0 33722.4 3332594 108-aauxu 
34300 6.94682e+06 208 33398.2 0.00480769 107 107 0 45 4 4 258 0 33398.2 3397505 107-aamnj 
34400 6.94682e+06 208 33398.2 0.00480769 107 107 0 49 7 6 258 0 33398.2 3397505 107-aamnj 
34500 6.94682e+06 207 33559.5 0.00483092 108 108 0 39 5 4 248 0 33559.5 3426336 108-aawln 
34600 6.94682e+06 207 33559.5 0.00483092 108 108 0 62 4 2 248 0 33559.5 3426336 108-aawln 
34700 6.75021e+06 204 33089.3 0.00490196 105 105 0 50 8 6 248 0 33089.3 3466785 105-aaxir 
34800 6.88128e+06 206 33404.3 0.00485437 106 106 0 62 12 8 254 0 33404.3 3497147 106-aanjq 
34900 6.88128e+06 205 33567.2 0.00487805 108 108 0 37 5 2 261 0 33567.2 3510995 108-aaxtj 
35000 7.01235e+06 209 33551.9 0.00478469 108 108 0 38 8 7 269 0 33551.9 3509792 108-aaxsw 
35100 7.01235e+06 210 33392.2 0.0047619 109 109 0 71 8 7 251 0 33392.2 3539125 109-aamic 
35200 7.01235e+06 208 33713.2 0.00480769 107 107 0 46 9 6 268 0 33713.2 3521752 107-aaodz 
35300 6.88128e+06 207 33242.9 0.00483092 106 106 0 50 6 4 257 0 33242.9 3563185 106-aaomn 
35400 7.01235e+06 210 33392.2 0.0047619 108 108 0 56 8 3 271 0 33392.2 3571196 108-aaynj 
35500 6.88128e+06 205 33567.2 0.00487805 105 105 0 52 10 10 260 0 33567.2 3524046 105-aaxmu 
35600 6.88128e+06 209 32924.8 0.00478469 105 105 0 46 2 2 277 0 32924.8 3587034 105-aaxvo 
35700 6.88128e+06 206 33404.3 0.00485437 106 106 0 39 5 4 247 0 33404.3 3589913 106-aaouw 
35800 7.01235e+06 210 33392.2 0.0047619 108 108 0 76 10 8 271 0 33392.2 3595523 108-aaywq 
35900 6.88128e+06 205 33567.2 0.00487805 106 106 0 39 5 4 269 0 33567.2 3631726 106-aapgz 
36000 7.01235e+06 209 33551.9 0.00478469 108 108 0 39 8 5 276 0 33551.9 3623789 108-aazhq 
36100 6.94682e+06 205 33886.9 0.00487805 109 109 0 52 8 8 270 0 33886.9 3643088 109-aamqk 
36200 6.88128e+06 206 33404.3 0.00485437 105 105 0 66 18 16 262 0 33404.3 3641038 105-aaygs 
36300 7.01235e+06 207 33876.1 0.00483092 108 107.996 0 65 13 13 271 0 33876.1 3673253 108-aazze 
36400 6.88128e+06 205 33567.2 0.00487805 105 105.004 0 46 9 6 261 0 33567.2 3604831 105-aaxzm 
36500 7.01235e+06 210 33392.2 0.0047619 108 108 0 35 9 6 279 0 33392.2 3647745 108-aazqc 
36600 7.01235e+06 207 33876.1 0.00483092 107 107 0 32 7 4 271 0 33876.1 3686335 107-aapmk 
36700 7.01235e+06 207 33876.1 0.00483092 107 107 0 50 3 3 271 0 33876.1 3686335 107-aapmk 
36800 6.88128e+06 205 33567.2 0.00487805 105 105 0 38 2 1 268 0 33567.2 3738807 105-aazbk 
36900 7.01235e+06 208 33713.2 0.00480769 107 107 0 45 6 6 277 0 33713.2 3724397 107-aapyh 
37000 7.01235e+06 207 33876.1 0.00483092 107 107 0 55 6 4 272 0 33876.1 3751727 107-aaqfu 
37100 7.01235e+06 207 33876.1 0.00483092 107 107 0 64 13 6 272 0 33876.1 3751727 107-aaqfu 
37200 6.94682e+06 208 33398.2 0.00480769 107 107 0 53 6 3 284 0 33398.2 3751335 107-aaqfm 
37300 6.88128e+06 204 33731.8 0.00490196 105 105 0 32 5 5 264 0 33731.8 3785843 105-aazjn 
37400 6.88128e+06 206 33404.3 0.00485437 105 105 0 32 8 5 264 0 33404.3 3776588 105-aazhw 
37500 7.01235e+06 208 33713.2 0.00480769 107 107 0 39 2 2 277 0 33713.2 3775654 107-aaqpl 
37600 6.94682e+06 206 33722.4 0.00485437 107 107.01 0 54 10 5 274 0 33722.4 3796345 107-aaqzu 
37700 6.94682e+06 206 33722.4 0.00485437 107 107.005 0 43 5 4 274 0 33722.4 3796345 107-aaqzu 
37800 6.94682e+06 206 33722.4 0.00485437 106 106 0 51 9 7 277 0 33722.4 3840738 106-aaqyy 
37900 7.01235e+06 207 33876.1 0.00483092 108 108 0 47 3 3 275 0 33876.1 3859949 108-abbnh 
38000 7.01235e+06 207 33876.1 0.00483092 108 108 0 38 3 2 275 0 33876.1 3859949 108-abbnh 
38100 7.01235e+06 207 33876.1 0.00483092 107 107 0 42 4 3 279 0 33876.1 3876408 107-aasnu 
38200 7.01235e+06 206 34040.5 0.00485437 108 108 0 69 9 7 280 0 34040.5 3855648 108-abbmo 
38300 7.01235e+06 206 34040.5 0.00485437 108 108 0 37 5 4 280 0 34040.5 3855648 108-abbmo 
38400 7.01235e+06 207 33876.1 0.00483092 108 108 0 48 1 1 277 0 33876.1 3913937 108-abbys 
38500 6.88128e+06 205 33567.2 0.00487805 106 106.001 0 68 12 7 285 0 33567.2 3857109 106-aarcv 
38600 7.01235e+06 209 33551.9 0.00478469 107 107 0 46 13 8 276 0 33551.9 3872376 107-aaslr 
38700 7.01235e+06 207 33876.1 0.00483092 108 108 0 39 8 6 284 0 33876.1 3903787 108-abbwh 
38800 7.01235e+06 207 33876.1 0.00483092 108 108 0 47 7 5 282 0 33876.1 3916473 108-abcbk 
38900 7.01235e+06 208 33713.2 0.00480769 107 107 0 32 0 0 282 0 33713.2 3967114 107-aauew 
39000 7.01235e+06 208 33713.2 0.00480769 107 107 0 48 6 3 282 0 33713.2 3967114 107-aauew 
39100 7.01235e+06 208 33713.2 0.00480769 107 107 0 35 4 2 277 0 33713.2 4003238 107-aauzq 
39200 7.01235e+06 208 33713.2 0.00480769 107 107 0 42 2 2 276 0 33713.2 3933590 107-aatox 
39300 7.01235e+06 207 33876.1 0.00483092 107 107 0 59 13 9 289 0 33876.1 4006212 107-aauzp 
39400 7.01235e+06 207 33876.1 0.00483092 107 107 0 36 2 2 289 0 33876.1 4006212 107-aauzp 
39500 7.01235e+06 206 34040.5 0.00485437 107 107 0 62 9 9 290 0 34040.5 4012844 107-aavfa 
39600 7.07789e+06 217 32617 0.00460829 113 113 0 54 10 9 279 0 32617 4048287 113-aahvi 
39700 7.07789e+06 217 32617 0.00460829 113 113 0 40 8 3 279 0 32617 4048287 113-aahvi 
39800 7.01235e+06 206 34040.5 0.00485437 108 108 0 56 4 3 283 0 34040.5 4042338 108-abdhh 
39900 7.01235e+06 206 34040.5 0.00485437 108 108 0 58 11 9 283 0 34040.5 4042338 108-abdhh 
40000 6.94682e+06 206 33722.4 0.00485437 107 107 0 43 3 2 281 0 33722.4 4048762 107-aavxl 
40100 6.94682e+06 204 34053 0.00490196 108 108 0 87 19 15 281 0 34053 4068667 108-abdml 
40200 7.01235e+06 206 34040.5 0.00485437 108 108 0 50 7 3 286 0 34040.5 4103305 108-abdvp 
40300 7.01235e+06 206 34040.5 0.00485437 108 108 0 51 5 3 286 0 34040.5 4103305 108-abdvp 
40400 6.94682e+06 204 34053 0.00490196 108 108 0 55 8 3 281 0 34053 4068667 108-abdml 
40500 7.01235e+06 206 34040.5 0.00485437 107 107 0 63 6 4 292 0 34040.5 4120263 107-aaxkx 
40600 7.01235e+06 206 34040.5 0.00485437 107 107 0 72 10 8 292 0 34040.5 4120263 107-aaxkx 
40700 7.01235e+06 206 34040.5 0.00485437 107 107 0 54 6 5 292 0 34040.5 4120263 107-aaxkx 
40800 6.94682e+06 207 33559.5 0.00483092 107 107 0 38 6 5 297 0 33559.5 4162710 107-aaycf 
40900 6.94682e+06 207 33559.5 0.00483092 107 107 0 46 3 2 297 0 33559.5 4162710 107-aaycf 
41000 6.94682e+06 205 33886.9 0.00487805 107 107 0 38 10 4 293 0 33886.9 4201021 107-aayqj 
41100 7.01235e+06 206 34040.5 0.00485437 107 107 0 43 0 0 284 0 34040.5 4211140 107-aayuc 
41200 7.01235e+06 205 34206.6 0.00487805 108 108 0 39 10 8 288 0 34206.6 4197469 108-abfke 
41300 6.94682e+06 206 33722.4 0.00485437 107 107 0 50 8 2 288 0 33722.4 4200609 107-aayrk 
41400 6.94682e+06 206 33722.4 0.00485437 107 107 0 58 4 1 288 0 33722.4 4200609 107-aayrk 
41500 7.14342e+06 206 34676.8 0.00485437 109 109 0 50 6 3 299 0 34676.8 4155321 109-aanpt 
41600 7.01235e+06 206 34040.5 0.00485437 109 109 0 34 2 2 302 0 34040.5 4295767 109-aaoed 
41700 6.94682e+06 205 33886.9 0.00487805 107 107 0 31 4 1 298 0 33886.9 4296964 107-aazvq 
41800 7.01235e+06 206 34040.5 0.00485437 109 109 0 40 4 3 302 0 34040.5 4295767 109-aaoed 
41900 7.01235e+06 206 34040.5 0.00485437 108 108 0 39 11 8 291 0 34040.5 4304741 108-abgvh 
42000 7.07789e+06 206 34358.7 0.00485437 109 109 0 80 15 9 306 0 34358.7 4292633 109-aaodr 
42100 7.07789e+06 206 34358.7 0.00485437 109 109 0 50 12 10 306 0 34358.7 4292633 109-aaodr 
42200 7.14342e+06 205 34846 0.00487805 109 109 0 68 2 2 301 0 34846 4328708 109-aaomg 
42300 7.14342e+06 205 34846 0.00487805 109 109 0 61 12 8 301 0 34846 4328708 109-aaomg 
42400 7.07789e+06 206 34358.7 0.00485437 109 109 0 43 4 4 309 0 34358.7 4354045 109-aaotw 
42500 7.07789e+06 205 34526.3 0.00487805 109 109 0 33 1 0 302 0 34526.3 4357830 109-aaovj 
42600 7.07789e+06 207 34192.7 0.00483092 108 108 0 58 15 11 312 0 34192.7 4380721 108-abhws 
42700 7.14342e+06 205 34846 0.00487805 109 109 0 34 2 2 301 0 34846 4328708 109-aaomg 
42800 7.07789e+06 206 34358.7 0.00485437 109 109 0 35 3 2 311 0 34358.7 4425577 109-aapzj 
42900 7.14342e+06 205 34846 0.00487805 109 109 0 55 3 2 305 0 34846 4420487 109-aapwu 
43000 7.14342e+06 205 34846 0.00487805 109 109 0 43 5 2 303 0 34846 4419494 109-aapxj 
43100 7.14342e+06 206 34676.8 0.00485437 110 109.994 0 48 3 3 305 0 34676.8 4457168 110-aafin 
43200 7.14342e+06 208 34343.4 0.00480769 109 109 0 40 0 0 314 0 34343.4 4460028 109-aaqvj 
43300 7.01235e+06 204 34374.3 0.00490196 109 109 0 61 15 13 317 0 34374.3 4464974 109-aaqya 
43400 7.14342e+06 206 34676.8 0.00485437 110 110 0 49 4 3 306 0 34676.8 4475757 110-aafiz 
43500 7.14342e+06 206 34676.8 0.00485437 110 109.999 0 71 9 8 305 0 34676.8 4457168 110-aafin 
43600 7.14342e+06 205 34846 0.00487805 109 109 0 42 0 0 307 0 34846 4493173 109-aarts 
43700 7.14342e+06 207 34509.3 0.00483092 110 110 0 51 10 6 306 0 34509.3 4510040 110-aafnx 
43800 7.14342e+06 205 34846 0.00487805 109 109 0 65 8 6 309 0 34846 4514329 109-aaskk 
43900 7.14342e+06 205 34846 0.00487805 109 109 0 61 10 5 309 0 34846 4514329 109-aaskk 
44000 7.14342e+06 205 34846 0.00487805 109 109 0 40 2 0 305 0 34846 4524402 109-aassl 
44100 7.14342e+06 206 34676.8 0.00485437 109 109 0 44 4 1 307 0 34676.8 4551991 109-aatqw 
44200 7.14342e+06 207 34509.3 0.00483092 109 109 0 53 3 3 311 0 34509.3 4522380 109-aasqo 
44300 7.14342e+06 205 34846 0.00487805 109 109 0 53 13 8 309 0 34846 4514329 109-aaskk 
44400 7.14342e+06 205 34846 0.00487805 109 109 0 55 4 1 309 0 34846 4514329 109-aaskk 
44500 7.07789e+06 204 34695.5 0.00490196 109 109 0 58 14 9 308 0 34695.5 4524307 109-aaste 
44600 7.14342e+06 205 34846 0.00487805 109 109 0 54 9 6 309 0 34846 4601791 109-aavnp 
44700 7.14342e+06 205 34846 0.00487805 109 109 0 57 13 8 309 0 34846 4601791 109-aavnp 
44800 7.14342e+06 205 34846 0.00487805 109 109 0 52 2 1 309 0 34846 4601791 109-aavnp 
44900 7.14342e+06 205 34846 0.00487805 109 109 0 48 1 1 309 0 34846 4601791 109-aavnp 
45000 7.14342e+06 206 34676.8 0.00485437 109 109 0 47 4 4 310 0 34676.8 4637743 109-aawvw 
45100 7.07789e+06 204 34695.5 0.00490196 108 108 0 51 2 1 311 0 34695.5 4605891 108-abknw 
45200 7.07789e+06 204 34695.5 0.00490196 108 108 0 50 11 9 311 0 34695.5 4605891 108-abknw 
45300 7.01235e+06 203 34543.6 0.00492611 108 108 0 39 4 3 314 0 34543.6 4689001 108-ablup 
45400 7.14342e+06 204 35016.8 0.00490196 109 109 0 39 9 8 310 0 35016.8 4605008 109-aavqu 
45500 7.14342e+06 204 35016.8 0.00490196 109 109 0 69 5 4 310 1 35016.8 4605008 109-aavqu 
45600 7.14342e+06 205 34846 0.00487805 109 109 0 40 11 11 314 0 34846 4711523 109-aazjp 
45700 7.14342e+06 205 34846 0.00487805 109 109 0 79 11 10 314 0 34846 4711523 109-aazjp 
45800 7.01235e+06 205 34206.6 0.00487805 109 109 0 54 8 5 310 0 34206.6 4723029 109-aazsv 
45900 7.14342e+06 205 34846 0.00487805 109 109 0 38 3 2 315 0 34846 4738453 109-abafr 
46000 7.14342e+06 205 34846 0.00487805 109 109 0 35 8 5 314 0 34846 4779429 109-abbll 
46100 7.14342e+06 205 34846 0.00487805 109 109 0 98 11 7 318 0 34846 4786206 109-abbql 
46200 7.14342e+06 205 34846 0.00487805 109 109 0 77 11 8 318 0 34846 4786206 109-abbql 
46300 7.07789e+06 204 34695.5 0.00490196 108 108 0 79 6 6 313 0 34695.5 4769781 108-abnfq 
46400 7.14342e+06 206 34676.8 0.00485437 109 109 0 50 4 4 312 0 34676.8 4806233 109-abchb 
46500 7.14342e+06 206 34676.8 0.00485437 109 109 0 91 10 6 312 0 34676.8 4806233 109-abchb 
46600 7.14342e+06 206 34676.8 0.00485437 109 109 0 67 8 7 312 0 34676.8 4806233 109-abchb 
46700 7.14342e+06 206 34676.8 0.00485437 109 109 0 59 6 4 312 0 34676.8 4806233 109-abchb 
46800 7.14342e+06 206 34676.8 0.00485437 109 109 0 60 4 4 312 0 34676.8 4806233 109-abchb 
46900 7.07789e+06 204 34695.5 0.00490196 108 108 0 46 5 4 324 0 34695.5 4855137 108-abosg 
47000 6.88128e+06 198 34753.9 0.00505051 107 107 0 37 8 5 329 0 34753.9 4861724 107-abclb 
47100 7.14342e+06 207 34509.3 0.00483092 109 109 0 48 9 5 318 0 34509.3 4897691 109-abeyt 
47200 7.07789e+06 205 34526.3 0.00487805 108 108 0 47 7 5 319 0 34526.3 4905066 108-abpph 
47300 7.07789e+06 205 34526.3 0.00487805 108 108 0 45 8 5 331 0 34526.3 4929693 108-abqaa 
47400 7.07789e+06 204 34695.5 0.00490196 109 109 0 55 4 3 320 0 34695.5 4914983 109-abflr 
47500 7.07789e+06 205 34526.3 0.00487805 108 108 0 44 8 3 319 0 34526.3 4905066 108-abpph 
47600 6.94682e+06 199 34908.6 0.00502513 108 108 0 32 5 4 327 0 34908.6 4958061 108-abqmv 
47700 7.07789e+06 204 34695.5 0.00490196 108 108 0 42 4 3 327 0 34695.5 4959965 108-abqob 
47800 6.94682e+06 202 34390.2 0.0049505 108 108 0 49 9 6 320 0 34390.2 4934801 108-abqcn 
47900 7.14342e+06 206 34676.8 0.00485437 109 109 0 43 8 3 321 0 34676.8 4879279 109-abeld 
48000 7.01235e+06 205 34206.6 0.00487805 107 107 0 49 6 5 323 0 34206.6 4907108 107-abcol 
48100 7.01235e+06 205 34206.6 0.00487805 109 109 0 38 1 1 325 0 34206.6 5004496 109-abhra 
48200 7.14342e+06 206 34676.8 0.00485437 109 109 0 49 13 9 322 0 34676.8 4979569 109-abhby 
48300 7.14342e+06 206 34676.8 0.00485437 109 109 0 47 4 4 322 0 34676.8 4979569 109-abhby 
48400 7.07789e+06 207 34192.7 0.00483092 108 108 0 33 4 4 325 0 34192.7 5036834 108-abrwz 
48500 7.07789e+06 206 34358.7 0.00485437 110 110 0 55 5 4 333 0 34358.7 5045105 110-aahgv 
48600 7.07789e+06 206 34358.7 0.00485437 110 110 0 43 13 10 333 0 34358.7 5045105 110-aahgv 
48700 7.01235e+06 205 34206.6 0.00487805 107 107 0 45 3 2 323 0 34206.6 4907108 107-abcol 
48800 7.01235e+06 206 34040.5 0.00485437 108 108.002 0 50 5 2 328 0 34040.5 5071565 108-abshv 
48900 7.01235e+06 206 34040.5 0.00485437 108 108.002 0 63 15 13 328 0 34040.5 5071565 108-abshv 
49000 7.07789e+06 205 34526.3 0.00487805 109 109 0 35 6 5 327 0 34526.3 5099373 109-abjri 
49100 7.07789e+06 204 34695.5 0.00490196 109 109 0 43 6 6 331 0 34695.5 5122776 109-abkgu 
49200 6.94682e+06 200 34734.1 0.005 107 107 0 67 6 3 336 0 34734.1 5124358 107-abesl 
49300 6.94682e+06 200 34734.1 0.005 107 107 0 80 7 4 336 0 34734.1 5124358 107-abesl 
49400 6.94682e+06 200 34734.1 0.005 107 107 0 78 13 11 336 0 34734.1 5124358 107-abesl 
49500 6.94682e+06 200 34734.1 0.005 107 107 0 47 4 4 336 0 34734.1 5124358 107-abesl 
49600 6.94682e+06 200 34734.1 0.005 107 107 0 56 12 8 338 0 34734.1 5176492 107-abfoy 
49700 6.94682e+06 201 34561.3 0.00497512 108 108 0 38 0 0 342 0 34561.3 5170473 108-abtno 
49800 6.94682e+06 199 34908.6 0.00502513 107 107 0 57 6 4 337 0 34908.6 5172672 107-abfmu 
49900 6.88128e+06 200 34406.4 0.005 107 107 0 53 5 5 341 0 34406.4 5199397 107-abgbk 
50000 6.88128e+06 201 34235.2 0.00497512 107 107 0 62 12 10 341 0 34235.2 5202862 107-abgdh 
50100 6.94682e+06 200 34734.1 0.005 107 107 0 54 12 8 339 0 34734.1 5213013 107-abgix 
50200 7.07789e+06 207 34192.7 0.00483092 109 109 0 38 8 7 329 0 34192.7 5213906 109-abmew 
50300 7.14342e+06 206 34676.8 0.00485437 109 109 0 38 6 5 331 0 34676.8 5247302 109-abmqa 
50400 6.81574e+06 199 34250 0.00502513 107 107 0 39 1 0 343 0 34250 5256623 107-abhkv 
50500 6.81574e+06 199 34250 0.00502513 107 107 0 62 10 9 343 0 34250 5256623 107-abhkv 
50600 6.81574e+06 199 34250 0.00502513 107 107 0 80 9 7 343 0 34250 5256623 107-abhkv 
50700 6.81574e+06 199 34250 0.00502513 107 107 0 54 13 9 343 0 34250 5256623 107-abhkv 
50800 6.88128e+06 199 34579.3 0.00502513 107 107 0 88 12 10 343 0 34579.3 5299418 107-abilt 
50900 6.88128e+06 199 34579.3 0.00502513 107 107 0 63 13 11 343 0 34579.3 5299418 107-abilt 
51000 6.88128e+06 199 34579.3 0.00502513 107 107 0 38 7 3 343 0 34579.3 5299418 107-abilt 
51100 7.01235e+06 201 34887.3 0.00497512 108 108 0 47 7 4 343 0 34887.3 5321602 108-abuon 
51200 6.88128e+06 199 34579.3 0.00502513 107 107 0 40 1 1 343 0 34579.3 5343706 107-abjrc 
51300 6.94682e+06 199 34908.6 0.00502513 107 107 0 36 6 4 341 0 34908.6 5349608 107-abjuq 
51400 7.01235e+06 201 34887.3 0.00497512 108 108 0 50 7 6 343 0 34887.3 5321602 108-abuon 
51500 6.94682e+06 198 35084.9 0.00505051 107 107 0 52 1 1 344 0 35084.9 5363936 107-abkcr 
51600 7.14342e+06 205 34846 0.00487805 109 109 0 56 4 4 334 0 34846 5377472 109-abohe 
51700 6.94682e+06 202 34390.2 0.0049505 106 106 0 35 8 5 346 0 34390.2 5343449 106-aawak 
51800 6.94682e+06 200 34734.1 0.005 107 107 0 41 10 3 348 0 34734.1 5399363 107-abkzp 
51900 6.94682e+06 200 34734.1 0.005 107 107 0 38 9 5 344 0 34734.1 5375174 107-abkjp 
52000 7.07789e+06 205 34526.3 0.00487805 108 108 0 46 5 4 359 0 34526.3 5397976 108-abvks 
52100 6.94682e+06 199 34908.6 0.00502513 107 107 0 35 7 4 342 0 34908.6 5382912 107-abkpu 
52200 7.01235e+06 202 34714.6 0.0049505 108 108 0 42 9 7 349 0 34714.6 5455593 108-abwbw 
52300 6.94682e+06 199 34908.6 0.00502513 107 107 0 31 2 1 344 0 34908.6 5455363 107-abmjz 
52400 6.94682e+06 197 35263 0.00507614 107 107 0 45 6 5 348 0 35263 5483940 107-abnek 
52500 6.88128e+06 199 34579.3 0.00502513 107 107 0 62 7 6 352 0 34579.3 5484725 107-abnfi 
52600 6.94682e+06 202 34390.2 0.0049505 108 108 0 53 2 1 351 0 34390.2 5479600 108-abwkm 
52700 6.94682e+06 197 35263 0.00507614 107 107 0 52 4 4 350 0 35263 5508528 107-abnwl 
52800 6.94682e+06 198 35084.9 0.00505051 107 107 0 29 7 4 343 0 35084.9 5507041 107-abntd 
52900 6.94682e+06 199 34908.6 0.00502513 107 107 0 34 5 4 345 0 34908.6 5416209 107-abljb 
53000 7.01235e+06 199 35237.9 0.00502513 108 108 0 40 4 4 349 0 35237.9 5549464 108-abxiu 
53100 7.01235e+06 201 34887.3 0.00497512 108 108 0 50 3 0 352 0 34887.3 5563712 108-abxnp 
53200 6.94682e+06 200 34734.1 0.005 108 108 0 37 4 2 352 0 34734.1 5555475 108-abxkz 
53300 6.94682e+06 202 34390.2 0.0049505 107 107 0 46 7 6 353 0 34390.2 5573848 107-abptk 
53400 7.01235e+06 201 34887.3 0.00497512 108 108 0 57 7 5 354 0 34887.3 5600759 108-abybd 
53500 7.01235e+06 204 34374.3 0.00490196 108 107.989 0 50 9 8 362 0 34374.3 5594886 108-abxyf 
53600 7.01235e+06 204 34374.3 0.00490196 108 108 0 44 5 3 363 0 34374.3 5621809 108-abyhx 
53700 6.94682e+06 200 34734.1 0.005 107 107 0 41 10 8 351 0 34734.1 5627922 107-abrcz 
53800 6.94682e+06 200 34734.1 0.005 107 107 0 34 2 0 350 0 34734.1 5611744 107-abqsd 
53900 6.94682e+06 200 34734.1 0.005 107 107 0 40 5 2 351 0 34734.1 5627922 107-abrcz 
54000 6.94682e+06 200 34734.1 0.005 107 107 0 37 2 2 351 0 34734.1 5627922 107-abrcz 
54100 6.94682e+06 200 34734.1 0.005 107 107 0 32 4 4 351 0 34734.1 5627922 107-abrcz 
54200 7.07789e+06 203 34866.4 0.00492611 108 108 0 43 3 2 361 0 34866.4 5682021 108-abznd 
54300 6.94682e+06 198 35084.9 0.00505051 108 108 0 45 5 3 351 0 35084.9 5632973 108-abync 
54400 6.94682e+06 198 35084.9 0.00505051 108 108 0 37 2 1 351 0 35084.9 5632973 108-abync 
54500 6.75021e+06 198 34092 0.00505051 107 107 0 36 4 4 354 0 34092 5711923 107-abtcb 
54600 6.94682e+06 198 35084.9 0.00505051 108 108 0 64 5 3 351 0 35084.9 5632973 108-abync 
54700 7.01235e+06 199 35237.9 0.00502513 108 108 0 43 8 7 355 0 35237.9 5740198 108-acapy 
54800 7.01235e+06 200 35061.8 0.005 108 108 0 37 9 7 355 0 35061.8 5725248 108-acaio 
54900 7.01235e+06 199 35237.9 0.00502513 108 108 0 41 10 8 357 0 35237.9 5754338 108-acawz 
55000 7.01235e+06 202 34714.6 0.0049505 108 108 0 50 10 7 366 0 34714.6 5781997 108-acbmt 
55100 7.02387e+06 200.176 35088.4 0.00499563 109 109 0 46 2 2 365 0 35213.4 5796532 109-abquu 
55200 6.94682e+06 201 34561.3 0.00497512 108 108 0 32 2 2 362 0 34561.3 5813791 108-accgp 
55300 7.01235e+06 199 35237.9 0.00502513 108 108 0 44 9 9 357 0 35237.9 5754338 108-acawz 
55400 7.01235e+06 200 35061.8 0.005 108 108 0 40 0 0 359 0 35061.8 5790213 108-acbsc 
55500 6.94682e+06 198 35084.9 0.00505051 108 108 0 67 7 5 354 0 35084.9 5796129 108-acbwq 
55600 7.07789e+06 201 35213.4 0.00497512 109 109 0 56 6 4 362 0 35213.4 5793313 109-abqul 
55700 6.94682e+06 198 35084.9 0.00505051 108 108 0 69 7 6 354 0 35084.9 5796129 108-acbwq 
55800 7.01235e+06 200 35061.8 0.005 109 109 0 41 3 3 367 0 35061.8 5839909 109-abrap 
55900 7.07789e+06 201 35213.4 0.00497512 109 109 0 54 7 4 362 0 35213.4 5793313 109-abqul 
56000 7.07789e+06 201 35213.4 0.00497512 109 109 0 37 3 2 362 0 35213.4 5793313 109-abqul 
56100 7.01235e+06 199 35237.9 0.00502513 108 108 0 44 5 4 361 0 35237.9 5885831 108-acdvp 
56200 6.88128e+06 203 33897.9 0.00492611 106 106 0 32 1 0 366 0 33897.9 5929793 106-aayoh 
56300 7.07789e+06 202 35039 0.0049505 109 109 0 44 5 4 365 0 35039 5920817 109-abrtt 
56400 7.07789e+06 202 35039 0.0049505 109 109 0 41 10 9 365 0 35039 5920817 109-abrtt 
56500 7.01235e+06 199 35237.9 0.00502513 108 108 0 53 9 6 363 0 35237.9 5960138 108-acfgf 
56600 7.01235e+06 200 35061.8 0.005 108 108 0 46 1 0 371 0 35061.8 5944531 108-acfag 
56700 7.01235e+06 200 35061.8 0.005 108 108 0 37 4 4 371 0 35061.8 5944531 108-acfag 
56800 7.01235e+06 203 34543.6 0.00492611 109 109 0 48 11 10 373 0 34543.6 6005382 109-absxj 
56900 7.01235e+06 203 34543.6 0.00492611 109 109 0 91 15 11 373 0 34543.6 6005382 109-absxj 
57000 7.01235e+06 202 34714.6 0.0049505 108 108 0 36 5 4 370 0 34714.6 5981400 108-acfny 
57100 6.88128e+06 199 34579.3 0.00502513 108 108 0 35 10 6 360 0 34579.3 6052129 108-acgrr 
57200 7.01235e+06 202 34714.6 0.0049505 108 108 0 32 4 3 369 0 34714.6 6060081 108-acgug 
57300 6.94682e+06 200 34734.1 0.005 107 107 0 35 8 6 377 0 34734.1 6050717 107-abwur 
57400 7.01235e+06 202 34714.6 0.0049505 108 108 0 42 6 3 376 0 34714.6 6068767 108-acgzi 
57500 7.01235e+06 201 34887.3 0.00497512 109 109 0 34 11 9 375 0 34887.3 6103835 109-abula 
57600 7.01235e+06 202 34714.6 0.0049505 108 108 0 32 2 1 377 0 34714.6 6098334 108-achqg 
57700 7.01235e+06 203 34543.6 0.00492611 108 108 0 61 9 8 375 0 34543.6 6079719 108-achfm 
57800 7.01235e+06 198 35415.9 0.00505051 108 108 0 51 10 7 367 0 35415.9 6079265 108-achez 
57900 7.01235e+06 198 35415.9 0.00505051 108 108 0 41 6 2 367 0 35415.9 6079265 108-achez 
58000 7.01235e+06 203 34543.6 0.00492611 108 108 0 33 2 2 376 0 34543.6 6142063 108-acilo 
58100 6.94682e+06 197 35263 0.00507614 107 107.01 0 40 6 4 370 0 35263 6165421 107-abxlm 
58200 6.94682e+06 198 35084.9 0.00505051 107 107 0 36 1 0 372 0 35084.9 6150700 107-abxjg 
58300 7.01235e+06 199 35237.9 0.00502513 108 108 0 59 9 8 365 0 35237.9 6133340 108-acign 
58400 7.0236e+06 201.172 34913.4 0.0049709 109 109 0 63 18 12 376 0 35039 6154916 109-abvba 
58500 7.01235e+06 199 35237.9 0.00502513 108 108 0 35 2 1 370 0 35237.9 6205026 108-acjuv 
58600 7.01235e+06 199 35237.9 0.00502513 108 108 0 43 4 3 368 0 35237.9 6200970 108-acjso 
58700 7.07789e+06 200 35389.4 0.005 109 109 0 38 7 4 368 0 35389.4 6161864 109-abvdj 
58800 6.94682e+06 197 35263 0.00507614 108 108 0 37 3 3 370 0 35263 6232069 108-ackis 
58900 6.94682e+06 197 35263 0.00507614 108 108 0 51 2 2 370 0 35263 6232069 108-ackis 
59000 7.01235e+06 201 34887.3 0.00497512 108 108 0 42 6 4 376 0 34887.3 6252665 108-acktp 
59100 6.94682e+06 198 35084.9 0.00505051 108 108 0 32 3 1 372 0 35084.9 6277103 108-aclil 
59200 6.94682e+06 198 35084.9 0.00505051 108 108 0 35 4 3 372 0 35084.9 6277103 108-aclil 
59300 6.94682e+06 200 34734.1 0.005 108 108 0 40 3 3 376 0 34734.1 6278733 108-aclhx 
59400 6.94682e+06 198 35084.9 0.00505051 108 108 0 62 13 8 373 0 35084.9 6308798 108-acmen 
59500 7.01235e+06 198 35415.9 0.00505051 108 108 0 41 8 5 375 0 35415.9 6276386 108-aclgv 
59600 6.94682e+06 198 35084.9 0.00505051 108 108 0 67 3 3 373 0 35084.9 6308798 108-acmen 
59700 7.01235e+06 201 34887.3 0.00497512 108 108 0 33 8 6 376 0 34887.3 6348319 108-acngu 
59800 6.94682e+06 198 35084.9 0.00505051 108 108 0 58 17 13 373 0 35084.9 6308798 108-acmen 
59900 6.94682e+06 198 35084.9 0.00505051 107 107 0 34 2 1 377 0 35084.9 6342659 107-abyuo 
60000 7.01235e+06 200 35061.8 0.005 108 108 0 46 7 6 378 0 35061.8 6396043 108-acokh 
60100 7.07789e+06 201 35213.4 0.00497512 109 109 0 40 7 7 373 0 35213.4 6368737 109-abxaa 
60200 7.01235e+06 201 34887.3 0.00497512 108 108 0 44 11 5 383 0 34887.3 6418413 108-acoxy 
60300 7.01235e+06 199 35237.9 0.00502513 108 108 0 33 9 7 375 0 35237.9 6418910 108-acoyi 
60400 6.94682e+06 200 34734.1 0.005 108 108 0 50 6 5 388 0 34734.1 6419597 108-acozo 
60500 7.07789e+06 203 34866.4 0.00492611 109 108.996 0 45 3 3 376 0 34866.4 6401736 109-abxdm 
60600 7.01235e+06 201 34887.3 0.00497512 108 108 0 48 7 5 374 0 34887.3 6449637 108-acppp 
60700 6.94682e+06 198 35084.9 0.00505051 107 107 0 58 7 5 378 0 35084.9 6443984 107-abzss 
60800 6.94682e+06 200 34734.1 0.005 108 108 0 33 4 3 389 0 34734.1 6498504 108-acqoa 
60900 7.01235e+06 200 35061.8 0.005 108 108 0 53 7 7 378 0 35061.8 6497333 108-acqnl 
61000 6.94682e+06 201 34561.3 0.00497512 108 108 0 43 7 7 385 0 34561.3 6516758 108-acqvv 
61100 6.94682e+06 198 35084.9 0.00505051 107 107 0 36 8 5 379 0 35084.9 6531391 107-acanf 
61200 6.88128e+06 199 34579.3 0.00502513 107 107 0 54 7 5 392 0 34579.3 6548006 107-acarh 
61300 6.94682e+06 199 34908.6 0.00502513 107 107 0 60 11 9 381 0 34908.6 6538657 107-acaou 
61400 6.94682e+06 199 34908.6 0.00502513 108 108 0 55 9 6 390 0 34908.6 6527456 108-acrcm 
61500 6.94682e+06 199 34908.6 0.00502513 108 108 0 60 5 4 390 0 34908.6 6527456 108-acrcm 
61600 6.94682e+06 199 34908.6 0.00502513 108 108 0 65 5 4 390 0 34908.6 6527456 108-acrcm 
61700 6.94682e+06 199 34908.6 0.00502513 108 108 0 51 14 9 390 0 34908.6 6527456 108-acrcm 
61800 7.07789e+06 200 35389.4 0.005 109 109 0 47 11 7 387 0 35389.4 6618866 109-abykr 
61900 6.94682e+06 201 34561.3 0.00497512 108 108 0 39 7 5 384 0 34561.3 6606670 108-acsut 
62000 6.88128e+06 200 34406.4 0.005 107 107 0 44 7 5 384 0 34406.4 6630915 107-acbty 
62100 7.07789e+06 201 35213.4 0.00497512 109 109 0 34 7 6 381 0 35213.4 6660496 109-abyrl 
62200 7.07789e+06 201 35213.4 0.00497512 109 109 0 41 9 6 381 0 35213.4 6660496 109-abyrl 
62300 7.01235e+06 199 35237.9 0.00502513 108 108.001 0 50 3 2 388 0 35237.9 6671401 108-actyk 
62400 6.94682e+06 200 34734.1 0.005 107 107 0 38 0 0 386 0 34734.1 6643307 107-acbwa 
62500 6.94682e+06 200 34734.1 0.005 107 107 0 34 3 2 387 0 34734.1 6689562 107-acckk 
62600 6.88128e+06 199 34579.3 0.00502513 107 107 0 71 11 7 388 0 34579.3 6694430 107-acclz 
62700 6.88128e+06 199 34579.3 0.00502513 107 107 0 63 8 5 388 0 34579.3 6694430 107-acclz 
62800 6.88128e+06 199 34579.3 0.00502513 107 107 0 40 6 5 388 0 34579.3 6694430 107-acclz 
62900 7.14342e+06 205 34846 0.00487805 110 110 0 37 6 5 388 0 34846 6755803 110-aaizs 
63000 7.07789e+06 210 33704.2 0.0047619 115 115 0 49 5 5 392 0 33704.2 6724035 115-aalua 
63100 7.01235e+06 202 34714.6 0.0049505 108 108 0 39 5 3 393 0 34714.6 6757507 108-acvpo 
63200 6.88128e+06 200 34406.4 0.005 106 106 0 41 8 4 391 0 34406.4 6769240 106-aazsf 
63300 6.94682e+06 201 34561.3 0.00497512 108 108 0 30 1 0 387 0 34561.3 6751815 108-acvnj 
63400 7.14342e+06 205 34846 0.00487805 110 110 0 44 3 3 387 0 34846 6716178 110-aaiwu 
63500 7.01235e+06 203 34543.6 0.00492611 108 108 0 43 3 2 391 0 34543.6 6826293 108-acwvp 
63600 6.88128e+06 199 34579.3 0.00502513 107 107 0 41 5 4 399 0 34579.3 6845472 107-acekv 
63700 6.94682e+06 201 34561.3 0.00497512 108 108 0 31 3 2 387 0 34561.3 6751815 108-acvnj 
63800 6.94682e+06 202 34390.2 0.0049505 108 108 0 34 5 4 397 0 34390.2 6849416 108-acxdg 
63900 6.94682e+06 200 34734.1 0.005 108 108 0 38 8 7 397 0 34734.1 6874186 108-acxki 
64000 6.88128e+06 199 34579.3 0.00502513 107 107 0 41 8 6 399 0 34579.3 6845472 107-acekv 
64100 6.94682e+06 200 34734.1 0.005 108 108 0 54 6 5 395 0 34734.1 6886661 108-acxot 
64200 7.01235e+06 202 34714.6 0.0049505 107 107 0 46 3 3 391 0 34714.6 6890387 107-aceyf 
64300 7.01235e+06 202 34714.6 0.0049505 107 107 0 40 13 12 391 0 34714.6 6890387 107-aceyf 
64400 7.14342e+06 203 35189.3 0.00492611 110 110 0 65 15 12 398 0 35189.3 6926773 110-aakbr 
64500 6.88128e+06 199 34579.3 0.00502513 107 107 0 52 4 3 399 0 34579.3 6845472 107-acekv 
64600 7.14342e+06 205 34846 0.00487805 110 110 0 51 7 7 388 0 34846 6846430 110-aajnc 
64700 7.07789e+06 203 34866.4 0.00492611 110 110 0 37 7 6 401 0 34866.4 6967391 110-aaklp 
64800 6.88128e+06 201 34235.2 0.00497512 107 107 0 54 6 5 397 0 34235.2 6949416 107-acfpd 
64900 7.14342e+06 204 35016.8 0.00490196 110 110 0 50 3 3 394 0 35016.8 6992123 110-aakqq 
65000 6.88128e+06 199 34579.3 0.00502513 107 107 0 44 3 3 399 0 34579.3 6845472 107-acekv 
65100 7.14342e+06 204 35016.8 0.00490196 110 110 0 64 5 4 390 0 35016.8 7020340 110-aakxr 
65200 7.14342e+06 203 35189.3 0.00492611 110 110 0 47 5 4 399 0 35189.3 6968234 110-aaklr 
65300 7.14342e+06 203 35189.3 0.00492611 110 110 0 44 8 5 399 0 35189.3 6968234 110-aaklr 
65400 6.94682e+06 200 34734.1 0.005 107 107 0 54 9 6 404 0 34734.1 7059592 107-acgvu 
65500 6.94682e+06 200 34734.1 0.005 107 107 0 59 6 4 404 0 34734.1 7059592 107-acgvu 
65600 6.94682e+06 200 34734.1 0.005 107 107 0 64 13 9 404 0 34734.1 7059592 107-acgvu 
65700 6.88128e+06 201 34235.2 0.00497512 107 107 0 34 7 6 411 0 34235.2 7075413 107-achav 
65800 6.88128e+06 198 34753.9 0.00505051 107 107 0 41 2 1 412 0 34753.9 7107379 107-achkx 
65900 6.94682e+06 201 34561.3 0.00497512 107 107 0 44 5 2 404 0 34561.3 7099208 107-achib 
66000 6.94682e+06 203 34220.8 0.00492611 107 107 0 36 3 3 414 0 34220.8 7146920 107-achzh 
66100 6.94682e+06 202 34390.2 0.0049505 107 107 0 39 5 4 414 0 34390.2 7124738 107-achru 
66200 6.94682e+06 202 34390.2 0.0049505 107 107 0 43 1 1 414 0 34390.2 7124738 107-achru 
66300 6.94682e+06 202 34390.2 0.0049505 108 107.991 0 43 8 6 407 0 34390.2 7158657 108-adach 
66400 7.14342e+06 203 35189.3 0.00492611 110 110 0 33 13 12 402 0 35189.3 7178811 110-aamum 
66500 6.94682e+06 202 34390.2 0.0049505 107 107 0 37 7 7 408 0 34390.2 7175533 107-aciii 
66600 7.14342e+06 203 35189.3 0.00492611 110 110 0 36 14 8 414 0 35189.3 7165746 110-aampt 
66700 7.01235e+06 203 34543.6 0.00492611 108 107.997 0 67 10 5 421 0 34543.6 7214022 108-adane 
66800 7.07789e+06 203 34866.4 0.00492611 110 110 0 39 7 3 404 0 34866.4 7216371 110-aaniy 
66900 7.14342e+06 203 35189.3 0.00492611 110 110 0 30 2 1 420 0 35189.3 7242117 110-aanug 
67000 7.14342e+06 203 35189.3 0.00492611 110 110 0 42 1 0 420 0 35189.3 7242117 110-aanug 
67100 7.14342e+06 202 35363.5 0.0049505 110 110 0 46 7 3 422 0 35363.5 7259874 110-aaocu 
67200 7.14342e+06 203 35189.3 0.00492611 110 110 0 46 3 1 418 0 35189.3 7286028 110-aaotl 
67300 7.14342e+06 203 35189.3 0.00492611 110 110 0 62 6 4 418 0 35189.3 7286028 110-aaotl 
67400 7.14342e+06 203 35189.3 0.00492611 110 110 0 64 5 4 418 0 35189.3 7286028 110-aaotl 
67500 7.14342e+06 203 35189.3 0.00492611 110 110 0 48 9 8 422 0 35189.3 7294598 110-aaoyw 
67600 7.07789e+06 202 35039 0.0049505 110 110 0 34 6 4 421 0 35039 7300333 110-aapcm 
67700 7.07789e+06 202 35039 0.0049505 110 110 0 52 4 2 421 0 35039 7300333 110-aapcm 
67800 7.07789e+06 202 35039 0.0049505 110 110 0 39 10 5 423 0 35039 7287854 110-aaovc 
67900 7.07789e+06 203 34866.4 0.00492611 110 110 0 43 8 7 415 0 34866.4 7343026 110-aaqbb 
68000 7.14342e+06 203 35189.3 0.00492611 110 110 0 62 6 4 424 0 35189.3 7355093 110-aaqgx 
68100 7.01235e+06 202 34714.6 0.0049505 110 110 0 56 7 7 420 0 34714.6 7371980 110-aaqpw 
68200 7.14342e+06 203 35189.3 0.00492611 110 110 0 52 6 4 421 0 35189.3 7362304 110-aaqkj 
68300 7.14342e+06 202 35363.5 0.0049505 110 110 0 56 11 9 425 0 35363.5 7397958 110-aarek 
68400 7.01235e+06 202 34714.6 0.0049505 109 109 0 62 14 9 423 0 34714.6 7416464 109-acdlz 
68500 7.14342e+06 204 35016.8 0.00490196 110 110 0 36 6 5 421 0 35016.8 7435463 110-aasce 
68600 7.01235e+06 202 34714.6 0.0049505 109 109.007 0 35 2 1 430 0 34714.6 7447138 109-acdtb 
68700 7.14342e+06 203 35189.3 0.00492611 110 110 0 46 7 5 421 0 35189.3 7362304 110-aaqkj 
68800 7.14342e+06 202 35363.5 0.0049505 110 110 0 46 4 2 425 0 35363.5 7397958 110-aarek 
68900 7.2745e+06 205 35485.3 0.00487805 111 111 0 40 4 2 424 0 35485.3 7478525 111-aafjc 
69000 7.07789e+06 204 34695.5 0.00490196 109 109 0 42 2 2 427 0 34695.5 7495442 109-acegw 
69100 7.07789e+06 203 34866.4 0.00492611 109 109 0 62 3 2 432 0 34866.4 7514304 109-aceng 
69200 7.14342e+06 204 35016.8 0.00490196 110 110 0 27 3 3 433 0 35016.8 7501613 110-aatqa 
69300 7.2745e+06 206 35313.1 0.00485437 111 111 0 37 2 1 426 0 35313.1 7499100 111-aafla 
69400 7.20896e+06 206 34995 0.00485437 111 111 0 51 2 1 434 0 34995 7541311 111-aafrm 
69500 7.14342e+06 203 35189.3 0.00492611 110 110 0 40 7 5 432 0 35189.3 7579322 110-aauye 
69600 7.14342e+06 204 35016.8 0.00490196 110 110 0 36 7 2 434 0 35016.8 7547393 110-aaulu 
69700 7.14342e+06 203 35189.3 0.00492611 110 110 0 54 4 2 432 0 35189.3 7579322 110-aauye 
69800 7.14342e+06 203 35189.3 0.00492611 110 110 0 57 12 11 432 0 35189.3 7579322 110-aauye 
69900 7.07789e+06 203 34866.4 0.00492611 110 110 0 40 4 4 431 0 34866.4 7569457 110-aauvg 
70000 7.14342e+06 203 35189.3 0.00492611 110 110 0 42 7 6 432 0 35189.3 7579322 110-aauye 
70100 7.07789e+06 204 34695.5 0.00490196 109 109 0 40 4 3 432 0 34695.5 7602225 109-acfnc 
70200 7.20896e+06 204 35338 0.00490196 111 111.001 0 47 6 5 430 0 35338 7633199 111-aagmx 
70300 7.01235e+06 203 34543.6 0.00492611 109 109 0 34 5 5 434 0 34543.6 7666111 109-acghk 
70400 7.07789e+06 201 35213.4 0.00497512 109 109 0 38 0 0 438 0 35213.4 7683174 109-acglk 
70500 7.14342e+06 203 35189.3 0.00492611 110 110 0 58 11 8 436 0 35189.3 7669185 110-aawlc 
70600 7.13168e+06 204.821 34819 0.00488233 110 110 0 41 5 5 439 0 34846 7619918 110-aavpd 
70700 7.13167e+06 204.821 34819 0.00488234 110 110 0 39 2 1 439 0 34846 7619918 110-aavpd 
70800 7.2745e+06 206 35313.1 0.00485437 111 111 0 65 11 8 436 0 35313.1 7715423 111-aahfi 
70900 7.14342e+06 204 35016.8 0.00490196 110 110 0 55 3 3 442 0 35016.8 7741322 110-aaxsl 
71000 7.07789e+06 202 35039 0.0049505 109 109 0 43 10 8 441 0 35039 7744377 109-acgxn 
71100 7.14342e+06 206 34676.8 0.00485437 109 109 0 61 13 9 443 0 34676.8 7754702 109-acgyn 
71200 7.07789e+06 202 35039 0.0049505 109 109 0 42 7 6 441 0 35039 7744377 109-acgxn 
71300 7.07789e+06 200 35389.4 0.005 110 110 0 58 4 0 441 0 35389.4 7777457 110-aayif 
71400 7.20896e+06 205 35165.7 0.00487805 111 111 0 68 11 7 446 0 35165.7 7754217 111-aahsp 
71500 7.20896e+06 205 35165.7 0.00487805 111 111 0 48 5 4 446 0 35165.7 7754217 111-aahsp 
71600 7.07789e+06 202 35039 0.0049505 109 109 0 37 2 1 441 0 35039 7744377 109-acgxn 
71700 7.07789e+06 202 35039 0.0049505 109 109 0 46 9 5 441 0 35039 7744377 109-acgxn 
71800 7.07789e+06 202 35039 0.0049505 109 109 0 42 5 4 441 0 35039 7744377 109-acgxn 
71900 7.14342e+06 203 35189.3 0.00492611 109 109 0 56 4 2 448 0 35189.3 7799174 109-achhs 
72000 7.14342e+06 205 34846 0.00487805 111 111 0 40 5 5 445 0 34846 7820763 111-aaiou 
72100 7.14342e+06 204 35016.8 0.00490196 110 110 0 58 6 4 446 0 35016.8 7835298 110-aazgw 
72200 7.14342e+06 203 35189.3 0.00492611 109 109 0 43 6 3 448 0 35189.3 7799174 109-achhs 
72300 7.07789e+06 202 35039 0.0049505 109 109 0 59 5 5 442 0 35039 7826043 109-achpg 
72400 7.07789e+06 201 35213.4 0.00497512 110 110 0 40 6 5 449 0 35213.4 7926137 110-abawc 
72500 7.07789e+06 202 35039 0.0049505 109 109 0 62 15 8 442 0 35039 7826043 109-achpg 
72600 7.14342e+06 203 35189.3 0.00492611 110 110 0 52 5 4 450 0 35189.3 7920418 110-abaue 
72700 7.01235e+06 203 34543.6 0.00492611 109 109 0 36 7 5 451 0 34543.6 7951253 109-acjcs 
72800 7.01235e+06 203 34543.6 0.00492611 109 109 0 53 3 2 451 0 34543.6 7951253 109-acjcs 
72900 7.20896e+06 204 35338 0.00490196 110 110 0 45 5 4 445 0 35338 7896681 110-abahm 
73000 7.14342e+06 205 34846 0.00487805 110 110 0 38 3 2 449 0 34846 7962175 110-abbms 
73100 7.2745e+06 205 35485.3 0.00487805 112 112 0 40 10 3 437 0 35485.3 7964671 112-aanyh 
73200 7.20896e+06 206 34995 0.00485437 110 110 0 38 7 6 456 0 34995 7950063 110-abbhb 
73300 7.07789e+06 203 34866.4 0.00492611 109 109 0 34 4 3 456 0 34866.4 8027572 109-ackbh 
73400 7.14342e+06 203 35189.3 0.00492611 109 109 0 40 5 4 458 0 35189.3 8052835 109-ackjw 
73500 7.07789e+06 201 35213.4 0.00497512 109 109 0 81 16 13 451 0 35213.4 8046701 109-ackhp 
73600 7.07789e+06 201 35213.4 0.00497512 109 109 0 44 9 8 451 0 35213.4 8046701 109-ackhp 
73700 7.1793e+06 213.547 33619 0.00468283 116 116 0 28 1 1 464 0 33686.7 8087164 116-aanlu 
73800 7.07789e+06 203 34866.4 0.00492611 109 109 0 41 1 1 453 0 34866.4 8045577 109-ackhj 
73900 7.07789e+06 203 34866.4 0.00492611 109 109 0 53 5 4 453 0 34866.4 8045577 109-ackhj 
74000 7.0245e+06 202.185 34742.8 0.00494598 110 110 0 42 2 2 454 0 34866.4 8076575 110-abdts 
74100 7.14342e+06 204 35016.8 0.00490196 109 109 0 35 4 2 460 0 35016.8 8124066 109-aclkz 
74200 7.20896e+06 203 35512.1 0.00492611 110 110 0 53 8 8 452 0 35512.1 8129210 110-aberg 
74300 7.20896e+06 203 35512.1 0.00492611 110 110 0 38 7 3 452 0 35512.1 8129210 110-aberg 
74400 7.20896e+06 204 35338 0.00490196 110 110 0 41 9 9 452 0 35338 8143222 110-abexo 
74500 7.20896e+06 205 35165.7 0.00487805 110 110 0 45 1 1 462 0 35165.7 8168595 110-abfln 
74600 7.20896e+06 205 35165.7 0.00487805 110 110 0 53 12 6 462 0 35165.7 8168595 110-abfln 
74700 7.20896e+06 204 35338 0.00490196 110 110 0 51 12 9 455 0 35338 8183392 110-abfsl 
74800 7.20896e+06 216 33374.8 0.00462963 116 116 0 38 10 7 465 0 33374.8 8206014 116-aaoiw 
74900 7.07789e+06 204 34695.5 0.00490196 109 109 0 44 4 4 466 0 34695.5 8212958 109-acmkv 
75000 7.01235e+06 201 34887.3 0.00497512 109 109 0 37 5 2 461 0 34887.3 8230155 109-acmow 
75100 7.14342e+06 203 35189.3 0.00492611 109 109 0 54 7 5 462 0 35189.3 8234984 109-acmqd 
75200 7.14342e+06 203 35189.3 0.00492611 109 109 0 30 6 3 462 0 35189.3 8234984 109-acmqd 
75300 7.01235e+06 205 34206.6 0.00487805 110 110 0 37 6 3 466 0 34206.6 8268273 110-abhiy 
75400 7.20896e+06 206 34995 0.00485437 111 111 0 40 1 1 473 0 34995 8283365 111-aakqx 
75500 7.01235e+06 204 34374.3 0.00490196 109 109 0 56 7 6 469 0 34374.3 8301711 109-acnqh 
75600 7.20896e+06 205 35165.7 0.00487805 110 110 0 46 13 8 469 0 35165.7 8267739 110-abhhs 
75700 7.14342e+06 203 35189.3 0.00492611 110 110 0 58 8 7 455 0 35189.3 8292478 110-abhri 
75800 7.20896e+06 206 34995 0.00485437 110 110 0 38 3 2 465 0 34995 8331365 110-abifz 
75900 7.20896e+06 206 34995 0.00485437 110 110 0 46 4 3 465 0 34995 8331365 110-abifz 
76000 7.20896e+06 203 35512.1 0.00492611 110 110 0 49 10 7 455 0 35512.1 8226868 110-abgof 
76100 7.20896e+06 203 35512.1 0.00492611 110 110 0 59 6 6 455 0 35512.1 8226868 110-abgof 
76200 7.20896e+06 206 34995 0.00485437 110 110 0 37 5 3 466 0 34995 8357864 110-abirn 
76300 7.14342e+06 204 35016.8 0.00490196 109 109 0 51 7 3 464 0 35016.8 8334919 109-acoel 
76400 7.2745e+06 208 34973.5 0.00480769 111 111 0 32 3 2 463 0 34973.5 8415967 111-aalhe 
76500 7.14342e+06 205 34846 0.00487805 109 109 0 46 9 7 473 0 34846 8383852 109-acoyl 
76600 7.2745e+06 206 35313.1 0.00485437 111 111 0 37 5 5 468 0 35313.1 8404658 111-aalga 
76700 7.14342e+06 205 34846 0.00487805 109 109 0 51 4 4 467 0 34846 8399698 109-acpgo 
76800 7.14342e+06 204 35016.8 0.00490196 109 109 0 35 6 3 471 0 35016.8 8453090 109-acqby 
76900 7.20896e+06 206 34995 0.00485437 110 110 0 47 4 3 470 0 34995 8461663 110-abkem 
77000 7.20896e+06 204 35338 0.00490196 110 110 0 39 10 8 456 0 35338 8390692 110-abjia 
77100 7.01235e+06 204 34374.3 0.00490196 108 108 0 38 4 2 475 0 34374.3 8441157 108-addzd 
77200 7.20896e+06 208 34658.5 0.00480769 110 110 0 52 10 9 478 0 34658.5 8497045 110-abkpj 
77300 7.14342e+06 206 34676.8 0.00485437 109 109 0 67 8 6 472 0 34676.8 8499005 109-acquk 
77400 7.14342e+06 206 34676.8 0.00485437 109 109 0 47 7 6 472 0 34676.8 8499005 109-acquk 
77500 7.14342e+06 203 35189.3 0.00492611 110 110 0 48 4 4 459 0 35189.3 8531518 110-abldx 
77600 7.14342e+06 206 34676.8 0.00485437 109 109 0 52 6 3 472 0 34676.8 8499005 109-acquk 
77700 7.14342e+06 204 35016.8 0.00490196 109 109.002 0 59 15 14 462 0 35016.8 8508554 109-acqxg 
77800 7.14342e+06 204 35016.8 0.00490196 109 109.002 0 50 11 9 462 0 35016.8 8508554 109-acqxg 
77900 7.20896e+06 207 34825.9 0.00483092 110 110 0 45 6 6 475 0 34825.9 8558101 110-ablof 
78000 7.20896e+06 207 34825.9 0.00483092 110 110 0 40 8 4 475 0 34825.9 8558101 110-ablof 
78100 7.20896e+06 205 35165.7 0.00487805 110 110 0 48 6 6 462 0 35165.7 8598269 110-abmeq 
78200 7.14342e+06 205 34846 0.00487805 110 110 0 28 5 5 464 0 34846 8623109 110-abmqk 
78300 7.20896e+06 205 35165.7 0.00487805 110 110 0 53 9 7 461 0 35165.7 8508167 110-abktr 
78400 7.20896e+06 205 35165.7 0.00487805 110 110 0 56 9 7 461 0 35165.7 8508167 110-abktr 
78500 7.20896e+06 206 34995 0.00485437 111 111 0 37 9 7 483 0 34995 8625630 111-aampk 
78600 7.20896e+06 206 34995 0.00485437 111 111 0 67 6 3 484 0 34995 8663363 111-aamtf 
78700 7.20896e+06 206 34995 0.00485437 111 111 0 70 8 3 484 0 34995 8663363 111-aamtf 
78800 7.20896e+06 206 34995 0.00485437 111 111 0 75 6 6 484 0 34995 8663363 111-aamtf 
78900 7.14342e+06 204 35016.8 0.00490196 110 110.009 0 45 9 7 466 0 35016.8 8661075 110-abnjk 
79000 7.14342e+06 204 35016.8 0.00490196 109 109 0 40 9 5 465 0 35016.8 8650019 109-acsoj 
79100 7.20896e+06 206 34995 0.00485437 111 111 0 62 16 11 484 0 34995 8673497 111-aamui 
79200 7.20896e+06 205 35165.7 0.00487805 111 111 0 50 0 0 468 0 35165.7 8720353 111-aancd 
79300 7.20896e+06 205 35165.7 0.00487805 111 111 0 35 1 0 468 0 35165.7 8720353 111-aancd 
79400 7.20896e+06 205 35165.7 0.00487805 110 110 0 48 9 3 463 0 35165.7 8731607 110-abovy 
79500 7.20896e+06 205 35165.7 0.00487805 110 110 0 71 9 6 463 0 35165.7 8731607 110-abovy 
79600 7.20896e+06 205 35165.7 0.00487805 111 111 0 35 5 4 486 0 35165.7 8762234 111-aanmp 
79700 7.20896e+06 207 34825.9 0.00483092 111 111 0 40 4 4 487 0 34825.9 8804996 111-aanyw 
79800 7.20896e+06 208 34658.5 0.00480769 110 110 0 77 1 1 496 0 34658.5 8782015 110-abpxj 
79900 7.20896e+06 208 34658.5 0.00480769 110 110 0 44 6 5 496 0 34658.5 8782015 110-abpxj 
80000 7.20896e+06 205 35165.7 0.00487805 110 110 0 38 7 3 465 0 35165.7 8814894 110-abqmd 
80100 7.14342e+06 204 35016.8 0.00490196 110 110 0 31 3 2 473 0 35016.8 8827985 110-abqrp 
80200 7.14342e+06 204 35016.8 0.00490196 109 109 0 55 7 6 471 0 35016.8 8838434 109-actvg 
80300 7.14342e+06 204 35016.8 0.00490196 109 109 0 50 6 6 471 0 35016.8 8838434 109-actvg 
80400 7.20896e+06 205 35165.7 0.00487805 110 110 0 39 10 6 475 0 35165.7 8885564 110-abrry 
80500 7.20896e+06 207 34825.9 0.00483092 111 111 0 34 3 2 493 0 34825.9 8855077 111-aaorq 
80600 7.14342e+06 204 35016.8 0.00490196 110 110 0 34 4 3 474 0 35016.8 8885960 110-abrrt 
80700 7.07789e+06 205 34526.3 0.00487805 111 111 0 32 5 3 496 0 34526.3 8914082 111-aaphk 
80800 7.20896e+06 209 34492.6 0.00478469 111 111 0 49 6 5 492 0 34492.6 8902254 111-aapeg 
80900 7.14342e+06 203 35189.3 0.00492611 109 109 0 42 1 0 472 0 35189.3 8941546 109-acuom 
81000 7.20896e+06 206 34995 0.00485437 110 110 0 38 5 4 474 0 34995 8918214 110-absgi 
81100 7.20896e+06 205 35165.7 0.00487805 110 110 0 35 1 0 476 0 35165.7 8941582 110-abssd 
81200 7.20896e+06 205 35165.7 0.00487805 110 110 0 44 3 0 476 0 35165.7 8941582 110-abssd 
81300 7.20896e+06 206 34995 0.00485437 111 111 0 37 2 2 495 0 34995 8973219 111-aapys 
81400 7.20896e+06 206 34995 0.00485437 111 111 0 48 0 0 495 0 34995 8973219 111-aapys 
81500 7.20896e+06 207 34825.9 0.00483092 110 110 0 36 9 7 507 0 34825.9 9018418 110-abucm 
81600 7.2745e+06 208 34973.5 0.00480769 111 111 0 65 8 6 479 0 34973.5 9032996 111-aaqqf 
81700 7.20896e+06 207 34825.9 0.00483092 110 110 0 35 9 9 507 0 34825.9 9018418 110-abucm 
81800 7.14342e+06 204 35016.8 0.00490196 109 109 0 34 9 6 478 0 35016.8 9059475 109-acvom 
81900 7.14342e+06 203 35189.3 0.00492611 109 109 0 33 8 5 474 0 35189.3 9043457 109-acvkp 
82000 7.07789e+06 202 35039 0.0049505 108 108 0 60 11 6 479 0 35039 9054957 108-adfku 
82100 7.20896e+06 205 35165.7 0.00487805 110 110 0 59 9 8 482 0 35165.7 9085993 110-abvez 
82200 7.14342e+06 203 35189.3 0.00492611 109 109 0 71 12 11 480 0 35189.3 9086729 109-acvue 
82300 7.14342e+06 203 35189.3 0.00492611 109 109 0 36 3 1 474 0 35189.3 9043457 109-acvkp 
82400 7.14342e+06 204 35016.8 0.00490196 109 109 0 42 7 5 481 0 35016.8 9106985 109-acvzd 
82500 7.14342e+06 203 35189.3 0.00492611 109 109 0 45 4 3 480 0 35189.3 9086729 109-acvue 
82600 7.14342e+06 203 35189.3 0.00492611 109 109 0 50 8 6 480 0 35189.3 9086729 109-acvue 
82700 7.14342e+06 204 35016.8 0.00490196 109 109 0 29 3 2 481 0 35016.8 9181597 109-acxce 
82800 7.14342e+06 203 35189.3 0.00492611 109 109 0 51 2 1 477 0 35189.3 9168809 109-acwvy 
82900 7.14342e+06 203 35189.3 0.00492611 109 109 0 44 5 5 477 0 35189.3 9168809 109-acwvy 
83000 7.14342e+06 203 35189.3 0.00492611 109 109 0 37 9 8 484 0 35189.3 9176373 109-acxal 
83100 7.07789e+06 204 34695.5 0.00490196 109 109 0 30 6 5 483 0 34695.5 9211154 109-acxqt 
83200 7.66771e+06 221 34695.5 0.00452489 117 117 0 27 6 4 522 0 34695.5 9228143 117-aarmv 
83300 7.14342e+06 206 34676.8 0.00485437 110 110 0 37 6 5 484 0 34676.8 9183717 110-abwmy 
83400 7.14342e+06 203 35189.3 0.00492611 109 109 0 40 5 5 484 0 35189.3 9176373 109-acxal 
83500 7.07789e+06 203 34866.4 0.00492611 109 109 0 47 12 10 488 0 34866.4 9224276 109-acxwe 
83600 7.20896e+06 214 33686.7 0.0046729 116 116 0 47 8 5 485 0 33686.7 9271356 116-aavec 
83700 7.20896e+06 214 33686.7 0.0046729 116 116 0 38 2 1 485 0 33686.7 9271356 116-aavec 
83800 7.01235e+06 200 35061.8 0.005 108 108 0 46 10 9 490 0 35061.8 9287343 108-adgjy 
83900 7.01235e+06 200 35061.8 0.005 108 108 0 47 7 4 490 0 35061.8 9297803 108-adgma 
84000 7.20896e+06 206 34995 0.00485437 110 110 0 38 2 1 495 0 34995 9331089 110-abxsv 
84100 7.01235e+06 200 35061.8 0.005 108 108 0 44 9 6 490 0 35061.8 9287343 108-adgjy 
84200 7.07789e+06 203 34866.4 0.00492611 109 109 0 37 2 2 492 0 34866.4 9303816 109-aczfr 
84300 7.07789e+06 203 34866.4 0.00492611 109 109 0 60 13 11 492 0 34866.4 9303816 109-aczfr 
84400 7.20896e+06 206 34995 0.00485437 110 110 0 76 13 7 492 0 34995 9357203 110-abxyl 
84500 7.01235e+06 206 34040.5 0.00485437 110 110 0 28 8 3 523 0 34040.5 9388690 110-abyfu 
84600 6.95774e+06 200.167 34759.6 0.00499585 108 108 0 35 3 2 495 0 34887.3 9396572 108-adhmg 
84700 7.14342e+06 203 35189.3 0.00492611 109 109 0 38 3 3 492 0 35189.3 9408186 109-adbal 
84800 7.14342e+06 204 35016.8 0.00490196 109 109 0 63 7 3 492 0 35016.8 9398600 109-adava 
84900 7.14342e+06 204 35016.8 0.00490196 109 109 0 68 4 2 492 0 35016.8 9398600 109-adava 
85000 7.14342e+06 203 35189.3 0.00492611 109 109 0 56 5 5 480 0 35189.3 9422543 109-adbib 
85100 7.14342e+06 205 34846 0.00487805 109 109 0 43 6 3 498 0 34846 9456861 109-adbzx 
 629.429 0 5 0 0 853 0 37868.1 8237630 630-aaaaj 
85400 4.06323e+07 1053 38587.2 0.000949668 634 634 0 2 0 0 854 0 38587.2 8234080 634-aaaag 
85500 4.67272e+07 1285 36363.6 0.00077821 760 760 0 3 2 0 876 3 36363.6 8252994 760-aaaaa 
85600 3.89284e+07 1026 37941.9 0.000974659 630 630 0 4 0 0 855 0 37941.9 8252319 630-aaaak 
85700 4.62029e+07 1285 35955.5 0.00077821 721 721 0 3 0 0 859 0 35955.5 8258963 721-aaaaa 
85800 4.71204e+07 1240 38000.3 0.000806452 737 737 0 3 0 0 872 0 38000.3 8260477 737-aaaaa 
85900 3.86007e+07 1008 38294.3 0.000992063 614 614 0 3 0 0 863 0 38294.3 8272563 614-aaaag 
86000 4.1943e+07 1054 39794.2 0.000948767 658 658 0 6 0 0 859 0 39794.2 8267021 658-aaaae 
86100 4.1812e+07 1105 37838.9 0.000904977 652 652 0 4 0 0 866 0 37838.9 8281928 652-aaaae 
86200 4.0108e+07 1056 37981.1 0.00094697 627 627 0 3 0 0 869 0 37981.1 8289222 627-aaaak 
86300 4.05012e+07 1092 37089.1 0.000915751 649 649.556 0 5 0 0 869 0 37089.1 8282329 649-aaaan 
86400 4.66747e+07 1276.2 36573.2 0.000783576 773 773 0 2 0 0 865 0 36591.4 8298230 773-aaaaa 
86500 4.23363e+07 1121 37766.5 0.000892061 661 661 0 3 0 0 871 0 37766.5 8301311 661-aaaag 
86600 4.50314e+07 1282.12 35122.5 0.000779955 725 725 0 4 0 0 853 0 35143.2 8306426 725-aaaac 
86700 4.463e+07 1157 38573.9 0.000864304 715 715 0 4 0 0 871 0 38573.9 8307161 715-aaaab 
86800 4.53509e+07 1218 37233.9 0.000821018 732 732 0 3 0 0 870 0 37233.9 8314170 732-aaaae 
86900 4.51761e+07 1168.33 38667.2 0.00085592 716 716 0 2 0 0 858 0 38682.5 8327099 716-aaaae 
87000 4.46956e+07 1168 38266.7 0.000856164 714 714 0 4 0 0 879 0 38266.7 8332377 714-aaaae 
87100 4.51543e+07 1198 37691.4 0.000834725 737 737 0 4 0 0 875 0 37691.4 8336807 737-aaaab 
87200 4.21396e+07 1200 35116.4 0.000833333 658 658 0 2 0 0 876 0 35116.4 8337547 658-aaaah 
87300 4.24673e+07 1108 38327.9 0.000902527 700 700 0 4 0 0 879 0 38327.9 8347285 700-aaaac 
87400 3.24403e+07 1113 29146.7 0.000898473 685 685 0 3 0 0 878 0 29146.7 8357734 685-aaaaf 
87500 4.65961e+07 1227 37975.6 0.000814996 728 728 0 3 0 0 882 0 37975.6 8360113 728-aaaad 
87600 4.77102e+07 1240 38476 0.000806452 746 746 0 3 0 0 902 0 38476 8364794 746-aaaae 
87700 4.44334e+07 1189 37370.4 0.000841043 732 732 0 3 0 0 881 0 37370.4 8362946 732-aaaag 
87800 4.78413e+07 1238 38644 0.000807754 750 750 0 3 0 0 882 0 38644 8375775 750-aaaaa 
87900 4.463e+07 1153 38707.7 0.000867303 698 698 0 4 0 0 888 0 38707.7 8376105 698-aaaaf 
88000 4.65306e+07 1185 39266.3 0.000843882 725 725 0 3 0 0 878 0 39266.3 8386159 725-aaaaf 
88100 4.76447e+07 1344 35449.9 0.000744048 745 745 0 3 0 0 879 0 35449.9 8388205 745-aaaaa 
88200 4.6334e+07 1281 36170.1 0.00078064 758 758 0 3 0 0 890 0 36170.1 8397526 758-aaaaa 
88300 4.43679e+07 1191 37252.6 0.000839631 736 736 0 3 0 0 889 0 37252.6 8404348 736-aaaab 
88400 4.67927e+07 1224 38229.3 0.000816993 740 740 0 2 0 0 911 0 38229.3 8408793 740-aaaab 
88500 4.37125e+07 1124 38890.1 0.00088968 691 691 0 3 0 0 882 0 38890.1 8393421 691-aaaag 
88600 4.3647e+07 1172 37241.4 0.000853242 707 707 0 3 0 0 898 0 37241.4 8408549 707-aaaaf 
88700 4.3647e+07 1172 37241.4 0.000853242 707 707 0 4 1 0 898 0 37241.4 8408549 707-aaaaf 
88800 4.3647e+07 1172 37241.4 0.000853242 707 707 0 3 0 0 898 0 37241.4 8408549 707-aaaaf 
88900 4.3647e+07 1172 37241.4 0.000853242 707 707 0 5 1 1 898 0 37241.4 8408549 707-aaaaf 
89000 4.3647e+07 1172 37241.4 0.000853242 707 707 0 5 0 0 898 0 37241.4 8408549 707-aaaaf 
89100 4.6465e+07 1227 37868.8 0.000814996 743 743 0 3 0 0 903 0 37868.8 8431535 743-aaaab 
89200 3.95182e+07 1075 36761.1 0.000930233 626 626 0 3 0 0 891 0 36761.1 8444345 626-aaaah 
89300 4.60063e+07 1172 39254.5 0.000853242 717 717 0 3 0 0 905 0 39254.5 8451843 717-aaaac 
89400 4.65961e+07 1331 35008.3 0.000751315 803 803 0 3 0 0 897 0 35008.3 8458720 803-aaaaa 
89500 4.48266e+07 1177 38085.5 0.000849618 716 716 0 3 0 0 902 0 38085.5 8466780 716-aaaah 
89600 4.48266e+07 1177 38085.5 0.000849618 716 716 0 3 0 0 902 0 38085.5 8466780 716-aaaah 
89700 4.24018e+07 1105 38372.7 0.000904977 672 672 0 2 0 0 902 0 38372.7 8471988 672-aaaag 
89800 4.65961e+07 1226 38006.6 0.000815661 725 725 0 2 0 0 927 0 38006.6 8482649 725-aaaag 
89900 4.71204e+07 1206 39071.6 0.000829187 743 743 0 3 1 0 907 0 39071.6 8488208 743-aaaac 
90000 4.80379e+07 1237 38834.2 0.000808407 749 749 0 3 0 0 907 0 38834.2 8494175 749-aaaab 
90100 4.15498e+07 1112 37364.9 0.000899281 676 676 0 3 0 0 909 0 37364.9 8497729 676-aaaad 
90200 4.66616e+07 1234 37813.3 0.000810373 727 727 0 2 0 0 931 0 37813.3 8498935 727-aaaad 
90300 4.16154e+07 1113 37390.3 0.000898473 676 676 0 5 0 0 910 0 37390.3 8506993 676-aaaae 
90400 4.62029e+07 1242 37200.4 0.000805153 741 741 0 3 0 0 930 0 37200.4 8512211 741-aaaab 
90500 4.26639e+07 1126 37889.8 0.000888099 677 677 0 3 0 0 914 0 37889.8 8520475 677-aaaaf 
90600 4.83e+07 1302 37096.8 0.000768049 755 755 0 2 0 0 925 0 37096.8 8522901 755-no_name 
90700 5.0135e+07 1303 38476.6 0.00076746 797 797 0 3 0 0 910 0 38476.6 8531652 797-aaaaa 
90800 4.87588e+07 1270 38392.7 0.000787402 769 769 0 3 0 0 916 0 38392.7 8521051 769-aaaac 
90900 4.61373e+07 1289 35793.1 0.000775795 739 739 0 3 0 0 913 0 35793.1 8533982 739-aaaad 
91000 4.62029e+07 1171 39455.9 0.000853971 728 728 0 3 0 0 921 0 39455.9 8543269 728-aaaaf 
91100 4.88243e+07 1287 37936.5 0.000777001 780 780 0 3 0 0 919 0 37936.5 8549988 780-aaaae 
91200 4.22707e+07 1152 36693.3 0.000868056 690 690 0 3 0 0 919 0 36693.3 8551405 690-aaaae 
91300 4.88899e+07 1277 38284.9 0.000783085 762 762 0 3 0 0 939 0 38284.9 8562036 762-aaaaa 
91400 4.22707e+07 1152 36693.3 0.000868056 690 690 0 4 0 0 920 0 36693.3 8559055 690-aaaaf 
91500 4.22707e+07 1152 36693.3 0.000868056 690 690 0 4 0 0 920 0 36693.3 8559055 690-aaaaf 
91600 4.95452e+07 1279 38737.5 0.000781861 770 770 0 3 0 0 930 0 38737.5 8578319 770-aaaaa 
91700 4.94141e+07 1286 38424.7 0.000777605 782 782 0 3 0 0 935 0 38424.7 8580368 782-aaaaa 
91800 4.78413e+07 1251 38242.4 0.000799361 750 750 0 3 0 0 934 0 38242.4 8587432 750-aaaad 
91900 4.83656e+07 1241 38973.1 0.000805802 756 756 0 2 0 0 917 0 38973.1 8587704 756-aaaad 
92000 5.1839e+07 1335 38830.7 0.000749064 814 814 0 2 0 0 925 0 38830.7 8598895 814-aaaaa 
92100 4.93486e+07 1456 33893.3 0.000686813 776 776 0 3 0 0 932 0 33893.3 8605155 776-aaaab 
92200 4.78413e+07 1256 38090.2 0.000796178 751 751 0 3 1 0 931 0 38090.2 8598450 751-aaaac 
92300 4.90209e+07 1260 38905.5 0.000793651 761 761 0 3 0 0 937 0 38905.5 8613691 761-aaaaa 
92400 4.56131e+07 1272 35859.3 0.000786164 745 745 0 2 0 0 934 0 35859.3 8613100 745-aaaae 
92500 3.44719e+07 1370 25162 0.000729927 783 783 0 2 0 0 927 0 25162 8621867 783-no_name 
92600 5.02661e+07 1307 38459.2 0.000765111 789 789 0 4 0 0 936 0 38459.2 8621639 789-aaaab 
92700 5.02661e+07 1307 38459.2 0.000765111 789 789 0 5 0 0 936 0 38459.2 8621639 789-aaaab 
92800 4.75136e+07 1241 38286.5 0.000805802 787 787 0 2 0 0 939 0 38286.5 8635413 787-aaaab 
92900 5.34774e+07 1408 37981.1 0.000710227 842 840.667 0 3 3 2 943 1 37981.1 8644438 842-aaaaa 
93000 4.97418e+07 1318 37740.4 0.000758725 776 776 0 3 0 0 943 0 37740.4 8641777 776-aaaad 
93100 4.87588e+07 1262 38636.1 0.000792393 760 760 0 3 0 0 945 0 38636.1 8647202 760-aaaac 
93200 4.90209e+07 1268 38660 0.000788644 762 762 0 3 0 0 943 0 38660 8648390 762-aaaac 
93300 5.03972e+07 1309 38500.5 0.000763942 796 796 0 3 0 0 933 0 38500.5 8664441 796-aaaaa 
93400 5.15113e+07 1456 35378.6 0.000686813 803 803 0 2 0 0 943 0 35378.6 8667745 803-no_name 
93500 3.66608e+07 1338.4 27391.5 0.000747161 805 805 0 3 0 0 946 0 27408.6 8669586 805-aaaab 
93600 3.66704e+07 1338.55 27395.7 0.00074708 805 805 0 2 0 0 946 0 27408.6 8669586 805-aaaab 
93700 4.88899e+07 1285 38046.6 0.00077821 761 761 0 3 0 0 952 0 38046.6 8678640 761-aaaad 
93800 4.98219e+07 1303.22 38229.8 0.000767329 784 784 0 3 0 0 955 0 38246.1 8685674 784-aaaac 
93900 4.98248e+07 1303.27 38230.7 0.000767303 784 784 0 3 0 0 955 0 38246.1 8685674 784-aaaac 
94000 4.98265e+07 1303.29 38231.3 0.000767288 784 784 0 3 0 0 955 0 38246.1 8685674 784-aaaac 
94100 4.78659e+07 1280.38 37384.2 0.000781021 759 759 0 2 0 0 951 0 37398 8696878 759-aaaaf 
94200 4.82345e+07 1285 37536.6 0.00077821 758 758.167 0 2 0 0 960 0 37536.6 8702190 758-aaaad 
94300 4.87588e+07 1276 38212.2 0.000783699 763 763 0 2 0 0 951 0 38212.2 8707393 763-aaaac 
94400 4.83e+07 1286 37558.3 0.000777605 759 759 0 2 0 0 962 0 37558.3 8711102 759-aaaag 
94500 4.79724e+07 1268 37833.1 0.000788644 749 749 0 2 0 0 961 0 37833.1 8721646 749-aaaad 
94600 5.24943e+07 1382 37984.3 0.000723589 825 825 0 2 0 0 967 0 37984.3 8724790 825-no_name 
94700 4.99384e+07 1326 37661 0.000754148 790 790 0 2 0 0 953 0 37661 8730974 790-no_name 
94800 4.88243e+07 1285 37995.6 0.00077821 759 759 0 2 0 0 959 0 37995.6 8723227 759-no_name 
94900 5.02006e+07 1362 36858 0.000734214 785 785 0 2 0 0 959 0 36858 8737399 785-no_name 
95000 5.24943e+07 1423 36889.9 0.000702741 842 842 0 2 0 0 951 0 36889.9 8744364 842-aaaab 
95100 5.20356e+07 1386 37543.7 0.000721501 829 829 0 2 0 0 971 0 37543.7 8751218 829-aaaab 
95200 5.51158e+07 1455 37880.3 0.000687285 859 859 0 2 0 0 961 0 37880.3 8749660 859-no_name 
95300 5.30842e+07 1390 38190 0.000719424 826 826 0 3 0 0 961 0 38190 8760352 826-aaaaa 
95400 5.15768e+07 1374 37537.7 0.000727802 811 811 0 2 0 0 960 0 37537.7 8763137 811-aaaac 
95500 5.3674e+07 1391 38586.6 0.000718907 878 878 0 2 0 0 966 0 38586.6 8766387 878-no_name 
95600 5.32808e+07 1481 35976.2 0.000675219 842 842 0 2 0 0 982 0 35976.2 8774531 842-no_name 
95700 4.6465e+07 1293 35935.8 0.000773395 775 775 0 4 0 0 967 0 35935.8 8767062 775-aaaac 
95800 5.32808e+07 1421 37495.3 0.00070373 846 846 0 3 0 0 970 0 37495.3 8785322 846-aaaab 
95900 4.6465e+07 1293 35935.8 0.000773395 775 775 0 2 0 0 967 0 35935.8 8767062 775-aaaac 
96000 4.76447e+07 1235 38578.7 0.000809717 739 739 0 3 0 0 963 0 38578.7 8790388 739-aaaae 
96100 5.36084e+07 1468 36518 0.000681199 858 858 0 2 0 0 983 0 36518 8798629 858-no_name 
96200 5.17734e+07 1389 37273.9 0.000719942 820 820 0 3 0 0 972 0 37273.9 8792724 820-aaaab 
96300 25216 1392 18.1149 0.000718391 829 829 0 2 0 0 982 0 18.1149 8808614 829-no_name 
96400 25216 1392 18.1149 0.000718391 829 829 0 2 0 0 982 0 18.1149 8808614 829-no_name 
96500 5.39361e+07 1431 37691.2 0.000698812 855 855 0 2 0 0 972 0 37691.2 8814038 855-no_name 
96600 4.65306e+07 1253 37135.3 0.000798085 741 741 0 4 1 1 972 0 37135.3 8814227 741-aaaac 
96700 5.21175e+07 1402.25 37167.1 0.00071314 825 825 0 3 0 0 977 0 37182.2 8810721 825-aaaaa 
96800 5.45915e+07 1460 37391.4 0.000684932 873 873 0 2 0 0 987 0 37391.4 8827169 873-no_name 
96900 5.1839e+07 1390 37294.2 0.000719424 820 820 0 2 0 0 974 0 37294.2 8821630 820-no_name 
97000 5.30186e+07 1435 36946.8 0.000696864 829 829 0 2 0 0 983 0 36946.8 8838384 829-no_name 
97100 5.28876e+07 1461 36199.6 0.000684463 833 833 0 3 0 0 996 0 36199.6 8841365 833-aaaaa 
97200 5.28876e+07 1461 36199.6 0.000684463 833 833 0 2 0 0 996 0 36199.6 8841365 833-aaaaa 
97300 5.07249e+07 1369 37052.5 0.00073046 809 809 0 3 0 0 980 0 37052.5 8843274 809-aaaac 
97400 5.57711e+07 1654 33718.9 0.000604595 892 892 0 2 0 0 994 0 33738.2 8856926 892-no_name 
97500 5.31497e+07 1533 34670.4 0.000652316 829 829.833 0 2 0 0 987 0 34670.4 8857896 829-aaaac 
97600 5.23071e+07 1595.14 32791.5 0.000626903 853 853 0 3 0 0 985 0 32809.1 8864336 853-aaaaa 
97700 5.32808e+07 1433 37181.3 0.000697837 844 844 0 2 0 0 986 0 37181.3 8862621 844-aaaaa 
97800 5.5509e+07 1486 37354.6 0.000672948 887 887 0 2 0 0 988 0 37354.6 8873956 887-no_name 
97900 5.29859e+07 1440.5 36783 0.000694203 825 825 0 3 0 0 989 0 36792.9 8877012 825-aaaab 
98000 5.25708e+07 1366.17 38480.5 0.000731975 821 821 0 2 0 0 1004 0 38497 8884510 821-no_name 
98100 5.47226e+07 1455 37610 0.000687285 863 863 0 2 0 0 978 0 37610 8884287 863-aaaaa 
98200 5.47226e+07 1455 37610 0.000687285 863 863 0 3 0 0 978 0 37610 8884287 863-aaaaa 
98300 5.23895e+07 1370.4 38229.3 0.000729714 827 827 0 2 0 0 995 0 38241.3 8899201 827-aaaab 
98400 5.40017e+07 1410 38299.1 0.00070922 847 847 0 2 0 0 993 0 38299.1 8902134 847-no_name 
98500 5.4526e+07 1459 37372.1 0.000685401 855 855 0 2 0 0 1005 0 37372.1 8906889 855-aaaaa 
98600 5.32152e+07 1368 38900 0.000730994 869 869 0 2 0 0 1001 0 38900 8909074 869-no_name 
98700 5.46701e+07 1443.2 37881.2 0.000692905 861 861 0 2 0 0 1014 0 37896.5 8917373 861-no_name 
98800 5.79338e+07 1553 37304.5 0.000643915 916 915.333 0 2 0 0 1008 0 37304.5 8923038 916-no_name 
98900 5.4526e+07 1481 36817 0.000675219 859 859 0 3 0 0 1011 0 36817 8926399 859-aaaab 
99000 5.4657e+07 1443 37877.4 0.000693001 863 863 0 3 10 0 1008 5 37877.4 8919198 863-aaaab 
99100 5.40836e+07 1498.25 36097.8 0.000667445 845 845 0 3 0 0 1006 0 36112.6 8925485 845-aaaab 
99200 5.22322e+07 1370 38125.7 0.000729927 825 825 0 3 0 0 1000 0 38125.7 8941626 825-aaaac 
99300 5.40672e+07 1516 35664.4 0.000659631 852 852 0 3 0 0 1010 0 35664.4 8940419 852-aaaaa 
99400 5.32808e+07 1402 38003.4 0.000713267 833 833 0 2 0 0 1008 0 38003.4 8947089 833-no_name 
99500 5.41491e+07 1466.25 36930.3 0.000682012 862 862 0 2 0 0 1011 0 36945 8949568 862-no_name 
99600 5.47226e+07 1440 38001.8 0.000694444 861 861 0 2 0 0 1023 0 38001.8 8953916 861-no_name 
99700 5.42092e+07 1500.17 36135.4 0.000666593 845 845 0 2 0 0 1010 0 36151.8 8959042 845-no_name 
99800 5.69508e+07 1543 36909.1 0.000648088 886 879.25 0 2 0 0 1014 0 36909.1 8966389 886-no_name 
99900 5.13147e+07 1416 36239.2 0.000706215 833 833 0 3 0 0 1012 0 36239.2 8972036 833-aaaab 
100000 5.34938e+07 1423.25 37585.6 0.000702617 855 855 0 3 0 0 1013 0 37600.4 8975631 855-aaaab 
