# Avida tasks data
# Fri Jun 15 12:09:40 2018
# First column gives the current update, next columns give the number
# of organisms that have the particular task as a component of their merit
#  1: Update
#  2: Not
#  3: Nand
#  4: And
#  5: OrNot
#  6: Or
#  7: AndNot
#  8: Nor

0 0 0 0 0 0 0 0 
100 0 0 0 0 0 0 0 
200 0 0 0 0 0 0 0 
300 0 0 0 0 0 0 0 
400 0 0 0 0 0 0 0 
500 0 0 0 0 0 0 0 
600 0 0 0 0 0 0 0 
700 0 0 0 0 0 0 0 
800 0 0 0 0 0 0 0 
900 0 0 0 0 0 0 0 
1000 0 0 0 0 0 0 0 
1100 0 0 0 0 0 0 0 
1200 0 0 0 0 0 0 0 
1300 2 0 0 0 0 0 0 
1400 323 7 0 0 0 0 0 
1500 2736 113 0 2775 0 0 0 
1600 2921 482 0 3411 3 0 0 
1700 3015 2806 0 3452 0 0 0 
1800 2876 3123 0 3423 264 0 0 
1900 646 608 0 3287 2653 1 0 
2000 162 50 0 3179 3127 0 0 
2100 134 15 0 3258 3197 1 0 
2200 156 14 0 3181 3161 0 0 
2300 129 146 0 3200 3170 1 0 
2400 132 2549 0 3234 3185 1 0 
2500 177 3362 0 3239 3190 0 0 
2600 214 3405 0 3241 3206 2 0 
2700 230 3372 0 3268 3257 0 0 
2800 188 3430 0 3329 3293 0 0 
2900 147 3425 0 3327 3288 0 0 
3000 207 3378 0 3365 3352 8 0 
3100 213 3354 0 3323 3307 9 0 
3200 229 3316 0 3313 3282 3 0 
3300 242 3347 0 3355 3311 13 0 
3400 282 3248 0 3336 3278 15 0 
3500 342 3254 0 3349 3327 11 0 
3600 304 3297 0 3360 3317 18 0 
3700 2519 3442 0 3360 3338 4 0 
3800 3420 3494 0 3351 3349 0 0 
3900 3443 3481 0 3352 3347 0 0 
4000 3432 3480 0 3334 3308 0 0 
4100 3443 3452 0 3336 3304 0 0 
4200 3429 3473 0 3356 3326 0 0 
4300 3458 3488 0 3353 3338 0 0 
4400 3445 3489 0 3351 3321 0 0 
4500 3412 3486 0 3350 3313 0 0 
4600 3430 3484 0 3326 3308 0 0 
4700 3443 3459 0 3335 3301 0 0 
4800 3447 3474 0 3355 3347 0 0 
4900 3458 3475 0 3373 3362 0 0 
5000 3448 3480 0 3357 3328 0 0 
5100 3457 3487 0 3378 3329 0 0 
5200 3469 3494 0 3371 3359 0 0 
5300 3468 3479 0 3407 3352 2 0 
5400 3466 3517 0 3372 3350 0 0 
5500 3481 3460 0 3374 3341 5 0 
5600 3440 3484 0 3409 3364 13 0 
5700 3465 3495 0 3401 3360 16 0 
5800 3456 3473 1 3373 3319 29 0 
5900 3467 3487 0 3361 3321 32 0 
6000 3443 3481 0 3371 3268 62 0 
6100 3481 3491 0 3400 3293 80 0 
6200 3473 3503 0 3346 3274 52 0 
6300 3485 3489 0 3380 3291 58 0 
6400 3456 3487 0 3390 3292 69 0 
6500 3487 3494 0 3387 3278 73 0 
6600 3447 3474 0 3396 3302 68 0 
6700 3400 3492 1 1725 3318 31 1611 
6800 3366 1800 3 1748 3307 19 3257 
6900 3353 1315 1 3437 3290 24 3248 
7000 3327 3391 2 3503 3288 23 3235 
7100 3331 3515 2 3543 3277 19 3196 
7200 3362 3534 2 3549 3349 15 3281 
7300 3317 3546 1 3562 3268 22 3221 
7400 3337 3525 1 3514 3244 12 3194 
7500 3376 3537 2 3545 3299 14 3253 
7600 3364 3524 4 3538 3260 41 3206 
7700 3312 3527 2 3540 3266 15 3219 
7800 3370 3531 1 3523 3335 22 3281 
7900 3370 3529 4 3544 3314 25 3249 
8000 3357 3526 8 3537 3312 22 3269 
8100 3383 3539 17 3540 3335 21 3265 
8200 3390 3530 14 3515 3316 19 3265 
8300 3364 3532 5 3543 3320 15 3268 
8400 3363 3532 3 3512 3335 15 3295 
8500 3380 3532 2 3544 3310 25 3267 
8600 3380 3528 1 3531 3295 29 3230 
8700 3393 3517 0 3505 3346 24 3304 
8800 3412 3516 4 3519 3314 19 3272 
8900 3380 3494 2 3533 3310 20 3277 
9000 3399 3529 7 3533 3357 14 3306 
9100 3406 3518 1 3524 3359 24 3313 
9200 3398 3526 2 3524 3336 23 3292 
9300 3431 3519 3 3528 3386 19 3333 
9400 3424 3539 2 3535 3379 20 3320 
9500 3452 3523 1 3529 3374 16 3341 
9600 3426 3520 6 3518 3345 21 3304 
9700 3416 3521 4 3532 3366 21 3311 
9800 3436 3523 1 3516 3389 22 3331 
9900 3394 3517 6 3520 3344 27 3289 
10000 3430 3526 5 3511 3388 14 3345 
10100 3441 3530 6 3527 3397 19 3333 
10200 3463 3537 10 3524 3397 22 3342 
10300 3405 3525 2 3521 3343 19 3296 
10400 3459 3541 1 3539 3395 18 3353 
10500 3437 3513 5 3528 3377 14 3347 
10600 3444 3523 6 3531 3385 18 3342 
10700 3489 3533 25 3522 3409 15 3349 
10800 3437 3510 20 3504 3371 23 3314 
10900 3422 3523 11 3534 3383 31 3313 
11000 3452 3523 10 3506 3374 40 3344 
11100 3417 3526 21 3511 3383 24 3308 
11200 3439 3519 24 3512 3401 22 3339 
11300 3430 3537 31 3505 3364 20 3317 
11400 3470 3531 74 3459 3410 23 3352 
11500 3446 3522 50 3487 3388 22 3338 
11600 3447 3502 18 3483 3379 16 3336 
11700 3435 3527 2 3527 3380 24 3321 
11800 3458 3536 2 3538 3395 25 3345 
11900 3483 3546 1 3542 3426 17 3374 
12000 3488 3530 3 3527 3424 14 3378 
12100 3475 3516 2 3521 3433 17 3404 
12200 3470 3517 3 3526 3385 27 3327 
12300 3451 3520 5 3528 3405 26 3344 
12400 3470 3526 6 3536 3398 30 3349 
12500 3458 3525 5 3519 3346 21 3302 112600 3481 3520 7 3504 3395 31 3359 
12700 3482 3517 3 3522 3379 25 3351 
12800 3457 3531 2 3534 3372 23 3337 
12900 3466 3513 3 3518 3374 44 3344 
13000 3479 3525 6 3535 3383 36 3327 
13100 3469 35412400 3524 3499 20 343813200 3476 3504 412500 3485 3502 26 313300 3478 3519 16 312600 3500 3497 2113400 3488 3527 25 35112700 3501 3482 13500 3463 3508 47 3484 12800 3504 3478 15 3429 3301 3377 3342 
12900 3501 3504 13 3436 3258 3346 3304 
13000 3493 3511 27 3417 3247 3374 3294 
13100 3483 3511 24 3459 3241 3375 3291 
13200 3520 3512 14 3481 3308 3383 3345 
13300 3520 3516 16 3481 3280 3382 33251413400 3503 3511 25 3420 3268 3349 31430013500 3518 3485 31 3446 3286 33814400 3413600 3506 3489 17 3451 3279 3341 3296 
13700 3500 3488 23 3453 3266 3353 3306 
13800 3524 3493 26 3414 3269 3359 3317 
13900 3514 3496 23 3438 3281 3387 3327 
14000 3518 3511 19 3472 3314 3368 3350 
14100 3509 3495 25 3461 3305 3376 3343 
14200 3502 3500 13 3449 3268 3358 3302 
14300 3537 3505 25 3444 3291 3378 3331 
14400 3517 3499 22 3437 3269 3357 3291 
14500 3520 3503 22 3460 3332 3375 3343 
14600 3505 3517 16 3476 3284 3342 3309 
14700 3505 3511 28 3478 3288 3381 3329 
14800 3486 3521 20 3457 3287 3351 3308 
14900 3532 3508 26 3456 3292 3366 3324 
15000 3493 3514 30 3474 3277 3307 3298 
15100 3518 3489 17 3464 3300 3374 3339 
15200 3514 3500 35 3439 3260 3331 3294 
15300 3510 3492 31 3458 3300 3364 3314 
15400 3508 3519 27 3463 3316 3384 3344 
15500 3509 3484 20 3451 3270 3357 3316 
15600 3502 3508 30 3443 3311 3360 3312 
15700 3540 3522 16 3464 3279 3351 3308 
15800 3529 3526 20 3446 3306 3369 3325 
15900 3518 3504 30 3436 3311 3386 3341 
16000 3525 3504 15 3436 3338 3369 3346 
16100 3511 3501 31 3454 3301 3381 3334 
16200 3515 3505 21 3444 3302 3354 3330 
16300 3496 3528 34 3458 3271 3317 3274 
16400 3510 3491 30 3443 3298 3357 3326 
16500 3521 3501 32 3429 3266 3319 3287 
16600 3491 3500 34 3424 3263 3327 3291 
16700 3522 3502 16 3451 3283 3342 3318 
16800 3527 3483 34 3445 3309 3372 3323 
16900 3532 3483 23 3452 3287 3359 3323 
17000 3511 3508 29 3452 3283 3342 3310 
17100 3523 3489 19 3449 3302 3348 3322 
17200 3532 3513 27 3433 3275 3344 3290 
17300 3536 3485 31 3442 3307 3368 3346 
17400 3508 3497 26 3425 3269 3316 3284 
17500 3541 3507 13 3471 3309 3355 3331 
17600 3524 3510 23 3452 3293 3362 3321 
17700 3523 3486 22 3448 3311 3359 3334 
17800 3531 3525 26 3439 3274 3351 3303 
17900 3519 3502 22 3461 3278 3349 3300 
18000 3525 3519 26 3436 3281 3340 3312 
18100 3522 3517 39 3445 3290 3366 3308 
18200 3530 3519 29 3417 3300 3336 3311 
18300 3526 3490 35 3440 3309 3380 3335 
18400 3521 3470 30 3447 3294 3337 3314 
18500 3523 3508 27 3435 3325 3351 3330 
18600 3526 3500 26 3442 3304 3343 3334 
18700 3521 3492 38 3427 3294 3363 3335 
18800 3521 3517 32 3451 3338 3384 3340 
18900 3539 3497 43 3443 3283 3371 3335 
19000 3516 3514 26 3442 3278 3338 3293 
19100 3518 3498 31 3429 3285 3362 3314 
19200 3510 3507 37 3455 3310 3356 3322 
19300 3521 3501 31 3453 3294 3357 3334 
19400 3520 3510 35 3419 3292 3354 3313 
19500 3506 3522 43 3451 3284 3324 3284 
19600 3527 3496 34 3423 3300 3355 3306 
19700 3520 3513 47 3449 3305 3390 3338 
19800 3516 3500 36 3429 3272 3347 3316 
19900 3515 3472 45 3425 3254 3331 3281 
20000 3509 3495 46 3423 3273 3352 3305 
20100 3519 3487 40 3423 3304 3344 3308 
20200 3522 3505 42 3435 3270 3336 3288 
20300 3512 3507 35 3459 3303 3369 3325 
20400 3550 3478 28 3408 3290 3359 3311 
20500 3527 3496 41 3434 3299 3369 3331 
20600 3517 3499 47 3428 3292 3343 3309 
20700 3512 3520 37 3443 3314 3363 3308 
20800 3516 3500 33 3438 3295 3340 3310 
20900 3527 1665 1793 3386 3316 3377 3335 
21000 3532 107 3336 3360 3373 3425 3371 
21100 3557 98 3358 3364 3375 3403 3375 
21200 3554 105 3333 3348 3367 3381 3357 
21300 3542 83 3361 3380 3341 3350 3317 
21400 3544 99 3350 3356 3353 3390 3351 
21500 3543 86 3345 3356 3370 3388 3347 
21600 3547 82 3326 3346 3323 3373 3313 
21700 3550 85 3374 3387 3339 3365 3314 
21800 3539 61 3379 3390 3374 3396 3354 
21900 3539 58 3366 3391 3341 3369 3364 
22000 3555 72 3357 3374 3365 3389 3354 
22100 3539 70 3343 3363 3364 3362 3348 
22200 3557 81 3335 3351 3363 3349 3349 
22300 3542 71 3375 3395 3386 3370 3349 
22400 3560 67 3332 3357 3330 3337 3299 
22500 3553 53 3382 3419 3364 3389 3348 
22600 3539 67 3363 3389 3383 3378 3354 
22700 3547 67 3370 3389 3341 3402 3348 
22800 3550 61 3386 3416 3363 3393 3356 
22900 3532 69 3372 3376 3361 3365 3319 
23000 3542 65 3363 3372 3346 3352 3313 
23100 3536 76 3326 3344 3344 3336 3301 
23200 3530 73 3372 3372 3335 3390 3322 
23300 3555 65 3354 3390 3366 3366 3324 
23400 3545 69 3358 3380 3325 3363 3340 
23500 3550 61 3370 3399 3342 3378 3320 
23600 3543 57 3376 3394 3352 3384 3339 
23700 3542 80 3356 3365 3358 3359 3333 
23800 3542 54 3364 3379 3373 3412 3373 
23900 3531 69 3363 3377 3343 3393 3352 
24000 3541 78 3324 3345 3343 3385 3358 
24100 3556 61 3329 3340 3362 3403 3353 
24200 3550 74 3306 3337 3344 3402 3349 
24300 3552 80 3332 3345 3359 3400 3354 
24400 3552 58 3354 3375 3381 3406 3395 
24500 3547 49 3306 3312 3353 3395 3347 
24600 3544 50 3330 3333 3313 3357 3325 
24700 3558 59 3347 3346 3338 3368 3350 
24800 3538 56 3341 3354 3355 3377 3353 
24900 3550 55 3325 3336 3338 3376 3359 
25000 3555 49 3326 3324 3335 3361 3359 
25100 3538 73 3281 3278 3284 3377 3348 
25200 3549 48 3314 3317 3322 3380 3351 
25300 3546 41 3312 3312 3315 3377 3347 
25400 3545 43 3308 3329 3324 3351 3341 
25500 3549 31 3350 3350 3346 3391 3360 
25600 3550 28 3348 3352 3337 3370 3354 
25700 3558 221 3296 3308 3351 3396 3377 
25800 3522 3325 3266 3244 3305 3379 3347 
25900 3538 3444 3266 3250 3264 3333 3330 
26000 3534 3452 3270 3250 3285 3368 3337 
26100 3551 3471 3285 3285 3309 3394 3383 
26200 3530 3473 3278 3297 3323 3379 3367 
26300 3545 3471 3274 3274 3323 3398 3383 
26400 3547 3481 3283 3267 3294 3380 3340 
26500 3547 3498 3288 3254 3263 3357 3328 
26600 3548 3483 3285 3277 3313 3389 3362 
26700 3525 3480 3297 3280 3304 3369 3356 
26800 3525 3486 3295 3288 3304 3373 3347 
26900 3552 3468 3320 3305 3313 3392 3367 
27000 3544 3496 3285 3266 3288 3418 3350 
27100 3536 3495 3320 3318 3350 3403 3394 
27200 3541 3447 3273 3263 3298 3381 3348 
27300 3550 3485 3310 3312 3344 3415 3401 
27400 3564 3511 3308 3300 3317 3397 3372 
27500 3540 3449 3282 3265 3307 3379 3348 
27600 3535 3503 3297 3290 3291 3393 3352 
27700 3533 3478 3300 3286 3292 3373 3357 
27800 3554 3496 3338 3333 3338 3396 3385 
27900 3540 3481 3310 3305 3331 3389 3367 
28000 3539 3495 3319 3308 3335 3410 3380 
28100 3520 3480 3298 3278 3285 3380 3354 
28200 3540 3466 3308 3310 3302 3379 3351 
28300 3549 3474 3299 3280 3317 3385 3380 
28400 3547 3465 3319 3305 3305 3392 3361 
28500 3542 3465 3293 3306 3323 3395 3372 
28600 3536 3490 3331 3311 3319 3388 3383 
28700 3547 3481 3279 3269 3297 3381 3357 
28800 3538 3475 3331 3324 3311 3379 3366 
28900 3533 3462 3333 3305 3331 3422 3372 
29000 3529 3482 3317 3309 3332 3405 3379 
29100 3539 3489 3340 3325 3340 3406 3369 
29200 3526 3470 3362 3360 3341 3405 3380 
29300 3544 3474 3332 3316 3313 3392 3367 
29400 3539 3462 3339 3319 3335 3390 3382 
29500 3536 3489 3343 3315 3324 3405 3370 
29600 3550 3489 3342 3347 3333 3386 3381 
29700 3523 3454 3324 3309 3313 3371 3365 
29800 3555 3489 3380 3356 3339 3407 3392 
29900 3540 3473 3322 3299 3323 3377 3357 
30000 3538 3460 3331 3342 3326 3363 3386 
30100 3543 3487 3342 3346 3337 3386 3361 
30200 3528 3492 3355 3344 3310 3368 3353 
30300 3557 3489 3376 3368 3336 3414 3385 
30400 3551 3519 3372 3351 3364 3409 3389 
30500 3545 3493 3364 3333 3343 3379 3360 
30600 3549 3484 3361 3356 3335 3375 3366 
30700 3536 3499 3391 3385 3360 3404 3396 
30800 3545 3483 3380 3370 3340 3392 3382 
30900 3542 3500 3359 3337 3329 3396 3371 
31000 3534 3479 3353 3337 3317 3371 3382 
31100 3541 3468 3310 3311 3302 3396 3346 
31200 3560 3507 3345 3333 3344 3402 3386 
31300 3536 3505 3330 3329 3302 3405 3369 
31400 3554 3513 3343 3329 3337 3408 3382 
31500 3540 3473 3339 3325 3337 3376 3364 
31600 3548 3495 3355 3372 3330 3403 3391 
31700 3529 3494 3346 3321 3300 3357 3347 
31800 3542 3478 3329 3328 3327 3387 3378 
31900 3547 3470 3332 3321 3281 3382 3351 
32000 3542 3508 3370 3363 3336 3402 3399 
32100 3542 3505 3336 3326 3313 3387 3375 
32200 3557 3514 3336 3332 3326 3394 3380 
32300 3537 3495 3305 3287 3288 3376 3375 
32400 3527 3486 3341 3332 3303 3380 3353 
32500 3525 3522 3314 3314 3323 3384 3387 
32600 3551 3508 3359 3346 3346 3433 3409 
32700 3516 3474 3317 3289 3313 3383 3360 
32800 3544 3486 3356 3333 3330 3384 3363 
32900 3544 3476 3371 3344 3352 3421 3372 
33000 3552 3481 3288 3312 3315 3385 3365 
33100 3542 3523 3380 3383 3365 3392 3405 
33200 3557 3478 3339 3353 3336 3424 3398 
33300 3523 3477 3329 3323 3308 3395 3365 
33400 3545 3486 3317 3323 3329 3389 3380 
33500 3552 3490 3321 3331 3331 3401 3394 
33600 3532 3496 3309 3296 3316 3382 3348 
33700 3562 3527 3360 3359 3362 3403 3391 
33800 3556 3491 3386 3385 3382 3412 3428 
33900 3538 3498 3354 3361 3322 3405 3376 
34000 3542 3491 3354 3349 3349 3410 3385 
34100 3553 3513 3334 3337 3341 3402 3384 
34200 3531 3498 3308 3309 3289 3356 3326 
34300 3536 3494 3338 3332 3327 3382 3372 
34400 3546 3494 3345 3337 3323 3396 3376 
34500 3534 3480 3336 3328 3309 3384 3369 
34600 3534 3499 3339 3335 3325 3400 3365 
34700 3544 3496 3309 3303 3322 3389 3375 
34800 3537 3482 3308 3298 3313 3393 3372 
34900 3540 3500 3348 3337 3344 3406 3395 
35000 3538 3504 3323 3298 3313 3376 3363 
35100 3528 3503 3345 3338 3338 3405 3370 
35200 3554 3515 3347 3338 3347 3411 3391 
35300 3529 3505 3356 3350 3344 3423 3397 
35400 3552 3515 3349 3344 3345 3443 3391 
35500 3537 3507 3337 3343 3332 3384 3366 
35600 3524 3501 3376 3354 3336 3387 3376 
35700 3537 3485 3338 3337 3321 3405 3377 
35800 3539 3484 3334 3319 3334 3414 3389 
35900 3536 3506 3355 3354 3345 3429 3408 
36000 3548 3516 3369 3374 3361 3416 3389 
36100 3548 3522 3301 3290 3313 3403 3374 
36200 3554 3530 3338 3349 3353 3410 3401 
36300 3550 3495 3336 3336 3318 3391 3392 
36400 3554 3495 3331 3322 3343 3386 3389 
36500 3536 3482 3330 3331 3341 3385 3385 
36600 3539 3478 3329 3331 3308 3382 3371 
36700 3542 3481 3359 3332 3320 3385 3364 
36800 3551 3489 3314 3330 3324 3416 3384 
36900 3528 3542 3328 3324 3311 3386 3370 
37000 3542 3513 3309 3302 3296 3379 3354 
37100 3530 3473 3331 3335 3354 3414 3402 
37200 3527 3506 3337 3330 3335 3410 3385 
37300 3521 3486 3330 3323 3308 3378 3363 
37400 3551 3495 3351 3333 3361 3429 3404 
37500 3563 3526 3354 3352 3358 3424 3417 
37600 3550 3492 3327 3346 3326 3391 3380 
37700 3548 3506 3300 3306 3291 3383 3359 
37800 3539 3492 3342 3342 3333 3396 3383 
37900 3549 3490 3352 3360 3331 3402 3387 
38000 3537 3515 3319 3315 3303 3384 3362 
38100 3546 3506 3288 3283 3303 3375 3359 
38200 3523 3492 3318 3338 3322 3388 3360 
38300 3549 3490 3351 3359 3342 3427 3398 
38400 3545 3506 3337 3328 3336 3396 3366 
38500 3536 3490 3343 3346 3330 3403 3384 
38600 3523 3514 3342 3312 3316 3391 3368 
38700 3541 3480 3315 3322 3301 3397 3363 
38800 3530 3499 3313 3307 3326 3392 3371 
38900 3536 3478 3329 3333 3311 3375 3356 
39000 3560 3498 3325 3330 3333 3392 3372 
39100 3531 3493 3344 3342 3336 3403 3401 
39200 3547 3474 3312 3328 3307 3399 3365 
39300 3521 3462 3311 3310 3299 3389 3367 
39400 3539 3494 3308 3313 3296 3375 3350 
39500 3539 3480 3319 3324 3312 3411 3367 
39600 3542 3480 3307 3311 3317 3382 3353 
39700 3545 3519 3325 3351 3350 3365 3395 
39800 3555 3509 3306 3314 3323 3411 3368 
39900 3540 3472 3346 3362 3346 3381 3378 
40000 3554 3484 3349 3346 3328 3398 3379 
40100 3560 3511 3359 3354 3352 3412 3403 
40200 3540 3490 3298 3309 3310 3365 3353 
40300 3545 3489 3331 3325 3322 3390 3394 
40400 3539 3494 3322 3314 3329 3401 3369 
40500 3525 3489 3307 3314 3287 3370 3337 
40600 3531 3485 3364 3366 3320 3378 3367 
40700 3538 3474 3286 3299 3270 3360 3334 
40800 3532 3507 3325 3332 3335 3403 3373 
40900 3528 3468 3310 3319 3289 3362 3366 
41000 3524 3481 3357 3344 3310 3378 3360 
41100 3548 3506 3353 3350 3332 3411 3385 
41200 3547 3480 3314 3320 3308 3385 3352 
41300 3538 3484 3307 3300 3275 3381 3360 
41400 3531 3519 3328 3345 3333 3392 3375 
41500 3538 3509 3328 3353 3342 3397 3381 
41600 3541 3510 3300 3308 3308 3399 3382 
41700 3551 3500 3358 3353 3323 3395 3373 
41800 3531 3506 3288 3288 3272 3342 3323 
41900 3551 3491 3338 3350 3343 3411 3386 
42000 3531 3497 3345 3352 3317 3393 3374 
42100 3557 3511 3318 3330 3318 3408 3372 
42200 3541 3494 3354 3349 3351 3420 3405 
42300 3558 3527 3365 3353 3333 3426 3405 
42400 3528 3484 3310 3306 3301 3387 3387 
42500 3538 3502 3376 3367 3323 3400 3389 
42600 3556 3502 3357 3358 3336 3416 3398 
42700 3557 3510 3334 3350 3318 3381 3361 
42800 3548 3485 3341 3342 3325 3391 3375 
42900 3548 3504 3349 3346 3341 3392 3371 
43000 3561 3525 3355 3360 3350 3412 3403 
43100 3560 3514 3363 3371 3364 3431 3409 
43200 3551 3501 3383 3380 3365 3428 3401 
43300 3553 3516 3317 3319 3304 3386 3360 
43400 3551 3515 3383 3375 3367 3425 3410 
43500 3570 3519 3367 3365 3370 3443 3421 
43600 3559 3519 3339 3365 3373 3438 3425 
43700 3551 3504 3334 3333 3335 3413 3393 
43800 3550 3519 3380 3385 3377 3424 3428 
43900 3562 3494 3329 3348 3315 3389 3365 
44000 3551 3524 3369 3382 3376 3424 3412 
44100 3551 3496 3351 3360 3331 3431 3398 
44200 3551 3521 3350 3352 3302 3383 3363 
44300 3545 3499 3399 3405 3371 3405 3402 
44400 3562 3529 3355 3383 3345 3422 3416 
44500 3554 3486 3333 3339 3300 3379 3355 
44600 3555 3504 3361 3378 3359 3429 3408 
44700 3560 3518 3373 3393 3351 3418 3401 
44800 3535 3500 3346 3359 3346 3441 3403 
44900 3557 3499 3374 3381 3374 3432 3413 
45000 3546 3517 3367 3390 3376 3425 3415 
45100 3553 3527 3341 3360 3334 3411 3374 
45200 3555 3480 3370 3373 3357 3408 3385 
45300 3559 3496 3326 3330 3317 3389 3377 
45400 3546 3494 3356 3366 3335 3399 3395 
45500 3561 3510 3355 3379 3371 3422 3404 
45600 3544 3507 3317 3319 3318 3405 3375 
45700 3535 3503 3370 3389 3368 3423 3409 
45800 3541 3507 3333 3349 3314 3376 3361 
45900 3566 3501 3363 3382 3374 3425 3412 
46000 3555 3508 3359 3377 3345 3419 3392 
46100 3556 3509 3360 3375 3372 3429 3404 
46200 3551 3514 3354 3374 3347 3419 3402 
46300 3550 3514 3358 3362 3369 3410 3409 
46400 3562 3527 3355 3358 3367 3420 3408 
46500 3550 3498 3321 3334 3299 3376 3361 
46600 3546 3491 3379 3369 3338 3394 3416 
46700 3551 3500 3322 3321 3309 3385 3361 
46800 3561 3526 3378 3391 3386 3419 3404 
46900 3564 3529 3367 3360 3331 3390 3379 
47000 3542 3508 3345 3363 3323 3388 3367 
47100 3543 3524 3380 3389 3355 3428 3415 
47200 3559 3506 3351 3345 3332 3400 3393 
47300 3553 3514 3391 3383 3353 3423 3398 
47400 3555 3525 3368 3369 3349 3411 3391 
47500 3555 3492 3362 3378 3351 3414 3394 
47600 3554 3509 3347 3354 3331 3393 3368 
47700 3546 3501 3350 3346 3349 3426 3392 
47800 3559 3499 3387 3389 3380 3437 3409 
47900 3551 3494 3393 3393 3358 3417 3397 
48000 3554 3518 3356 3357 3367 3408 3413 
48100 3558 3519 3349 3357 3339 3387 3381 
48200 3546 3517 3358 3359 3363 3409 3404 
48300 3553 3509 3381 3393 3351 3429 3388 
48400 3550 3530 3377 3380 3360 3419 3405 
48500 3554 3482 3353 3358 3358 3451 3401 
48600 3567 3534 3390 3400 3401 3460 3440 
48700 3565 3506 3355 3351 3359 3402 3395 
48800 3557 3532 3359 3356 3362 3415 3405 
48900 3543 3511 3362 3371 3375 3429 3403 
49000 3555 3519 3366 3381 3356 3426 3398 
49100 3553 3528 3368 3370 3377 3433 3410 
49200 3571 3521 3349 3349 3385 3443 3420 
49300 3561 3517 3382 3386 3386 3445 3434 
49400 3570 3498 3393 3405 3411 3459 3444 
49500 3553 3517 3353 3361 3334 3424 3390 
49600 3565 3504 3332 3353 3336 3423 3404 
49700 3554 3525 3324 3330 3348 3399 3384 
49800 3558 3501 3344 3369 3372 3429 3405 
49900 3554 3504 3352 3348 3330 3389 3382 
50000 3554 3507 3338 3355 3358 3416 3403 
50100 3547 3533 3364 3370 3348 3418 3402 
50200 3572 3523 3390 3399 3396 3456 3460 
50300 3549 3511 3348 3352 3350 3438 3400 
50400 3564 3508 3367 3366 3353 3414 3413 
50500 3544 3517 3376 3378 3355 3408 3393 
50600 3560 3502 3364 3375 3377 3443 3418 
50700 3554 3520 3330 3328 3353 3393 3394 
50800 3562 3519 3349 3347 3341 3403 3367 
50900 3569 3501 3381 3378 3377 3462 3416 
51000 3549 3519 3365 3358 3358 3417 3385 
51100 3559 3500 3334 3361 3328 3390 3376 
51200 3556 3500 3341 3325 3328 3407 3376 
51300 3563 3511 3358 3359 3351 3436 3397 
51400 3561 3497 3370 3371 3384 3429 3426 
51500 3560 3515 3357 3353 3344 3415 3384 
51600 3560 3510 3334 3351 3344 3399 3386 
51700 3549 3508 3331 3323 3345 3395 3379 
51800 3563 3519 3352 3359 3343 3412 3391 
51900 3559 3502 3317 3335 3340 3393 3371 
52000 3558 3518 3349 3351 3362 3430 3412 
52100 3553 3497 3369 3370 3353 3403 3395 
52200 3550 3488 3370 3378 3353 3432 3401 
52300 3554 3490 3348 3351 3346 3396 3392 
52400 3540 3495 3326 3352 3337 3387 3386 
52500 3561 3505 3354 3349 3342 3426 3376 
52600 3547 3512 3328 3346 3331 3404 3377 
52700 3561 3516 3328 3330 3329 3416 3359 
52800 3537 3506 3338 3337 3334 3399 3390 
52900 3549 3477 3348 3356 3346 3418 3402 
53000 3543 3491 3386 3379 3355 3413 3390 
53100 3543 3497 3345 3349 3327 3401 3375 
53200 3557 3535 3349 3349 3345 3403 3388 
53300 3557 3486 3328 3320 3330 3401 3383 
53400 3532 3494 3303 3316 3296 3391 3345 
53500 3538 3488 3342 3327 3317 3352 3356 
53600 3551 3520 3350 3334 3349 3418 3390 
53700 3560 3524 3340 3326 3321 3408 3366 
53800 3558 3493 3331 3331 3314 3390 3358 
53900 3550 3516 3324 3318 3329 3379 3372 
54000 3551 3493 3349 3353 3337 3400 3385 
54100 3557 3503 3349 3352 3317 3400 3371 
54200 3555 3503 3332 3337 3323 3408 3371 
54300 3558 3519 3339 3338 3325 3421 3363 
54400 3536 3471 3311 3312 3298 3382 3350 
54500 3557 3498 3323 3319 3320 3377 3361 
54600 3542 3499 3326 3340 3323 3406 3357 
54700 3539 3498 3315 3332 3313 3382 3361 
54800 3571 3492 3305 3323 3344 3413 3406 
54900 3542 3517 3353 3384 3365 3418 3396 
55000 3554 3491 3332 3326 3306 3387 3373 
55100 3544 3525 3308 3322 3307 3410 3389 
55200 3559 3499 3322 3323 3312 3373 3352 
55300 3549 3493 3341 3336 3329 3424 3378 
55400 3546 3495 3344 3348 3339 3409 3389 
55500 3546 3506 3321 3316 3304 3359 3358 
55600 3556 3479 3335 3347 3309 3366 3362 
55700 3555 3521 3304 3334 3335 3405 3380 
55800 3556 3507 3313 3322 3317 3403 3390 
55900 3551 3514 3280 3291 3275 3372 3340 
56000 3551 3498 3309 3299 3318 3384 3368 
56100 3549 3506 3297 3305 3283 3381 3350 
56200 3547 3498 3327 3325 3342 3414 3373 
56300 3555 3498 3322 3311 3340 3386 3387 
56400 3555 3491 3323 3333 3351 3411 3407 
56500 3549 3479 3303 3306 3307 3376 3351 
56600 3551 3493 3318 3321 3332 3407 3380 
56700 3545 3498 3307 3319 3304 3389 3372 
56800 3549 3487 3340 3338 3333 3390 3378 
56900 3548 3484 3333 3341 3332 3414 3383 
57000 3545 3496 3304 3306 3318 3393 3362 
57100 3540 3503 3291 3314 3309 3374 3354 
57200 3542 3506 3317 3338 3335 3401 3376 
57300 3546 3483 3267 3262 3280 3379 3341 
57400 3563 3465 3342 3334 3368 3404 3393 
57500 3533 3478 3324 3320 3334 3420 3364 
57600 3548 3506 3301 3308 3341 3416 3364 
57700 3552 3490 3316 3310 3351 3414 3393 
57800 3544 3514 3322 3322 3319 3395 3370 
57900 3565 3508 3327 3319 3323 3419 3369 
58000 3531 3488 3295 3286 3279 3381 3349 
58100 3529 3486 3334 3339 3323 3387 3348 
58200 3537 3483 3315 3322 3330 3397 3379 
58300 3550 3495 3290 3287 3314 3403 3377 
58400 3536 3512 3299 3298 3320 3398 3363 
58500 3551 3499 3331 3318 3338 3400 3399 
58600 3542 3502 3317 3310 3348 3431 3403 
58700 3549 3500 3336 3328 3334 3419 3372 
58800 3545 3506 3357 3337 3332 3404 3393 
58900 3542 3500 3317 3314 3325 3397 3381 
59000 3539 3505 3320 3312 3333 3393 3373 
59100 3560 3492 3326 3323 3333 3404 3380 
59200 3538 3480 3300 3289 3294 3356 3336 
59300 3561 3492 3345 3300 3312 3402 3341 
59400 3561 3509 3301 3302 3331 3399 3382 
59500 3545 3503 3309 3303 3330 3426 3368 
59600 3542 3489 3328 3302 3318 3419 3372 
59700 3545 3487 3278 3279 3312 3400 3356 
59800 3540 3474 3353 3336 3346 3407 3384 
59900 3543 3499 3297 3288 3287 3387 3351 
60000 3547 3523 3316 3320 3333 3435 3379 
60100 3563 3493 3328 3317 3345 3386 3385 
60200 3548 3495 3341 3321 3361 3442 3404 
60300 3543 3497 3307 3285 3300 3386 3350 
60400 3543 3487 3333 3309 3306 3382 3360 
60500 3545 3500 3307 3306 3321 3412 3382 
60600 3533 3502 3312 3318 3316 3379 3355 
60700 3549 3488 3321 3312 3338 3417 3379 
60800 3538 3476 3308 3295 3336 3381 3372 
60900 3537 3476 3302 3298 3286 3374 3370 
61000 3549 3512 3330 3312 3326 3424 3379 
61100 3542 3490 3328 3275 3335 3400 3380 
61200 3542 3531 3338 3331 3335 3400 3355 
61300 3537 3465 3335 3315 3308 3389 3375 
61400 3543 3497 3351 3349 3352 3424 3391 
61500 3537 3500 3340 3330 3330 3398 3359 
61600 3549 3497 3330 3344 3354 3416 3392 
61700 3539 3486 3360 3342 3337 3391 3371 
61800 3537 3477 3304 3289 3305 3389 3343 
61900 3532 3505 3340 3317 3315 3406 3364 
62000 3532 3486 3310 3289 3304 3383 3360 
62100 3544 3463 3293 3284 3298 3376 3336 
62200 3542 3499 3341 3347 3342 3410 3379 
62300 3556 3504 3337 3320 3313 3396 3373 
62400 3535 3494 3290 3284 3305 3378 3353 
62500 3543 3489 3341 3348 3362 3393 3390 
62600 3545 3503 3336 3293 3331 3415 3367 
62700 3541 3454 3354 3337 3373 3414 3412 
62800 3551 3510 3334 3351 3355 3429 3388 
62900 3539 3498 3306 3307 3317 3379 3365 
63000 3551 3498 3326 3318 3324 3390 3374 
63100 3550 3488 3326 3318 3313 3388 3335 
63200 3518 3479 3292 3265 3295 3375 3327 
63300 3559 3488 3365 3345 3348 3434 3403 
63400 3536 3477 3323 3303 3308 3396 3337 
63500 3545 3449 3292 3269 3274 3378 3327 
63600 3534 3498 3316 3303 3310 3397 3365 
63700 3533 3479 3351 3322 3334 3394 3373 
63800 3527 3452 3295 3292 3305 3410 3369 
63900 3538 3484 3330 3311 3309 3361 3357 
64000 3546 3494 3320 3306 3328 3404 3374 
64100 3543 3482 3319 3293 3321 3398 3369 
64200 3536 3485 3316 3313 3337 3401 3375 
64300 3553 3465 3331 3329 3343 3420 3392 
64400 3541 3489 3320 3293 3322 3419 3383 
64500 3545 3480 3332 3328 3339 3423 3385 
64600 3543 3456 3308 3320 3320 3380 3352 
64700 3537 3486 3318 3314 3333 3416 3382 
64800 3527 3495 3398 3379 3370 3425 3400 
64900 3540 3493 3314 3296 3331 3421 3366 
65000 3547 3458 3318 3306 3332 3406 3360 
65100 3549 3472 3311 3303 3330 3407 3372 
65200 3519 3471 3314 3280 3325 3429 3368 
65300 3561 3473 3338 3327 3334 3413 3360 
65400 3558 3502 3325 3304 3301 3399 3360 
65500 3555 3464 3301 3312 3334 3411 3375 
65600 3563 3475 3319 3310 3292 3381 3340 
65700 3551 3478 3320 3310 3301 3402 3354 
65800 3556 3491 3348 3318 3329 3404 3375 
65900 3536 3488 3352 3331 3334 3403 3368 
66000 3543 3489 3314 3294 3307 3385 3360 
66100 3554 3459 3348 3314 3281 3382 3330 
66200 3547 3467 3326 3323 3306 3399 3365 
66300 3532 3479 3327 3316 3278 3386 3323 
66400 3556 3455 3313 3307 3311 3411 3360 
66500 3542 3490 3348 3327 3332 3425 3377 
66600 3556 3494 3324 3321 3348 3424 3390 
66700 3544 3474 3350 3358 3319 3401 3370 
66800 3534 3468 3306 3295 3306 3370 3341 
66900 3542 3496 3346 3338 3334 3424 3379 
67000 3538 3497 3298 3300 3348 3428 3388 
67100 3546 3455 3334 3320 3277 3392 3336 
67200 3553 3485 3339 3323 3345 3417 3385 
67300 3561 3490 3358 3376 3366 3430 3411 
67400 3549 3467 3328 3327 3316 3415 3357 
67500 3547 3501 3311 3327 3318 3415 3368 
67600 3546 3437 3332 3331 3307 3417 3362 
67700 3536 3487 3324 3323 3345 3404 3378 
67800 3549 3466 3326 3340 3350 3436 3376 
67900 3546 3445 3387 3377 3387 3431 3422 
68000 3527 3452 3311 3304 3310 3409 3354 
68100 3548 3473 3345 3342 3318 3417 3359 
68200 3543 3488 3317 3327 3323 3432 3377 
68300 3557 3475 3322 3339 3350 3430 3378 
68400 3547 3500 3323 3333 3310 3414 3371 
68500 3553 3506 3355 3346 3359 3425 3379 
68600 3552 3477 3287 3310 3296 3398 3353 
68700 3535 3434 3327 3330 3314 3360 3348 
68800 3548 3488 3346 3339 3336 3438 3388 
68900 3540 3465 3334 3346 3313 3410 3372 
69000 3537 3470 3316 3334 3306 3387 3352 
69100 3547 3490 3355 3354 3322 3405 3360 
69200 3548 3474 3344 3353 3335 3406 3380 
69300 3537 3480 3349 3359 3338 3413 3359 
69400 3557 3474 3345 3355 3353 3418 3385 
69500 3549 3474 3313 3332 3317 3411 3361 
69600 3532 3493 3357 3368 3316 3417 3365 
69700 3536 3475 3342 3349 3336 3402 3370 
69800 3550 3500 3338 3372 3341 3422 3406 
69900 3532 3479 3354 3354 3338 3412 3352 
70000 3541 3489 3331 3336 3323 3401 3373 
70100 3533 3458 3342 3370 3340 3424 3377 
70200 3539 3498 3312 3324 3330 3405 3360 
70300 3549 3496 3366 3356 3348 3450 3399 
70400 3532 3492 3327 3352 3301 3405 3353 
70500 3534 3456 3321 3331 3321 3383 3359 
70600 3538 3497 3321 3345 3283 3403 3343 
70700 3555 3462 3302 3296 3328 3425 3358 
70800 3539 3479 3326 3329 3310 3395 3339 
70900 3549 3490 3322 3335 3309 3410 3354 
71000 3537 3473 3369 3387 3317 3404 3344 
71100 3542 3481 3349 3354 3284 3407 3350 
71200 3534 3499 3332 3337 3313 3414 3357 
71300 3530 3468 3353 3359 3322 3419 3364 
71400 3535 3498 3319 3317 3290 3382 3338 
71500 3539 3470 3365 3359 3343 3419 3377 
71600 3546 3519 3329 3321 3311 3390 3349 
71700 3551 3468 3368 3379 3333 3426 3375 
71800 3535 3478 3331 3331 3297 3417 3335 
71900 3548 3492 3362 3370 3350 3398 3383 
72000 3551 3463 3371 3381 3358 3433 3399 
72100 3542 3474 3360 3385 3343 3397 3381 
72200 3529 3477 3355 3363 3344 3412 3364 
72300 3539 3492 3356 3357 3317 3393 3362 
72400 3542 3474 3313 3313 3278 3400 3338 
72500 3531 3488 3372 3381 3346 3396 3381 
72600 3546 3504 3321 3325 3327 3416 3383 
72700 3558 3473 3348 3359 3364 3417 3396 
72800 3542 3493 3314 3338 3303 3396 3362 
72900 3556 3504 3343 3335 3324 3416 3371 
73000 3549 3484 3351 3338 3324 3423 3373 
73100 3545 3516 3364 3361 3330 3437 3388 
73200 3550 3480 3331 3333 3310 3403 3355 
73300 3558 3495 3351 3354 3337 3427 3381 
73400 3540 3474 3389 3377 3344 3418 3381 
73500 3561 3512 3334 3334 3305 3406 3351 
73600 3555 3490 3313 3335 3289 3409 3344 
73700 3543 3475 3359 3350 3342 3427 3386 
73800 3555 3494 3365 3364 3340 3415 3375 
73900 3549 3496 3356 3367 3319 3373 3353 
74000 3546 3485 3363 3343 3315 3410 3373 
74100 3541 3484 3360 3355 3333 3436 3369 
74200 3534 3505 3353 3337 3322 3426 3368 
74300 3554 3516 3400 3390 3377 3431 3425 
74400 3544 3527 3346 3375 3335 3431 3386 
74500 3555 3516 3328 3322 3346 3437 3397 
74600 3536 3460 3334 3344 3305 3375 3334 
74700 3547 3492 3343 3318 3320 3403 3370 
74800 3533 3505 3332 3327 3278 3380 3329 
74900 3530 3531 3329 3336 3306 3395 3350 
75000 3548 3508 3388 3361 3342 3427 3384 
75100 3546 3512 3297 3295 3276 3381 3324 
75200 3540 3519 3340 3351 3303 3382 3363 
75300 3540 3482 3331 3324 3306 3398 3343 
75400 3531 3483 3359 3342 3302 3369 3340 
75500 3546 3517 3343 3346 3321 3395 3362 
75600 3544 3485 3347 3339 3308 3383 3351 
75700 3526 3526 3336 3334 3320 3364 3363 
75800 3527 3496 3329 3331 3289 3380 3336 
75900 3541 3509 3355 3348 3319 3431 3393 
76000 3557 3505 3375 3375 3351 3438 3404 
76100 3536 3522 3330 3322 3310 3390 3351 
76200 3555 3483 3331 3340 3282 3383 3330 
76300 3549 3489 3386 3387 3349 3423 3400 
76400 3541 3513 3320 3316 3303 3410 3349 
76500 3537 3507 3331 3334 3308 3408 3351 
76600 3555 3511 3363 3356 3341 3394 3371 
76700 3542 3487 3341 3329 3315 3399 3343 
76800 3551 3507 3359 3355 3339 3455 3395 
76900 3527 3502 3329 3315 3320 3412 3363 
77000 3547 3467 3350 3319 3282 3372 3333 
77100 3537 3466 3330 3296 3309 3400 3368 
77200 3523 3510 3381 3353 3354 3419 3384 
77300 3516 3488 3379 3352 3317 3388 3351 
77400 3545 3507 3346 3343 3358 3400 3377 
77500 3532 3491 3370 3368 3337 3405 3380 
77600 3537 3515 3309 3313 3316 3401 3359 
77700 3529 3502 3364 3349 3339 3412 3376 
77800 3528 3485 3344 3334 3287 3387 3355 
77900 3538 3487 3373 3357 3335 3408 3382 
78000 3536 3517 3324 3322 3328 3403 3365 
78100 3528 3510 3332 3324 3315 3376 3366 
78200 3530 3505 3357 3340 3327 3409 3357 
78300 3535 3508 3345 3317 3316 3414 3366 
78400 3542 3497 3375 3363 3319 3398 3373 
78500 3532 3507 3374 3349 3319 3414 3379 
78600 3535 3491 3379 3366 3310 3355 3351 
78700 3538 3509 3368 3343 3332 3418 3375 
78800 3557 3498 3349 3345 3355 3416 3390 
78900 3547 3509 3355 3338 3309 3402 3359 
79000 3541 3492 3318 3299 3273 3365 3350 
79100 3546 3511 3377 3360 3307 3407 3373 
79200 3555 3510 3369 3357 3352 3408 3409 
79300 3516 3511 3325 3302 3263 3374 3315 
79400 3529 3504 3309 3315 3301 3391 3372 
79500 3544 3520 3317 3313 3315 3390 3362 
79600 3542 3496 3329 3331 3322 3401 3388 
79700 3529 3492 3323 3305 3298 3402 3353 
79800 3552 3496 3357 3359 3325 3409 3369 
79900 3553 3511 3334 3333 3316 3383 3357 
80000 3542 3512 3327 3300 3293 3393 3348 
80100 3548 3499 3369 3349 3324 3401 3374 
80200 3545 3508 3356 3319 3287 3397 3366 
80300 3535 3499 3312 3284 3278 3370 3341 
80400 3544 3522 3368 3337 3299 3382 3345 
80500 3546 3499 3352 3334 3324 3406 3371 
80600 3557 3518 3374 3350 3333 3405 3379 
80700 3559 3521 3387 3354 3327 3390 3349 
80800 3546 3519 3375 3366 3326 3411 3376 
80900 3546 3514 3355 3334 3314 3412 3349 
81000 3536 3522 3368 3333 3320 3437 3361 
81100 3550 3496 3367 3348 3320 3437 3380 
81200 3547 3511 3373 3349 3340 3431 3400 
81300 3549 3511 3367 3348 3321 3404 3356 
81400 3535 3514 3375 3348 3296 3407 3351 
81500 3552 3524 3376 3369 3322 3405 3356 
81600 3531 3521 3356 3344 3304 3398 3356 
81700 3557 3500 3347 3339 3327 3427 3378 
81800 3543 3520 3343 3312 3290 3386 3328 
81900 3549 3486 3365 3355 3310 3394 3367 
82000 3548 3505 3349 3329 3273 3404 3343 
82100 3556 3520 3343 3347 3308 3387 3367 
82200 3543 3511 3356 3334 3299 3404 3350 
82300 3549 3515 3347 3332 3321 3399 3378 
82400 3546 3492 3380 3357 3349 3434 3405 
82500 3535 3512 3373 3351 3326 3425 3381 
82600 3552 3519 3372 3361 3321 3405 3374 
82700 3544 3517 3345 3322 3302 3386 3346 
82800 3536 3517 3371 3345 3312 3402 3353 
82900 3549 3517 3384 3358 3330 3404 3381 
83000 3535 3507 3340 3333 3330 3397 3344 
83100 3537 3501 3322 3312 3277 3391 3336 
83200 3553 3509 3353 3333 3286 3371 3342 
83300 3545 3498 3382 3365 3341 3420 3395 
83400 3523 3522 3343 3325 3297 3378 3322 
83500 3548 3528 3350 3326 3324 3404 3363 
83600 3541 3500 3356 3336 3310 3394 3351 
83700 3553 3514 3351 3355 3330 3406 3378 
83800 3539 3530 3342 3330 3305 3405 3375 
83900 3539 3533 3304 3295 3284 3389 3340 
84000 3554 3520 3376 3358 3336 3407 3386 
84100 3546 3526 3349 3343 3305 3401 3349 
84200 3550 3515 3379 3376 3326 3389 3360 
84300 3545 3510 3330 3321 3286 3393 3355 
84400 3532 3520 3370 3346 3328 3414 3361 
84500 3543 3523 3372 3373 3344 3419 3383 
84600 3541 3539 3367 3327 3317 3382 3343 
84700 3548 3540 3348 3335 3320 3373 3362 
84800 3539 3528 3340 3320 3307 3400 3349 
84900 3556 3525 3361 3347 3327 3391 3368 
85000 3549 3507 3361 3359 3313 3386 3357 
85100 3527 3525 3372 3372 3310 3385 3359 
52 3336 3438 3284 3313 3224 
86700 3389 3429 3320 3418 3318 3288 3276 
86800 3384 3423 3321 3420 3280 3286 3237 
86900 3379 3452 3320 3446 3284 3306 3259 
87000 3374 3454 3329 3448 3287 3306 3253 
87100 3354 3443 3335 3447 3294 3313 3246 
87200 3374 3434 3320 3437 3284 3303 3240 
87300 3352 3435 3299 3446 3235 3271 3206 
87400 3319 3404 3286 3410 3201 3224 3168 
87500 3356 3403 3299 3408 3218 3247 3185 
87600 3384 3431 3325 3412 3268 3303 3230 
87700 3361 3434 3294 3410 3284 3282 3246 
87800 3381 3455 3312 3425 3305 3286 3271 
87900 3363 3418 3317 3406 3283 3285 3242 
88000 3371 3416 3317 3418 3260 3286 3218 
88100 3365 3425 3323 3399 3235 3273 3201 
88200 3375 3436 3322 3421 3271 3272 3239 
88300 3369 3415 3295 3414 3249 3280 3213 
88400 3338 3419 3261 3426 3265 3274 3236 
88500 3370 3420 3295 3411 3273 3252 3223 
88600 3383 3433 3315 3417 3297 3288 3245 
88700 3335 3392 3280 3383 3242 3220 3167 
88800 3340 3431 3282 3427 3265 3275 3208 
88900 3345 3417 3284 3411 3259 3247 3218 
89000 3340 3435 3309 3426 3291 3290 3253 
89100 3361 3420 3322 3425 3273 3298 3240 
89200 3386 3452 3337 3447 3309 3325 3261 
89300 3349 3438 3319 3426 3281 3285 3239 
89400 3364 3436 3341 3414 3299 3274 3252 
89500 3278 3390 3275 3365 3227 3216 3175 
89600 3357 3416 3312 3412 3258 3267 3207 
89700 3368 3424 3306 3408 3285 3265 3243 
89800 3357 3435 3337 3408 3279 3314 3241 
89900 3343 3422 3294 3395 3270 3246 3220 
90000 3337 3420 3292 3422 3266 3257 3233 
90100 3376 3432 3319 3430 3253 3276 3218 
90200 3361 3418 3294 3410 3265 3248 3203 
90300 3353 3400 3285 3413 3285 3260 3248 
90400 3323 3413 3270 3414 3244 3226 3204 
90500 3318 3434 3270 3413 3236 3237 3198 
90600 3329 3422 3280 3421 3265 3269 3202 
90700 3301 3402 3258 3397 3223 3235 3177 
90800 3328 3424 3275 3419 3234 3255 3202 
90900 3381 3453 3331 3441 3296 3308 3237 
91000 3344 3421 3279 3403 3252 3271 3229 
91100 3364 3427 3312 3414 3275 3261 3239 
91200 3326 3391 3284 3406 3230 3249 3189 
91300 3408 3421 3348 3438 3306 3289 3273 
91400 3361 3433 3326 3421 3303 3301 3274 
91500 3369 3422 3315 3415 3274 3271 3233 
91600 3368 3410 3345 3397 3253 3277 3193 
91700 3327 3420 3310 3420 3279 3280 3221 
91800 3362 3436 3311 3424 3269 3255 3192 
91900 3336 3443 3299 3423 3268 3274 3211 
92000 3334 3425 3285 3402 3246 3300 3211 
92100 3364 3442 3316 3420 3284 3295 3248 
92200 3329 3430 3288 3417 3256 3261 3200 
92300 3299 3402 3269 3394 3254 3233 3197 
92400 3341 3421 3292 3402 3287 3266 3231 
92500 3363 3430 3306 3434 3301 3279 3264 
92600 3334 3417 3293 3437 3299 3281 3258 
92700 3328 3425 3290 3410 3280 3264 3219 
92800 3348 3461 3274 3447 3271 3303 3228 
92900 3335 3430 3287 3398 3283 3256 3241 
93000 3338 3410 3269 3391 3255 3221 3218 
93100 3338 3426 3276 3399 3221 3256 3171 
93200 3328 3419 3271 3418 3246 3268 3187 
93300 3310 3416 3272 3393 3256 3259 3206 
93400 3365 3431 3315 3427 3284 3271 3250 
93500 3369 3421 3316 3413 3265 3272 3221 
93600 3357 3446 3315 3433 3280 3274 3231 
93700 3371 3457 3317 3444 3310 3267 3256 
93800 3361 3447 3312 3430 3302 3302 3262 
93900 3340 3423 3312 3418 3258 3259 3207 
94000 3317 3409 3305 3389 3238 3225 3170 
94100 3358 3422 3319 3412 3274 3256 3219 
94200 3372 3419 3325 3429 3261 3287 3222 
94300 3355 3420 3289 3409 3269 3264 3219 
94400 3348 3446 3306 3439 3293 3277 3256 
94500 3358 3418 3307 3415 3260 3277 3222 
94600 3318 3426 3279 3433 3281 3269 3239 
94700 3353 3421 3299 3431 3305 3275 3252 
94800 3358 3429 3319 3422 3269 3272 3211 
94900 3363 3408 3311 3420 3265 3259 3230 
95000 3329 3383 3286 3375 3252 3238 3209 
95100 3320 3401 3289 3389 3246 3242 3206 
95200 3360 3442 3314 3429 3281 3272 3243 
95300 3336 3419 3269 3429 3281 3278 3244 
95400 3383 3432 3335 3439 3293 3309 3258 
95500 3374 3440 3330 3444 3294 3299 3268 
95600 3375 3422 3324 3437 3290 3290 3257 
95700 3381 3448 3294 3447 3288 3303 3236 
95800 3378 3449 3322 3450 3309 3311 3257 
95900 3373 3453 3332 3446 3308 3305 3255 
96000 3338 3412 3328 3419 3295 3275 3269 
96100 3326 3398 3287 3412 3244 3267 3206 
96200 3361 3395 3303 3407 3263 3261 3242 
96300 3379 3423 3319 3409 3277 3261 3228 
96400 3374 3443 3351 3437 3314 3304 3268 
96500 3336 3417 3316 3418 3251 3267 3209 
96600 3369 3446 3326 3440 3300 3300 3255 
96700 3357 3432 3289 3424 3261 3263 3239 
96800 3355 3437 3313 3417 3257 3269 3221 
96900 3359 3447 3302 3458 3245 3294 3208 
97000 3367 3453 3297 3451 3260 3283 3208 
97100 3349 3452 3340 3456 3261 3286 3207 
97200 3363 3430 3309 3423 3267 3267 3212 
97300 3337 3410 3294 3402 3249 3254 3201 
97400 3371 3423 3320 3428 3261 3286 3215 
97500 3362 3403 3318 3416 3262 3286 3239 
97600 3376 3420 3358 3448 3283 3331 3245 
97700 3400 3437 3340 3440 3297 3303 3242 
97800 3373 3411 3322 3417 3252 3279 3199 
97900 3358 3402 3298 3409 3248 3264 3206 
98000 3389 3402 3306 3389 3261 3254 3223 
98100 3377 3402 3308 3392 3289 3282 3241 
98200 3378 3433 3295 3410 3269 3292 3236 
98300 3371 3425 3299 3394 3286 3262 3231 
98400 3389 3435 3337 3407 3307 3282 3258 
98500 3392 3412 3328 3412 3286 3296 3259 
98600 3372 3430 3317 3407 3276 3276 3229 
98700 3349 3411 3314 3403 3273 3258 3228 
98800 3324 3422 3311 3396 3241 3253 3206 
98900 3350 3422 3291 3405 3255 3242 3221 
99000 3351 3431 3311 3403 3256 3255 3226 
99100 3362 3402 3313 3389 3242 3220 3216 
99200 3357 3375 3272 3378 3221 3231 3191 
99300 3413 3412 3321 3402 3282 3277 3263 
99400 3377 3399 3274 3386 3275 3244 3236 
99500 3361 3393 3289 3397 3260 3238 3215 
99600 3360 3402 3300 3397 3255 3254 3211 
99700 3351 3420 3315 3401 3266 3267 3222 
99800 3386 3446 3334 3440 3297 3280 3248 
99900 3357 3402 3290 3384 3277 3229 3234 
100000 3353 3440 3304 3429 3284 3282 3249 
