# Avida Average Data
# Mon Jun  4 16:56:46 2018
#  1: Update
#  2: Merit
#  3: Gestation Time
#  4: Fitness
#  5: Repro Rate?
#  6: (deprecated) Size
#  7: Copied Size
#  8: Executed Size
#  9: (deprecated) Abundance
# 10: Proportion of organisms that gave birth in this update
# 11: Proportion of Breed True Organisms
# 12: (deprecated) Genotype Depth
# 13: Generation
# 14: Neutral Metric
# 15: Lineage Label
# 16: True Replication Rate (based on births/update, time-averaged)

0 97 389 0 0 0 100 97 0 1 1 0 0 0 0 0 
100 96.2333 387.666 0.24814 0 0 99.8117 96.2589 0 0.0616667 0.0441667 0 7.17639 0.028638 0 0 
200 96.1708 388.464 0.24755 0 0 100.165 96.28 0 0.0258333 0.0191667 0 15.0078 -0.101971 0 0 
300 96.4347 388.603 0.248141 0 0 100.499 96.5122 0 0.0230556 0.0147222 0 22.895 0.0127606 0 0 
400 96.5381 389.625 0.247841 0 0 100.716 96.6794 0 0.0530556 0.0316667 0 30.7481 0.00648019 0 0 
500 96.8964 389.902 0.248616 0 0 100.984 97.0711 0 0.0622222 0.0386111 0 38.5378 -0.0119828 0 0.171211 
600 96.8953 390.577 0.248429 0 0 101.247 97.2386 0 0.0575 0.0375 0 46.2747 0.257113 0 0.166999 
700 96.6553 388.769 0.24921 0 0 101.236 97.0172 0 0.0358333 0.0222222 0 54.0906 0.798874 0 0.166396 
800 97.2783 389.558 0.250144 0 0 101.688 97.4267 0 0.0475 0.0297222 0 61.9367 0.57518 0 0.165993 
900 97.0386 386.941 0.251552 0 0 101.635 97.1256 0 0.0494444 0.0333333 0 69.9208 0.389063 0 0.166055 
1000 96.5803 383.227 0.254079 0 0 101.739 96.7428 0 0.0505556 0.0311111 0 78.2939 0.373326 0 0.166582 
1100 95.9703 368.71 0.265427 0 0 101.863 95.8478 0 0.0558333 0.0363889 0 88.2731 1.10099 0 0.167922 
1200 96.6686 339.523 0.296105 0 0 101.194 94.2831 0 0.0619444 0.0397222 0 101.919 1.38909 0 0.170944 
1300 94.9634 309.464 0.320315 0 0 100.763 93.4792 0 0.0661111 0.045 0 119.778 3.73277 0 0.177411 
1400 95.0883 292.036 0.334982 0 0 100.52 93.5658 0 0.0705556 0.0452778 0 135.052 5.16296 0 0.18608 
1500 95.103 291.375 0.338335 0 0 100.171 93.6847 0 0.0602778 0.0411111 0 147.923 6.23145 0 0.194931 
1600 95.2664 284.837 0.34249 0 0 100.02 93.6622 0 0.0641667 0.0469444 0 160.107 6.31311 0 0.20354 
1700 95.4561 285.233 0.343703 0 0 99.8289 93.9492 0 0.0641667 0.0483333 0 172.256 6.86334 0 0.210344 
1800 95.1877 285.83 0.343074 0 0 99.7078 93.6319 0 0.0630556 0.0452778 0 184.059 7.16897 0 0.213945 
1900 95.7476 284.317 0.345684 0 0 99.8536 94.2553 0 0.0722222 0.0533333 0 196.157 7.31122 0 0.215293 
2000 96.0229 284.624 0.346774 0 0 99.7183 94.3381 0 0.0702778 0.0472222 0 207.734 7.38184 0 0.216698 
2100 96.212 282.325 0.348514 0 0 99.8575 94.5708 0 0.0708333 0.0491667 0 219.617 8.57964 0 0.217353 
2200 96.1317 286.355 0.346743 0 0 99.8875 94.7439 0 0.0744444 0.0555556 0 230.712 7.99503 0 0.217952 
2300 96.3254 283.119 0.348669 0 0 99.8664 94.7878 0 0.0638889 0.0408333 0 242.156 7.6851 0 0.218569 
2400 96.4749 284.438 0.349088 0 0 99.8597 94.8489 0 0.0725 0.0508333 0 254.11 8.66225 0 0.219216 
2500 96.4747 281.867 0.35007 0 0 99.7961 95.0572 0 0.0855556 0.0536111 0 265.931 9.66286 0 0.219271 
2600 96.9436 284.167 0.35117 0 0 99.8914 95.2267 0 0.0744444 0.0475 0 277.806 8.51043 0 0.219985 
2700 96.6381 283.035 0.350778 0 0 99.9875 95.125 0 0.0675 0.0488889 0 289.88 9.41302 0 0.220304 
2800 96.5803 284.084 0.350337 0 0 99.9392 95.0864 0 0.0788889 0.0577778 0 301.322 10.5686 0 0.220251 
2900 97.0076 286.956 0.350543 0 0 100.112 95.3611 0 0.0727778 0.0494444 0 313.006 10.7981 0 0.220419 
3000 96.8356 286.113 0.351464 0 0 100.107 95.2533 0 0.0702778 0.0491667 0 324.267 9.79988 0 0.220704 
3100 97.7306 281.749 0.356478 0 0 100.535 96.1203 0 0.0722222 0.0647222 0 336.113 10.2944 0 0.222077 
3200 98.0645 282.099 0.357422 0 0 100.619 96.4486 0 0.0661111 0.0577778 0 347.995 10.9792 0 0.224753 
3300 98.1611 281.038 0.359898 0 0 100.744 96.5583 0 0.0727778 0.0652778 0 360.155 10.1246 0 0.227706 
3400 98.0744 277.827 0.363732 0 0 100.875 96.6183 0 0.0636111 0.0572222 0 373.123 7.78064 0 0.231163 
3500 97.8606 271.841 0.371781 0 0 100.918 96.3844 0 0.0788889 0.0694444 0 387.699 3.47926 0 0.234977 
3600 97.7245 259.76 0.381623 0 0 101.034 96.2953 0 0.0847222 0.0783333 0 402.037 1.31649 0 0.238541 
3700 97.5176 255.1 0.388544 0 0 101.012 96.0333 0 0.0836111 0.0763889 0 416.843 -3.30081 0 0.241903 
3800 97.2755 247.302 0.394834 0 0 101.031 95.8381 0 0.0844444 0.0788889 0 431.103 -5.89306 0 0.245749 
3900 97.2216 244.696 0.398166 0 0 101.062 95.8153 0 0.0766667 0.0672222 0 444.716 -8.59853 0 0.249589 
4000 97.1014 243.045 0.400002 0 0 101.081 95.7767 0 0.0838889 0.0716667 0 457.849 -9.66999 0 0.253366 
4100 97.0358 242.035 0.40109 0 0 101.034 95.6217 0 0.0819444 0.0725 0 470.663 -10.2226 0 0.255872 
4200 97.1057 241.588 0.402273 0 0 101.058 95.6867 0 0.0852778 0.0775 0 483.601 -11.8336 0 0.257623 
4300 97.0075 241.306 0.402473 0 0 101.028 95.6228 0 0.0780556 0.0691667 0 496.399 -11.7215 0 0.258985 
4400 97.0273 240.918 0.402753 0 0 101.006 95.6253 0 0.0716667 0.0669444 0 508.828 -12.3228 0 0.259905 
4500 97.0385 241.271 0.402663 0 0 101.039 95.6461 0 0.0772222 0.0705556 0 521.447 -12.1468 0 0.259971 
4600 97.0942 240.791 0.403277 0 0 101.05 95.6686 0 0.0744444 0.0669444 0 534.115 -13.5843 0 0.260561 
4700 97.0554 240.721 0.403771 0 0 101.097 95.6753 0 0.0769444 0.0672222 0 546.967 -12.4962 0 0.261 
4800 97.2041 240.045 0.405042 0 0 101.135 95.7711 0 0.08 0.0711111 0 559.656 -13.1793 0 0.260896 
4900 97.2032 239.708 0.405662 0 0 101.179 95.8461 0 0.0883333 0.0788889 0 572.467 -14.125 0 0.261125 
5000 97.2313 239.196 0.406656 0 0 101.209 95.8608 0 0.0780556 0.07 0 585.222 -16.4188 0 0.261607 
5100 97.4064 238.684 0.408878 0 0 101.296 96.0181 0 0.0763889 0.0708333 0 598.281 -17.7161 0 0.26203 
5200 97.5631 237.247 0.412118 0 0 101.383 96.1342 0 0.076688 0.0694637 0 611.609 -18.2014 0 0.262768 
5300 97.4816 235.963 0.414707 0 0 101.381 96.0908 0 0.0825 0.0766667 0 625.142 -19.0029 0 0.264169 
5400 97.797 235.371 0.418738 0 0 101.557 96.3453 0 0.09 0.08 0 638.952 -21.6985 0 0.265311 
5500 97.8128 233.772 0.421553 0 0 101.556 96.3794 0 0.0844444 0.0780556 0 652.496 -24.5101 0 0.267355 
5600 97.9807 234.225 0.424602 0 0 101.787 96.62 0 0.0888889 0.0802778 0 666.491 -26.7276 0 0.269231 
5700 97.9937 230.343 0.427055 0 0 101.838 96.6678 0 0.0894444 0.08 0 679.994 -27.3917 0 0.27167 
5800 98.0752 228.998 0.429664 0 0 101.946 96.8053 0 0.0841667 0.0736111 0 693.965 -28.3621 0 0.27363 
5900 98.2789 230.379 0.430826 0 0 102.049 96.8706 0 0.09 0.0822222 0 707.472 -29.4131 0 0.275536 
6000 98.3256 229.433 0.431065 0 0 102.138 96.9661 0 0.0838889 0.0741667 0 720.611 -29.0485 0 0.276837 
6100 98.7213 228.683 0.432679 0 0 102.435 97.35 0 0.0852778 0.0744444 0 734.251 -29.2331 0 0.278058 
6200 98.3536 229.175 0.432853 0 0 102.036 96.9783 0 0.0922222 0.0805556 0 747.653 -29.2325 0 0.278367 
6300 98.1874 227.157 0.43307 0 0 101.93 96.7989 0 0.0877778 0.0794444 0 761.016 -29.7301 0 0.278855 
6400 98.2742 229.783 0.432534 0 0 102.056 96.9633 0 0.0755556 0.0680556 0 774.365 -28.561 0 0.279221 
6500 98.3747 230.087 0.432808 0 0 102.093 97.0117 0 0.0894444 0.0819444 0 787.768 -28.5705 0 0.279224 
6600 98.3564 230 0.432771 0 0 102.094 96.9997 0 0.0869444 0.0797222 0 800.954 -29.5909 0 0.279543 
6700 98.2326 228.613 0.432481 0 0 102.035 96.91 0 0.0891667 0.0788889 0 814.329 -31.1285 0 0.279612 
6800 98.3135 230.911 0.4325 0 0 102.029 96.9439 0 0.0811111 0.0736111 0 827.605 -31.5507 0 0.279638 
6900 98.2605 228.416 0.432656 0 0 102.01 96.9292 0 0.0763889 0.0705556 0 840.791 -28.7903 0 0.279833 
7000 98.2398 228.156 0.432973 0 0 101.991 96.8714 0 0.0808333 0.0708333 0 854.074 -30.0705 0 0.279802 
7100 98.2429 228.946 0.432598 0 0 102.044 96.9675 0 0.0888889 0.0791667 0 867.498 -31.4767 0 0.279564 
7200 98.2652 228.268 0.432949 0 0 102.051 96.9658 0 0.0894444 0.0786111 0 880.889 -33.7679 0 0.279655 
7300 98.4661 232.122 0.432814 0 0 102.142 97.1206 0 0.0658333 0.0619444 0 894.183 -33.0884 0 0.279869 
7400 98.4362 230.478 0.433394 0 0 102.116 97.0539 0 0.0869444 0.0791667 0 907.409 -34.2802 0 0.279722 
7500 98.3979 229.018 0.433659 0 0 102.178 97.01 0 0.0883333 0.0794444 0 920.82 -33.6697 0 0.280307 
7600 98.2975 228.242 0.433737 0 0 102.164 97.0069 0 0.0891667 0.0794444 0 934.272 -33.074 0 0.280587 
7700 98.5281 227.965 0.435283 0 0 102.293 97.1461 0 0.0894444 0.0811111 0 947.978 -33.2645 0 0.281008 
7800 98.6159 227.911 0.436798 0 0 102.398 97.2936 0 0.0805556 0.0708333 0 962.034 -34.2811 0 0.281129 
7900 98.5038 229.089 0.437797 0 0 102.4 97.1647 0 0.0816667 0.0738889 0 976.507 -35.6911 0 0.281778 
8000 98.7722 227.77 0.441447 0 0 102.573 97.4033 0 0.0897222 0.0822222 0 991.368 -37.8799 0 0.282719 
8100 98.828 226.797 0.443713 0 0 102.663 97.48 0 0.0811111 0.0722222 0 1005.98 -40.0813 0 0.284176 
8200 98.9272 228.979 0.443169 0 0 102.671 97.5903 0 0.0936111 0.0861111 0 1020.18 -42.7732 0 0.285592 
8300 98.9569 227.804 0.444149 0 0 102.687 97.6172 0 0.0858333 0.0775 0 1034.26 -42.8042 0 0.287197 
8400 99.0197 227.475 0.446218 0 0 102.786 97.7192 0 0.0958333 0.0841667 0 1049.38 -45.4921 0 0.288731 
8500 99.0841 227.881 0.446968 0 0 102.814 97.7594 0 0.0877778 0.0780556 0 1063.87 -46.4451 0 0.289751 
8600 99.0117 228.356 0.446778 0 0 102.803 97.7178 0 0.0883333 0.0802778 0 1078.08 -48.1583 0 0.290854 
8700 99.0462 226.231 0.448885 0 0 102.816 97.7314 0 0.102778 0.095 0 1092.23 -48.3488 0 0.291695 
8800 99.245 224.917 0.450556 0 0 102.97 97.8978 0 0.0963889 0.0861111 0 1106.27 -47.3753 0 0.292434 
8900 99.0822 226.869 0.448775 0 0 102.906 97.8072 0 0.0858333 0.0772222 0 1120.14 -49.8408 0 0.29309 
9000 99.1897 225.028 0.450649 0 0 102.922 97.8403 0 0.0947222 0.0861111 0 1134.11 -49.1388 0 0.293163 
9100 99.208 225.334 0.450339 0 0 102.941 97.8808 0 0.0797222 0.0702778 0 1148.04 -49.7931 0 0.29342 
9200 99.1616 222.353 0.452356 0 0 102.954 97.8686 0 0.101389 0.0897222 0 1162.12 -49.2732 0 0.293822 
9300 99.1702 223.857 0.451202 0 0 103.006 97.8569 0 0.0977778 0.0877778 0 1176.1 -49.0642 0 0.29443 
9400 99.1513 222.448 0.452404 0 0 103.01 97.8339 0 0.0883333 0.0788889 0 1189.87 -50.3863 0 0.29444 
9500 99.2518 224.697 0.451449 0 0 103.052 97.9492 0 0.0902778 0.0805556 0 1203.79 -50.5562 0 0.295302 
9600 99.2347 222.947 0.452127 0 0 103.067 97.9319 0 0.0983333 0.0872222 0 1217.5 -51.2471 0 0.29514 
9700 99.1213 227.821 0.448874 0 0 103.043 97.8383 0 0.0894444 0.0825 0 1231.28 -50.4529 0 0.295158 
9800 99.3159 222.888 0.452374 0 0 103.109 97.9936 0 0.0808333 0.0722222 0 1245.08 -52.0941 0 0.294813 
9900 99.2631 225.356 0.450572 0 0 103.072 97.9492 0 0.0927778 0.0802778 0 1259.17 -53.5185 0 0.294668 
10000 99.3552 224.346 0.451178 0 0 103.152 98.0275 0 0.0852778 0.0775 0 1272.99 -53.5835 0 0.294466 
10100 99.3268 225.026 0.450956 0 0 103.146 98.0008 0 0.0855556 0.0769444 0 1286.73 -52.0239 0 0.294742 
10200 99.527 226.957 0.450838 0 0 103.215 98.1872 0 0.0938889 0.0866667 0 1300.65 -51.839 0 0.294542 
10300 99.4496 224.222 0.452508 0 0 103.202 98.1297 0 0.0841667 0.0736111 0 1314.51 -52.2745 0 0.294773 
10400 99.3538 224.079 0.451799 0 0 103.146 98.0567 0 0.0936111 0.0844444 0 1328.35 -53.1499 0 0.294726 
10500 99.4759 222.773 0.453369 0 0 103.194 98.135 0 0.0958333 0.0886111 0 1342.13 -52.8553 0 0.294859 
10600 99.5027 223.919 0.452345 0 0 103.262 98.1525 0 0.0847222 0.0725 0 1355.98 -54.3771 0 0.294685 
10700 99.5494 222.835 0.453521 0 0 103.35 98.2467 0 0.0947222 0.0852778 0 1369.75 -53.2068 0 0.294867 
10800 99.5815 225.477 0.452432 0 0 103.333 98.2425 0 0.0811111 0.0727778 0 1383.47 -53.6556 0 0.294634 
10900 99.5684 224.059 0.452693 0 0 103.305 98.2364 0 0.0813889 0.0730556 0 1397.26 -53.0212 0 0.294763 
11000 99.5738 224.818 0.452367 0 0 103.325 98.2644 0 0.0908333 0.0813889 0 1411.11 -53.8335 0 0.294714 
11100 99.6971 224.699 0.453672 0 0 103.355 98.325 0 0.0952778 0.085 0 1424.85 -54.2876 0 0.294497 
11200 99.6327 224.036 0.453326 0 0 103.316 98.3508 0 0.0727778 0.0652778 0 1438.57 -53.5906 0 0.294803 
11300 99.6952 222.678 0.45415 0 0 103.303 98.3686 0 0.100278 0.0902778 0 1452.67 -53.9507 0 0.295139 
11400 99.6857 223.445 0.453949 0 0 103.323 98.3853 0 0.0919444 0.0830556 0 1466.55 -56.2757 0 0.295587 
11500 99.7209 223.625 0.454305 0 0 103.347 98.3869 0 0.0875 0.0775 0 1479.78 -55.573 0 0.295838 
11600 99.7346 224.253 0.453709 0 0 103.391 98.4178 0 0.0919444 0.0830556 0 1493.84 -54.3934 0 0.296271 
11700 99.7515 224.067 0.453958 0 0 103.459 98.4567 0 0.0772222 0.0708333 0 1507.44 -54.0554 0 0.29617 
11800 99.643 222.041 0.45497 0 0 103.349 98.3072 0 0.0866667 0.0766667 0 1521.34 -55.2798 0 0.296217 
11900 99.6518 221.75 0.45497 0 0 103.397 98.3272 0 0.0955556 0.0844444 0 1535.39 -52.119 0 0.296198 
12000 99.6526 221.323 0.455574 0 0 103.398 98.3056 0 0.095 0.0841667 0 1549.19 -52.4423 0 0.29601 
12100 99.8643 225.101 0.453795 0 0 103.491 98.4928 0 0.0905556 0.0794444 0 1563.11 -50.9495 0 0.295982 
12200 99.7938 221.773 0.455557 0 0 103.517 98.4875 0 0.0741667 0.0686111 0 1576.98 -50.2896 0 0.295915 
12300 99.7324 222.925 0.454408 0 0 103.51 98.4283 0 0.0883333 0.0802778 0 1590.62 -48.6032 0 0.296037 
12400 99.7784 221.671 0.455704 0 0 103.489 98.4664 0 0.0866667 0.0786111 0 1604.35 -48.0755 0 0.296222 
12500 99.8608 221.938 0.455842 0 0 103.544 98.5372 0 0.101389 0.0941667 0 1618.5 -50.4747 0 0.296202 
12600 99.8142 222.263 0.455717 0 0 103.559 98.5439 0 0.0847222 0.0763889 0 1632.2 -48.9291 0 0.296386 
12700 99.7 224.026 0.454478 0 0 103.51 98.3894 0 0.0969444 0.0872222 0 1645.87 -52.1155 0 0.296413 
12800 100.031 224.614 0.455565 0 0 103.646 98.6711 0 0.08 0.0730556 0 1659.8 -52.2239 0 0.296371 
12900 99.9698 221.735 0.456383 0 0 103.651 98.6719 0 0.0958333 0.0852778 0 1673.86 -52.8315 0 0.296327 
13000 99.9081 221.512 0.456383 0 0 103.624 98.5825 0 0.0944444 0.0844444 0 1687.6 -53.3153 0 0.296712 
13100 100.09 220.65 0.457499 0 0 103.731 98.765 0 0.0894444 0.0805556 0 1701.44 -51.5263 0 0.29668 
13200 100.185 221.168 0.457724 0 0 103.735 98.8056 0 0.103056 0.0925 0 1715.54 -52.0941 0 0.296706 
13300 100.186 218.992 0.458591 0 0 103.791 98.8619 0 0.0863889 0.0797222 0 1729.41 -52.3906 0 0.296923 
13400 100.203 222.513 0.457088 0 0 103.766 98.8664 0 0.0766667 0.07 0 1743.47 -51.1154 0 0.297326 
13500 100.202 220.88 0.457826 0 0 103.817 98.8822 0 0.0919444 0.0825 0 1757.3 -51.5739 0 0.297015 
13600 100.382 222.394 0.457837 0 0 103.844 99.0278 0 0.0966667 0.0872222 0 1771.59 -51.6969 0 0.29717 
13700 100.279 220.826 0.457841 0 0 103.819 98.9739 0 0.085 0.0741667 0 1785.22 -53.1272 0 0.297476 
13800 100.392 221.039 0.457885 0 0 103.848 99.0306 0 0.0938889 0.0819444 0 1798.76 -51.0813 0 0.297427 
13900 100.366 221.932 0.457952 0 0 103.894 99.0069 0 0.0952778 0.0852778 0 1812.31 -49.3396 0 0.297238 
14000 100.5 221.203 0.458637 0 0 103.978 99.1264 0 0.0916667 0.0836111 0 1826.19 -48.2418 0 0.297548 
14100 100.488 220.873 0.458684 0 0 103.993 99.0914 0 0.0872222 0.0777778 0 1840.23 -48.7212 0 0.297397 
14200 100.491 222.273 0.457936 0 0 104.018 99.1467 0 0.0958333 0.0861111 0 1853.92 -44.961 0 0.297331 
14300 100.608 222.4 0.45852 0 0 104.093 99.2731 0 0.0980556 0.0877778 0 1867.86 -46.873 0 0.297746 
14400 100.667 221.297 0.458948 0 0 104.18 99.3625 0 0.0891667 0.0791667 0 1882.03 -47.288 0 0.297556 
14500 100.769 220.393 0.459869 0 0 104.307 99.4144 0 0.0758333 0.0680556 0 1895.66 -48.3324 0 0.297715 
14600 100.84 221.074 0.459627 0 0 104.396 99.5081 0 0.0791667 0.0730556 0 1909.5 -49.5911 0 0.298075 
14700 101.014 222.77 0.459855 0 0 104.534 99.6483 0 0.0897222 0.0813889 0 1923.43 -49.2216 0 0.298362 
14800 101.133 222.095 0.460426 0 0 104.639 99.7944 0 0.0877778 0.0761111 0 1937.35 -48.5369 0 0.298572 
14900 101.262 224.916 0.459569 0 0 104.728 99.9 0 0.0958333 0.0869444 0 1951.23 -50.3746 0 0.298999 
15000 101.335 221.288 0.461465 0 0 104.829 99.9803 0 0.095 0.0847222 0 1965.22 -50.6809 0 0.299157 
15100 101.451 222.904 0.460842 0 0 105.023 100.07 0 0.0797222 0.0702778 0 1978.97 -49.5878 0 0.299378 
15200 101.656 223.777 0.461211 0 0 105.123 100.257 0 0.0908333 0.0822222 0 1992.58 -49.16 0 0.299448 
15300 101.668 222.826 0.46126 0 0 105.187 100.329 0 0.0755556 0.0675 0 2006.22 -47.505 0 0.299496 
15400 101.658 222.845 0.461625 0 0 105.221 100.304 0 0.0886111 0.0755556 0 2019.76 -48.3161 0 0.299555 
15500 101.778 223.068 0.461396 0 0 105.219 100.394 0 0.0822222 0.075 0 2033.68 -47.3684 0 0.299901 
15600 101.712 223.688 0.460785 0 0 105.206 100.365 0 0.0897222 0.0763889 0 2047.4 -46.977 0 0.300021 
15700 101.858 223.313 0.460974 0 0 105.469 100.513 0 0.0822222 0.075 0 2061.23 -43.0601 0 0.300003 
15800 101.828 226.02 0.4598 0 0 105.391 100.442 0 0.0877778 0.0788889 0 2074.94 -44.2081 0 0.299842 
15900 101.9 224.297 0.461286 0 0 105.46 100.544 0 0.0830556 0.0730556 0 2089.1 -44.4927 0 0.299941 
16000 102.235 225.827 0.461545 0 0 105.78 100.811 0 0.0841667 0.0769444 0 2103.17 -41.4816 0 0.299841 
16100 102.286 224.48 0.462854 0 0 105.79 100.876 0 0.1 0.0894444 0 2116.88 -42.6826 0 0.30001 
16200 102.192 223.425 0.462795 0 0 105.708 100.808 0 0.0863889 0.0786111 0 2130.67 -43.7057 0 0.300621 
16300 102.246 223.167 0.463418 0 0 105.754 100.821 0 0.0833333 0.0763889 0 2144.39 -41.9831 0 0.300999 
16400 102.322 222.92 0.463792 0 0 105.858 100.969 0 0.0966667 0.0838889 0 2158.41 -40.0127 0 0.301425 
16500 102.333 224.593 0.462459 0 0 105.864 100.938 0 0.0886111 0.0780556 0 2172.12 -40.0946 0 0.301729 
16600 102.29 226.523 0.461443 0 0 105.948 100.944 0 0.0902778 0.0816667 0 2185.88 -39.4208 0 0.301651 
16700 102.422 226.919 0.461786 0 0 105.949 101.018 0 0.0861111 0.0777778 0 2199.53 -37.2412 0 0.301383 
16800 102.506 225.86 0.462369 0 0 105.969 101.034 0 0.0836111 0.0738889 0 2213.23 -35.4935 0 0.301231 
16900 102.364 224.263 0.462671 0 0 105.906 100.973 0 0.0822222 0.0727778 0 2227.01 -36.1561 0 0.30122 
17000 102.285 225.437 0.461998 0 0 105.874 100.894 0 0.0805556 0.0727778 0 2240.81 -38.9152 0 0.301106 
17100 102.526 227.393 0.461484 0 0 105.996 101.097 0 0.0852778 0.0777778 0 2254.54 -39.3619 0 0.301168 
17200 102.455 225.189 0.462488 0 0 105.955 101.064 0 0.0825 0.075 0 2268.15 -36.1153 0 0.301544 
17300 102.41 227.666 0.460793 0 0 105.975 101.035 0 0.0858333 0.0755556 0 2281.8 -36.0674 0 0.301354 
17400 102.545 225.811 0.462477 0 0 106.052 101.177 0 0.0952778 0.0841667 0 2295.81 -37.0946 0 0.301281 
17500 102.632 224.19 0.463891 0 0 106.024 101.199 0 0.095 0.0819444 0 2309.68 -38.2211 0 0.301259 
17600 102.642 224.949 0.463391 0 0 106.099 101.287 0 0.095 0.08 0 2323.68 -35.8678 0 0.301538 
17700 102.644 224.189 0.464012 0 0 106.12 101.279 0 0.0788889 0.0708333 0 2337.57 -35.3427 0 0.301747 
17800 102.701 224.002 0.464247 0 0 106.14 101.332 0 0.0855556 0.0766667 0 2351.39 -36.3292 0 0.302259 
17900 102.76 224.074 0.464476 0 0 106.122 101.362 0 0.0905556 0.0822222 0 2365.17 -38.5119 0 0.302289 
18000 102.628 227.371 0.462276 0 0 106.065 101.249 0 0.0858333 0.0766667 0 2378.89 -39.6136 0 0.302579 
18100 102.722 223.169 0.464779 0 0 106.151 101.297 0 0.0875 0.0805556 0 2392.54 -39.9283 0 0.302291 
18200 102.785 225.046 0.464313 0 0 106.174 101.388 0 0.0883333 0.0786111 0 2406.71 -41.9984 0 0.301618 
18300 102.714 226.069 0.463543 0 0 106.138 101.416 0 0.0830556 0.0752778 0 2420.33 -43.384 0 0.301583 
18400 102.727 225.224 0.463785 0 0 106.217 101.389 0 0.0841667 0.0769444 0 2433.75 -42.8076 0 0.301849 
18500 102.823 224.099 0.464311 0 0 106.221 101.437 0 0.0991667 0.0886111 0 2447.51 -43.3464 0 0.301793 
18600 102.822 226.755 0.463613 0 0 106.254 101.443 0 0.0872222 0.0775 0 2461.47 -42.2992 0 0.302298 
18700 102.77 225.871 0.463185 0 0 106.153 101.418 0 0.0872222 0.0786111 0 2475.43 -45.7303 0 0.302865 
18800 102.765 224.262 0.464235 0 0 106.194 101.411 0 0.0794444 0.0713889 0 2489.04 -48.8162 0 0.302934 
18900 102.838 224.159 0.464578 0 0 106.24 101.449 0 0.0955556 0.0866667 0 2502.8 -43.9782 0 0.302887 
19000 102.839 226.605 0.463359 0 0 106.198 101.457 0 0.0925 0.0830556 0 2516.52 -47.3234 0 0.302868 
19100 102.668 225.279 0.463503 0 0 106.125 101.304 0 0.0855556 0.0783333 0 2529.99 -48.1435 0 0.302547 
19200 102.799 223.531 0.465232 0 0 106.181 101.453 0 0.0891667 0.0794444 0 2544.01 -47.5208 0 0.302611 
19300 102.788 225.6 0.464234 0 0 106.182 101.426 0 0.0880556 0.0819444 0 2557.44 -50.0694 0 0.302637 
19400 102.877 223.929 0.46516 0 0 106.283 101.528 0 0.0833333 0.0716667 0 2571.29 -48.3951 0 0.302788 
19500 103.011 224.949 0.465256 0 0 106.282 101.604 0 0.101667 0.0936111 0 2584.84 -48.154 0 0.302546 
19600 102.915 224.977 0.464308 0 0 106.254 101.595 0 0.0769444 0.0677778 0 2598.81 -53.3855 0 0.302958 
19700 102.887 224.119 0.464891 0 0 106.223 101.559 0 0.0930556 0.0883333 0 2613 -51.3314 0 0.302902 
19800 102.99 223.728 0.465929 0 0 106.339 101.646 0 0.0975 0.0866667 0 2627.14 -49.5567 0 0.302917 
19900 103.151 225.141 0.465638 0 0 106.391 101.802 0 0.0858333 0.0780556 0 2641.18 -49.0687 0 0.302732 
20000 103.219 225.027 0.465869 0 0 106.515 101.827 0 0.0927778 0.0841667 0 2654.81 -50.6126 0 0.30311 
20100 103.288 225.946 0.465677 0 0 106.535 101.928 0 0.0886111 0.0808333 0 2668.52 -46.8432 0 0.303072 
20200 103.378 226.648 0.465765 0 0 106.586 101.966 0 0.0936111 0.0836111 0 2682.14 -47.2012 0 0.303006 
20300 103.444 225.771 0.466111 0 0 106.624 102.054 0 0.0925 0.08 0 2695.76 -50.6096 0 0.303009 
20400 103.417 224.641 0.466904 0 0 106.575 101.994 0 0.0847222 0.075 0 2709.55 -51.6438 0 0.303109 
20500 103.331 225.209 0.465961 0 0 106.538 101.981 0 0.0930556 0.0861111 0 2723.34 -52.5829 0 0.30349 
20600 103.306 226.031 0.466108 0 0 106.536 101.953 0 0.0827778 0.0719444 0 2737.12 -51.6452 0 0.303563 
20700 103.394 225.995 0.465599 0 0 106.664 102.026 0 0.0930556 0.0844444 0 2750.78 -47.5601 0 0.30369 
20800 103.332 227.416 0.464837 0 0 106.584 101.894 0 0.0847222 0.0775 0 2764 -47.9947 0 0.303671 
20900 103.412 226.512 0.465303 0 0 106.651 102.006 0 0.0869444 0.0763889 0 2777.87 -48.114 0 0.303917 
21000 103.455 226.433 0.465886 0 0 106.586 102.022 0 0.0755556 0.0658333 0 2791.72 -49.9798 0 0.303403 
21100 103.446 225.403 0.465687 0 0 106.579 102.029 0 0.09 0.0813889 0 2805.36 -49.2373 0 0.303398 
21200 103.479 224.689 0.466534 0 0 106.712 102.067 0 0.0863889 0.0805556 0 2819.05 -49.8091 0 0.303474 
21300 103.479 225.778 0.466406 0 0 106.638 102.111 0 0.0977778 0.0880556 0 2833.26 -48.8678 0 0.303366 
21400 103.527 225.141 0.466602 0 0 106.65 102.108 0 0.0855556 0.0808333 0 2847.04 -48.2417 0 0.303303 
21500 103.61 226.365 0.46595 0 0 106.808 102.218 0 0.0955556 0.0841667 0 2860.35 -45.2606 0 0.303692 
21600 103.607 223.888 0.466983 0 0 106.868 102.23 0 0.0775 0.0677778 0 2873.94 -41.223 0 0.303926 
21700 103.703 226.569 0.466443 0 0 106.955 102.293 0 0.0822222 0.0755556 0 2887.65 -39.3632 0 0.303901 
21800 103.838 224.256 0.46808 0 0 106.949 102.379 0 0.0805556 0.0719444 0 2901.57 -36.8683 0 0.304135 
21900 103.905 227.015 0.46656 0 0 107.029 102.446 0 0.0836111 0.0738889 0 2915.15 -38.8616 0 0.303978 
22000 103.907 226.364 0.467379 0 0 107.135 102.466 0 0.0833333 0.0747222 0 2928.6 -39.5694 0 0.304047 
22100 103.98 228.525 0.465672 0 0 107.275 102.596 0 0.0958333 0.0869444 0 2942.03 -37.97 0 0.303784 
22200 103.711 226.974 0.465783 0 0 107.074 102.316 0 0.0919444 0.0830556 0 2955.95 -36.4225 0 0.303769 
22300 103.96 224.897 0.467904 0 0 107.18 102.535 0 0.0763889 0.0680556 0 2969.61 -34.7796 0 0.30402 
22400 103.929 225.434 0.467808 0 0 107.133 102.516 0 0.0902778 0.0783333 0 2983.23 -30.535 0 0.304161 
22500 103.873 227.389 0.466612 0 0 106.993 102.434 0 0.0880556 0.0805556 0 2997.28 -30.1616 0 0.304185 
22600 103.828 226.964 0.466457 0 0 107.008 102.423 0 0.0908333 0.0819444 0 3011.01 -31.3641 0 0.304291 
22700 103.83 225.576 0.466765 0 0 107.128 102.477 0 0.0786111 0.0702778 0 3024.43 -29.2141 0 0.304729 
22800 103.977 226.261 0.467221 0 0 107.196 102.57 0 0.0875 0.0783333 0 3038.11 -32.2889 0 0.304608 
22900 103.794 226.736 0.466088 0 0 106.991 102.409 0 0.0794444 0.07 0 3051.92 -32.4612 0 0.30459 
23000 103.891 225.759 0.467306 0 0 107.026 102.47 0 0.0933333 0.0841667 0 3065.74 -31.3001 0 0.304188 
23100 103.818 226.099 0.467149 0 0 107.029 102.431 0 0.0847222 0.0772222 0 3079.3 -31.7417 0 0.304164 
23200 103.984 228.736 0.465864 0 0 107.144 102.574 0 0.0986111 0.0886111 0 3092.87 -31.9653 0 0.303716 
23300 104.056 227.116 0.466814 0 0 107.198 102.647 0 0.0841667 0.0741667 0 3107.01 -30.6843 0 0.303921 
23400 104.042 228.186 0.466591 0 0 107.145 102.606 0 0.0783333 0.0666667 0 3120.4 -31.7203 0 0.304137 
23500 103.966 225.866 0.467576 0 0 107.13 102.588 0 0.0897222 0.0819444 0 3133.81 -35.9825 0 0.304358 
23600 103.746 227.416 0.466079 0 0 106.949 102.368 0 0.0986111 0.0877778 0 3147.54 -37.2473 0 0.304665 
23700 103.812 223.741 0.468605 0 0 106.919 102.383 0 0.0991667 0.0863889 0 3160.92 -38.0792 0 0.305096 
23800 103.673 226.29 0.466649 0 0 106.872 102.322 0 0.0911111 0.0825 0 3174.47 -36.8241 0 0.304985 
23900 103.792 225.629 0.468057 0 0 106.994 102.398 0 0.0886111 0.0788889 0 3188.03 -32.7263 0 0.305205 
24000 103.899 226.396 0.467823 0 0 107.017 102.486 0 0.0833333 0.0752778 0 3201.88 -31.8682 0 0.305699 
24100 103.786 227.288 0.466943 0 0 106.841 102.379 0 0.0952778 0.0863889 0 3216.08 -36.1021 0 0.30548 
24200 103.685 226.274 0.467778 0 0 106.727 102.301 0 0.0805556 0.0719444 0 3230.16 -41.5281 0 0.305491 
24300 103.697 224.934 0.468411 0 0 106.805 102.338 0 0.103333 0.0930556 0 3243.68 -34.4791 0 0.305715 
24400 103.584 227.219 0.466885 0 0 106.653 102.216 0 0.0938889 0.0852778 0 3257.34 -34.7091 0 0.305373 
24500 103.539 226.185 0.467287 0 0 106.609 102.172 0 0.0913889 0.0830556 0 3271.16 -32.638 0 0.305173 
24600 103.6 223.44 0.469056 0 0 106.663 102.22 0 0.100278 0.0855556 0 3284.93 -36.1071 0 0.305293 
24700 103.566 226.676 0.467375 0 0 106.583 102.159 0 0.0947222 0.0825 0 3299.15 -36.812 0 0.305356 
24800 103.651 224.192 0.46886 0 0 106.65 102.295 0 0.0830556 0.0772222 0 3313.31 -37.867 0 0.305232 
24900 103.526 224.655 0.468531 0 0 106.493 102.132 0 0.0916667 0.0844444 0 3327.08 -38.6108 0 0.3054 
25000 103.586 227.624 0.467274 0 0 106.593 102.178 0 0.0941667 0.0838889 0 3340.7 -32.3082 0 0.305469 
25100 103.652 225.778 0.468132 0 0 106.648 102.289 0 0.0919444 0.0808333 0 3354.32 -28.7381 0 0.305577 
25200 103.614 223.729 0.469202 0 0 106.559 102.218 0 0.095 0.0827778 0 3367.98 -25.374 0 0.305648 
25300 103.628 225.959 0.46755 0 0 106.59 102.261 0 0.0855556 0.0755556 0 3381.77 -28.0014 0 0.305752 
25400 103.566 224.122 0.468806 0 0 106.52 102.176 0 0.0933333 0.0841667 0 3395.52 -27.1808 0 0.305549 
25500 103.518 228.374 0.466121 0 0 106.472 102.132 0 0.0888889 0.0794444 0 3409.25 -28.3476 0 0.30554 
25600 103.606 224.754 0.468843 0 0 106.549 102.215 0 0.0875 0.0808333 0 3423.31 -30.0894 0 0.305699 
25700 103.389 223.131 0.469034 0 0 106.43 102.042 0 0.0836111 0.0772222 0 3437.09 -28.0996 0 0.305633 
25800 103.602 229.028 0.466222 0 0 106.574 102.243 0 0.0788889 0.0708333 0 3450.54 -22.0447 0 0.305653 
25900 103.558 223.876 0.4687 0 0 106.453 102.159 0 0.0905556 0.0833333 0 3464.3 -28.8484 0 0.305715 
26000 103.543 224.782 0.468138 0 0 106.499 102.12 0 0.0769444 0.0697222 0 3478 -27.785 0 0.305732 
26100 103.6 223.007 0.469318 0 0 106.618 102.231 0 0.0813889 0.0752778 0 3492.02 -24.783 0 0.305378 
26200 103.752 224.833 0.468667 0 0 106.652 102.37 0 0.0938889 0.0841667 0 3505.53 -20.6979 0 0.305119 
26300 103.631 226.251 0.467927 0 0 106.531 102.215 0 0.0880556 0.0777778 0 3519.82 -25.8678 0 0.305011 
26400 103.671 225.29 0.468334 0 0 106.563 102.256 0 0.0863889 0.08 0 3533.3 -22.2897 0 0.305059 
26500 103.634 225.463 0.467789 0 0 106.616 102.31 0 0.0766667 0.0677778 0 3546.9 -19.3978 0 0.30509 
26600 103.797 227.426 0.467377 0 0 106.732 102.431 0 0.0855556 0.0766667 0 3560.82 -14.5952 0 0.304844 
26700 103.685 226.928 0.467514 0 0 106.562 102.278 0 0.0805556 0.0730556 0 3575.05 -26.4872 0 0.304979 
26800 103.683 225.365 0.468562 0 0 106.604 102.312 0 0.0788889 0.0694444 0 3588.72 -22.9868 0 0.304922 
26900 103.622 225.938 0.467434 0 0 106.541 102.228 0 0.0866667 0.0788889 0 3603.23 -30.4454 0 0.304793 
27000 103.682 227.768 0.467081 0 0 106.591 102.326 0 0.0941667 0.0844444 0 3616.97 -30.4446 0 0.304525 
27100 103.69 227.628 0.467604 0 0 106.494 102.29 0 0.0919444 0.0822222 0 3631.12 -38.1974 0 0.304762 
27200 103.633 225.178 0.468623 0 0 106.569 102.293 0 0.0863889 0.0786111 0 3644.83 -34.9204 0 0.30462 
27300 103.523 224.093 0.469053 0 0 106.471 102.132 0 0.0911111 0.0808333 0 3658.78 -38.6187 0 0.304627 
27400 103.593 223.681 0.469381 0 0 106.453 102.241 0 0.0872222 0.0783333 0 3673.02 -44.1415 0 0.304933 
27500 103.604 223.225 0.470119 0 0 106.488 102.229 0 0.0988889 0.0902778 0 3686.69 -41.0865 0 0.305349 
27600 103.506 223.789 0.469548 0 0 106.348 102.109 0 0.0852778 0.0794444 0 3700.69 -48.8628 0 0.305676 
27700 103.321 224.289 0.468637 0 0 106.257 101.991 0 0.09 0.0805556 0 3714.64 -54.2206 0 0.305985 
27800 103.315 222.94 0.469269 0 0 106.309 101.997 0 0.0916667 0.0827778 0 3727.77 -50.509 0 0.306034 
27900 103.562 222.893 0.469968 0 0 106.415 102.184 0 0.0769444 0.0702778 0 3741.77 -50.6197 0 0.305948 
28000 103.419 221.929 0.470641 0 0 106.258 102.041 0 0.09 0.0833333 0 3755.53 -52.2404 0 0.305632 
28100 103.379 223.076 0.469997 0 0 106.212 101.969 0 0.09 0.0802778 0 3769.39 -56.5407 0 0.305508 
28200 103.36 222.276 0.470228 0 0 106.272 101.937 0 0.0986111 0.09 0 3783.3 -58.0644 0 0.30507 
28300 103.285 223.733 0.469658 0 0 106.264 101.921 0 0.0913889 0.0841667 0 3797.01 -56.7686 0 0.30508 
28400 103.452 225.59 0.469035 0 0 106.479 102.079 0 0.0938889 0.0822222 0 3810.85 -54.1632 0 0.305166 
28500 103.477 224.005 0.469497 0 0 106.458 102.089 0 0.0805556 0.0733333 0 3824.43 -56.9654 0 0.305133 
28600 103.471 224.733 0.469123 0 0 106.474 102.138 0 0.0905556 0.0819444 0 3838.58 -57.371 0 0.304898 
28700 103.585 225.266 0.469476 0 0 106.445 102.188 0 0.0905556 0.0813889 0 3852.9 -65.1577 0 0.305329 
28800 103.724 224.13 0.470046 0 0 106.624 102.318 0 0.0952778 0.0833333 0 3866.81 -59.9593 0 0.305408 
28900 103.564 223.879 0.470191 0 0 106.498 102.226 0 0.0736111 0.0677778 0 3880.95 -67.8644 0 0.305825 
29000 103.744 224.075 0.470356 0 0 106.614 102.361 0 0.0858333 0.0783333 0 3894.59 -62.7249 0 0.306066 
29100 103.745 223.666 0.470548 0 0 106.656 102.379 0 0.0875 0.0761111 0 3908.49 -63.9458 0 0.306338 
29200 103.944 224.648 0.470211 0 0 106.803 102.495 0 0.0763889 0.0691667 0 3922.77 -64.7072 0 0.306606 
29300 103.731 222.698 0.470864 0 0 106.69 102.344 0 0.0938889 0.0833333 0 3936.98 -68.8123 0 0.306839 
29400 103.87 225.429 0.468999 0 0 106.76 102.516 0 0.0897222 0.0819444 0 3950.66 -66.162 0 0.306536 
29500 104.095 226.223 0.469935 0 0 106.949 102.678 0 0.0841667 0.0738889 0 3964.71 -67.3982 0 0.3066 
29600 104.246 229.008 0.468743 0 0 107.174 102.883 0 0.0852778 0.0752778 0 3978.88 -67.9948 0 0.30663 
29700 104.275 224.852 0.471078 0 0 107.153 102.878 0 0.0827778 0.0730556 0 3992.69 -68.4656 0 0.306527 
29800 104.31 227.108 0.470095 0 0 107.286 102.969 0 0.104722 0.0936111 0 4006.68 -66.5094 0 0.30654 
29900 104.484 227.201 0.470247 0 0 107.363 103.065 0 0.0988889 0.0913889 0 4020.38 -62.3285 0 0.306758 
30000 104.479 225.994 0.47088 0 0 107.324 103.074 0 0.0825 0.0725 0 4034.08 -63.599 0 0.306874 
30100 104.54 226.536 0.470975 0 0 107.412 103.121 0 0.0808333 0.07 0 4048.02 -62.3424 0 0.307126 
30200 104.431 226.502 0.470316 0 0 107.388 103.089 0 0.0947222 0.0841667 0 4061.55 -61.1853 0 0.307172 
30300 104.379 225.443 0.471462 0 0 107.412 103.014 0 0.085 0.0777778 0 4075.71 -66.3423 0 0.307311 
30400 104.637 226.175 0.471329 0 0 107.498 103.188 0 0.0922222 0.0827778 0 4089.44 -64.4766 0 0.307208 
30500 104.468 226.836 0.470264 0 0 107.397 103.044 0 0.0844444 0.0766667 0 4103.37 -66.9174 0 0.307162 
30600 104.499 230.113 0.469616 0 0 107.412 103.091 0 0.0927778 0.0825 0 4116.99 -68.2388 0 0.306856 
30700 104.517 225.442 0.471865 0 0 107.429 103.11 0 0.0869444 0.08 0 4131.25 -70.9473 0 0.306807 
30800 104.659 227.374 0.471487 0 0 107.509 103.219 0 0.0883333 0.0766667 0 4145.22 -72.8184 0 0.306465 
30900 104.663 224.803 0.472528 0 0 107.521 103.283 0 0.0819444 0.07 0 4158.93 -73.3197 0 0.306637 
31000 104.502 224.436 0.472509 0 0 107.426 103.075 0 0.0875 0.0769444 0 4172.67 -73.7155 0 0.307003 
31100 104.53 224.956 0.472002 0 0 107.495 103.155 0 0.0788889 0.0713889 0 4186.55 -73.3182 0 0.307535 
31200 104.738 227.249 0.471427 0 0 107.626 103.342 0 0.0786111 0.07 0 4200.41 -70.8707 0 0.307453 
31300 104.679 226.445 0.471847 0 0 107.593 103.271 0 0.0983333 0.0891667 0 4214.2 -72.7866 0 0.30752 
31400 104.569 224.046 0.47304 0 0 107.511 103.183 0 0.0866667 0.0761111 0 4227.99 -75.6439 0 0.30753 
31500 104.695 225.791 0.472629 0 0 107.61 103.259 0 0.0855556 0.0761111 0 4241.81 -76.8704 0 0.307502 
31600 104.764 224.222 0.473473 0 0 107.679 103.342 0 0.0908333 0.0830556 0 4255.65 -76.3968 0 0.30751 
31700 104.693 225.274 0.472918 0 0 107.657 103.297 0 0.0966667 0.0847222 0 4269.34 -78.215 0 0.307662 
31800 104.709 222.112 0.474879 0 0 107.7 103.308 0 0.0977778 0.0886111 0 4282.97 -78.7425 0 0.308444 
31900 104.697 226.305 0.471991 0 0 107.642 103.276 0 0.0908333 0.0791667 0 4296.56 -78.6005 0 0.308793 
32000 104.612 223.046 0.473955 0 0 107.637 103.22 0 0.0866667 0.0772222 0 4310.37 -77.7675 0 0.308935 
32100 104.663 224.687 0.472826 0 0 107.701 103.236 0 0.0811111 0.0741667 0 4324.26 -78.6567 0 0.308984 
32200 104.651 223.42 0.473711 0 0 107.713 103.249 0 0.105833 0.0944444 0 4337.93 -80.1444 0 0.309027 
32300 104.667 225.874 0.472921 0 0 107.749 103.299 0 0.0938889 0.0819444 0 4351.68 -81.9591 0 0.308697 
32400 104.818 222.921 0.474877 0 0 107.843 103.424 0 0.0930556 0.085 0 4365.58 -82.711 0 0.308754 
32500 104.93 223.432 0.474591 0 0 107.859 103.508 0 0.0852778 0.0763889 0 4379.43 -82.3668 0 0.308762 
32600 104.829 225.144 0.473813 0 0 107.762 103.413 0 0.0844444 0.0772222 0 4393.02 -82.0551 0 0.308841 
32700 104.82 223.735 0.474327 0 0 107.771 103.404 0 0.0880556 0.0783333 0 4406.59 -84.3985 0 0.30892 
32800 104.668 225.172 0.472886 0 0 107.697 103.297 0 0.0808333 0.0730556 0 4420.36 -85.9713 0 0.30909 
32900 104.786 221.908 0.475343 0 0 107.745 103.36 0 0.0930556 0.0813889 0 4434.13 -86.7702 0 0.308931 
33000 104.646 224.913 0.473179 0 0 107.644 103.261 0 0.0916667 0.0836111 0 4447.75 -87.595 0 0.309009 
33100 104.7 224.052 0.474043 0 0 107.692 103.227 0 0.0844444 0.075 0 4461.5 -85.2962 0 0.309084 
33200 104.677 227.346 0.472534 0 0 107.651 103.248 0 0.0838889 0.0744444 0 4475.34 -82.2979 0 0.309231 
33300 104.653 225.279 0.473301 0 0 107.758 103.275 0 0.0877778 0.0769444 0 4489.19 -79.067 0 0.309161 
33400 104.806 223.779 0.47452 0 0 107.914 103.419 0 0.0947222 0.0844444 0 4503.04 -79.1186 0 0.309174 
33500 104.866 225.265 0.473941 0 0 107.909 103.431 0 0.0822222 0.0741667 0 4516.8 -78.9099 0 0.309109 
33600 104.795 226.894 0.472722 0 0 107.847 103.364 0 0.0966667 0.0872222 0 4530.42 -79.2889 0 0.308928 
33700 104.719 222.396 0.475209 0 0 107.814 103.344 0 0.0761111 0.0669444 0 4544.3 -81.1527 0 0.309115 
33800 104.74 225.339 0.473161 0 0 107.819 103.384 0 0.0930556 0.0813889 0 4558.34 -81.6087 0 0.309221 
33900 104.827 226.495 0.473006 0 0 107.956 103.413 0 0.0913889 0.0797222 0 4572.21 -78.2026 0 0.309193 
34000 104.887 225.187 0.473623 0 0 107.975 103.473 0 0.0838889 0.0755556 0 4586.06 -76.9782 0 0.309414 
34100 104.821 224.899 0.474028 0 0 107.972 103.434 0 0.0905556 0.0805556 0 4599.75 -78.3511 0 0.309343 
34200 104.843 226.189 0.473386 0 0 107.94 103.424 0 0.0836111 0.0733333 0 4613.27 -78.3332 0 0.309204 
34300 104.857 226.451 0.473064 0 0 107.918 103.438 0 0.0875 0.0755556 0 4626.82 -76.4454 0 0.309007 
34400 104.869 223.77 0.474577 0 0 107.916 103.428 0 0.0844444 0.0752778 0 4640.62 -77.8505 0 0.308968 
34500 104.891 225.335 0.47413 0 0 107.871 103.467 0 0.09 0.0791667 0 4654.41 -79.8539 0 0.308925 
34600 104.865 225.971 0.473814 0 0 107.86 103.441 0 0.0963889 0.0883333 0 4668.18 -79.5389 0 0.309244 
34700 104.768 223.047 0.475192 0 0 107.888 103.4 0 0.0802778 0.07 0 4682.27 -80.9286 0 0.309525 
34800 104.942 223.778 0.475439 0 0 107.903 103.481 0 0.0883333 0.0780556 0 4696.24 -79.8584 0 0.309591 
34900 104.955 225.908 0.473941 0 0 107.968 103.526 0 0.0911111 0.0838889 0 4710.27 -78.1661 0 0.310124 
35000 105.048 224.232 0.475255 0 0 108.045 103.631 0 0.0888889 0.0813889 0 4724.25 -77.4928 0 0.310152 
35100 105.043 226.06 0.474374 0 0 108.056 103.637 0 0.0811111 0.0736111 0 4737.99 -80.3062 0 0.310137 
35200 104.962 228.012 0.472877 0 0 107.975 103.574 0 0.0930556 0.0841667 0 4751.67 -78.0961 0 0.309732 
35300 105.081 223.563 0.475959 0 0 108.079 103.665 0 0.0830556 0.0747222 0 4765.69 -78.1412 0 0.309726 
35400 105.021 223.388 0.476353 0 0 108.009 103.598 0 0.0919444 0.0794444 0 4779.61 -78.8658 0 0.309129 
35500 104.84 223.731 0.475214 0 0 107.939 103.491 0 0.0888889 0.0805556 0 4793.73 -79.0541 0 0.309108 
35600 104.944 222.929 0.476656 0 0 107.917 103.513 0 0.0819444 0.0713889 0 4807.6 -77.0443 0 0.309185 
35700 105.036 224.909 0.475791 0 0 108.004 103.653 0 0.0813889 0.0747222 0 4821.38 -78.4698 0 0.309531 
35800 104.943 223.87 0.476869 0 0 107.914 103.517 0 0.0975 0.0872222 0 4835.41 -80.5357 0 0.309714 
35900 104.972 223.654 0.476839 0 0 107.95 103.581 0 0.0872222 0.0763889 0 4849.49 -81.3749 0 0.310305 
36000 104.876 222.45 0.477067 0 0 107.864 103.429 0 0.0880556 0.0775 0 4863.28 -80.2656 0 0.310485 
36100 104.958 226.161 0.47586 0 0 107.853 103.528 0 0.0872222 0.0777778 0 4877.31 -82.8549 0 0.310473 
36200 104.971 224.653 0.476929 0 0 107.891 103.582 0 0.0938889 0.0847222 0 4891.54 -79.9922 0 0.310941 
36300 104.983 225.332 0.476489 0 0 107.922 103.566 0 0.0902778 0.0819444 0 4905.55 -76.249 0 0.311465 
36400 105.026 224.673 0.476702 0 0 107.911 103.624 0 0.0841667 0.0736111 0 4919.53 -79.2881 0 0.311622 
36500 104.988 223.051 0.477628 0 0 107.918 103.624 0 0.0797222 0.0719444 0 4933.26 -80.5875 0 0.311855 
36600 104.971 224.922 0.476465 0 0 107.931 103.557 0 0.0927778 0.0825 0 4946.93 -78.9831 0 0.312196 
36700 104.917 223.249 0.477331 0 0 108.014 103.529 0 0.0858333 0.0741667 0 4960.8 -75.6045 0 0.311882 
36800 104.795 222.945 0.476739 0 0 107.98 103.451 0 0.0883333 0.0780556 0 4974.64 -73.715 0 0.311752 
36900 105.069 223.128 0.47823 0 0 108.08 103.621 0 0.0916667 0.0825 0 4988.57 -77.9363 0 0.311621 
37000 105.143 226.974 0.47615 0 0 108.184 103.744 0 0.0894444 0.0813889 0 5002.83 -75.0334 0 0.311623 
37100 105.093 223.544 0.477807 0 0 108.166 103.732 0 0.0919444 0.0841667 0 5017.4 -72.0115 0 0.311852 
37200 105.211 224.532 0.477368 0 0 108.224 103.784 0 0.0786111 0.0697222 0 5031.05 -72.6808 0 0.312088 
37300 105.301 221.799 0.479733 0 0 108.283 103.873 0 0.0972222 0.0877778 0 5045.02 -73.7307 0 0.312187 
37400 105.212 224.908 0.477905 0 0 108.272 103.832 0 0.0863889 0.0747222 0 5058.97 -71.396 0 0.312519 
37500 105.289 222.93 0.479107 0 0 108.357 103.872 0 0.0858333 0.0794444 0 5072.65 -69.7437 0 0.312534 
37600 105.271 223.371 0.478708 0 0 108.321 103.882 0 0.0791667 0.07 0 5086.44 -70.0904 0 0.31252 
37700 105.193 222.732 0.47888 0 0 108.241 103.85 0 0.0997222 0.0922222 0 5100.32 -71.062 0 0.312589 
37800 105.271 221.898 0.4797 0 0 108.222 103.874 0 0.0825 0.0755556 0 5114.42 -72.8183 0 0.312783 
37900 105.196 222.522 0.479312 0 0 108.185 103.884 0 0.105833 0.0941667 0 5128.8 -69.4359 0 0.312792 
38000 105.391 223.107 0.479604 0 0 108.25 103.999 0 0.0763889 0.0680556 0 5142.45 -68.2492 0 0.312862 
38100 105.441 222.814 0.480205 0 0 108.267 104.018 0 0.0869444 0.0786111 0 5156.45 -68.1724 0 0.312846 
38200 105.346 223.868 0.478693 0 0 108.255 103.995 0 0.0986111 0.0875 0 5170.1 -68.2125 0 0.312845 
38300 105.559 226.492 0.477655 0 0 108.3 104.123 0 0.0763889 0.0655556 0 5183.94 -65.007 0 0.312834 
38400 105.418 222.65 0.480639 0 0 108.194 103.957 0 0.101944 0.0927778 0 5197.76 -65.6449 0 0.312728 
38500 105.389 225.426 0.477793 0 0 108.2 103.976 0 0.0991667 0.0883333 0 5211.3 -66.8496 0 0.312817 
38600 105.291 224.755 0.478231 0 0 108.139 103.94 0 0.0852778 0.0769444 0 5225.38 -65.6837 0 0.312688 
38700 105.348 223.372 0.478917 0 0 108.189 103.961 0 0.0933333 0.0822222 0 5238.99 -67.1274 0 0.312562 
38800 105.203 226.082 0.476794 0 0 108.126 103.821 0 0.0830556 0.0741667 0 5252.66 -64.8499 0 0.312306 
38900 105.36 226.407 0.477662 0 0 108.152 103.949 0 0.0836111 0.0738889 0 5267.05 -59.2439 0 0.311905 
39000 105.246 223.445 0.478809 0 0 108.068 103.808 0 0.0875 0.08 0 5281.23 -57.5556 0 0.311471 
39100 105.291 223.912 0.478762 0 0 108.091 103.897 0 0.0941667 0.0855556 0 5295.21 -57.2132 0 0.311495 
39200 105.364 223.786 0.479594 0 0 108.106 103.941 0 0.0905556 0.0830556 0 5309.7 -49.5586 0 0.311366 
39300 105.356 222.032 0.480897 0 0 108.162 103.969 0 0.0875 0.0772222 0 5323.35 -52.0921 0 0.312008 
39400 105.189 222.298 0.479641 0 0 108.08 103.834 0 0.0919444 0.0836111 0 5337.1 -52.3986 0 0.312543 
39500 105.307 223.925 0.478956 0 0 108.111 103.896 0 0.0919444 0.0791667 0 5350.9 -53.6093 0 0.312869 
39600 105.393 223.544 0.479611 0 0 108.171 103.983 0 0.095 0.0863889 0 5364.86 -55.0829 0 0.312908 
39700 105.402 225.547 0.478645 0 0 108.127 104.04 0 0.0825 0.0755556 0 5379.04 -55.2926 0 0.313328 
39800 105.441 225.403 0.47901 0 0 108.208 104.009 0 0.0869444 0.0794444 0 5392.56 -56.5591 0 0.312889 
39900 105.379 223.687 0.479254 0 0 108.169 104.01 0 0.0916667 0.0841667 0 5406.62 -55.447 0 0.313061 
40000 105.449 222.391 0.480817 0 0 108.174 104.056 0 0.0875 0.0802778 0 5420.32 -53.148 0 0.313218 
40100 105.474 221.476 0.480826 0 0 108.21 104.072 0 0.0886111 0.0797222 0 5433.85 -54.7122 0 0.313459 
40200 105.388 224.376 0.479389 0 0 108.156 104.02 0 0.0888889 0.08 0 5447.99 -54.1442 0 0.313595 
40300 105.41 222.909 0.480321 0 0 108.171 104.073 0 0.09 0.0802778 0 5462.41 -51.1201 0 0.313805 
40400 105.474 224.561 0.479344 0 0 108.174 104.09 0 0.0944444 0.0855556 0 5475.85 -53.1181 0 0.313249 
40500 105.527 223.806 0.480633 0 0 108.212 104.081 0 0.0830556 0.0730556 0 5489.47 -53.8467 0 0.313398 
40600 105.508 224.412 0.479394 0 0 108.188 104.082 0 0.0788889 0.0727778 0 5503.69 -52.7473 0 0.313288 
40700 105.697 224.251 0.48046 0 0 108.359 104.263 0 0.0927778 0.0838889 0 5517.49 -50.9508 0 0.312719 
40800 105.51 223.913 0.480087 0 0 108.246 104.118 0 0.0919444 0.0827778 0 5531.58 -50.3329 0 0.312786 
40900 105.575 224.393 0.480011 0 0 108.341 104.211 0 0.0961111 0.0866667 0 5545.6 -48.7142 0 0.313195 
41000 105.736 225.805 0.479823 0 0 108.431 104.312 0 0.0813889 0.0691667 0 5559.13 -51.4072 0 0.313207 
41100 105.84 225.414 0.479818 0 0 108.602 104.436 0 0.0933333 0.0825 0 5572.76 -52.8845 0 0.313402 
41200 106.151 223.563 0.481431 0 0 108.85 104.716 0 0.0894444 0.0791667 0 5586.15 -56.6385 0 0.314237 
41300 105.96 223.817 0.480665 0 0 108.712 104.54 0 0.0844444 0.0730556 0 5600.1 -55.2299 0 0.314333 
41400 105.795 224.08 0.480423 0 0 108.593 104.378 0 0.0827778 0.0722222 0 5614.04 -53.4456 0 0.314336 
41500 105.966 223.882 0.481025 0 0 108.731 104.51 0 0.0797222 0.0730556 0 5627.65 -54.2025 0 0.314311 
41600 105.887 223.908 0.480791 0 0 108.688 104.435 0 0.0883333 0.0783333 0 5641.67 -53.1213 0 0.313954 
41700 105.878 224.713 0.480236 0 0 108.699 104.444 0 0.0891667 0.0783333 0 5655.55 -53.5365 0 0.313493 
41800 105.894 221.056 0.482827 0 0 108.689 104.495 0 0.0841667 0.0763889 0 5669.3 -53.7387 0 0.313017 
41900 105.866 222.459 0.481823 0 0 108.821 104.438 0 0.0919444 0.0827778 0 5683.12 -53.0723 0 0.312876 
42000 106.052 222.081 0.482346 0 0 108.915 104.61 0 0.0894444 0.0780556 0 5696.73 -55.3065 0 0.312754 
42100 106.1 224.749 0.481231 0 0 108.956 104.708 0 0.09 0.0783333 0 5710.77 -53.9365 0 0.312866 
42200 106.303 223.071 0.482398 0 0 109.104 104.896 0 0.0872222 0.0755556 0 5724.45 -56.7203 0 0.312999 
42300 106.29 222.443 0.482569 0 0 109.136 104.925 0 0.0891667 0.0783333 0 5738.16 -56.8055 0 0.313405 
42400 106.391 225.736 0.480731 0 0 109.198 104.958 0 0.0838889 0.0755556 0 5751.77 -55.9327 0 0.313555 
42500 106.402 222.668 0.482288 0 0 109.223 104.994 0 0.0844444 0.0752778 0 5765.21 -56.0542 0 0.313535 
42600 106.459 223.515 0.482166 0 0 109.246 105.011 0 0.0838889 0.0744444 0 5779.03 -53.4674 0 0.313681 
42700 106.754 223.702 0.48334 0 0 109.527 105.337 0 0.0855556 0.0763889 0 5792.43 -55.41 0 0.313706 
42800 106.665 223.263 0.482809 0 0 109.488 105.244 0 0.0861111 0.0775 0 5806.36 -53.1971 0 0.313333 
42900 106.877 223.785 0.482946 0 0 109.686 105.399 0 0.0827778 0.0741667 0 5819.44 -54.3448 0 0.313472 
43000 107.036 226.139 0.48252 0 0 109.84 105.569 0 0.0880556 0.0825 0 5832.86 -55.8876 0 0.313594 
43100 107.041 223.864 0.483808 0 0 109.849 105.57 0 0.0952778 0.085 0 5846.57 -56.8683 0 0.313967 
43200 107.063 222.554 0.484068 0 0 109.911 105.611 0 0.0916667 0.0822222 0 5860.14 -58.6279 0 0.314354 
43300 107.038 221.147 0.484592 0 0 109.954 105.608 0 0.0855556 0.0788889 0 5873.6 -61.6411 0 0.314747 
43400 107.152 221.267 0.485012 0 0 110.058 105.709 0 0.0797222 0.0697222 0 5887.26 -64.1304 0 0.315156 
43500 107.141 222.786 0.484105 0 0 110.038 105.702 0 0.0819444 0.0733333 0 5901.1 -62.6649 0 0.315371 
43600 107.053 221.378 0.484494 0 0 109.966 105.595 0 0.0894444 0.0788889 0 5914.63 -65.1442 0 0.314982 
43700 106.88 221.233 0.484105 0 0 109.821 105.458 0 0.085 0.0769444 0 5928.47 -63.6115 0 0.3146 
43800 107.02 222.508 0.484398 0 0 109.937 105.579 0 0.0827778 0.0736111 0 5942.52 -67.9079 0 0.314445 
43900 106.939 222.48 0.484881 0 0 109.84 105.465 0 0.0938889 0.0838889 0 5956.61 -67.7647 0 0.314168 
44000 106.99 221.572 0.485195 0 0 109.875 105.543 0 0.0902778 0.0813889 0 5970.32 -69.9053 0 0.314256 
44100 107.022 222.898 0.48511 0 0 109.844 105.52 0 0.0941667 0.0852778 0 5984.19 -69.6635 0 0.314355 
44200 107.1 221.834 0.485402 0 0 109.897 105.639 0 0.0919444 0.0802778 0 5998.27 -73 0 0.314689 
44300 107.142 222.869 0.485455 0 0 109.925 105.646 0 0.0922222 0.0855556 0 6011.93 -75.2874 0 0.315067 
44400 107.076 221.498 0.485436 0 0 109.896 105.641 0 0.0880556 0.0786111 0 6025.59 -73.8627 0 0.31493 
44500 107.212 221.819 0.48562 0 0 110.04 105.771 0 0.0788889 0.07 0 6039.02 -76.0421 0 0.314992 
44600 107.149 221.38 0.485391 0 0 110.022 105.699 0 0.0994444 0.0891667 0 6052.49 -77.1747 0 0.314983 
44700 107.191 222.896 0.485308 0 0 110.121 105.803 0 0.0961111 0.0869444 0 6066.44 -78.7376 0 0.314951 
44800 107.059 222.118 0.484951 0 0 110.011 105.634 0 0.0941667 0.0855556 0 6080.49 -78.442 0 0.314801 
44900 107.302 221.803 0.485936 0 0 110.119 105.851 0 0.0925 0.0827778 0 6094.43 -79.5609 0 0.314941 
45000 107.33 223.655 0.485851 0 0 110.12 105.827 0 0.0816667 0.0722222 0 6108.57 -85.5301 0 0.315383 
45100 107.345 223.506 0.485816 0 0 110.188 105.937 0 0.0894444 0.0819444 0 6122.46 -90.5061 0 0.315944 
45200 107.216 220.903 0.486771 0 0 110.136 105.78 0 0.0841667 0.0741667 0 6136.36 -92.5446 0 0.31622 
45300 107.437 221.696 0.486763 0 0 110.264 106.022 0 0.0866667 0.0780556 0 6150.04 -93.373 0 0.316427 
45400 107.433 222.032 0.486778 0 0 110.279 105.985 0 0.0905556 0.0802778 0 6163.89 -98.7962 0 0.316745 
45500 107.442 221.09 0.487249 0 0 110.287 105.993 0 0.104722 0.0955556 0 6177.74 -98.1793 0 0.316255 
45600 107.407 221.546 0.486563 0 0 110.257 105.926 0 0.075 0.0697222 0 6191.2 -97.9858 0 0.31622 
45700 107.546 221.929 0.487559 0 0 110.372 106.082 0 0.0913889 0.0825 0 6205.08 -102.241 0 0.315967 
45800 107.486 220.817 0.48734 0 0 110.324 106.013 0 0.0913889 0.0841667 0 6218.71 -103.454 0 0.316159 
45900 107.618 221.941 0.487516 0 0 110.434 106.147 0 0.0827778 0.075 0 6232.62 -103.296 0 0.316065 
46000 107.665 221.603 0.487738 0 0 110.467 106.225 0 0.0936111 0.0811111 0 6246.45 -102.407 0 0.316134 
46100 107.705 221.121 0.48796 0 0 110.519 106.256 0 0.100833 0.0913889 0 6260.35 -103.89 0 0.315945 
46200 107.843 221.221 0.488613 0 0 110.544 106.341 0 0.0791667 0.0722222 0 6273.91 -103.142 0 0.316182 
46300 107.808 221.89 0.488477 0 0 110.538 106.311 0 0.0897222 0.0852778 0 6287.97 -99.8476 0 0.316169 
46400 107.604 223.156 0.487215 0 0 110.421 106.191 0 0.0894444 0.0772222 0 6301.76 -98.1186 0 0.316374 
46500 107.579 221.313 0.488023 0 0 110.419 106.137 0 0.0894444 0.0808333 0 6315.81 -97.2771 0 0.31673 
46600 107.492 222.829 0.487602 0 0 110.281 106.013 0 0.0925 0.0811111 0 6329.52 -91.6776 0 0.316629 
46700 107.502 222.834 0.487682 0 0 110.3 106.052 0 0.0727778 0.0675 0 6343.22 -90.0607 0 0.316748 
46800 107.47 220.972 0.488193 0 0 110.275 106.029 0 0.0883333 0.0802778 0 6356.87 -93.7002 0 0.316773 
46900 107.374 221.799 0.487357 0 0 110.249 105.919 0 0.095 0.0863889 0 6370.62 -92.9593 0 0.316509 
47000 107.41 222.648 0.487447 0 0 110.256 105.971 0 0.0811111 0.0719444 0 6384.24 -92.8273 0 0.316583 
47100 107.344 220.394 0.487939 0 0 110.289 105.926 0 0.0744444 0.0677778 0 6397.92 -94.4396 0 0.316707 
47200 107.501 221.448 0.487821 0 0 110.403 106.092 0 0.0808333 0.0713889 0 6411.67 -98.3216 0 0.316984 
47300 107.553 220.799 0.488172 0 0 110.372 106.097 0 0.0883333 0.0797222 0 6425.43 -98.0779 0 0.316802 
47400 107.71 220.586 0.488758 0 0 110.509 106.22 0 0.0780556 0.0708333 0 6439.33 -100.167 0 0.31718 
47500 107.783 221.981 0.48814 0 0 110.609 106.342 0 0.0875 0.0788889 0 6453.05 -103.27 0 0.317097 
47600 107.79 222.927 0.487999 0 0 110.632 106.362 0 0.0791667 0.0705556 0 6466.7 -103.051 0 0.317642 
47700 107.887 223.756 0.487569 0 0 110.684 106.413 0 0.09 0.0819444 0 6480.1 -102.453 0 0.3172 
47800 107.925 221.265 0.488763 0 0 110.792 106.471 0 0.0858333 0.0777778 0 6493.76 -103.616 0 0.317516 
47900 107.785 221.949 0.487769 0 0 110.686 106.382 0 0.0877778 0.0788889 0 6507.37 -102.68 0 0.317679 
48000 107.853 221.927 0.488733 0 0 110.716 106.418 0 0.0883333 0.0772222 0 6521.1 -98.7816 0 0.31756 
48100 108.02 222.226 0.488558 0 0 110.81 106.552 0 0.08 0.0738889 0 6534.95 -99.0249 0 0.317179 
48200 107.919 222.063 0.488534 0 0 110.807 106.491 0 0.0908333 0.0827778 0 6548.74 -100.394 0 0.317108 
48300 107.96 220.822 0.489196 0 0 110.742 106.487 0 0.0788889 0.0694444 0 6562.55 -101.627 0 0.317267 
48400 107.945 221.011 0.488954 0 0 110.729 106.494 0 0.0891667 0.0830556 0 6576.12 -100.504 0 0.31707 
48500 107.923 222.169 0.488388 0 0 110.716 106.483 0 0.0916667 0.0808333 0 6589.91 -99.6685 0 0.317232 
48600 108.085 222.269 0.488749 0 0 110.846 106.63 0 0.0869444 0.0761111 0 6603.8 -100.432 0 0.317448 
48700 107.942 222.28 0.488427 0 0 110.74 106.491 0 0.0905556 0.0825 0 6617.4 -97.0924 0 0.317708 
48800 107.946 223.611 0.487972 0 0 110.759 106.501 0 0.0947222 0.0875 0 6631.07 -96.2606 0 0.31734 
48900 107.871 223.477 0.487707 0 0 110.703 106.434 0 0.100278 0.0863889 0 6644.61 -102.142 0 0.317421 
49000 107.937 223.405 0.487986 0 0 110.73 106.486 0 0.0791667 0.0716667 0 6658.43 -103.375 0 0.317376 
49100 108.05 225.684 0.487325 0 0 110.882 106.634 0 0.0808333 0.0738889 0 6672.03 -103.562 0 0.316908 
49200 108.202 222.716 0.488964 0 0 110.919 106.758 0 0.0872222 0.0777778 0 6685.9 -103.714 0 0.317003 
49300 108.043 224.617 0.487569 0 0 110.869 106.564 0 0.0961111 0.0891667 0 6699.64 -105.318 0 0.317036 
49400 108.192 222.732 0.488924 0 0 111.026 106.721 0 0.0969444 0.0863889 0 6713.13 -104.978 0 0.316949 
49500 108.29 223.877 0.487937 0 0 111.066 106.839 0 0.0955556 0.0852778 0 6726.77 -103.436 0 0.316799 
49600 108.367 223.669 0.488775 0 0 111.167 106.869 0 0.0791667 0.07 0 6740.25 -105.446 0 0.317213 
49700 108.357 223.276 0.489189 0 0 111.17 106.879 0 0.0822222 0.0719444 0 6753.95 -101.589 0 0.317416 
49800 108.269 223.874 0.488112 0 0 111.159 106.852 0 0.0930556 0.0827778 0 6767.55 -100.34 0 0.317814 
49900 108.272 223.947 0.488072 0 0 111.076 106.82 0 0.0925 0.0819444 0 6781.13 -99.5503 0 0.318094 
50000 108.11 222.13 0.488976 0 0 111.061 106.674 0 0.0927778 0.0844444 0 6795.1 -96.7287 0 0.318461 
