# Avida Dominant Data
# Mon Jun  4 16:56:46 2018
#  1: Update
#  2: Average Merit of the Dominant Genotype
#  3: Average Gestation Time of the Dominant Genotype
#  4: Average Fitness of the Dominant Genotype
#  5: Repro Rate?
#  6: Size of Dominant Genotype
#  7: Copied Size of Dominant Genotype
#  8: Executed Size of Dominant Genotype
#  9: Abundance of Dominant Genotype
# 10: Number of Births
# 11: Number of Dominant Breed True?
# 12: Dominant Gene Depth
# 13: Dominant Breed In
# 14: Max Fitness?
# 15: Genotype ID of Dominant Genotype
# 16: Name of the Dominant Genotype

0 0 0 0 0 100 0 0 3600 0 0 0 0 2.22507e-308 1 100-aaaaa 
100 97 389 0.249357 0.00257069 100 100 0 1263 91 68 0 0 0.249357 1 100-aaaaa 
200 97 389 0.249357 0.00257069 100 100 0 419 13 11 0 0 0.249357 1 100-aaaaa 
300 97 389 0.249357 0.00257069 100 100 0 161 6 4 0 0 0.249357 1 100-aaaaa 
400 97 389 0.249357 0.00257069 100 100 0 49 3 3 0 0 0.249357 1 100-aaaaa 
500 97 389 0.249357 0.00257069 100 100 0 29 2 2 0 1 0.249357 1 100-aaaaa 
600 96 382 0.251309 0.0026178 100 100 0 16 1 1 5 0 0.251309 18509 100-aabxk 
700 96 382 0.251309 0.0026178 100 100 0 23 3 1 5 0 0.251309 18509 100-aabxk 
800 95 375 0.253333 0.00266667 98 98 0 18 0 0 6 0 0.253333 26815 098-aaajf 
900 97 377 0.257294 0.00265252 100 100 0 13 1 1 8 0 0.257294 43457 100-aadis 
1000 87 272 0.319853 0.00367647 100 100 0 28 3 2 9 0 0.319853 37822 100-aacyl 
1100 84 268 0.313433 0.00373134 100 100 0 34 1 1 10 0 0.313433 41629 100-aadfw 
1200 140.947 277 0.508833 0.00361011 100 100 0 108 11 9 15 0 0.685921 55794 100-aadvn 
1300 121.365 277 0.43814 0.00361011 100 100 0 246 34 25 15 0 0.685921 55794 100-aadvn 
1400 114.108 277 0.411942 0.00361011 100 100 0 151 10 9 15 0 0.685921 55794 100-aadvn 
1500 111.845 277 0.403771 0.00361011 100 100 0 68 5 3 15 0 0.685921 55794 100-aadvn 
1600 111.111 277 0.401121 0.00361011 100 100 0 37 3 2 15 0 0.685921 55794 100-aadvn 
1700 94 270 0.348148 0.0037037 100 100 0 37 4 3 21 0 0.348148 91365 100-aahfy 
1800 105.154 270 0.389461 0.0037037 99 99 0 32 1 1 23 0 0.696296 100506 099-aacrc 
1900 97 274 0.354015 0.00364964 100 100 0 31 6 4 23 0 0.354015 108796 100-aajmd 
2000 105.966 279 0.379807 0.00358423 100 100 0 21 0 0 20 0 0.560798 115697 100-aakkm 
2100 104.673 279 0.375172 0.00358423 100 100 0 24 4 3 20 0 0.560798 115697 100-aakkm 
2200 104.51 279 0.374587 0.00358423 100 100 0 20 1 1 20 0 0.560798 115697 100-aakkm 
2300 99.2585 274 0.362257 0.00364964 100 100 0 23 1 1 24 0 0.523523 128755 100-aamcg 
2400 96 275 0.349091 0.00363636 102 102 0 21 3 3 27 0 0.349091 155349 102-aaayp 
2500 97 276 0.351449 0.00362319 100 100 0 20 1 1 21 0 0.351449 149336 100-aaopz 
2600 103.172 276 0.373812 0.00362319 100 100 0 20 6 4 25 0 0.500436 153329 100-aapad 
2700 104.502 274 0.381394 0.00364964 102 102 0 26 0 0 24 0 0.528573 139826 102-aaaxe 
2800 97 277 0.350181 0.00361011 100 100 0 19 1 1 32 0 0.350181 174271 100-aarnh 
2900 102.148 276 0.3701 0.00362319 100 100 0 22 3 1 27 0 0.44979 187013 100-aasye 
3000 101.239 273 0.370838 0.003663 100 100 0 23 3 3 29 0 0.425468 199633 100-aaukr 
3100 99.7735 240 0.415723 0.00416667 101 101 0 36 5 4 33 0 0.530666 187405 101-aadqw 
3200 99.4261 240 0.414275 0.00416667 101 101 0 62 6 4 33 0 0.596994 187405 101-aadqw 
3300 98.802 240 0.411675 0.00416667 101 101 0 105 11 9 33 0 0.596994 187405 101-aadqw 
3400 98.2642 240 0.409434 0.00416667 101 101 0 197 9 8 33 0 0.596994 187405 101-aadqw 
3500 97.8377 240 0.407657 0.00416667 101 101 0 425 36 30 33 0 0.596994 187405 101-aadqw 
3600 97.5297 240 0.406374 0.00416667 101 101 0 686 76 69 33 0 0.596994 187405 101-aadqw 
3700 97.3485 240 0.405619 0.00416667 101 101 0 943 71 65 33 0 0.596994 187405 101-aadqw 
3800 97.1953 240 0.40498 0.00416667 101 101 0 1105 90 83 33 0 0.596994 187405 101-aadqw 
3900 97.0986 240 0.404578 0.00416667 101 101 0 1083 93 79 33 0 0.596994 187405 101-aadqw 
4000 97.034 240 0.404308 0.00416667 101 101 0 1092 100 83 33 0 0.596994 187405 101-aadqw 
4100 97.0101 240 0.404209 0.00416667 101 101 0 1109 111 98 33 0 0.596994 187405 101-aadqw 
4200 96.9848 240 0.404104 0.00416667 101 101 0 965 98 91 33 0 0.596994 187405 101-aadqw 
4300 96.9679 240 0.404033 0.00416667 101 101 0 968 87 77 33 0 0.596994 187405 101-aadqw 
4400 97.9417 242 0.404718 0.00413223 101 101 0 983 68 65 36 0 0.517642 204251 101-aadwj 
4500 96.936 240 0.4039 0.00416667 101 101 0 950 77 72 33 0 0.596994 187405 101-aadqw 
4600 97.9044 242 0.404564 0.00413223 101 101 0 999 94 83 36 0 0.517642 204251 101-aadwj 
4700 97.8892 242 0.404501 0.00413223 101 101 0 969 65 54 36 0 0.517642 204251 101-aadwj 
4800 97.8765 242 0.404448 0.00413223 101 101 0 1031 82 73 36 0 0.517642 204251 101-aadwj 
4900 97.8699 242 0.404421 0.00413223 101 101 0 958 86 74 36 1 0.517642 204251 101-aadwj 
5000 97.8663 242 0.404406 0.00413223 101 101 0 969 81 75 36 0 0.517642 204251 101-aadwj 
5100 97.8728 242 0.404433 0.00413223 101 101 0 995 89 82 36 0 0.517642 204251 101-aadwj 
5200 97.8844 242 0.404481 0.00413223 101 101 0 894 53 49 36 0 0.517642 204251 101-aadwj 
5300 97 226 0.429204 0.00442478 102 102 0 930 90 85 39 0 0.429204 228668 102-aabrx 
5400 97 226 0.429204 0.00442478 102 102 0 1165 113 103 39 0 0.429204 228668 102-aabrx 
5500 97 226 0.429204 0.00442478 102 102 0 1253 128 118 39 0 0.429204 228668 102-aabrx 
5600 97 226 0.429204 0.00442478 102 102 0 1315 141 130 39 0 0.429204 228668 102-aabrx 
5700 97 226 0.429204 0.00442478 102 102 0 1132 103 88 39 0 0.429204 228668 102-aabrx 
5800 97 226 0.429204 0.00442478 102 102 0 1251 112 100 39 0 0.429204 228668 102-aabrx 
5900 97 226 0.429204 0.00442478 102 102 0 1102 115 108 39 0 0.429204 228668 102-aabrx 
6000 100.064 227 0.440809 0.00440529 102 102 0 1093 111 99 37 0 0.640466 251968 102-aabvz 
6100 99.9629 227 0.440365 0.00440529 102 102 0 1233 130 115 37 0 0.640466 251968 102-aabvz 
6200 99.851 227 0.439872 0.00440529 102 102 0 1373 149 131 37 0 0.640466 251968 102-aabvz 
6300 99.7652 227 0.439494 0.00440529 102 102 0 1472 145 133 37 0 0.640466 251968 102-aabvz 
6400 99.6749 227 0.439097 0.00440529 102 102 0 1357 120 108 37 0 0.640466 251968 102-aabvz 
6500 99.6147 227 0.438831 0.00440529 102 102 0 1471 148 132 37 0 0.640466 251968 102-aabvz 
6600 99.5509 227 0.43855 0.00440529 102 102 0 1612 147 138 37 0 0.640466 251968 102-aabvz 
6700 99.4987 227 0.43832 0.00440529 102 102 0 1510 152 135 37 0 0.640466 251968 102-aabvz 
6800 99.4548 227 0.438127 0.00440529 102 102 0 1480 133 120 37 0 0.640466 251968 102-aabvz 
6900 99.4089 227 0.437925 0.00440529 102 102 0 1513 126 116 37 0 0.640466 251968 102-aabvz 
7000 99.3721 227 0.437763 0.00440529 102 102 0 1433 116 103 37 0 0.640466 251968 102-aabvz 
7100 99.3335 227 0.437593 0.00440529 102 102 0 1547 139 119 37 1 0.640466 251968 102-aabvz 
7200 99.2943 227 0.43742 0.00440529 102 102 0 1559 160 144 37 0 0.640466 251968 102-aabvz 
7300 99.2698 227 0.437312 0.00440529 102 102 0 1349 89 83 37 0 0.640466 251968 102-aabvz 
7400 99.2482 227 0.437217 0.00440529 102 102 0 1481 135 120 37 0 0.640466 251968 102-aabvz 
7500 99.2283 227 0.437129 0.00440529 102 102 0 1366 133 120 37 0 0.640466 251968 102-aabvz 
7600 99.2117 227 0.437056 0.00440529 102 102 0 1414 142 130 37 0 0.640466 251968 102-aabvz 
7700 99.1924 227 0.436971 0.00440529 102 102 0 1225 102 92 37 0 0.640466 251968 102-aabvz 
7800 99.1756 227 0.436897 0.00440529 102 102 0 1016 85 77 37 0 0.640466 251968 102-aabvz 
7900 99.7657 218 0.457641 0.00458716 103 102.999 0 973 79 67 38 1 0.540546 295635 103-aaanu 
8000 99.7097 218 0.457384 0.00458716 103 102.999 0 1398 131 119 38 0 0.540546 295635 103-aaanu 
8100 99.6391 218 0.45706 0.00458716 103 102.999 0 1679 153 136 38 0 0.554969 295635 103-aaanu 
8200 99.5918 218 0.456843 0.00458716 103 103 0 1811 179 170 38 0 0.554969 295635 103-aaanu 
8300 99.5648 218 0.456719 0.00458716 103 103 0 1798 170 153 38 0 0.554969 295635 103-aaanu 
8400 99.5434 218 0.456621 0.00458716 103 103 0 2190 253 219 38 0 0.554969 295635 103-aaanu 
8500 99.5212 218 0.456519 0.00458716 103 103 0 2261 215 195 38 0 0.554969 295635 103-aaanu 
8600 99.5033 218 0.456437 0.00458716 103 103 0 2253 221 202 38 0 0.554969 295635 103-aaanu 
8700 99.4901 218 0.456377 0.00458716 103 103 0 2345 276 257 38 0 0.554969 295635 103-aaanu 
8800 99.4811 218 0.456335 0.00458716 103 103 0 2295 258 232 38 0 0.554969 295635 103-aaanu 
8900 99.4713 218 0.45629 0.00458716 103 103 0 2152 217 192 38 0 0.554969 295635 103-aaanu 
9000 99.465 218 0.456261 0.00458716 103 103 0 2113 212 193 38 0 0.554969 295635 103-aaanu 
9100 99.4565 218 0.456222 0.00458716 103 103 0 2205 186 166 38 0 0.554969 295635 103-aaanu 
9200 99.4494 218 0.45619 0.00458716 103 103 0 2221 253 224 38 0 0.554969 295635 103-aaanu 
9300 99.442 218 0.456156 0.00458716 103 103 0 2188 240 213 38 0 0.554969 295635 103-aaanu 
9400 99.4362 218 0.456129 0.00458716 103 103 0 2155 223 203 38 0 0.554969 295635 103-aaanu 
9500 99.4313 218 0.456107 0.00458716 103 103 0 1987 210 188 38 0 0.554969 295635 103-aaanu 
9600 99.4276 218 0.45609 0.00458716 103 103 0 1929 220 192 38 0 0.554969 295635 103-aaanu 
9700 99.4251 218 0.456079 0.00458716 103 103 0 1801 183 172 38 0 0.554969 295635 103-aaanu 
9800 99.4233 218 0.45607 0.00458716 103 103 0 1652 148 133 38 0 0.554969 295635 103-aaanu 
9900 99.4207 218 0.456058 0.00458716 103 103 0 1455 163 136 38 0 0.554969 295635 103-aaanu 
10000 99.4178 218 0.456045 0.00458716 103 103 0 1392 106 97 38 0 0.554969 295635 103-aaanu 
10100 99.4148 218 0.456031 0.00458716 103 103 0 1356 137 128 38 0 0.554969 295635 103-aaanu 
10200 99.4128 218 0.456022 0.00458716 103 103 0 1430 160 145 38 0 0.554969 295635 103-aaanu 
10300 99.4109 218 0.456013 0.00458716 103 103 0 1392 142 124 38 0 0.554969 295635 103-aaanu 
10400 99.4097 218 0.456008 0.00458716 103 103 0 1291 159 147 38 0 0.554969 295635 103-aaanu 
10500 99.4082 218 0.456001 0.00458716 103 103 0 1196 113 105 38 0 0.554969 295635 103-aaanu 
10600 99.4075 218 0.455998 0.00458716 103 103 0 1139 108 94 38 0 0.554969 295635 103-aaanu 
10700 99.4072 218 0.455996 0.00458716 103 103 0 1063 100 94 38 0 0.554969 295635 103-aaanu 
10800 99.4072 218 0.455996 0.00458716 103 103 0 997 96 84 38 0 0.554969 295635 103-aaanu 
10900 99.4069 218 0.455995 0.00458716 103 103 0 870 82 75 38 0 0.554969 295635 103-aaanu 
11000 99.4065 218 0.455993 0.00458716 103 103 0 855 82 74 38 0 0.554969 295635 103-aaanu 
11100 99.4057 218 0.455989 0.00458716 103 103 0 740 85 78 38 0 0.554969 295635 103-aaanu 
11200 99.4049 218 0.455986 0.00458716 103 103 0 653 52 48 38 0 0.554969 295635 103-aaanu 
11300 99.4046 218 0.455984 0.00458716 103 103 0 638 73 66 38 0 0.554969 295635 103-aaanu 
11400 99.4043 218 0.455983 0.00458716 103 103 0 545 53 44 38 0 0.554969 295635 103-aaanu 
11500 99.4044 218 0.455984 0.00458716 103 103 0 533 48 43 38 0 0.554969 295635 103-aaanu 
11600 100.393 218 0.460516 0.00458716 104 104 0 408 45 39 42 0 0.557919 360455 104-aaakt 
11700 100.395 218 0.460529 0.00458716 104 104 0 469 43 41 42 0 0.557919 360455 104-aaakt 
11800 100.398 218 0.460542 0.00458716 104 104 0 489 45 39 42 0 0.557919 360455 104-aaakt 
11900 100.402 218 0.460559 0.00458716 104 104 0 524 47 42 42 0 0.557919 360455 104-aaakt 
12000 100.404 218 0.460568 0.00458716 104 104 0 471 45 41 42 0 0.557919 360455 104-aaakt 
12100 100.408 218 0.460585 0.00458716 104 104 0 611 76 68 42 0 0.557919 360455 104-aaakt 
12200 100.406 218 0.460576 0.00458716 104 104 0 668 62 56 42 0 0.557919 360455 104-aaakt 
12300 100.407 218 0.460581 0.00458716 104 104 0 645 52 48 42 0 0.557919 360455 104-aaakt 
12400 100.407 218 0.460583 0.00458716 104 104 0 670 52 47 42 0 0.557919 360455 104-aaakt 
12500 100.408 218 0.460588 0.00458716 104 104 0 647 72 70 42 0 0.557919 360455 104-aaakt 
12600 100.409 218 0.460592 0.00458716 104 104 0 592 55 49 42 0 0.557919 360455 104-aaakt 
12700 100.411 218 0.460599 0.00458716 104 104 0 571 53 47 42 0 0.557919 360455 104-aaakt 
12800 100.412 218 0.460604 0.00458716 104 104 0 580 40 36 42 0 0.557919 360455 104-aaakt 
12900 100.414 218 0.460612 0.00458716 104 104 0 602 53 45 42 0 0.557919 360455 104-aaakt 
13000 100.414 218 0.460614 0.00458716 104 104 0 575 63 58 42 0 0.557919 360455 104-aaakt 
13100 100.417 218 0.460627 0.00458716 104 104 0 682 63 58 42 0 0.557919 360455 104-aaakt 
13200 100.421 218 0.460648 0.00458716 104 104 0 576 57 50 42 0 0.557919 360455 104-aaakt 
13300 100.423 218 0.460658 0.00458716 104 104 0 535 48 44 42 0 0.557919 360455 104-aaakt 
13400 100.425 218 0.460665 0.00458716 104 104 0 421 21 19 42 0 0.557919 360455 104-aaakt 
13500 100.425 218 0.460667 0.00458716 104 104 0 465 52 47 42 0 0.557919 360455 104-aaakt 
13600 100.428 218 0.460679 0.00458716 104 104 0 461 49 46 42 0 0.557919 360455 104-aaakt 
13700 100.429 218 0.460685 0.00458716 104 104 0 348 42 39 42 0 0.557919 360455 104-aaakt 
13800 100.431 218 0.460691 0.00458716 104 104 0 308 26 24 42 0 0.557919 360455 104-aaakt 
13900 100.432 218 0.460697 0.00458716 104 104 0 385 34 32 42 0 0.557919 360455 104-aaakt 
14000 100.434 218 0.460705 0.00458716 104 104 0 398 45 44 42 0 0.557919 360455 104-aaakt 
14100 100.434 218 0.460708 0.00458716 104 104 0 382 36 32 42 0 0.557919 360455 104-aaakt 
14200 100.434 218 0.460707 0.00458716 104 104 0 340 39 34 42 0 0.557919 360455 104-aaakt 
14300 100.435 218 0.46071 0.00458716 104 104 0 194 17 17 42 0 0.557919 360455 104-aaakt 
14400 103.513 221 0.468384 0.00452489 107 107 0 285 20 18 45 0 0.533848 473813 107-aaaaq 
14500 103.52 221 0.468417 0.00452489 107 107 0 372 38 35 45 0 0.533848 473813 107-aaaaq 
14600 103.516 221 0.4684 0.00452489 107 107 0 359 33 32 45 1 0.535701 473813 107-aaaaq 
14700 103.508 221 0.468361 0.00452489 107 107 0 476 52 47 45 0 0.535701 473813 107-aaaaq 
14800 102.477 220 0.465805 0.00454545 106 106 0 466 38 34 44 0 0.525161 468087 106-aaabq 
14900 102.473 220 0.465784 0.00454545 106 106 0 482 50 45 44 0 0.525161 468087 106-aaabq 
15000 102.48 220 0.465818 0.00454545 106 106 0 533 67 58 44 0 0.525161 468087 106-aaabq 
15100 103.491 221 0.468283 0.00452489 107 107 0 593 48 43 45 0 0.535701 473813 107-aaaaq 
15200 103.488 221 0.46827 0.00452489 107 107 0 669 65 53 45 0 0.541674 473813 107-aaaaq 
15300 103.489 221 0.468278 0.00452489 107 107 0 735 50 41 45 0 0.560382 473813 107-aaaaq 
15400 103.484 221 0.468252 0.00452489 107 107 0 827 72 62 45 0 0.560382 473813 107-aaaaq 
15500 103.48 221 0.468237 0.00452489 107 107 0 716 73 66 45 0 0.560382 473813 107-aaaaq 
15600 103.479 221 0.46823 0.00452489 107 107 0 711 63 56 45 0 0.560382 473813 107-aaaaq 
15700 103.476 221 0.468218 0.00452489 107 107 0 831 82 79 45 0 0.560382 473813 107-aaaaq 
15800 103.474 221 0.468206 0.00452489 107 107 0 885 85 75 45 0 0.560382 473813 107-aaaaq 
15900 103.472 221 0.468197 0.00452489 107 107 0 1064 102 92 45 0 0.560382 473813 107-aaaaq 
16000 103.471 221 0.468193 0.00452489 107 107 0 1132 117 105 45 0 0.560382 473813 107-aaaaq 
16100 103.472 221 0.4682 0.00452489 107 107 0 1149 130 118 45 0 0.560382 473813 107-aaaaq 
16200 103.47 221 0.468192 0.00452489 107 107 0 1098 108 101 45 0 0.560382 473813 107-aaaaq 
16300 103.468 221 0.468181 0.00452489 107 107 0 1144 114 100 45 0 0.560382 473813 107-aaaaq 
16400 103.467 221 0.468176 0.00452489 107 107 0 1108 109 86 45 0 0.560382 473813 107-aaaaq 
16500 103.466 221 0.468171 0.00452489 107 107 0 1160 120 105 45 0 0.562327 473813 107-aaaaq 
16600 103.465 221 0.468169 0.00452489 107 107 0 1160 117 106 45 0 0.562327 473813 107-aaaaq 
16700 103.465 221 0.468165 0.00452489 107 107 0 1222 119 106 45 0 0.562327 473813 107-aaaaq 
16800 103.465 221 0.468168 0.00452489 107 107 0 1181 94 83 45 0 0.562327 473813 107-aaaaq 
16900 103.465 221 0.468168 0.00452489 107 107 0 987 88 79 45 0 0.562327 473813 107-aaaaq 
17000 103.465 221 0.468169 0.00452489 107 107 0 963 87 78 45 0 0.562327 473813 107-aaaaq 
17100 103.466 221 0.468173 0.00452489 107 107 0 916 70 63 45 0 0.562327 473813 107-aaaaq 
17200 103.466 221 0.468173 0.00452489 107 107 0 848 80 73 45 0 0.562327 473813 107-aaaaq 
17300 103.466 221 0.468173 0.00452489 107 107 0 890 77 68 45 0 0.562327 473813 107-aaaaq 
17400 103.468 221 0.468179 0.00452489 107 107 0 752 83 75 45 1 0.562327 473813 107-aaaaq 
17500 103.469 221 0.468183 0.00452489 107 107 0 726 89 77 45 0 0.562327 473813 107-aaaaq 
17600 103.469 221 0.468184 0.00452489 107 107 0 732 60 51 45 0 0.562327 473813 107-aaaaq 
17700 103.468 221 0.468181 0.00452489 107 107 0 718 64 58 45 0 0.562327 473813 107-aaaaq 
17800 103.468 221 0.468179 0.00452489 107 107 0 701 70 64 45 0 0.562327 473813 107-aaaaq 
17900 103.466 221 0.468174 0.00452489 107 107 0 687 60 52 45 0 0.562327 473813 107-aaaaq 
18000 103.466 221 0.468173 0.00452489 107 107 0 589 65 57 45 0 0.562327 473813 107-aaaaq 
18100 103.465 221 0.468168 0.00452489 107 107 0 666 77 73 45 0 0.562327 473813 107-aaaaq 
18200 103.464 221 0.468163 0.00452489 107 107 0 615 57 49 45 0 0.562327 473813 107-aaaaq 
18300 103.464 221 0.468164 0.00452489 107 107 0 564 56 51 45 0 0.562327 473813 107-aaaaq 
18400 103.464 221 0.468164 0.00452489 107 107 0 609 62 57 45 0 0.562327 473813 107-aaaaq 
18500 103.465 221 0.468166 0.00452489 107 107 0 564 54 50 45 0 0.562327 473813 107-aaaaq 
18600 103.464 221 0.468164 0.00452489 107 107 0 700 66 60 45 0 0.562327 473813 107-aaaaq 
18700 103.464 221 0.468163 0.00452489 107 107 0 679 56 55 45 0 0.562327 473813 107-aaaaq 
18800 103.464 221 0.468162 0.00452489 107 107 0 665 51 47 45 0 0.562327 473813 107-aaaaq 
18900 103.464 221 0.468162 0.00452489 107 107 0 733 78 73 45 0 0.562327 473813 107-aaaaq 
19000 103.465 221 0.468166 0.00452489 107 107 0 668 69 62 45 0 0.562327 473813 107-aaaaq 
19100 103.465 221 0.468166 0.00452489 107 107 0 632 49 42 45 0 0.562327 473813 107-aaaaq 
19200 103.464 221 0.468163 0.00452489 107 107 0 571 45 39 45 0 0.562327 473813 107-aaaaq 
19300 103.464 221 0.468162 0.00452489 107 107 0 522 52 49 45 0 0.562327 473813 107-aaaaq 
19400 103.463 221 0.46816 0.00452489 107 107 0 450 33 26 45 0 0.562327 473813 107-aaaaq 
19500 103.463 221 0.46816 0.00452489 107 107 0 505 72 68 45 0 0.562327 473813 107-aaaaq 
19600 103.463 221 0.468159 0.00452489 107 107 0 565 66 59 45 0 0.562327 473813 107-aaaaq 
19700 103.464 221 0.468161 0.00452489 107 107 0 491 61 59 45 0 0.562327 473813 107-aaaaq 
19800 103.464 221 0.468163 0.00452489 107 107 0 562 60 53 45 0 0.562327 473813 107-aaaaq 
19900 103.464 221 0.468163 0.00452489 107 107 0 565 80 73 45 0 0.562327 473813 107-aaaaq 
20000 103.464 221 0.468162 0.00452489 107 107 0 499 53 51 45 0 0.562327 473813 107-aaaaq 
20100 103.464 221 0.468162 0.00452489 107 107 0 495 38 35 45 0 0.562327 473813 107-aaaaq 
20200 103.464 221 0.468161 0.00452489 107 107 0 395 32 26 45 0 0.562327 473813 107-aaaaq 
20300 103.469 220 0.470313 0.00454545 106 106 0 326 27 24 45 0 0.52816 605517 106-aabwq 
20400 103.464 221 0.468163 0.00452489 107 107 0 342 38 33 45 0 0.562327 473813 107-aaaaq 
20500 103.463 221 0.46816 0.00452489 107 107 0 386 42 37 45 0 0.562327 473813 107-aaaaq 
20600 103.463 221 0.468159 0.00452489 107 107 0 437 35 31 45 0 0.562327 473813 107-aaaaq 
20700 103.463 221 0.468158 0.00452489 107 107 0 477 55 47 45 0 0.562327 473813 107-aaaaq 
20800 103.463 221 0.468159 0.00452489 107 107 0 502 55 50 45 0 0.562327 473813 107-aaaaq 
20900 103.463 221 0.46816 0.00452489 107 107 0 407 36 31 45 0 0.562327 473813 107-aaaaq 
21000 105.491 223 0.473052 0.0044843 108 108 0 280 34 26 46 0 0.547341 636147 108-aaaox 
21100 105.489 223 0.473045 0.0044843 108 108 0 311 29 24 46 0 0.547341 636147 108-aaaox 
21200 103.464 221 0.468164 0.00452489 107 107 0 264 18 17 45 0 0.562327 473813 107-aaaaq 
21300 104.47 222 0.470586 0.0045045 108 108 0 258 41 37 47 0 0.541885 600182 108-aaakm 
21400 105.49 223 0.473048 0.0044843 108 108 0 374 33 33 46 0 0.547341 636147 108-aaaox 
21500 105.489 223 0.473044 0.0044843 108 108 0 411 34 32 46 0 0.547341 636147 108-aaaox 
21600 105.488 223 0.473039 0.0044843 108 108 0 383 23 20 46 0 0.547341 636147 108-aaaox 
21700 105.488 223 0.473039 0.0044843 108 108 0 348 29 25 46 0 0.547341 636147 108-aaaox 
21800 105.487 223 0.473037 0.0044843 108 108 0 406 35 33 46 0 0.547341 636147 108-aaaox 
21900 104.468 222 0.470575 0.0045045 108 108 0 312 26 19 47 0 0.541885 600182 108-aaakm 
22000 104.466 222 0.470569 0.0045045 108 108 0 335 25 21 47 0 0.541885 600182 108-aaakm 
22100 104.466 222 0.470569 0.0045045 108 108 0 466 67 62 47 0 0.542261 600182 108-aaakm 
22200 105.487 223 0.473034 0.0044843 108 108 0 350 41 38 46 0 0.547341 636147 108-aaaox 
22300 104.469 222 0.470583 0.0045045 108 108 0 351 33 28 47 0 0.55212 600182 108-aaakm 
22400 105.49 223 0.473048 0.0044843 108 108 0 300 28 22 46 0 0.547341 636147 108-aaaox 
22500 105.49 223 0.473049 0.0044843 108 108 0 285 25 23 46 0 0.547341 636147 108-aaaox 
22600 105.491 223 0.473054 0.0044843 108 108 0 257 29 25 46 0 0.547341 636147 108-aaaox 
22700 104.47 222 0.470587 0.0045045 108 108 0 238 25 22 47 0 0.55212 600182 108-aaakm 
22800 104.47 222 0.470587 0.0045045 108 108 0 262 21 20 47 0 0.55212 600182 108-aaakm 
22900 104.471 222 0.470589 0.0045045 108 108 0 275 14 11 47 0 0.55212 600182 108-aaakm 
23000 104.471 222 0.470591 0.0045045 108 108 0 191 24 23 47 0 0.55212 600182 108-aaakm 
23100 104.475 221 0.472736 0.00452489 108 108 0 294 34 29 48 0 0.542079 663542 108-aaasb 
23200 104.476 221 0.472741 0.00452489 108 108 0 372 44 41 48 0 0.542079 663542 108-aaasb 
23300 104.474 221 0.472733 0.00452489 108 108 0 326 21 15 48 0 0.542079 663542 108-aaasb 
23400 104.476 221 0.472743 0.00452489 108 108 0 300 19 18 48 0 0.542079 663542 108-aaasb 
23500 104.474 221 0.472732 0.00452489 108 108 0 301 35 32 48 0 0.54547 663542 108-aaasb 
23600 104.476 221 0.47274 0.00452489 108 108 0 340 48 44 48 0 0.54547 663542 108-aaasb 
23700 104.474 222 0.470602 0.0045045 108 108 0 307 31 24 47 1 0.55212 600182 108-aaakm 
23800 104.482 221 0.472768 0.00452489 108 108 0 289 36 29 48 0 0.54547 663542 108-aaasb 
23900 101.428 214 0.47396 0.0046729 104 104 0 338 35 31 50 0 0.541625 731439 104-aacma 
24000 101.432 214 0.473983 0.0046729 104 104 0 394 34 30 50 0 0.541625 731439 104-aacma 
24100 101.435 214 0.473993 0.0046729 104 104 0 411 32 30 50 0 0.541625 731439 104-aacma 
24200 101.439 214 0.474015 0.0046729 104 104 0 504 47 37 50 0 0.541625 731439 104-aacma 
24300 101.441 214 0.474024 0.0046729 104 104 0 439 37 37 50 0 0.541625 731439 104-aacma 
24400 101.442 214 0.474028 0.0046729 104 104 0 451 51 48 50 0 0.557621 731439 104-aacma 
24500 101.44 214 0.474019 0.0046729 104 104 0 457 37 36 50 0 0.557621 731439 104-aacma 
24600 101.438 214 0.474008 0.0046729 104 104 0 468 50 45 50 0 0.557621 731439 104-aacma 
24700 101.436 214 0.474 0.0046729 104 104 0 478 55 51 50 0 0.557621 731439 104-aacma 
24800 101.437 214 0.474005 0.0046729 104 104 0 524 57 51 50 0 0.557621 731439 104-aacma 
24900 101.435 214 0.473995 0.0046729 104 104 0 575 47 42 50 0 0.557621 731439 104-aacma 
25000 101.436 214 0.473998 0.0046729 104 104 0 529 73 65 50 0 0.557621 731439 104-aacma 
25100 101.434 214 0.47399 0.0046729 104 104 0 473 53 48 50 0 0.571311 731439 104-aacma 
25200 101.429 214 0.47397 0.0046729 104 104 0 464 53 45 50 0 0.571311 731439 104-aacma 
25300 101.428 214 0.473965 0.0046729 104 104 0 458 32 26 50 0 0.571311 731439 104-aacma 
25400 101.428 214 0.473961 0.0046729 104 104 0 424 62 59 50 0 0.571311 731439 104-aacma 
25500 101.426 214 0.473954 0.0046729 104 104 0 522 55 49 50 0 0.571311 731439 104-aacma 
25600 101.425 214 0.473948 0.0046729 104 104 0 558 59 55 50 0 0.571311 731439 104-aacma 
25700 101.424 214 0.473943 0.0046729 104 104 0 571 68 63 50 0 0.571311 731439 104-aacma 
25800 101.422 214 0.473936 0.0046729 104 104 0 460 46 40 50 0 0.571311 731439 104-aacma 
25900 101.421 214 0.473932 0.0046729 104 104 0 368 32 30 50 0 0.571311 731439 104-aacma 
26000 101.421 214 0.473929 0.0046729 104 104 0 367 32 30 50 0 0.571311 731439 104-aacma 
26100 101.421 214 0.473932 0.0046729 104 104 0 357 38 37 50 0 0.571311 731439 104-aacma 
26200 101.422 214 0.473934 0.0046729 104 104 0 327 39 37 50 0 0.571311 731439 104-aacma 
26300 101.422 214 0.473933 0.0046729 104 104 0 370 37 32 50 0 0.571311 731439 104-aacma 
26400 101.421 214 0.473932 0.0046729 104 104 0 371 33 32 50 0 0.571311 731439 104-aacma 
26500 101.421 214 0.473931 0.0046729 104 104 0 330 34 31 50 0 0.571311 731439 104-aacma 
26600 101.423 214 0.473938 0.0046729 104 104 0 305 20 17 50 0 0.571311 731439 104-aacma 
26700 101.423 214 0.47394 0.0046729 104 104 0 412 42 37 50 0 0.571311 731439 104-aacma 
26800 101.423 214 0.473938 0.0046729 104 104 0 401 33 27 50 0 0.571311 731439 104-aacma 
26900 101.424 214 0.473942 0.0046729 104 104 0 339 25 24 50 0 0.571311 731439 104-aacma 
27000 101.425 214 0.47395 0.0046729 104 104 0 404 36 35 50 0 0.571311 731439 104-aacma 
27100 101.425 214 0.473946 0.0046729 104 104 0 375 34 32 50 0 0.571311 731439 104-aacma 
27200 101.425 214 0.473946 0.0046729 104 104 0 364 42 33 50 0 0.571311 731439 104-aacma 
27300 101.425 214 0.473947 0.0046729 104 104 0 417 40 36 50 0 0.571311 731439 104-aacma 
27400 101.427 214 0.473956 0.0046729 104 104 0 445 45 43 50 0 0.571311 731439 104-aacma 
27500 101.427 214 0.473957 0.0046729 104 104 0 448 46 43 50 0 0.571311 731439 104-aacma 
27600 101.428 214 0.473964 0.0046729 104 104 0 597 45 42 50 0 0.571311 731439 104-aacma 
27700 101.428 214 0.473964 0.0046729 104 104 0 635 63 57 50 0 0.571311 731439 104-aacma 
27800 101.427 214 0.47396 0.0046729 104 104 0 688 87 75 50 0 0.571311 731439 104-aacma 
27900 101.427 214 0.473958 0.0046729 104 104 0 534 54 49 50 1 0.571311 731439 104-aacma 
28000 101.426 214 0.473954 0.0046729 104 104 0 662 83 77 50 0 0.571311 731439 104-aacma 
28100 101.427 214 0.473956 0.0046729 104 104 0 707 79 70 50 0 0.571311 731439 104-aacma 
28200 101.426 214 0.473952 0.0046729 104 104 0 596 54 52 50 0 0.571311 731439 104-aacma 
28300 101.426 214 0.473955 0.0046729 104 104 0 475 40 37 50 0 0.571311 731439 104-aacma 
28400 101.426 214 0.473955 0.0046729 104 104 0 392 31 25 50 0 0.571311 731439 104-aacma 
28500 101.427 214 0.473957 0.0046729 104 104 0 455 36 31 50 0 0.571311 731439 104-aacma 
28600 101.427 214 0.473958 0.0046729 104 104 0 486 40 37 50 0 0.571311 731439 104-aacma 
28700 101.428 214 0.473962 0.0046729 104 104 0 572 67 60 50 0 0.571311 731439 104-aacma 
28800 105.482 221 0.477294 0.00452489 108 108 0 554 63 58 49 0 0.556135 731655 108-aabef 
28900 105.483 221 0.477297 0.00452489 108 108 0 607 63 59 49 0 0.556135 731655 108-aabef 
29000 105.481 221 0.477289 0.00452489 108 108 0 585 52 45 49 0 0.556135 731655 108-aabef 
29100 105.48 221 0.477284 0.00452489 108 108 0 698 74 70 49 0 0.556135 731655 108-aabef 
29200 105.48 221 0.477284 0.00452489 108 108 0 809 78 70 49 0 0.556135 731655 108-aabef 
29300 105.482 221 0.477295 0.00452489 108 108 0 783 97 87 49 0 0.556135 731655 108-aabef 
29400 105.483 221 0.477301 0.00452489 108 108 0 789 82 75 49 0 0.556135 731655 108-aabef 
29500 105.483 221 0.477299 0.00452489 108 108 0 850 85 74 49 0 0.556135 731655 108-aabef 
29600 105.484 221 0.477302 0.00452489 108 108 0 922 86 78 49 0 0.556135 731655 108-aabef 
29700 105.486 221 0.477312 0.00452489 108 108 0 956 87 79 49 0 0.556135 731655 108-aabef 
29800 105.487 221 0.477317 0.00452489 108 108 0 959 113 101 49 0 0.556135 731655 108-aabef 
29900 105.487 221 0.477318 0.00452489 108 108 0 1095 96 88 49 0 0.556135 731655 108-aabef 
30000 105.486 221 0.477314 0.00452489 108 108 0 1018 86 72 49 0 0.556135 731655 108-aabef 
30100 105.488 221 0.47732 0.00452489 108 108 0 1120 104 90 49 0 0.565462 731655 108-aabef 
30200 105.488 221 0.477319 0.00452489 108 108 0 1087 121 105 49 0 0.565462 731655 108-aabef 
30300 105.489 221 0.477327 0.00452489 108 108 0 1224 128 116 49 0 0.565462 731655 108-aabef 
30400 105.49 221 0.477331 0.00452489 108 108 0 1275 121 107 49 0 0.565462 731655 108-aabef 
30500 105.491 221 0.477336 0.00452489 108 108 0 1214 113 102 49 0 0.565462 731655 108-aabef 
30600 105.496 221 0.477356 0.00452489 108 108 0 1045 106 91 49 0 0.570184 731655 108-aabef 
30700 105.498 221 0.477366 0.00452489 108 108 0 1088 98 90 49 0 0.570184 731655 108-aabef 
30800 105.5 221 0.477376 0.00452489 108 108 0 1070 108 94 49 0 0.570184 731655 108-aabef 
30900 105.502 221 0.477384 0.00452489 108 108 0 1005 81 67 49 0 0.570184 731655 108-aabef 
31000 105.504 221 0.477393 0.00452489 108 108 0 920 107 96 49 0 0.570184 731655 108-aabef 
31100 105.505 221 0.477398 0.00452489 108 108 0 869 70 58 49 0 0.570184 731655 108-aabef 
31200 105.506 221 0.477402 0.00452489 108 108 0 1039 67 62 49 0 0.570184 731655 108-aabef 
31300 105.507 221 0.477407 0.00452489 108 108 0 1090 132 121 49 0 0.570184 731655 108-aabef 
31400 105.507 221 0.477407 0.00452489 108 108 0 1096 100 89 49 0 0.570184 731655 108-aabef 
31500 105.507 221 0.477407 0.00452489 108 108 0 1011 98 86 49 0 0.570184 731655 108-aabef 
31600 105.507 221 0.477409 0.00452489 108 108 0 956 80 72 49 0 0.570184 731655 108-aabef 
31700 105.508 221 0.477412 0.00452489 108 108 0 919 100 89 49 0 0.570184 731655 108-aabef 
31800 105.508 221 0.477412 0.00452489 108 108 0 800 93 90 49 0 0.570184 731655 108-aabef 
31900 105.509 221 0.477417 0.00452489 108 108 0 735 70 63 49 0 0.570184 731655 108-aabef 
32000 105.509 221 0.477416 0.00452489 108 108 0 797 66 56 49 1 0.570184 731655 108-aabef 
32100 105.509 221 0.477418 0.00452489 108 108 0 713 62 57 49 0 0.570184 731655 108-aabef 
32200 105.51 221 0.47742 0.00452489 108 108 0 733 81 75 49 0 0.570184 731655 108-aabef 
32300 105.51 221 0.477422 0.00452489 108 108 0 608 56 45 49 0 0.570184 731655 108-aabef 
32400 105.51 221 0.477423 0.00452489 108 108 0 683 71 67 49 0 0.570184 731655 108-aabef 
32500 105.511 221 0.477424 0.00452489 108 108 0 664 80 71 49 0 0.570184 731655 108-aabef 
32600 105.511 221 0.477425 0.00452489 108 108 0 666 43 35 49 0 0.570184 731655 108-aabef 
32700 105.512 221 0.477429 0.00452489 108 108 0 580 56 47 49 0 0.570184 731655 108-aabef 
32800 105.512 221 0.477429 0.00452489 108 108 0 479 33 31 49 0 0.570184 731655 108-aabef 
32900 105.513 221 0.477434 0.00452489 108 108 0 563 53 42 49 0 0.570184 731655 108-aabef 
33000 105.514 221 0.477437 0.00452489 108 108 0 490 48 41 49 0 0.570184 731655 108-aabef 
33100 105.515 221 0.477443 0.00452489 108 108 0 394 30 28 49 0 0.570184 731655 108-aabef 
33200 105.515 221 0.477445 0.00452489 108 108 0 431 43 40 49 0 0.570184 731655 108-aabef 
33300 105.515 221 0.477446 0.00452489 108 108 0 478 47 44 49 0 0.570184 731655 108-aabef 
33400 105.516 221 0.477446 0.00452489 108 108 0 426 53 43 49 0 0.570184 731655 108-aabef 
33500 105.515 221 0.477445 0.00452489 108 108 0 315 29 28 49 0 0.570184 731655 108-aabef 
33600 105.548 219 0.481954 0.00456621 109 109 0 282 30 30 52 0 0.548906 998495 109-aabdy 
33700 105.552 219 0.48197 0.00456621 109 109 0 244 23 17 52 0 0.548906 998495 109-aabdy 
33800 104.513 220 0.475057 0.00454545 108 108 0 221 19 18 51 0 0.550233 1006439 108-aadtv 
33900 105.515 221 0.477444 0.00452489 108 108 0 208 31 27 49 0 0.570184 731655 108-aabef 
34000 105.515 221 0.477444 0.00452489 108 108 0 218 22 19 49 0 0.570184 731655 108-aabef 
34100 104.51 220 0.475047 0.00454545 108 108 0 192 7 6 51 0 0.550233 1006439 108-aadtv 
34200 105.52 220 0.479636 0.00454545 109 109 0 170 20 15 53 0 0.523068 1054115 109-aabmf 
34300 104.508 220 0.475038 0.00454545 108 108 0 211 25 19 51 0 0.550233 1006439 108-aadtv 
34400 105.516 221 0.477446 0.00452489 108 108 0 257 28 25 49 0 0.570184 731655 108-aabef 
34500 105.516 221 0.477446 0.00452489 108 108 0 268 29 23 49 0 0.570184 731655 108-aabef 
34600 105.516 221 0.477448 0.00452489 108 108 0 220 17 16 49 0 0.570184 731655 108-aabef 
34700 105.534 218 0.484099 0.00458716 108 108 0 295 25 23 55 0 0.541953 1063354 108-aaemw 
34800 105.533 218 0.484096 0.00458716 108 108 0 361 28 21 55 0 0.541953 1063354 108-aaemw 
34900 105.515 218 0.484015 0.00458716 108 108 0 405 40 36 55 0 0.548375 1063354 108-aaemw 
35000 105.509 218 0.483987 0.00458716 108 108 0 524 58 51 55 0 0.565354 1063354 108-aaemw 
35100 105.504 218 0.483965 0.00458716 108 108 0 484 39 33 55 1 0.565354 1063354 108-aaemw 
35200 105.508 218 0.48398 0.00458716 108 108 0 507 58 57 55 0 0.565354 1063354 108-aaemw 
35300 105.508 218 0.48398 0.00458716 108 108 0 561 58 54 55 0 0.565354 1063354 108-aaemw 
35400 105.507 218 0.483975 0.00458716 108 108 0 549 61 55 55 1 0.565354 1063354 108-aaemw 
35500 105.503 218 0.483959 0.00458716 108 108 0 593 71 63 55 0 0.565354 1063354 108-aaemw 
35600 105.5 218 0.483943 0.00458716 108 108 0 630 70 62 55 0 0.565354 1063354 108-aaemw 
35700 105.494 218 0.483915 0.00458716 108 108 0 588 57 50 55 0 0.565354 1063354 108-aaemw 
35800 105.492 218 0.483909 0.00458716 108 108 0 554 52 49 55 0 0.565354 1063354 108-aaemw 
35900 105.49 218 0.4839 0.00458716 108 108 0 652 58 51 55 0 0.565354 1063354 108-aaemw 
36000 105.491 218 0.483903 0.00458716 108 108 0 567 55 51 55 0 0.565354 1063354 108-aaemw 
36100 105.489 218 0.483895 0.00458716 108 108 0 539 58 51 55 0 0.565354 1063354 108-aaemw 
36200 105.487 218 0.483883 0.00458716 108 108 0 703 93 82 55 0 0.565354 1063354 108-aaemw 
36300 105.482 218 0.483861 0.00458716 108 108 0 757 70 62 55 0 0.565354 1063354 108-aaemw 
36400 105.48 218 0.483855 0.00458716 108 108 0 628 67 57 55 0 0.565354 1063354 108-aaemw 
36500 105.479 218 0.483847 0.00458716 108 108 0 666 67 62 55 0 0.565354 1063354 108-aaemw 
36600 105.477 218 0.483838 0.00458716 108 108 0 589 68 62 55 0 0.565354 1063354 108-aaemw 
36700 105.474 218 0.483826 0.00458716 108 108 0 573 41 38 55 0 0.565354 1063354 108-aaemw 
36800 105.473 218 0.483821 0.00458716 108 108 0 521 49 47 55 0 0.565354 1063354 108-aaemw 
36900 105.473 218 0.483822 0.00458716 108 108 0 465 38 34 55 0 0.565354 1063354 108-aaemw 
37000 105.474 218 0.483824 0.00458716 108 108 0 557 43 36 55 0 0.565354 1063354 108-aaemw 
37100 105.473 218 0.483819 0.00458716 108 108 0 578 67 62 55 0 0.565354 1063354 108-aaemw 
37200 105.475 218 0.48383 0.00458716 108 108 0 511 45 40 55 0 0.565354 1063354 108-aaemw 
37300 105.475 218 0.483832 0.00458716 108 108 0 568 60 53 55 0 0.565354 1063354 108-aaemw 
37400 105.473 217 0.486051 0.00460829 108 108 0 430 39 36 56 0 0.558204 1113834 108-aafcc 
37500 105.479 217 0.486079 0.00460829 108 108 0 441 40 36 56 0 0.558204 1113834 108-aafcc 
37600 105.484 217 0.486101 0.00460829 108 108 0 518 51 43 56 0 0.558204 1113834 108-aafcc 
37700 105.488 217 0.486119 0.00460829 108 108 0 473 51 46 56 0 0.558204 1113834 108-aafcc 
37800 105.494 217 0.486146 0.00460829 108 108 0 491 45 39 56 0 0.558204 1113834 108-aafcc 
37900 105.49 218 0.4839 0.00458716 108 108 0 511 51 48 55 0 0.565354 1063354 108-aaemw 
38000 105.505 217 0.4862 0.00460829 108 108 0 600 72 59 56 0 0.558204 1113834 108-aafcc 
38100 105.512 217 0.486231 0.00460829 108 108 0 491 43 41 56 0 0.558204 1113834 108-aafcc 
38200 105.498 218 0.483934 0.00458716 108 108 0 487 56 51 55 0 0.565354 1063354 108-aaemw 
38300 105.518 217 0.48626 0.00460829 108 108 0 485 39 34 56 0 0.558204 1113834 108-aafcc 
38400 105.523 217 0.486283 0.00460829 108 108 0 506 55 49 56 0 0.558204 1113834 108-aafcc 
38500 105.525 217 0.48629 0.00460829 108 108 0 473 59 56 56 0 0.558204 1113834 108-aafcc 
38600 105.527 217 0.486298 0.00460829 108 108 0 517 44 40 56 0 0.558204 1113834 108-aafcc 
38700 105.526 217 0.486293 0.00460829 108 108 0 447 47 43 56 0 0.558204 1113834 108-aafcc 
38800 105.525 217 0.486291 0.00460829 108 108 0 451 41 35 56 0 0.558204 1113834 108-aafcc 
38900 105.501 218 0.483948 0.00458716 108 108 0 479 35 34 55 0 0.565354 1063354 108-aaemw 
39000 105.522 217 0.486278 0.00460829 108 108 0 454 37 34 56 0 0.558204 1113834 108-aafcc 
39100 105.519 217 0.486265 0.00460829 108 108 0 514 53 50 56 0 0.558204 1113834 108-aafcc 
39200 105.518 217 0.486259 0.00460829 108 108 0 649 64 58 56 0 0.558204 1113834 108-aafcc 
39300 105.513 217 0.486236 0.00460829 108 108 0 633 45 40 56 0 0.558204 1113834 108-aafcc 
39400 105.509 217 0.486216 0.00460829 108 108 0 589 62 56 56 0 0.558204 1113834 108-aafcc 
39500 105.508 217 0.48621 0.00460829 108 108 0 607 69 53 56 0 0.558204 1113834 108-aafcc 
39600 105.507 217 0.486206 0.00460829 108 108 0 618 55 49 56 0 0.558204 1113834 108-aafcc 
39700 105.497 218 0.48393 0.00458716 108 108 0 576 54 49 55 0 0.565354 1063354 108-aaemw 
39800 105.498 218 0.483934 0.00458716 108 108 0 534 49 47 55 0 0.565354 1063354 108-aaemw 
39900 105.497 218 0.483932 0.00458716 108 108 0 502 50 49 55 0 0.565354 1063354 108-aaemw 
40000 105.498 218 0.483934 0.00458716 108 108 0 426 50 44 55 0 0.565354 1063354 108-aaemw 
40100 105.472 217 0.486047 0.00460829 108 108 0 362 40 36 57 0 0.548997 1199786 108-aagco 
40200 105.506 217 0.486203 0.00460829 108 108 0 398 41 39 56 0 0.564037 1113834 108-aafcc 
40300 105.506 217 0.486201 0.00460829 108 108 0 407 36 32 56 0 0.564037 1113834 108-aafcc 
40400 105.488 217 0.48612 0.00460829 108 108 0 408 45 42 57 0 0.548997 1199786 108-aagco 
40500 105.492 217 0.48614 0.00460829 108 108 0 399 35 32 57 0 0.548997 1199786 108-aagco 
40600 105.503 217 0.486191 0.00460829 108 108 0 420 33 31 56 0 0.564037 1113834 108-aafcc 
40700 105.49 217 0.486127 0.00460829 108 108 0 393 38 34 57 0 0.548997 1199786 108-aagco 
40800 105.488 217 0.486122 0.00460829 108 108 0 446 36 36 57 0 0.548997 1199786 108-aagco 
40900 105.489 217 0.486124 0.00460829 108 108 0 504 59 54 57 0 0.548997 1199786 108-aagco 
41000 105.488 217 0.486122 0.00460829 108 108 0 474 39 34 57 0 0.550139 1199786 108-aagco 
41100 105.489 217 0.486123 0.00460829 108 108 0 559 50 45 57 0 0.550139 1199786 108-aagco 
41200 105.491 217 0.486132 0.00460829 108 108 0 458 49 42 57 0 0.550139 1199786 108-aagco 
41300 105.489 217 0.486124 0.00460829 108 108 0 461 61 51 57 0 0.550139 1199786 108-aagco 
41400 105.5 217 0.486175 0.00460829 108 108 0 406 36 33 56 0 0.565602 1113834 108-aafcc 
41500 108.546 223 0.486751 0.0044843 111 111 0 372 34 31 54 0 0.56235 1173590 111-aaabu 
41600 105.499 217 0.486171 0.00460829 108 108 0 355 27 25 56 0 0.567959 1113834 108-aafcc 
41700 105.499 217 0.486171 0.00460829 108 108 0 469 44 37 56 0 0.567959 1113834 108-aafcc 
41800 105.499 217 0.486173 0.00460829 108 108 0 478 44 39 56 0 0.567959 1113834 108-aafcc 
41900 105.5 217 0.486173 0.00460829 108 108 0 467 58 52 56 0 0.567959 1113834 108-aafcc 
42000 105.499 217 0.48617 0.00460829 108 108 0 369 33 29 56 0 0.567959 1113834 108-aafcc 
42100 105.499 217 0.486171 0.00460829 108 108 0 358 42 34 56 0 0.567959 1113834 108-aafcc 
42200 108.546 223 0.486752 0.0044843 111 111 0 289 27 24 54 0 0.56235 1173590 111-aaabu 
42300 108.545 223 0.486747 0.0044843 111 111 0 289 30 26 54 0 0.56235 1173590 111-aaabu 
42400 108.544 223 0.486745 0.0044843 111 111 0 354 39 34 54 0 0.56235 1173590 111-aaabu 
42500 108.543 223 0.48674 0.0044843 111 111 0 331 26 24 54 0 0.56235 1173590 111-aaabu 
42600 108.544 223 0.486745 0.0044843 111 111 0 343 40 36 54 0 0.56235 1173590 111-aaabu 
42700 108.542 223 0.486736 0.0044843 111 111 0 437 38 36 54 0 0.56235 1173590 111-aaabu 
42800 108.541 223 0.486732 0.0044843 111 111 0 460 52 50 54 0 0.56235 1173590 111-aaabu 
42900 108.541 223 0.486731 0.0044843 111 111 0 588 39 36 54 0 0.56235 1173590 111-aaabu 
43000 108.541 223 0.486732 0.0044843 111 111 0 683 67 62 54 0 0.56235 1173590 111-aaabu 
43100 108.54 223 0.486725 0.0044843 111 111 0 648 65 59 54 0 0.56235 1173590 111-aaabu 
43200 108.539 223 0.48672 0.0044843 111 111 0 657 63 58 54 0 0.56235 1173590 111-aaabu 
43300 108.538 223 0.486717 0.0044843 111 111 0 599 73 67 54 0 0.589483 1173590 111-aaabu 
43400 108.538 223 0.486719 0.0044843 111 111 0 445 45 39 54 0 0.589483 1173590 111-aaabu 
43500 108.539 223 0.486724 0.0044843 111 111 0 482 50 44 54 0 0.589483 1173590 111-aaabu 
43600 108.54 223 0.486727 0.0044843 111 111 0 395 26 21 54 0 0.589483 1173590 111-aaabu 
43700 108.542 223 0.486735 0.0044843 111 111 0 395 41 39 54 0 0.589483 1173590 111-aaabu 
43800 108.543 223 0.48674 0.0044843 111 111 0 321 28 26 54 0 0.589483 1173590 111-aaabu 
43900 108.536 221 0.491112 0.00452489 111 111 0 346 32 27 56 0 0.554994 1262306 111-aaaej 
44000 108.539 221 0.491126 0.00452489 111 111 0 356 37 32 56 0 0.554994 1262306 111-aaaej 
44100 106.515 218 0.488602 0.00458716 109 109 0 363 37 34 58 0 0.568028 1291340 109-aactf 
44200 108.539 221 0.491127 0.00452489 111 111 0 382 36 29 56 0 0.554994 1262306 111-aaaej 
44300 108.539 221 0.491127 0.00452489 111 111 0 384 45 39 56 0 0.554994 1262306 111-aaaej 
44400 108.537 221 0.49112 0.00452489 111 111 0 325 29 27 56 0 0.554994 1262306 111-aaaej 
44500 108.535 221 0.491107 0.00452489 111 111 0 347 34 31 56 1 0.554994 1262306 111-aaaej 
44600 108.536 221 0.491115 0.00452489 111 111 0 337 53 43 56 0 0.554994 1262306 111-aaaej 
44700 108.539 221 0.491126 0.00452489 111 111 0 396 54 50 56 0 0.554994 1262306 111-aaaej 
44800 108.541 221 0.491136 0.00452489 111 111 0 404 49 47 56 0 0.554994 1262306 111-aaaej 
44900 108.547 221 0.491163 0.00452489 111 111 0 500 59 54 56 0 0.554994 1262306 111-aaaej 
45000 108.549 221 0.491172 0.00452489 111 111 0 638 67 61 56 0 0.554994 1262306 111-aaaej 
45100 108.546 221 0.49116 0.00452489 111 111 0 605 59 55 56 1 0.559241 1262306 111-aaaej 
45200 108.546 221 0.491157 0.00452489 111 111 0 623 56 51 56 0 0.559241 1262306 111-aaaej 
45300 108.551 221 0.491182 0.00452489 111 111 0 558 52 48 57 0 0.570199 1334492 111-aaalp 
45400 108.55 221 0.491175 0.00452489 111 111 0 611 67 60 57 0 0.570199 1334492 111-aaalp 
45500 108.545 221 0.491153 0.00452489 111 111 0 553 68 63 57 0 0.570199 1334492 111-aaalp 
45600 108.541 221 0.491134 0.00452489 111 111 0 530 51 49 56 0 0.572574 1262306 111-aaaej 
45700 108.54 221 0.491132 0.00452489 111 111 0 582 63 55 56 0 0.58258 1262306 111-aaaej 
45800 108.535 221 0.491108 0.00452489 111 111 0 644 71 65 57 0 0.570199 1334492 111-aaalp 
45900 108.531 221 0.49109 0.00452489 111 111 0 640 56 50 57 0 0.570199 1334492 111-aaalp 
46000 108.537 221 0.491118 0.00452489 111 111 0 630 75 67 56 0 0.58258 1262306 111-aaaej 
46100 108.535 221 0.49111 0.00452489 111 111 0 603 85 75 56 0 0.58258 1262306 111-aaaej 
46200 108.527 221 0.491072 0.00452489 111 111 0 725 61 57 57 0 0.571385 1334492 111-aaalp 
46300 108.525 221 0.491063 0.00452489 111 111 0 851 93 88 57 0 0.571385 1334492 111-aaalp 
46400 108.524 221 0.491058 0.00452489 111 111 0 776 76 69 57 0 0.571385 1334492 111-aaalp 
46500 108.524 221 0.491061 0.00452489 111 111 0 747 79 71 57 0 0.571385 1334492 111-aaalp 
46600 108.526 221 0.491068 0.00452489 111 111 0 671 56 51 57 0 0.571385 1334492 111-aaalp 
46700 108.525 221 0.491064 0.00452489 111 111 0 635 44 40 57 0 0.571385 1334492 111-aaalp 
46800 108.526 221 0.491069 0.00452489 111 111 0 819 82 71 57 0 0.571385 1334492 111-aaalp 
46900 108.528 221 0.491076 0.00452489 111 111 0 802 72 67 57 0 0.571385 1334492 111-aaalp 
47000 108.529 221 0.491083 0.00452489 111 111 0 881 87 78 57 0 0.571385 1334492 111-aaalp 
47100 108.53 221 0.491087 0.00452489 111 111 0 1010 83 73 57 0 0.571385 1334492 111-aaalp 
47200 108.529 221 0.49108 0.00452489 111 111 0 1090 115 101 57 0 0.571385 1334492 111-aaalp 
47300 108.531 221 0.491089 0.00452489 111 111 0 1032 99 91 57 0 0.580968 1334492 111-aaalp 
47400 108.531 221 0.491092 0.00452489 111 111 0 983 72 64 57 0 0.580968 1334492 111-aaalp 
47500 108.533 221 0.491097 0.00452489 111 111 0 1088 116 102 57 0 0.580968 1334492 111-aaalp 
47600 108.533 221 0.491101 0.00452489 111 111 0 1124 106 92 57 0 0.580968 1334492 111-aaalp 
47700 108.536 221 0.491113 0.00452489 111 111 0 1091 96 86 57 0 0.580968 1334492 111-aaalp 
47800 108.538 221 0.491124 0.00452489 111 111 0 1056 102 93 57 0 0.580968 1334492 111-aaalp 
47900 108.541 221 0.491135 0.00452489 111 111 0 1047 112 101 57 0 0.580968 1334492 111-aaalp 
48000 108.544 221 0.491151 0.00452489 111 111 0 996 95 82 57 0 0.580968 1334492 111-aaalp 
48100 108.546 221 0.491157 0.00452489 111 111 0 991 75 71 57 0 0.580968 1334492 111-aaalp 
48200 108.545 221 0.491155 0.00452489 111 111 0 1075 110 96 57 0 0.580968 1334492 111-aaalp 
48300 108.545 221 0.491153 0.00452489 111 111 0 1050 99 84 57 0 0.580968 1334492 111-aaalp 
48400 108.544 221 0.491149 0.00452489 111 111 0 966 102 93 57 0 0.580968 1334492 111-aaalp 
48500 108.543 221 0.491143 0.00452489 111 111 0 896 115 104 57 0 0.580968 1334492 111-aaalp 
48600 108.543 221 0.491144 0.00452489 111 111 0 816 82 74 57 0 0.580968 1334492 111-aaalp 
48700 108.544 221 0.491149 0.00452489 111 111 0 653 69 64 57 0 0.590711 1334492 111-aaalp 
48800 108.545 221 0.491153 0.00452489 111 111 0 645 74 68 57 0 0.590711 1334492 111-aaalp 
48900 108.545 221 0.491154 0.00452489 111 111 0 626 76 62 57 0 0.590711 1334492 111-aaalp 
49000 108.545 221 0.491155 0.00452489 111 111 0 624 52 49 57 0 0.590711 1334492 111-aaalp 
49100 108.546 221 0.491157 0.00452489 111 111 0 686 56 49 57 0 0.590711 1334492 111-aaalp 
49200 108.546 221 0.491158 0.00452489 111 111 0 699 66 58 57 0 0.590711 1334492 111-aaalp 
49300 108.545 221 0.491155 0.00452489 111 111 0 801 103 97 57 0 0.590711 1334492 111-aaalp 
49400 108.545 221 0.491154 0.00452489 111 111 0 794 98 89 57 0 0.590711 1334492 111-aaalp 
49500 108.545 221 0.491153 0.00452489 111 111 0 736 75 69 57 0 0.590711 1334492 111-aaalp 
49600 108.545 221 0.491152 0.00452489 111 111 0 714 59 54 57 0 0.590711 1334492 111-aaalp 
49700 108.545 221 0.491154 0.00452489 111 111 0 731 79 69 57 0 0.590711 1334492 111-aaalp 
49800 108.544 221 0.491151 0.00452489 111 111 0 694 73 67 57 0 0.590711 1334492 111-aaalp 
49900 108.544 221 0.49115 0.00452489 111 111 0 696 75 72 57 0 0.590711 1334492 111-aaalp 
50000 108.545 221 0.491152 0.00452489 111 111 0 644 70 66 57 0 0.590711 1334492 111-aaalp 
