# Avida resource data
# Mon Jun  4 16:56:46 2018
# First column gives the current update, all further columns give the quantity
# of the particular resource at that update.
#  1: Update
#  2: resNOT

0 9.94893 
100 634.434 
200 863.016 
300 946.685 
400 977.31 
500 988.52 
600 992.623 
700 994.125 
800 994.675 
900 994.876 
1000 993.281 
1100 954.266 
1200 436.111 
1300 0.0749972 
1400 0.169986 
1500 0.136991 
1600 0.13999 
1700 0.0949955 
1800 0.119993 
1900 0.195981 
2000 0.0469989 
2100 0.045999 
2200 0.669775 
2300 0.00599998 
2400 0.0909959 
2500 0.0159999 
2600 0.077997 
2700 0.0419991 
2800 0.115993 
2900 0.0179998 
3000 0.0209998 
3100 0.0249997 
3200 0.0319995 
3300 0.0479989 
3400 0.00499999 
3500 0.0219998 
3600 0.003 
3700 0.0409992 
3800 0.0979952 
3900 0.0149999 
4000 0.0589983 
4100 0.00999995 
4200 0.0269996 
4300 0.00799997 
4400 0.001 
4500 0.0209998 
4600 0.0189998 
4700 0.0349994 
4800 0.0529986 
4900 0.00499999 
5000 0.00499999 
5100 0.0279996 
5200 0.00599998 
5300 0.0149999 
5400 0.0319995 
5500 0.00699998 
5600 0.043999 
5700 0.113994 
5800 0.0599982 
5900 0.0339994 
6000 0.0239997 
6100 0.0419991 
6200 0.0429991 
6300 0.0589983 
6400 0.0299996 
6500 0.0699976 
6600 0.0239997 
6700 0.0189998 
6800 0.0179998 
6900 0.003 
7000 0.0539986 
7100 0.00899996 
7200 0.120993 
7300 0.001 
7400 0.0119999 
7500 0.00399999 
7600 0.0659978 
7700 0.0269996 
7800 0.00799997 
7900 0.0189998 
8000 0.0279996 
8100 0.003 
8200 0.00799997 
8300 0.00599998 
8400 0.099995 
8500 0.0569984 
8600 0.003 
8700 0.0409992 
8800 0.0419991 
8900 0.00599998 
9000 0.063998 
9100 0 
9200 0.0159999 
9300 0.0159999 
9400 0.0609982 
9500 0.003 
9600 0.001 
9700 0.00599998 
9800 0.00899996 
9900 0.00799997 
10000 0.0119999 
10100 0.00899996 
10200 0.002 
10300 0.0179998 
10400 0.045999 
10500 0.003 
10600 0.0349994 
10700 0.00899996 
10800 0.0519987 
10900 0.00799997 
11000 0.0219998 
11100 0.0399992 
11200 0.00499999 
11300 0.001 
11400 0 
11500 0.003 
11600 0.0369993 
11700 0.0299996 
11800 0 
11900 0.00899996 
12000 0.0469989 
12100 0.0279996 
12200 0.003 
12300 0.0299996 
12400 0.00399999 
12500 0.0659978 
12600 0.0349994 
12700 0.00799997 
12800 0.00899996 
12900 0.0169999 
13000 0.00399999 
13100 0.0169999 
13200 0.0239997 
13300 0.00899996 
13400 0.0109999 
13500 0.003 
13600 0.0559985 
13700 0.0209998 
13800 0.0179998 
13900 0.002 
14000 0.00399999 
14100 0.0159999 
14200 0.0119999 
14300 0.0119999 
14400 0.0179998 
14500 0.0569984 
14600 0.0649979 
14700 0.00599998 
14800 0.0679977 
14900 0.00599998 
15000 0.0179998 
15100 0.00499999 
15200 0.003 
15300 0.002 
15400 0.00499999 
15500 0.003 
15600 0 
15700 0.002 
15800 0.0349994 
15900 0.00599998 
16000 0.002 
16100 0.0349994 
16200 0.0139999 
16300 0.00499999 
16400 0.0279996 
16500 0.002 
16600 0.0299996 
16700 0.0579983 
16800 0.0399992 
16900 0.0909959 
17000 0.0199998 
17100 0.001 
17200 0.0199998 
17300 0.00899996 
17400 0 
17500 0.0239997 
17600 0.0309995 
17700 0.0249997 
17800 0.0139999 
17900 0.0179998 
18000 0.002 
18100 0.00399999 
18200 0.00899996 
18300 0.0499988 
18400 0.0139999 
18500 0.00499999 
18600 0.0519987 
18700 0.0199998 
18800 0.0179998 
18900 0.00799997 
19000 0.0199998 
19100 0.00499999 
19200 0.043999 
19300 0.001 
19400 0.0309995 
19500 0.001 
19600 0.00899996 
19700 0.0329995 
19800 0.0499988 
19900 0.0159999 
20000 0.0109999 
20100 0.00499999 
20200 0.043999 
20300 0.0249997 
20400 0.0199998 
20500 0.00599998 
20600 0.0129999 
20700 0.00499999 
20800 0.00499999 
20900 0.00799997 
21000 0.00899996 
21100 0.001 
21200 0.0209998 
21300 0.001 
21400 0.002 
21500 0.00699998 
21600 0.00499999 
21700 0.00799997 
21800 0.0169999 
21900 0.002 
22000 0.0189998 
22100 0.00799997 
22200 0.0199998 
22300 0.0509987 
22400 0.0209998 
22500 0.00799997 
22600 0.0139999 
22700 0.0229997 
22800 0.0259997 
22900 0.0229997 
23000 0.044999 
23100 0.0119999 
23200 0.0289996 
23300 0.0199998 
23400 0.0209998 
23500 0.0569984 
23600 0.0169999 
23700 0.0179998 
23800 0.112994 
23900 0.002 
24000 0.0289996 
24100 0.003 
24200 0.002 
24300 0.00999995 
24400 0.00799997 
24500 0.0659978 
24600 0.0329995 
24700 0.0259997 
24800 0.0169999 
24900 0.0869962 
25000 0.0149999 
25100 0.00499999 
25200 0.00699998 
25300 0.0179998 
25400 0.00399999 
25500 0.0109999 
25600 0.00999995 
25700 0.0539986 
25800 0.0129999 
25900 0.0219998 
26000 0.0139999 
26100 0.0259997 
26200 0.00399999 
26300 0.00499999 
26400 0.001 
26500 0.0339994 
26600 0.0259997 
26700 0.00899996 
26800 0.00499999 
26900 0.0149999 
27000 0.00499999 
27100 0.0269996 
27200 0.003 
27300 0.0179998 
27400 0.0259997 
27500 0.00399999 
27600 0.00599998 
27700 0.0129999 
27800 0.0119999 
27900 0.00699998 
28000 0.00699998 
28100 0.003 
28200 0.0429991 
28300 0.002 
28400 0.0219998 
28500 0.003 
28600 0.0619981 
28700 0.044999 
28800 0.003 
28900 0.0349994 
29000 0.0289996 
29100 0.00699998 
29200 0.0269996 
29300 0.0529986 
29400 0.0289996 
29500 0.0139999 
29600 0.0209998 
29700 0.0729974 
29800 0.001 
29900 0 
30000 0.00499999 
30100 0.003 
30200 0.0139999 
30300 0.0519987 
30400 0.0509987 
30500 0.0119999 
30600 0.0679977 
30700 0.077997 
30800 0.0129999 
30900 0.0129999 
31000 0.001 
31100 0.0759971 
31200 0.00999995 
31300 0.0269996 
31400 0.0369993 
31500 0.0369993 
31600 0.0649979 
31700 0.0299996 
31800 0.0429991 
31900 0.0429991 
32000 0.00699998 
32100 0.0169999 
32200 0.0199998 
32300 0.00999995 
32400 0.0149999 
32500 0.0119999 
32600 0.00499999 
32700 0.00499999 
32800 0.00399999 
32900 0.0249997 
33000 0.0539986 
33100 0.002 
33200 0.001 
33300 0.00399999 
33400 0.0269996 
33500 0.00799997 
33600 0.0139999 
33700 0.00499999 
33800 0.00999995 
33900 0.0299996 
34000 0.0329995 
34100 0.0119999 
34200 0.0329995 
34300 0.0559985 
34400 0.0329995 
34500 0.0129999 
34600 0.00999995 
34700 0.00399999 
34800 0.0319995 
34900 0.00599998 
35000 0.002 
35100 0.00599998 
35200 0.00899996 
35300 0.0149999 
35400 0.0419991 
35500 0.0219998 
35600 0.00999995 
35700 0.0149999 
35800 0.003 
35900 0.0349994 
36000 0.0109999 
36100 0.0369993 
36200 0.00899996 
36300 0.0659978 
36400 0.0129999 
36500 0.0149999 
36600 0.0179998 
36700 0.003 
36800 0.0419991 
36900 0.00599998 
37000 0.0529986 
37100 0.0389993 
37200 0.00899996 
37300 0.00599998 
37400 0.00499999 
37500 0.0129999 
37600 0.001 
37700 0.001 
37800 0.0239997 
37900 0.0429991 
38000 0.0189998 
38100 0.00599998 
38200 0.0129999 
38300 0.0169999 
38400 0.0409992 
38500 0.003 
38600 0.0419991 
38700 0.0129999 
38800 0.003 
38900 0.0239997 
39000 0.002 
39100 0.0129999 
39200 0.0349994 
39300 0.00499999 
39400 0.0209998 
39500 0.0119999 
39600 0.002 
39700 0.0119999 
39800 0.0379993 
39900 0.0369993 
40000 0.0229997 
40100 0.0589983 
40200 0.0269996 
40300 0.003 
40400 0.0149999 
40500 0.0119999 
40600 0.0269996 
40700 0.00599998 
40800 0.001 
40900 0.0289996 
41000 0.002 
41100 0.00499999 
41200 0.00399999 
41300 0.0149999 
41400 0.043999 
41500 0.00999995 
41600 0.0259997 
41700 0.00399999 
41800 0.0369993 
41900 0.00999995 
42000 0.0619981 
42100 0.00499999 
42200 0.00499999 
42300 0.00399999 
42400 0.0109999 
42500 0.0269996 
42600 0.0319995 
42700 0.0169999 
42800 0.00799997 
42900 0.00599998 
43000 0.0139999 
43100 0.003 
43200 0.0409992 
43300 0.00999995 
43400 0.002 
43500 0.00799997 
43600 0.0319995 
43700 0.001 
43800 0.00599998 
43900 0.0679977 
44000 0.0419991 
44100 0.002 
44200 0.0419991 
44300 0.00399999 
44400 0.00699998 
44500 0.00399999 
44600 0.00799997 
44700 0.0239997 
44800 0.0159999 
44900 0.0139999 
45000 0.00699998 
45100 0.0129999 
45200 0.0149999 
45300 0.00399999 
45400 0.00399999 
45500 0.0229997 
45600 0.002 
45700 0.077997 
45800 0.00399999 
45900 0.0269996 
46000 0.0559985 
46100 0.0249997 
46200 0.0209998 
46300 0.00699998 
46400 0.0239997 
46500 0.00799997 
46600 0.00799997 
46700 0.00499999 
46800 0.002 
46900 0.0209998 
47000 0.00599998 
47100 0.0589983 
47200 0.00699998 
47300 0.043999 
47400 0.0129999 
47500 0.002 
47600 0.00699998 
47700 0.0469989 
47800 0.0539986 
47900 0.0339994 
48000 0.0149999 
48100 0.0329995 
48200 0.00499999 
48300 0.001 
48400 0.001 
48500 0.0159999 
48600 0.001 
48700 0.0389993 
48800 0.00399999 
48900 0.0349994 
49000 0.001 
49100 0.0259997 
49200 0.0209998 
49300 0.00799997 
49400 0.00499999 
49500 0.0119999 
49600 0.00399999 
49700 0.0549985 
49800 0.0149999 
49900 0.001 
50000 0.0569984 
