# Avida Average Data
# Fri Jun 15 12:58:46 2018
#  1: Update
#  2: Merit
#  3: Gestation Time
#  4: Fitness
#  5: Repro Rate?
#  6: (deprecated) Size
#  7: Copied Size
#  8: Executed Size
#  9: (deprecated) Abundance
# 10: Proportion of organisms that gave birth in this update
# 11: Proportion of Breed True Organisms
# 12: (deprecated) Genotype Depth
# 13: Generation
# 14: Neutral Metric
# 15: Lineage Label
# 16: True Replication Rate (based on births/update, time-averaged)

0 97 389 0 0 0 100 97 0 1 1 0 0 0 0 0 
100 96.9286 388.607 0.249426 0 0 99.9643 96.9286 0 0 0 0 6.92857 -0.668264 0 0 
200 96.4508 388.326 0.248321 0 0 100.007 96.4786 0 0.0283333 0.0191667 0 14.9364 -0.530623 0 0 
300 96.2408 388.386 0.247694 0 0 100.196 96.2908 0 0.0863889 0.0594444 0 22.6978 -0.591425 0 0 
400 96.5544 389.449 0.247915 0 0 100.68 96.6125 0 0.0697222 0.0438889 0 30.3381 -0.566095 0 0 
500 97.0086 392.155 0.247745 0 0 101.377 97.3389 0 0.0447222 0.0302778 0 38.0678 -0.185776 0 0.160616 
600 97.5667 393.342 0.24824 0 0 101.919 97.8272 0 0.0444444 0.0258333 0 45.8347 -0.0967531 0 0.165089 
700 98.1447 394.699 0.248674 0 0 102.386 98.2364 0 0.0502778 0.0286111 0 53.5586 -0.0453979 0 0.165475 
800 99.1286 398.919 0.248634 0 0 103.704 99.1875 0 0.0488889 0.0277778 0 61.1883 0.0316299 0 0.165665 
900 98.9669 398.677 0.248402 0 0 103.714 99.0494 0 0.0622222 0.0369444 0 68.7878 0.533634 0 0.166116 
1000 99.0503 397.632 0.249415 0 0 103.455 99.2119 0 0.0472222 0.0269444 0 76.4544 0.740182 0 0.165792 
1100 99.2922 398.955 0.249455 0 0 103.933 99.645 0 0.0452778 0.0244444 0 84.1939 0.615551 0 0.165833 
1200 100.406 402.243 0.25016 0 0 104.952 100.657 0 0.0494444 0.03 0 91.7022 0.35785 0 0.165861 
1300 99.0697 395.482 0.250635 0 0 103.556 99.12 0 0.0327778 0.0202778 0 99.3536 0.789413 0 0.166413 
1400 99.3822 397.208 0.250581 0 0 104.154 99.6275 0 0.0583333 0.0411111 0 106.99 0.911529 0 0.166396 
1500 99.4617 397.037 0.251379 0 0 103.96 99.9058 0 0.0577778 0.0369444 0 114.7 1.21826 0 0.166883 
1600 99.3069 394.595 0.25205 0 0 103.806 99.4692 0 0.0555556 0.0355556 0 122.349 1.47764 0 0.166841 
1700 98.8314 391.348 0.253285 0 0 103.306 98.9775 0 0.0508333 0.035 0 130.154 1.31311 0 0.167523 
1800 97.9678 384.1 0.256222 0 0 102.512 97.9697 0 0.0483333 0.0305556 0 138.299 1.67567 0 0.167909 
1900 97.0419 371.325 0.26519 0 0 101.823 97.2464 0 0.0441667 0.0272222 0 147.456 3.98444 0 0.169173 
2000 95.9189 342.099 0.288726 0 0 100.415 95.9847 0 0.0577778 0.0397222 0 159.793 6.31257 0 0.171732 
2100 94.5336 309.183 0.315843 0 0 99.055 94.6353 0 0.0608333 0.0377778 0 174.518 9.81444 0 0.177193 
2200 93.5803 286.926 0.333046 0 0 97.8825 93.6114 0 0.0608333 0.0416667 0 188.563 11.2236 0 0.18473 
2300 93.575 282.422 0.338167 0 0 97.8103 93.7069 0 0.07 0.0466667 0 200.844 13.3248 0 0.193212 
2400 93.5558 280.825 0.340116 0 0 97.5592 93.5558 0 0.0591667 0.0425 0 212.213 12.3975 0 0.201677 
2500 93.5253 279.463 0.341259 0 0 97.5233 93.5253 0 0.0755556 0.0488889 0 223.492 12.1433 0 0.208437 
2600 93.7392 278.406 0.34352 0 0 97.9539 93.815 0 0.07 0.0502778 0 234.931 12.3681 0 0.212913 
2700 93.9739 277.83 0.346915 0 0 98.0239 94.0275 0 0.0738889 0.0475 0 246.794 11.9273 0 0.215211 
2800 93.8167 272.821 0.353128 0 0 98.0369 93.8453 0 0.0691667 0.0491667 0 259.164 9.10646 0 0.216678 
2900 93.6278 267.03 0.360025 0 0 97.8719 93.7053 0 0.0680556 0.0466667 0 272.332 5.74248 0 0.218591 
3000 93.8061 256.044 0.372413 0 0 97.8728 93.8325 0 0.0797222 0.0541667 0 286.551 1.2543 0 0.22163 
3100 94.0294 249.101 0.383218 0 0 97.9803 94.0739 0 0.0758333 0.0508333 0 301.371 -4.09876 0 0.225348 
3200 93.6681 242.339 0.389512 0 0 97.8583 93.6947 0 0.0683333 0.0483333 0 315.534 -7.16664 0 0.229919 
3300 93.4506 240.913 0.39215 0 0 97.6839 93.4772 0 0.0933333 0.0641667 0 329.202 -9.31198 0 0.234496 
3400 93.7331 237.166 0.396299 0 0 97.9169 93.7331 0 0.0811111 0.0569444 0 342.553 -9.74096 0 0.23866 
3500 93.6839 237.061 0.397015 0 0 97.8319 93.6839 0 0.0788889 0.0575 0 355.544 -9.36787 0 0.242223 
3600 93.3317 236.738 0.39634 0 0 97.8072 93.4158 0 0.0847222 0.06 0 368.537 -9.08633 0 0.24428 
3700 93.4242 236.407 0.397486 0 0 97.7764 93.4944 0 0.0863889 0.0588889 0 381.605 -9.38876 0 0.24545 
3800 93.6056 234.422 0.400238 0 0 97.8283 93.6317 0 0.0761111 0.0519444 0 394.977 -9.99246 0 0.24656 
3900 93.6806 233.988 0.403071 0 0 97.96 93.6806 0 0.0747222 0.0508333 0 408.619 -10.9391 0 0.247155 
4000 93.8253 230.179 0.408923 0 0 98.185 93.8253 0 0.0794444 0.0569444 0 422.869 -11.2862 0 0.248314 
4100 93.8383 227.689 0.413948 0 0 98.2614 93.8383 0 0.0766667 0.0525 0 437.608 -12.691 0 0.249565 
4200 93.8297 226.197 0.417669 0 0 98.3825 93.8303 0 0.0791667 0.0552778 0 452.376 -15.7687 0 0.251644 
4300 93.8367 224.733 0.421101 0 0 98.4553 93.8589 0 0.08 0.0561111 0 466.969 -16.2445 0 0.254003 
4400 93.8478 223.008 0.424316 0 0 98.6203 93.8478 0 0.0827778 0.0591667 0 482.036 -16.9504 0 0.2568 
4500 94.0311 222.301 0.427336 0 0 98.8833 94.0331 0 0.0838889 0.0619444 0 496.811 -19.6512 0 0.259089 
4600 94.0881 219.757 0.431695 0 0 98.8281 94.0881 0 0.0944444 0.0641667 0 512.099 -22.3599 0 0.261907 
4700 93.8947 220.007 0.431343 0 0 98.6711 93.8947 0 0.0880556 0.0625 0 526.466 -23.8334 0 0.264229 
4800 93.9758 218.724 0.433003 0 0 98.7742 93.9758 0 0.0919444 0.0686111 0 540.59 -26.4114 0 0.265991 
4900 94.2444 217.328 0.43528 0 0 98.8636 94.2444 0 0.0872222 0.0602778 0 555.018 -28.0742 0 0.267266 
5000 94.0225 217.24 0.434779 0 0 98.8042 94.0225 0 0.0783333 0.0538889 0 569.209 -29.4902 0 0.268686 
5100 93.94 219.339 0.433472 0 0 98.8442 94.0006 0 0.07 0.0466667 0 583.404 -30.4303 0 0.269405 
5200 94.1058 218.204 0.435334 0 0 98.9289 94.1058 0 0.0766667 0.0533333 0 597.687 -30.7778 0 0.269657 
5300 94.0539 217.656 0.435676 0 0 98.9206 94.0811 0 0.0883333 0.0655556 0 611.865 -32.6921 0 0.269798 
5400 94.3633 218.316 0.436654 0 0 98.9906 94.3633 0 0.100556 0.0686111 0 626.016 -34.2236 0 0.270285 
5500 94.1303 217.011 0.437028 0 0 98.9278 94.1303 0 0.0836111 0.0572222 0 639.993 -36.7285 0 0.270323 
5600 94.0358 219.889 0.434531 0 0 99.0025 94.0364 0 0.0830556 0.0541667 0 653.941 -38.354 0 0.270511 
5700 93.8647 216.865 0.436256 0 0 98.955 93.8903 0 0.0858333 0.0602778 0 668.253 -38.2825 0 0.270636 
5800 93.9647 218.155 0.43591 0 0 98.9875 93.9647 0 0.0825 0.0577778 0 682.467 -37.8841 0 0.270772 
5900 94.0517 219.426 0.436037 0 0 99.055 94.1344 0 0.0855556 0.0577778 0 696.942 -36.3562 0 0.270659 
6000 94.0675 217.229 0.437892 0 0 99.1083 94.0939 0 0.0888889 0.0597222 0 711.441 -38.5235 0 0.270728 
6100 94.3808 219.405 0.437579 0 0 99.2847 94.4383 0 0.0813889 0.0575 0 726.065 -36.595 0 0.271039 
6200 94.3728 219.237 0.438667 0 0 99.295 94.3728 0 0.0955556 0.0636111 0 740.759 -37.6782 0 0.271395 
6300 94.5142 215.828 0.442016 0 0 99.3167 94.5142 0 0.0830556 0.0555556 0 755.419 -36.8212 0 0.272402 
6400 94.4136 218.949 0.440251 0 0 99.4319 94.4675 0 0.0952778 0.0605556 0 770.04 -35.9809 0 0.273347 
6500 94.6114 217.191 0.442163 0 0 99.5117 94.6114 0 0.0847222 0.0597222 0 784.617 -33.5231 0 0.273531 
6600 94.4864 218.977 0.44027 0 0 99.4272 94.4864 0 0.0825 0.0580556 0 799.225 -32.0297 0 0.2743 
6700 94.6708 214.432 0.444386 0 0 99.4642 94.7242 0 0.0822222 0.0586111 0 813.871 -34.5624 0 0.274822 
6800 94.8758 217.986 0.442954 0 0 99.6672 94.9486 0 0.0780556 0.0527778 0 828.419 -36.6562 0 0.275057 
6900 94.895 215.436 0.446757 0 0 99.6575 94.895 0 0.09 0.0636111 0 843.053 -42.1363 0 0.275591 
7000 94.6433 212.943 0.44804 0 0 99.5947 94.6433 0 0.0883333 0.0625 0 857.695 -41.6314 0 0.276195 
7100 94.6078 213.47 0.447737 0 0 99.5353 94.6078 0 0.0888889 0.0616667 0 872.519 -40.3887 0 0.276695 
7200 94.4133 213.406 0.448702 0 0 99.5267 94.4133 0 0.0919444 0.0636111 0 887.222 -40.2918 0 0.276757 
7300 94.2694 212.868 0.450006 0 0 99.4064 94.3206 0 0.0927778 0.0630556 0 902.629 -44.919 0 0.277351 
7400 94.3344 210.637 0.45216 0 0 99.6436 94.6069 0 0.0855556 0.0605556 0 917.726 -45.6518 0 0.278045 
7500 93.9183 211.111 0.45213 0 0 99.2728 93.9183 0 0.0975 0.0663889 0 932.922 -49.4615 0 0.278863 
7600 94.0347 209.656 0.454444 0 0 99.2839 94.0347 0 0.0872222 0.0625 0 948.201 -50.3687 0 0.279192 
7700 94.1239 206.59 0.457443 0 0 99.2911 94.1239 0 0.0902778 0.0675 0 963.611 -52.4925 0 0.280837 
7800 94.5933 205.673 0.462075 0 0 99.2653 94.0653 0 0.0922222 0.0647222 0 979.186 -55.4532 0 0.281565 
7900 96.5067 207.083 0.471397 0 0 99.1642 93.9758 0 0.095 0.0663889 0 995.223 -56.2929 0 0.282681 
8000 133.86 207.098 0.661257 0 0 98.9906 94.2928 0 0.0938889 0.0652778 0 1029.09 -69.7086 0 0.291161 
8100 281.448 206.046 1.39062 0 0 98.7647 94.8903 0 0.0775 0.0516667 0 1071.84 -71.2237 0 0.350983 
8200 365.397 203.142 1.80247 0 0 98.7222 95.2103 0 0.0905556 0.0655556 0 1089.53 -71.5198 0 0.502186 
8300 368.304 204.609 1.81223 0 0 98.815 95.3103 0 0.09 0.0616667 0 1104.76 -71.2386 0 0.669586 
8400 369.148 203.569 1.82035 0 0 98.7808 95.2817 0 0.0822222 0.0597222 0 1120.33 -71.2455 0 0.83594 
8500 369.909 205.059 1.8199 0 0 98.7669 95.2978 0 0.0938889 0.0647222 0 1135.97 -71.9722 0 0.994982 
8600 368.33 203.321 1.81728 0 0 98.7475 95.2447 0 0.0941667 0.0619444 0 1151.59 -72.4058 0 1.10292 
8700 365.833 204.553 1.79976 0 0 98.8378 95.4208 0 0.0919444 0.0661111 0 1167.28 -72.1294 0 1.11809 
8800 368.243 203.898 1.81227 0 0 98.7161 95.185 0 0.103333 0.0675 0 1182.66 -71.5511 0 1.11708 
8900 367.108 204.429 1.80783 0 0 98.7464 95.1278 0 0.0858333 0.0569444 0 1198.24 -72.0142 0 1.11629 
9000 365.517 203.813 1.80152 0 0 98.8058 95.1967 0 0.0966667 0.0666667 0 1213.95 -71.4178 0 1.11747 
9100 369.591 205.014 1.8178 0 0 98.8167 95.2514 0 0.0944444 0.0680556 0 1229.32 -70.8887 0 1.11609 
9200 367.99 204.787 1.81083 0 0 98.6525 94.9275 0 0.0883333 0.06 0 1244.77 -71.5784 0 1.11732 
9300 366.746 205.994 1.80229 0 0 98.7381 94.9372 0 0.0908333 0.06 0 1260.46 -70.0546 0 1.11758 
9400 367.144 205.788 1.79976 0 0 98.7794 95.0431 0 0.101111 0.0725 0 1276.12 -70.6507 0 1.1152 
9500 368.555 203.709 1.81254 0 0 98.7294 94.9147 0 0.0863889 0.06 0 1291.89 -71.8868 0 1.11258 
9600 368.016 204.435 1.81246 0 0 98.7725 94.9811 0 0.0866667 0.0583333 0 1307.43 -74.0759 0 1.11271 
9700 367.007 204.675 1.80789 0 0 98.7431 95.0264 0 0.0908333 0.0644444 0 1322.82 -73.4437 0 1.11237 
9800 367.373 204.901 1.8087 0 0 98.8231 94.9547 0 0.0927778 0.0622222 0 1338.3 -75.2424 0 1.11233 
9900 367.053 206.071 1.80338 0 0 98.8694 95.0186 0 0.0855556 0.0580556 0 1353.74 -74.9418 0 1.11518 
10000 365.759 205.017 1.79784 0 0 98.8167 94.8444 0 0.106389 0.0769444 0 1369.16 -77.5028 0 1.11527 
10100 365.525 205.516 1.79644 0 0 98.9281 95.0381 0 0.0858333 0.0608333 0 1384.77 -78.5316 0 1.11538 
10200 368.846 204.092 1.81443 0 0 99.0903 95.2417 0 0.0897222 0.0608333 0 1400.27 -78.2339 0 1.11411 
10300 366.077 206.054 1.79834 0 0 98.9481 95.0219 0 0.0933333 0.065 0 1415.82 -78.4951 0 1.11338 
10400 364.761 203.808 1.79801 0 0 98.9647 94.9306 0 0.0966667 0.0661111 0 1431.44 -76.73 0 1.11428 
10500 367.252 205.476 1.80721 0 0 99.0331 94.9064 0 0.0877778 0.0605556 0 1446.94 -76.2679 0 1.11455 
10600 367.316 205.646 1.80517 0 0 99.1411 95.1447 0 0.0902778 0.0658333 0 1462.38 -78.2496 0 1.11299 
10700 367.223 204.462 1.80583 0 0 99.0672 94.9147 0 0.0880556 0.0661111 0 1477.82 -79.994 0 1.11333 
10800 366.083 204.483 1.80222 0 0 99.1094 95.1019 0 0.0869444 0.0611111 0 1493.43 -82.6979 0 1.11336 
10900 363.732 206.569 1.78702 0 0 99.0403 94.8936 0 0.0897222 0.0644444 0 1509.1 -82.7861 0 1.11134 
11000 365.04 205.843 1.79421 0 0 99.2033 95.2967 0 0.0858333 0.0580556 0 1524.7 -81.742 0 1.11157 
11100 368.623 204.389 1.81441 0 0 99.1261 95.0261 0 0.0797222 0.0594444 0 1540.27 -82.7183 0 1.11447 
11200 365.456 204.935 1.7985 0 0 99.2508 95.1925 0 0.0972222 0.0677778 0 1556.01 -81.9282 0 1.11333 
11300 364.805 205.219 1.79595 0 0 99.1411 94.8539 0 0.0930556 0.0680556 0 1571.7 -81.6682 0 1.11326 
11400 364.53 205.269 1.79425 0 0 99.1922 95.1556 0 0.0838889 0.06 0 1587.29 -80.2339 0 1.1131 
11500 364.479 205.917 1.78965 0 0 99.345 95.1986 0 0.0880556 0.0619444 0 1603.01 -81.9717 0 1.11236 
11600 366.019 204.653 1.8055 0 0 99.405 95.2989 0 0.0919444 0.0630556 0 1619.01 -88.153 0 1.11097 
11700 367.683 205.188 1.81444 0 0 99.4589 95.2614 0 0.0847222 0.0608333 0 1634.91 -90.9135 0 1.11142 
11800 366.435 203.909 1.80903 0 0 99.4286 95.2775 0 0.0872222 0.0622222 0 1650.76 -92.4988 0 1.11287 
11900 370.043 203.402 1.82813 0 0 99.5083 95.25 0 0.0830556 0.0608333 0 1666.32 -96.6949 0 1.11541 
12000 365.689 203.344 1.80581 0 0 99.6244 95.4258 0 0.0897222 0.0625 0 1682.35 -97.0515 0 1.11702 
12100 367.534 205.511 1.81396 0 0 99.4894 95.2786 0 0.0947222 0.065 0 1698.16 -96.5538 0 1.11751 
12200 364.381 204.539 1.79688 0 0 99.5444 95.3417 0 0.0852778 0.0591667 0 1713.88 -97.001 0 1.1183 
12300 367.583 205.016 1.81217 0 0 99.6183 95.5022 0 0.0916667 0.0652778 0 1729.41 -97.1198 0 1.11828 
12400 366.96 204.352 1.81169 0 0 99.5653 95.3269 0 0.0930556 0.0666667 0 1745.46 -98.6128 0 1.11727 
12500 368.214 204.202 1.8225 0 0 99.5983 95.2467 0 0.101667 0.0686111 0 1761.52 -99.8435 0 1.11755 
12600 366.532 203.332 1.81401 0 0 99.7053 95.3989 0 0.0888889 0.0641667 0 1777.3 -97.7073 0 1.11924 
12700 366.351 203.341 1.81613 0 0 99.6886 95.3817 0 0.102222 0.0705556 0 1793.3 -96.4559 0 1.12176 
12800 367.754 203.6 1.82781 0 0 99.6483 95.1325 0 0.0880556 0.06 0 1809.01 -97.3707 0 1.12178 
12900 369.564 202.356 1.83599 0 0 99.7622 95.4889 0 0.0869444 0.0619444 0 1825.3 -101.563 0 1.12328 
13000 367.777 202.209 1.83156 0 0 99.7772 95.4392 0 0.0930556 0.0694444 0 1841.18 -103.908 0 1.12539 
13100 367.699 202.219 1.83276 0 0 99.8114 95.4722 0 0.0763889 0.0511111 0 1857.01 -102.792 0 1.12718 
13200 368.907 202.639 1.84203 0 0 99.7278 95.3861 0 0.0944444 0.0647222 0 1873.17 -103.677 0 1.12652 
13300 366.963 200.775 1.83895 0 0 99.7008 95.4236 0 0.0797222 0.0552778 0 1889.46 -105.381 0 1.131 
13400 366.589 201.048 1.8357 0 0 99.7092 95.4969 0 0.0925 0.0655556 0 1905.42 -104.213 0 1.13373 
13500 368.646 200.714 1.8492 0 0 99.7333 95.6647 0 0.0969444 0.0697222 0 1921.78 -104.159 0 1.13517 
13600 368.067 201.317 1.84413 0 0 99.7097 95.5917 0 0.0933333 0.0619444 0 1937.55 -105.628 0 1.1371 
13700 367.776 200.304 1.84474 0 0 99.7597 95.6539 0 0.0963889 0.07 0 1953.28 -105.98 0 1.13815 
13800 367.865 200.535 1.84608 0 0 99.8192 95.8075 0 0.0988889 0.0725 0 1969.68 -104.894 0 1.13746 
13900 366.27 199.911 1.84178 0 0 99.6369 95.4536 0 0.0927778 0.0677778 0 1985.83 -103.542 0 1.13669 
14000 369.165 200.839 1.85426 0 0 99.7986 95.6203 0 0.095 0.0677778 0 2002 -103.821 0 1.13768 
14100 368.561 199.307 1.85483 0 0 99.7492 95.6419 0 0.0863889 0.0608333 0 2017.98 -102.281 0 1.13689 
14200 368.176 199.169 1.85506 0 0 99.7425 95.5578 0 0.0958333 0.0641667 0 2034.05 -102.307 0 1.13822 
14300 370.093 199.218 1.86262 0 0 99.9192 95.8606 0 0.1025 0.0725 0 2050.24 -101.858 0 1.13925 
14400 367.551 199.345 1.8494 0 0 99.8539 95.7786 0 0.0886111 0.0636111 0 2066.34 -100.499 0 1.14098 
14500 366.791 199.232 1.84645 0 0 99.8061 95.7489 0 0.102778 0.0738889 0 2082.48 -99.0374 0 1.14013 
14600 367.255 199.898 1.85025 0 0 99.8522 95.6294 0 0.101111 0.0719444 0 2098.69 -96.4085 0 1.1415 
14700 369.247 198.68 1.866 0 0 99.8425 95.7919 0 0.0913889 0.0644444 0 2115.4 -94.6364 0 1.1434 
14800 368.842 199.696 1.85946 0 0 100.021 95.9236 0 0.0880556 0.0630556 0 2131.13 -93.8783 0 1.14471 
14900 369.342 200.231 1.86123 0 0 99.9961 95.8561 0 0.0938889 0.0611111 0 2147.05 -93.5205 0 1.1451 
15000 370.96 199.181 1.87271 0 0 100.009 95.9031 0 0.0977778 0.0722222 0 2163.37 -92.4236 0 1.14812 
15100 368.145 200.125 1.85643 0 0 99.9131 95.9119 0 0.0916667 0.0627778 0 2179.53 -95.8334 0 1.14709 
15200 367.491 200.218 1.85145 0 0 99.8844 95.8422 0 0.0977778 0.0722222 0 2195.56 -96.4287 0 1.14727 
15300 368.731 199.521 1.85752 0 0 99.9011 95.8058 0 0.0827778 0.0544444 0 2211.59 -94.556 0 1.14644 
15400 367.59 198.667 1.8542 0 0 99.9861 95.8656 0 0.08 0.0569444 0 2227.19 -95.2319 0 1.1457 
15500 371.199 199.204 1.86921 0 0 100.028 95.9844 0 0.0836111 0.0580556 0 2243.42 -94.9251 0 1.14393 
15600 370.516 200.475 1.86274 0 0 100.104 96.0497 0 0.0883333 0.0641667 0 2259.42 -96.9675 0 1.14414 
15700 369.445 200.089 1.85582 0 0 100.166 96.1514 0 0.0919444 0.0627778 0 2275.16 -97.0902 0 1.14242 
15800 367.656 200.635 1.84796 0 0 100.284 96.1422 0 0.0894444 0.0636111 0 2291.23 -93.7524 0 1.14092 
15900 371.198 200.094 1.86635 0 0 100.198 96.0931 0 0.0875 0.0619444 0 2307.24 -91.9865 0 1.141 
16000 368.627 200.419 1.85042 0 0 100.106 96.0558 0 0.0841667 0.0655556 0 2323.08 -89.2156 0 1.14036 
16100 371.056 200.545 1.85959 0 0 100.403 96.42 0 0.0944444 0.0652778 0 2339.32 -87.7395 0 1.14158 
16200 371.822 200.647 1.86471 0 0 100.364 96.3342 0 0.0833333 0.0586111 0 2355.01 -87.0873 0 1.1416 
16300 372.359 199.876 1.87058 0 0 100.334 96.1836 0 0.101667 0.0708333 0 2370.59 -88.4588 0 1.14233 
16400 371.161 199.912 1.86405 0 0 100.284 95.9242 0 0.0866667 0.0627778 0 2386.06 -90.4668 0 1.14183 
16500 369.957 200.084 1.85799 0 0 100.24 95.995 0 0.101389 0.0716667 0 2402.35 -89.3359 0 1.14121 
16600 373.468 200.593 1.87242 0 0 100.393 96.2797 0 0.0911111 0.0655556 0 2418.53 -88.5866 0 1.14071 
16700 371.149 201.257 1.85666 0 0 100.361 96.2994 0 0.0913889 0.0633333 0 2434.05 -87.4055 0 1.14244 
16800 371.206 201.393 1.85909 0 0 100.421 96.2072 0 0.0891667 0.0605556 0 2449.93 -86.875 0 1.14291 
16900 370.231 200.721 1.85543 0 0 100.381 96.1861 0 0.0972222 0.0669444 0 2465.87 -87.3199 0 1.14217 
17000 371.598 200.318 1.86333 0 0 100.369 96.1133 0 0.0997222 0.0691667 0 2481.71 -83.0925 0 1.14439 
17100 369.49 200.977 1.84964 0 0 100.395 96.15 0 0.100278 0.0708333 0 2497.71 -84.0529 0 1.1422 
17200 370.104 202.82 1.84631 0 0 100.621 96.4158 0 0.0933333 0.0655556 0 2513.45 -81.5078 0 1.14165 
17300 370.892 202.033 1.85156 0 0 100.622 96.5483 0 0.0958333 0.0722222 0 2529.64 -85.4764 0 1.14129 
17400 370.265 201.557 1.85046 0 0 100.546 96.5375 0 0.09 0.0591667 0 2545.36 -86.0203 0 1.14336 
17500 372.68 201.748 1.85938 0 0 100.667 96.5956 0 0.0911111 0.0666667 0 2561.26 -87.1563 0 1.14088 
17600 375.107 202.158 1.86772 0 0 100.878 96.9617 0 0.0916667 0.0652778 0 2577.34 -85.9431 0 1.14123 
17700 373.198 202.324 1.8582 0 0 100.951 96.9231 0 0.100556 0.0694444 0 2593.42 -84.3018 0 1.14139 
17800 374.383 202.582 1.86312 0 0 100.937 97.0475 0 0.0858333 0.0644444 0 2608.96 -84.771 0 1.14179 
17900 375.748 203.629 1.86388 0 0 101.289 97.4053 0 0.0869444 0.0605556 0 2625.07 -86.355 0 1.14167 
18000 374.927 202.145 1.86347 0 0 101.169 97.3222 0 0.0927778 0.065 0 2640.82 -84.5678 0 1.14306 
18100 375.196 204.643 1.8588 0 0 101.483 97.5878 0 0.0936111 0.0638889 0 2657.13 -82.7604 0 1.14468 
18200 376.967 204.393 1.86778 0 0 101.544 97.4942 0 0.0908333 0.0636111 0 2672.85 -80.7438 0 1.14565 
18300 377.936 203.797 1.87181 0 0 101.869 97.8581 0 0.0902778 0.0644444 0 2689.23 -77.9967 0 1.14549 
18400 378.474 202.804 1.87505 0 0 101.91 97.9931 0 0.0941667 0.0663889 0 2705.23 -77.3961 0 1.14544 
18500 378.335 202.342 1.87547 0 0 101.878 98.0078 0 0.0861111 0.0594444 0 2721.15 -76.9031 0 1.14556 
18600 381.206 203.721 1.88503 0 0 102.14 98.1722 0 0.0847222 0.0569444 0 2736.94 -76.4285 0 1.14545 
18700 379.908 204.336 1.8786 0 0 102.175 98.1833 0 0.0925 0.0627778 0 2752.42 -76.7359 0 1.14356 
18800 377.8 202.416 1.8704 0 0 102.303 98.4603 0 0.0911111 0.0672222 0 2768.6 -78.2775 0 1.14535 
18900 381.137 203.983 1.88426 0 0 102.195 98.2492 0 0.0905556 0.065 0 2784.26 -77.1657 0 1.14514 
19000 379.918 204.379 1.87745 0 0 102.32 98.3942 0 0.0858333 0.0619444 0 2800.12 -77.1477 0 1.14548 
19100 383.821 203.651 1.89699 0 0 102.424 98.5219 0 0.0952778 0.0658333 0 2816.1 -77.6836 0 1.14684 
19200 380.291 203.888 1.8802 0 0 102.504 98.6533 0 0.0855556 0.0591667 0 2832.22 -77.5416 0 1.14894 
19300 381.969 202.838 1.88928 0 0 102.667 98.8717 0 0.0977778 0.0658333 0 2847.65 -77.5658 0 1.14844 
19400 379.015 204.826 1.87196 0 0 102.396 98.3861 0 0.095 0.065 0 2863.2 -76.8292 0 1.15219 
19500 380.822 204.405 1.8808 0 0 102.717 98.7756 0 0.0780556 0.0530556 0 2879.01 -78.4269 0 1.15247 
19600 381.512 204.741 1.88123 0 0 102.66 98.6628 0 0.0863889 0.0583333 0 2894.83 -76.7494 0 1.15274 
19700 383.694 204.19 1.89092 0 0 102.601 98.8194 0 0.0925 0.0652778 0 2910.35 -76.838 0 1.15365 
19800 384.338 204.576 1.89567 0 0 102.692 98.8747 0 0.0902778 0.0608333 0 2925.94 -76.2432 0 1.15487 
19900 379.043 203.844 1.87052 0 0 102.544 98.7061 0 0.0955556 0.0627778 0 2941.23 -74.7658 0 1.1535 
20000 381.956 203.715 1.88046 0 0 102.731 99.0147 0 0.0875 0.0613889 0 2956.34 -76.1756 0 1.15334 
20100 380.261 205.595 1.86607 0 0 102.952 99.0706 0 0.0938889 0.0616667 0 2972.29 -77.11 0 1.15314 
20200 381.872 204.623 1.87662 0 0 102.981 99.335 0 0.104444 0.075 0 2988.08 -74.7128 0 1.15153 
20300 379.794 205.233 1.86542 0 0 102.834 99.2444 0 0.0808333 0.0530556 0 3003.34 -74.4925 0 1.1507 
20400 382.084 205.44 1.87871 0 0 102.937 99.2925 0 0.0913889 0.0625 0 3019.38 -74.5965 0 1.14977 
20500 379.573 206.556 1.86352 0 0 102.821 99.2267 0 0.0844444 0.0580556 0 3035.09 -74.3311 0 1.15255 
20600 384.251 204.177 1.88885 0 0 102.98 99.4264 0 0.0775 0.0555556 0 3050.8 -74.8335 0 1.15249 
20700 383.159 205.257 1.88448 0 0 103.02 99.3997 0 0.0897222 0.0638889 0 3066.92 -77.2665 0 1.15383 
20800 383.081 205.42 1.88108 0 0 103.022 99.5006 0 0.0938889 0.0619444 0 3082.32 -73.3635 0 1.15579 
20900 383.855 204.851 1.88803 0 0 103.096 99.4442 0 0.0897222 0.0630556 0 3098.34 -74.1228 0 1.15579 
21000 385.224 204.735 1.89704 0 0 103.078 99.4214 0 0.0922222 0.065 0 3113.59 -72.267 0 1.15559 
21100 383.637 207.135 1.88311 0 0 103.103 99.6075 0 0.0977778 0.0655556 0 3129.12 -70.2813 0 1.15613 
21200 386.166 204.489 1.9015 0 0 103.222 99.5814 0 0.0822222 0.0525 0 3144.88 -71.9662 0 1.15555 
21300 383.707 206.1 1.88691 0 0 103.362 99.5806 0 0.09 0.0638889 0 3161.28 -70.8943 0 1.15494 
21400 384.931 205.061 1.89622 0 0 103.404 99.7825 0 0.09 0.0602778 0 3177.16 -70.6418 0 1.15722 
21500 383.136 203.842 1.89108 0 0 103.3 99.7256 0 0.0977778 0.0633333 0 3192.62 -67.3437 0 1.15936 
21600 385.265 205.397 1.90141 0 0 103.265 99.8994 0 0.0919444 0.0627778 0 3208.56 -64.3885 0 1.16194 
21700 383.148 203.992 1.8959 0 0 103.186 99.6375 0 0.0866667 0.0583333 0 3224.74 -63.523 0 1.16435 
21800 385.368 205.328 1.90022 0 0 103.538 99.9278 0 0.09 0.06 0 3240.86 -65.1384 0 1.16621 
21900 384.481 206.461 1.89532 0 0 103.516 99.8358 0 0.104167 0.0758333 0 3256.63 -65.5446 0 1.1686 
22000 386.142 206.531 1.90248 0 0 103.746 99.8233 0 0.0844444 0.0580556 0 3272.12 -71.0815 0 1.16875 
22100 383.639 205.064 1.89322 0 0 103.529 99.7331 0 0.0925 0.0661111 0 3288.13 -70.6702 0 1.16914 
22200 384.587 204.153 1.89812 0 0 103.652 99.9047 0 0.0955556 0.0636111 0 3303.94 -70.5487 0 1.17016 
22300 382.454 206.354 1.88291 0 0 103.589 99.7856 0 0.095 0.0672222 0 3319.44 -68.458 0 1.17042 
22400 384.579 207.893 1.89275 0 0 103.656 99.8067 0 0.0961111 0.0636111 0 3335.06 -70.3068 0 1.17099 
22500 384.211 206.212 1.89261 0 0 103.615 100.109 0 0.09 0.0627778 0 3351.06 -71.6223 0 1.17058 
22600 386.904 207.014 1.90388 0 0 103.712 100.103 0 0.0816667 0.0588889 0 3366.82 -74.856 0 1.17205 
22700 386.174 206.897 1.8983 0 0 103.626 99.9272 0 0.0905556 0.0605556 0 3382.48 -73.7634 0 1.17158 
22800 386.264 206.151 1.9003 0 0 103.648 99.9917 0 0.0980556 0.0658333 0 3398.02 -71.3735 0 1.17358 
22900 385.95 208.246 1.89628 0 0 103.516 99.8214 0 0.0877778 0.06 0 3413.58 -71.125 0 1.17209 
23000 387.289 206.096 1.90729 0 0 103.743 100.159 0 0.09 0.0625 0 3429.25 -71.5254 0 1.17274 
23100 385.396 207.393 1.89179 0 0 103.601 100.204 0 0.0919444 0.0688889 0 3445.02 -75.5749 0 1.17231 
23200 386.652 208.192 1.89967 0 0 103.653 100.175 0 0.0852778 0.0569444 0 3460.73 -75.2169 0 1.17385 
23300 387.502 207.232 1.90575 0 0 103.665 100.153 0 0.0955556 0.0661111 0 3476.56 -75.9893 0 1.17455 
23400 385.587 208.507 1.89398 0 0 103.594 100.271 0 0.0894444 0.0616667 0 3491.85 -78.5142 0 1.17443 
23500 383.657 208.312 1.88391 0 0 103.624 100.176 0 0.0997222 0.07 0 3507.43 -81.4026 0 1.17341 
23600 385.372 207.273 1.8941 0 0 103.789 100.235 0 0.0888889 0.0577778 0 3523.19 -83.5886 0 1.17442 
23700 387.443 206.564 1.90911 0 0 103.767 100.368 0 0.0922222 0.0686111 0 3539.52 -88.5334 0 1.17537 
23800 388.166 209.48 1.90749 0 0 103.804 100.362 0 0.0808333 0.0533333 0 3555.11 -88.3205 0 1.17491 
23900 386.465 206.105 1.90323 0 0 103.724 100.305 0 0.0852778 0.0611111 0 3570.92 -87.7228 0 1.17589 
24000 387.983 207.693 1.90508 0 0 103.728 100.387 0 0.0961111 0.0622222 0 3586.81 -87.2382 0 1.17735 
24100 384.46 208.855 1.88598 0 0 103.942 100.362 0 0.0913889 0.0608333 0 3602.4 -86.5995 0 1.17794 
24200 387.057 207.666 1.90393 0 0 103.796 100.093 0 0.0933333 0.0611111 0 3618.36 -88.7121 0 1.1776 
24300 384.675 207.367 1.89042 0 0 103.812 100.297 0 0.0869444 0.0577778 0 3634.38 -91.6998 0 1.17815 
24400 389.263 208.962 1.9126 0 0 103.934 100.41 0 0.0952778 0.0647222 0 3650.07 -92.2331 0 1.17817 
24500 385.818 208.211 1.89554 0 0 103.976 100.478 0 0.09 0.0594444 0 3665.93 -95.1952 0 1.1793 
24600 388.089 207.623 1.90764 0 0 103.963 100.334 0 0.0941667 0.0636111 0 3681.46 -92.8396 0 1.17741 
24700 385.909 209.836 1.89025 0 0 103.886 100.218 0 0.0941667 0.0666667 0 3696.97 -93.2798 0 1.17719 
24800 385.75 206.832 1.89725 0 0 104.074 100.23 0 0.0869444 0.0583333 0 3712.71 -91.9821 0 1.17638 
24900 389.05 207.89 1.9105 0 0 104.191 100.371 0 0.0880556 0.0586111 0 3728.56 -91.7789 0 1.17618 
25000 386.531 207.188 1.89842 0 0 104.134 100.438 0 0.0933333 0.0605556 0 3744.34 -92.6885 0 1.17492 
25100 385.566 208.9 1.8885 0 0 104.099 100.502 0 0.0980556 0.0658333 0 3760.19 -94.0607 0 1.17478 
25200 386.478 209.338 1.89263 0 0 104.303 100.513 0 0.0838889 0.0575 0 3775.8 -93.1284 0 1.17279 
25300 385.171 210.435 1.88538 0 0 104.173 100.309 0 0.0888889 0.0594444 0 3791.48 -93.0636 0 1.1726 
25400 387.407 207.626 1.90276 0 0 104.182 100.353 0 0.109167 0.0775 0 3807.24 -90.2909 0 1.17225 
25500 388.781 207.124 1.90897 0 0 104.154 100.627 0 0.0919444 0.0613889 0 3823.05 -91.9574 0 1.17528 
25600 387.037 207.88 1.89756 0 0 104.252 100.495 0 0.101389 0.0744444 0 3838.73 -94.094 0 1.17625 
25700 384.25 208.072 1.88208 0 0 104.53 100.403 0 0.085 0.0577778 0 3854.14 -93.0007 0 1.17904 
25800 386.741 209.671 1.89294 0 0 104.292 100.319 0 0.0980556 0.0627778 0 3869.86 -93.6688 0 1.1796 
25900 385.933 209.332 1.88786 0 0 104.352 100.407 0 0.0891667 0.0597222 0 3885.98 -95.8212 0 1.17821 
26000 388.337 208.884 1.90191 0 0 104.274 100.618 0 0.0916667 0.0619444 0 3901.76 -97.193 0 1.17659 
26100 386.984 210.491 1.88683 0 0 104.465 100.822 0 0.0972222 0.0663889 0 3917.64 -98.1282 0 1.17649 
26200 388.118 206.682 1.90388 0 0 104.461 100.7 0 0.0938889 0.0636111 0 3933.41 -97.9537 0 1.17465 
26300 386.869 207.456 1.89435 0 0 104.4 100.627 0 0.0777778 0.0541667 0 3949.15 -98.3142 0 1.17317 
26400 385.551 210.294 1.88604 0 0 104.249 100.274 0 0.0966667 0.0644444 0 3964.92 -98.6174 0 1.17535 
26500 386.042 210.096 1.88979 0 0 104.228 100.205 0 0.0872222 0.0630556 0 3980.88 -100.226 0 1.17462 
26600 386.271 206.648 1.89945 0 0 104.418 100.22 0 0.0941667 0.0633333 0 3996.63 -98.612 0 1.1752 
26700 386.553 208.498 1.89293 0 0 104.573 100.331 0 0.0888889 0.0602778 0 4012.65 -99.4518 0 1.17566 
26800 386.166 207.451 1.89193 0 0 104.812 100.298 0 0.0947222 0.0688889 0 4028.67 -103.296 0 1.1744 
26900 385.306 208.422 1.88828 0 0 104.698 100.291 0 0.0919444 0.0641667 0 4044.49 -104.612 0 1.17349 
27000 386.105 208.579 1.89403 0 0 104.901 100.486 0 0.0916667 0.0644444 0 4060.58 -106.787 0 1.17389 
27100 388.496 208.646 1.90706 0 0 104.902 100.709 0 0.0972222 0.0622222 0 4076.99 -108.168 0 1.17456 
27200 385.687 208.591 1.8978 0 0 104.416 100.399 0 0.0930556 0.0602778 0 4092.68 -105.34 0 1.1775 
27300 384.901 208.526 1.89772 0 0 104.367 100.531 0 0.0925 0.0619444 0 4108.5 -101.973 0 1.18107 
27400 385.878 206.507 1.90604 0 0 104.159 100.248 0 0.0894444 0.0633333 0 4124.37 -104.585 0 1.18297 
27500 382.957 207.599 1.88773 0 0 104.318 100.468 0 0.0941667 0.0663889 0 4140.26 -104.421 0 1.18563 
27600 385.612 206.434 1.90593 0 0 104.188 100.457 0 0.0972222 0.0627778 0 4156.77 -106.039 0 1.18545 
27700 384.318 207.974 1.89987 0 0 104.329 100.461 0 0.0880556 0.0580556 0 4173.62 -110.253 0 1.18576 
27800 386.855 204.319 1.92549 0 0 104.133 100.308 0 0.101667 0.0688889 0 4189.64 -109.761 0 1.18579 
27900 384.761 205.844 1.90823 0 0 104.328 100.214 0 0.0891667 0.0583333 0 4205.76 -113.012 0 1.18717 
28000 384.375 207.122 1.90795 0 0 104.305 100.117 0 0.0886111 0.0636111 0 4222.57 -118.426 0 1.1859 
28100 384.856 205.392 1.91468 0 0 104.146 99.9486 0 0.0905556 0.06 0 4238.6 -120.57 0 1.1875 
28200 385.192 203.169 1.92643 0 0 104.029 99.9381 0 0.102222 0.0725 0 4255.38 -121.195 0 1.1872 
28300 383.807 206.421 1.9116 0 0 104.228 100.172 0 0.0944444 0.0625 0 4271.57 -122.188 0 1.18729 
28400 384.829 204.377 1.92135 0 0 103.973 99.7375 0 0.0905556 0.0630556 0 4287.81 -124.7 0 1.18879 
28500 387.7 203.953 1.93244 0 0 104.294 100.125 0 0.0936111 0.0625 0 4303.77 -126.738 0 1.19057 
28600 382.223 204.254 1.91061 0 0 104.114 99.8053 0 0.0977778 0.0663889 0 4320.47 -129.54 0 1.1912 
28700 386.236 205.414 1.92786 0 0 103.939 99.8856 0 0.0997222 0.0741667 0 4336.68 -130.256 0 1.19216 
28800 384.476 202.361 1.93005 0 0 103.97 99.8956 0 0.0969444 0.0663889 0 4352.92 -129.943 0 1.19445 
28900 384.809 201.999 1.93078 0 0 103.875 99.785 0 0.0972222 0.0697222 0 4368.93 -131.76 0 1.19294 
29000 385.618 203.816 1.92629 0 0 104.058 99.95 0 0.0925 0.0611111 0 4384.66 -131.3 0 1.19353 
29100 384.081 203.598 1.92166 0 0 104.01 99.8425 0 0.0977778 0.0711111 0 4401.23 -133.614 0 1.19368 
29200 387.561 203.907 1.94137 0 0 103.994 99.9242 0 0.0908333 0.0655556 0 4417.74 -134.632 0 1.19491 
29300 385.294 203.11 1.93534 0 0 104.064 100.051 0 0.0866667 0.0622222 0 4434.27 -137.312 0 1.1968 
29400 388.191 204.822 1.94332 0 0 104.057 100.171 0 0.0794444 0.0525 0 4450.09 -139.169 0 1.19936 
29500 385.423 203.418 1.9335 0 0 104.044 100.067 0 0.0922222 0.0683333 0 4466.62 -139.762 0 1.19952 
29600 383.704 201.876 1.93065 0 0 103.794 99.7519 0 0.0913889 0.0663889 0 4482.89 -137.328 0 1.19967 
29700 381.508 203.196 1.91699 0 0 103.989 99.8419 0 0.0891667 0.0641667 0 4499.1 -137.127 0 1.19993 
29800 384.44 204.611 1.92863 0 0 104.047 99.9375 0 0.100278 0.0641667 0 4515.32 -138.535 0 1.19805 
29900 384.23 204.299 1.93655 0 0 103.711 99.6556 0 0.101667 0.0680556 0 4532.01 -139.062 0 1.19708 
30000 381.875 201.755 1.92613 0 0 103.77 99.72 0 0.0933333 0.0666667 0 4548.2 -139.426 0 1.19661 
30100 384.71 204.25 1.93465 0 0 103.725 99.6789 0 0.0966667 0.0691667 0 4564.09 -136.763 0 1.19782 
30200 383.686 202.076 1.93242 0 0 103.77 99.6456 0 0.0941667 0.0619444 0 4580.24 -134.415 0 1.19741 
30300 382.843 204.204 1.92237 0 0 103.778 99.8778 0 0.0994444 0.0666667 0 4596.11 -138.18 0 1.19605 
30400 384.468 203.788 1.93488 0 0 103.786 99.6494 0 0.0858333 0.0625 0 4612.28 -136.738 0 1.1957 
30500 384.902 201.548 1.93881 0 0 103.895 99.8181 0 0.0933333 0.0655556 0 4628.64 -135.166 0 1.19639 
30600 382.231 201.995 1.92477 0 0 103.948 99.6867 0 0.0916667 0.0613889 0 4644.44 -136.354 0 1.19532 
30700 384.549 203.704 1.92867 0 0 104.091 99.9344 0 0.0813889 0.0569444 0 4660.69 -135.889 0 1.19536 
30800 386.978 203.875 1.93853 0 0 104.143 100.062 0 0.0905556 0.0636111 0 4676.62 -135.917 0 1.19519 
30900 385.617 204.214 1.93535 0 0 103.977 99.9475 0 0.0897222 0.0658333 0 4692.65 -133.362 0 1.19401 
31000 386.43 204.749 1.93853 0 0 103.777 99.8775 0 0.0994444 0.0686111 0 4708.66 -134.7 0 1.1919 
31100 385.35 200.629 1.94551 0 0 103.76 99.9206 0 0.0975 0.0705556 0 4724.98 -132.382 0 1.19204 
31200 385.857 202.104 1.94235 0 0 103.747 99.9211 0 0.102778 0.0711111 0 4741.4 -132.914 0 1.19247 
31300 383.118 204.199 1.92448 0 0 103.655 99.7889 0 0.1025 0.0741667 0 4757.86 -131.01 0 1.19436 
31400 381.026 201.993 1.9213 0 0 103.627 99.5822 0 0.1 0.0680556 0 4774.2 -132.208 0 1.1941 
31500 381.072 202.131 1.9188 0 0 103.551 99.535 0 0.0916667 0.0619444 0 4790.04 -136.004 0 1.19526 
31600 382.52 203.783 1.91803 0 0 103.573 99.7908 0 0.09 0.0619444 0 4806.26 -134.615 0 1.19457 
31700 384.787 203.216 1.93398 0 0 103.595 99.8031 0 0.0838889 0.0563889 0 4822.93 -136.104 0 1.19221 
31800 385.02 203.898 1.92986 0 0 103.667 99.8681 0 0.0797222 0.0522222 0 4839.52 -134.786 0 1.19085 
31900 385.282 202.708 1.93331 0 0 103.687 99.7406 0 0.0941667 0.0636111 0 4855.17 -128.287 0 1.19149 
32000 382.437 204.114 1.91321 0 0 103.456 99.4972 0 0.0905556 0.0630556 0 4871.16 -128.202 0 1.19182 
32100 383.408 206.946 1.91652 0 0 103.594 99.86 0 0.0897222 0.0608333 0 4886.86 -126.978 0 1.19172 
32200 383.792 206.213 1.91871 0 0 103.573 99.7344 0 0.101389 0.0716667 0 4903.06 -127.106 0 1.19342 
32300 383.287 204.097 1.91982 0 0 103.46 99.6764 0 0.0816667 0.0502778 0 4919.16 -127.271 0 1.19455 
32400 385.979 202.392 1.93635 0 0 103.623 99.8519 0 0.0913889 0.0652778 0 4935.14 -130.514 0 1.19472 
32500 383.531 204.432 1.92161 0 0 103.475 99.7453 0 0.0977778 0.0677778 0 4950.86 -128.241 0 1.19358 
32600 384.362 204.312 1.92342 0 0 103.504 99.8119 0 0.0916667 0.0638889 0 4966.97 -127.618 0 1.19408 
32700 384.637 202.696 1.92661 0 0 103.517 99.8831 0 0.0847222 0.0586111 0 4982.64 -124.882 0 1.19268 
32800 383.906 203.772 1.92148 0 0 103.556 99.905 0 0.0952778 0.0658333 0 4998.84 -125.532 0 1.19111 
32900 384.842 202.832 1.92673 0 0 103.683 99.9608 0 0.0794444 0.0547222 0 5014.93 -125.308 0 1.19218 
33000 383.438 203.556 1.92037 0 0 103.645 99.9536 0 0.0827778 0.0608333 0 5030.56 -123.862 0 1.19138 
33100 383.523 204.101 1.92062 0 0 103.468 99.8831 0 0.0880556 0.0611111 0 5046.7 -127.636 0 1.19028 
33200 386.632 204.057 1.9376 0 0 103.433 99.97 0 0.0808333 0.0588889 0 5062.21 -122.33 0 1.18948 
33300 382.326 205.315 1.90685 0 0 103.595 99.9169 0 0.0880556 0.0627778 0 5078.53 -123.842 0 1.18931 
33400 386.915 203.121 1.93732 0 0 103.421 99.8003 0 0.0883333 0.0613889 0 5094.23 -124.372 0 1.18739 
33500 383.237 203.949 1.92078 0 0 103.418 99.6131 0 0.0855556 0.0572222 0 5109.86 -123.217 0 1.1889 
33600 384.77 204.632 1.92089 0 0 103.48 99.7778 0 0.1025 0.07 0 5125.41 -123.935 0 1.19004 
33700 383.189 204.651 1.91371 0 0 103.656 99.6694 0 0.0963889 0.0655556 0 5141.19 -126.075 0 1.19061 
33800 386.886 205.396 1.92773 0 0 103.735 99.8169 0 0.1 0.07 0 5157.22 -128.208 0 1.19078 
33900 383.374 204.284 1.91659 0 0 103.71 99.8317 0 0.0969444 0.0705556 0 5173.11 -126.847 0 1.18984 
34000 384.638 206.081 1.918 0 0 103.719 99.6678 0 0.0897222 0.0591667 0 5188.88 -123.854 0 1.18682 
34100 383.859 206.952 1.91284 0 0 103.661 99.8319 0 0.0941667 0.0638889 0 5204.89 -128.184 0 1.18536 
34200 384.204 205.827 1.91822 0 0 103.656 99.7403 0 0.0916667 0.0638889 0 5220.38 -126.445 0 1.18492 
34300 383.562 203.85 1.91826 0 0 103.694 99.755 0 0.0808333 0.0580556 0 5236.84 -128.28 0 1.18429 
34400 383.671 203.689 1.91756 0 0 103.814 99.9344 0 0.0963889 0.0702778 0 5253.31 -131.151 0 1.18546 
34500 382.598 207.589 1.90004 0 0 103.872 100.049 0 0.0994444 0.0683333 0 5269.26 -130.066 0 1.18597 
34600 381.345 204.004 1.90403 0 0 103.949 99.8231 0 0.104444 0.0730556 0 5285.56 -135.492 0 1.18541 
34700 384.18 206.211 1.91397 0 0 103.732 99.4675 0 0.0975 0.0691667 0 5301.63 -137.774 0 1.18399 
34800 382.498 205.936 1.90722 0 0 103.921 99.6472 0 0.0969444 0.0658333 0 5318.48 -142.812 0 1.18292 
34900 385.411 204.74 1.92482 0 0 103.892 99.5397 0 0.0863889 0.06 0 5334.02 -139.907 0 1.18202 
35000 383.405 204.491 1.91296 0 0 103.811 99.5392 0 0.0916667 0.0641667 0 5349.75 -137.613 0 1.18351 
35100 386.523 204.323 1.9292 0 0 103.762 99.6369 0 0.0794444 0.0538889 0 5365.46 -135.66 0 1.18395 
35200 383.826 202.847 1.92506 0 0 103.594 99.5861 0 0.104444 0.0730556 0 5381.56 -132.019 0 1.18407 
35300 382.704 205.266 1.91481 0 0 103.757 99.8383 0 0.0841667 0.0627778 0 5397.58 -132.622 0 1.18637 
35400 384.498 202.717 1.92754 0 0 103.771 99.6283 0 0.0766667 0.0558333 0 5413.55 -129.359 0 1.18868 
35500 384.098 203.971 1.92448 0 0 103.776 99.545 0 0.0938889 0.0663889 0 5429.53 -131.537 0 1.1893 
35600 384.365 203.608 1.92473 0 0 103.875 99.5556 0 0.0925 0.0633333 0 5445.53 -130.748 0 1.18949 
35700 384.012 202.924 1.92405 0 0 103.846 99.7625 0 0.09 0.0636111 0 5461.59 -130.128 0 1.19151 
35800 382.421 204.196 1.91438 0 0 103.779 99.5619 0 0.0888889 0.0627778 0 5477.07 -125.682 0 1.19106 
35900 384.849 204.185 1.92854 0 0 103.786 99.6258 0 0.0858333 0.0627778 0 5493.25 -126.964 0 1.18824 
36000 382.478 203.092 1.92073 0 0 103.787 99.7683 0 0.0997222 0.0711111 0 5509.21 -121.282 0 1.1891 
36100 384.421 202.281 1.93315 0 0 103.751 99.8119 0 0.0972222 0.0680556 0 5525.5 -116.614 0 1.19076 
36200 384.469 202.945 1.93234 0 0 103.59 99.5125 0 0.101389 0.0722222 0 5541.51 -115.832 0 1.19081 
36300 384.56 202.724 1.9332 0 0 103.671 99.785 0 0.0972222 0.0708333 0 5557.77 -107.102 0 1.19131 
36400 382.045 204.531 1.91909 0 0 103.666 99.7083 0 0.0891667 0.0608333 0 5573.76 -107.044 0 1.19255 
36500 385.323 204.064 1.93373 0 0 103.711 99.7547 0 0.0922222 0.0661111 0 5589.36 -100.872 0 1.19264 
36600 385.249 203.341 1.93714 0 0 103.593 99.7461 0 0.104722 0.0733333 0 5605.94 -106.006 0 1.19312 
36700 383.962 203.095 1.92788 0 0 103.81 100.046 0 0.0919444 0.0661111 0 5622.24 -107.871 0 1.19416 
36800 383.466 204.132 1.92114 0 0 103.549 99.7739 0 0.0880556 0.0627778 0 5638.15 -106.233 0 1.19468 
36900 384.981 203.279 1.93122 0 0 103.686 100.037 0 0.085 0.0588889 0 5654.46 -107.504 0 1.19552 
37000 383.301 202.605 1.9301 0 0 103.703 99.8431 0 0.0830556 0.055 0 5670.12 -101.612 0 1.19488 
37100 385.664 204.172 1.93791 0 0 103.641 99.8867 0 0.0841667 0.0583333 0 5686.12 -98.7546 0 1.19351 
37200 382.74 202.448 1.92493 0 0 103.684 99.8344 0 0.0855556 0.0644444 0 5702.14 -97.9191 0 1.19231 
37300 384.429 202.409 1.93685 0 0 103.759 99.8431 0 0.0936111 0.0611111 0 5718.27 -94.7922 0 1.19082 
37400 382.074 204.493 1.92106 0 0 103.698 99.6606 0 0.0883333 0.0636111 0 5734.54 -90.0369 0 1.18978 
37500 384.403 201.479 1.93952 0 0 103.582 99.8694 0 0.0930556 0.0675 0 5750.56 -84.1962 0 1.1891 
37600 385.139 201.95 1.94003 0 0 103.704 100.123 0 0.0983333 0.0658333 0 5766.25 -80.1124 0 1.19097 
37700 387.515 204.914 1.94208 0 0 103.804 100.346 0 0.0919444 0.06 0 5781.87 -78.2873 0 1.19254 
37800 386.904 203.124 1.94738 0 0 103.612 100.313 0 0.0836111 0.0594444 0 5797.73 -73.3572 0 1.19264 
37900 385.871 204.007 1.93695 0 0 103.715 100.358 0 0.0913889 0.0630556 0 5813.84 -71.753 0 1.19418 
38000 385.774 202.181 1.9407 0 0 103.647 100.306 0 0.0772222 0.0566667 0 5829.84 -70.6926 0 1.19841 
38100 384.929 202.399 1.93623 0 0 103.681 100.281 0 0.0994444 0.0669444 0 5845.75 -71.5007 0 1.19745 
38200 383.981 203.316 1.93053 0 0 103.606 100.146 0 0.0911111 0.0652778 0 5861.65 -64.7942 0 1.19646 
38300 383.181 202.593 1.92819 0 0 103.557 100.083 0 0.0908333 0.0666667 0 5877.68 -63.9033 0 1.19713 
38400 385.181 203.341 1.93904 0 0 103.484 99.9228 0 0.101389 0.0702778 0 5893.66 -64.1234 0 1.19701 
38500 381.757 200.066 1.92923 0 0 103.441 99.9069 0 0.0944444 0.0622222 0 5909.7 -63.9253 0 1.19352 
38600 385.285 202.133 1.94142 0 0 103.498 99.8819 0 0.0816667 0.0555556 0 5925.94 -62.4165 0 1.19387 
38700 386.175 202.424 1.94783 0 0 103.453 99.6586 0 0.0852778 0.0597222 0 5941.81 -59.7757 0 1.19573 
38800 383.104 204.496 1.92686 0 0 103.714 99.8736 0 0.0969444 0.0683333 0 5958.02 -56.5252 0 1.19579 
38900 382.257 201.766 1.92526 0 0 103.69 100.02 0 0.0827778 0.0575 0 5974.07 -55.5529 0 1.19487 
39000 382.095 200.422 1.92656 0 0 103.678 100.123 0 0.085 0.0566667 0 5990.28 -54.8938 0 1.19454 
39100 383.42 201.738 1.92968 0 0 103.732 99.9622 0 0.0941667 0.0652778 0 6006.02 -56.2743 0 1.19268 
39200 382.468 202.815 1.92381 0 0 103.735 99.8711 0 0.0916667 0.0663889 0 6021.75 -54.6059 0 1.19081 
39300 385.715 203.164 1.93669 0 0 103.81 99.9244 0 0.0972222 0.0677778 0 6037.96 -56.0989 0 1.18982 
39400 384.952 203.079 1.93226 0 0 103.629 99.8906 0 0.0880556 0.0625 0 6054 -57.5093 0 1.19141 
39500 383.035 203.278 1.92372 0 0 103.866 100.272 0 0.101111 0.0708333 0 6070.26 -54.8619 0 1.19141 
39600 384.042 204.723 1.9255 0 0 103.586 99.9536 0 0.0913889 0.0652778 0 6086.46 -56.4398 0 1.19176 
39700 384.666 204.591 1.9288 0 0 103.649 99.8267 0 0.0866667 0.0580556 0 6102.25 -54.1838 0 1.19267 
39800 385.482 202.636 1.93725 0 0 103.653 100.045 0 0.0933333 0.0652778 0 6118.97 -53.399 0 1.19242 
39900 386.651 202.613 1.94108 0 0 103.604 100.125 0 0.0927778 0.0602778 0 6134.73 -50.8089 0 1.19061 
40000 380.765 202.282 1.91451 0 0 103.616 100.012 0 0.0897222 0.0602778 0 6150.89 -50.8695 0 1.1898 
40100 381.652 200.832 1.91867 0 0 103.568 100.054 0 0.0911111 0.0605556 0 6166.64 -51.7601 0 1.18906 
40200 382.536 202.062 1.92435 0 0 103.437 99.6042 0 0.0941667 0.0616667 0 6182.5 -52.2025 0 1.18671 
40300 384.521 200.704 1.93534 0 0 103.6 99.6744 0 0.0961111 0.0680556 0 6198.31 -51.0606 0 1.18825 
40400 383.908 203.481 1.92454 0 0 103.684 99.8603 0 0.0861111 0.0622222 0 6214.22 -53.8586 0 1.18694 
40500 383.689 203.504 1.92302 0 0 103.606 99.9153 0 0.0791667 0.0580556 0 6230.1 -55.841 0 1.18668 
40600 384.538 204.73 1.92325 0 0 103.592 99.9433 0 0.0894444 0.0591667 0 6245.92 -55.5591 0 1.1866 
40700 385.776 202.474 1.93482 0 0 103.428 99.6839 0 0.0963889 0.0661111 0 6261.94 -56.8731 0 1.1877 
40800 384.781 202.906 1.93099 0 0 103.47 99.7856 0 0.0858333 0.0619444 0 6278.1 -56.443 0 1.18674 
40900 381.967 201.766 1.91782 0 0 103.413 99.8078 0 0.0902778 0.0644444 0 6294.02 -55.6547 0 1.18811 
41000 383.949 203.22 1.92429 0 0 103.397 99.8086 0 0.0941667 0.0694444 0 6310.5 -51.9394 0 1.18746 
41100 383.368 203.162 1.92359 0 0 103.445 99.8869 0 0.0919444 0.0630556 0 6326.85 -51.6686 0 1.18873 
41200 383.302 200.114 1.92964 0 0 103.401 99.5681 0 0.103333 0.0719444 0 6343.06 -51.4491 0 1.18851 
41300 384.582 202.111 1.92933 0 0 103.565 99.8775 0 0.0969444 0.0688889 0 6358.98 -50.6692 0 1.18753 
41400 384.072 204.059 1.92619 0 0 103.494 99.6894 0 0.0891667 0.0594444 0 6374.92 -49.1284 0 1.18709 
41500 385.959 202.347 1.93276 0 0 103.796 100.249 0 0.100833 0.0694444 0 6391.04 -50.8445 0 1.18873 
41600 384.502 201.627 1.92896 0 0 103.819 100.066 0 0.0897222 0.0655556 0 6407.6 -53.5394 0 1.18812 
41700 386.128 205.134 1.92784 0 0 103.963 100.281 0 0.0872222 0.0597222 0 6424.05 -53.0124 0 1.18886 
41800 384.15 203.917 1.9189 0 0 104.026 100.333 0 0.0941667 0.0638889 0 6440.49 -55.6848 0 1.19211 
41900 386.352 203.059 1.92856 0 0 104.184 100.422 0 0.0869444 0.0591667 0 6457.09 -56.6799 0 1.19397 
42000 387.9 202.722 1.93436 0 0 104.416 100.608 0 0.0911111 0.0619444 0 6472.71 -59.6781 0 1.19319 
42100 384.705 203.108 1.91343 0 0 104.832 100.773 0 0.0975 0.0641667 0 6489.38 -60.6865 0 1.19308 
42200 384.674 204.036 1.91033 0 0 105.07 100.804 0 0.0858333 0.0572222 0 6505.71 -61.2526 0 1.19368 
42300 388.132 204.746 1.92591 0 0 104.947 100.879 0 0.0883333 0.0591667 0 6521.17 -60.2062 0 1.19275 
42400 387.966 205.08 1.92475 0 0 104.988 100.706 0 0.0869444 0.0588889 0 6536.96 -60.9981 0 1.19321 
42500 384.677 205.906 1.90692 0 0 105.023 100.66 0 0.095 0.0638889 0 6552.8 -59.9439 0 1.1939 
42600 383.983 203.74 1.91117 0 0 104.798 100.541 0 0.0975 0.0594444 0 6568.65 -60.5189 0 1.19417 
42700 380.536 203.295 1.89504 0 0 104.693 100.455 0 0.0766667 0.0486111 0 6584.63 -60.2235 0 1.19266 
42800 383.739 205.269 1.90786 0 0 104.684 100.454 0 0.0916667 0.0616667 0 6601.59 -55.4744 0 1.18994 
42900 386.488 204.703 1.91879 0 0 104.991 100.906 0 0.0944444 0.0663889 0 6618.73 -57.334 0 1.18805 
43000 386.168 204.752 1.91808 0 0 104.969 100.783 0 0.0863889 0.0594444 0 6634.39 -55.808 0 1.18747 
43100 387.859 202.492 1.93246 0 0 105.096 101.109 0 0.0911111 0.0636111 0 6651.26 -53.6531 0 1.18847 
43200 387.887 205.983 1.92956 0 0 104.734 101.094 0 0.0883333 0.0555556 0 6668.07 -54.5029 0 1.19024 
43300 388.328 204.623 1.93478 0 0 104.977 101.352 0 0.100556 0.0675 0 6685.09 -54.4586 0 1.19214 
43400 385.547 203.722 1.92849 0 0 104.889 101.14 0 0.0913889 0.0647222 0 6701.93 -52.565 0 1.1939 
43500 388.489 203.931 1.94229 0 0 104.943 101.264 0 0.0769444 0.0525 0 6718.17 -56.1319 0 1.19812 
43600 387.754 203.95 1.93598 0 0 105.031 101.348 0 0.0908333 0.0638889 0 6734.8 -57.2078 0 1.19997 
43700 388.929 203.742 1.94091 0 0 105.161 101.489 0 0.0963889 0.065 0 6751.69 -58.5648 0 1.2011 
43800 386.378 205.394 1.92161 0 0 105.464 101.794 0 0.0813889 0.0555556 0 6768.08 -58.1856 0 1.20321 
43900 390.504 206.158 1.94017 0 0 105.508 101.772 0 0.0977778 0.0661111 0 6785.33 -59.9975 0 1.20374 
44000 390.729 204.098 1.94632 0 0 105.662 101.861 0 0.0961111 0.0638889 0 6802.08 -62.9078 0 1.20332 
44100 390.001 204.221 1.93982 0 0 105.782 101.768 0 0.0941667 0.0641667 0 6818.36 -65.4506 0 1.20428 
44200 390.799 204.798 1.93823 0 0 105.897 101.814 0 0.100278 0.0694444 0 6834.29 -65.2807 0 1.20368 
44300 387.731 206.099 1.91849 0 0 106.237 102.014 0 0.0922222 0.0608333 0 6850.23 -63.974 0 1.20345 
44400 387.864 206.842 1.91369 0 0 106.639 101.971 0 0.107222 0.075 0 6866.19 -62.6605 0 1.20098 
44500 387.463 210.697 1.90618 0 0 106.276 101.79 0 0.0877778 0.0616667 0 6882.44 -61.0002 0 1.1968 
44600 390.225 207.039 1.92603 0 0 106.225 101.941 0 0.0875 0.0622222 0 6898.68 -61.0633 0 1.19406 
44700 390.252 205.257 1.93688 0 0 105.956 101.993 0 0.0872222 0.0613889 0 6915.22 -65.5202 0 1.19508 
44800 391.475 207.928 1.9316 0 0 106.156 102.238 0 0.0927778 0.0580556 0 6931.15 -69.2588 0 1.19397 
44900 390.192 207.442 1.92472 0 0 106.365 102.232 0 0.105 0.0716667 0 6946.82 -69.2065 0 1.19576 
45000 390.216 206.988 1.92706 0 0 106.089 102.347 0 0.0866667 0.0588889 0 6963.01 -70.0413 0 1.19792 
45100 392.74 206.976 1.94523 0 0 105.916 102.209 0 0.0908333 0.0633333 0 6978.87 -71.6536 0 1.19903 
45200 390.659 205.87 1.93695 0 0 106.074 102.186 0 0.0919444 0.0608333 0 6995.31 -69.3637 0 1.19939 
45300 386.695 209.686 1.90629 0 0 105.942 102.385 0 0.0936111 0.0638889 0 7011.4 -65.6964 0 1.20024 
45400 393.899 206.007 1.95183 0 0 105.785 102.3 0 0.0952778 0.0622222 0 7027.45 -63.8074 0 1.19964 
45500 392.762 206.432 1.94548 0 0 105.852 102.364 0 0.0902778 0.0627778 0 7044.24 -58.0513 0 1.2014 
45600 391.736 206.076 1.94143 0 0 105.885 102.521 0 0.0969444 0.07 0 7060.47 -58.0101 0 1.20259 
45700 395.477 206.136 1.95575 0 0 106.091 102.569 0 0.0875 0.0552778 0 7076.33 -58.0887 0 1.20286 
45800 389.814 207.18 1.93106 0 0 105.832 102.21 0 0.104444 0.0727778 0 7092.01 -58.1408 0 1.20272 
45900 389.609 207.302 1.92918 0 0 105.903 102.485 0 0.0863889 0.0533333 0 7107.95 -56.7716 0 1.2049 
46000 393.149 206.419 1.95148 0 0 105.927 102.449 0 0.101944 0.0630556 0 7124.15 -55.2285 0 1.20408 
46100 391.872 207.537 1.93855 0 0 106.114 102.454 0 0.0925 0.0633333 0 7139.84 -54.1168 0 1.20317 
46200 390.695 204.69 1.94152 0 0 105.875 102.174 0 0.085 0.06 0 7155.93 -53.3426 0 1.20042 
46300 391.726 204.512 1.94632 0 0 106.256 102.34 0 0.0872222 0.0588889 0 7171.97 -52.4747 0 1.20171 
46400 390.522 206.997 1.93753 0 0 106.13 102.571 0 0.0927778 0.0647222 0 7187.96 -51.969 0 1.2014 
46500 393.186 205.064 1.95488 0 0 105.871 102.341 0 0.0883333 0.0572222 0 7204.06 -49.1171 0 1.20138 
46600 390.708 205.998 1.94227 0 0 105.723 102.263 0 0.0933333 0.0616667 0 7220.3 -47.9943 0 1.20253 
46700 395.31 206.032 1.9634 0 0 106.034 102.668 0 0.0797222 0.0525 0 7236.46 -47.4705 0 1.20572 
46800 392.753 205.714 1.94912 0 0 106.071 102.547 0 0.0969444 0.0663889 0 7252.36 -45.8146 0 1.20452 
46900 392.636 205.92 1.95251 0 0 105.924 102.394 0 0.0905556 0.0622222 0 7268.47 -46.3604 0 1.20413 
47000 392.524 205.516 1.95309 0 0 105.903 102.32 0 0.0927778 0.0675 0 7284.44 -47.7415 0 1.20322 
47100 394.177 203.638 1.9628 0 0 105.867 102.332 0 0.103056 0.0722222 0 7300.41 -47.8962 0 1.20279 
47200 393.524 203.624 1.9585 0 0 105.68 101.996 0 0.0841667 0.0588889 0 7316.14 -47.0663 0 1.20044 
47300 392.013 204.852 1.949 0 0 105.874 102.353 0 0.0972222 0.0697222 0 7332.53 -50.2535 0 1.20061 
47400 392.597 206.105 1.94777 0 0 105.8 102.304 0 0.0808333 0.0558333 0 7348.93 -47.7831 0 1.20099 
47500 393.581 203.64 1.95748 0 0 106.031 102.516 0 0.0922222 0.0611111 0 7365.12 -48.9797 0 1.20057 
47600 394.126 204.079 1.96283 0 0 105.871 102.237 0 0.0838889 0.0541667 0 7381.5 -47.5856 0 1.20069 
47700 392.714 205.528 1.95125 0 0 106.032 102.345 0 0.0891667 0.0647222 0 7397.31 -47.6079 0 1.20208 
47800 389.086 204.138 1.9389 0 0 105.842 102.239 0 0.0919444 0.0652778 0 7413.31 -49.2134 0 1.2009 
47900 391.27 206.242 1.94714 0 0 105.728 102.005 0 0.101389 0.0758333 0 7429.19 -49.1524 0 1.19995 
48000 391.575 204.346 1.9549 0 0 105.767 102.028 0 0.0861111 0.0630556 0 7445.1 -47.8352 0 1.20181 
48100 389.674 205.323 1.94126 0 0 105.698 101.91 0 0.103889 0.0716667 0 7461.2 -47.3155 0 1.2006 
48200 387.766 206.916 1.93091 0 0 105.726 101.904 0 0.09 0.0613889 0 7477.26 -46.3169 0 1.19904 
48300 390.613 204.928 1.9518 0 0 105.683 101.734 0 0.0880556 0.0583333 0 7493.38 -47.2558 0 1.20003 
48400 392.475 206.116 1.95384 0 0 105.741 101.885 0 0.0977778 0.0669444 0 7509.8 -43.2763 0 1.19967 
48500 389.427 206.285 1.94358 0 0 105.734 101.912 0 0.0977778 0.0663889 0 7526.01 -47.6005 0 1.19806 
48600 392.749 203.923 1.96223 0 0 105.823 102.056 0 0.0833333 0.0586111 0 7541.86 -47.7089 0 1.19803 
48700 390.23 204.825 1.94588 0 0 105.66 101.87 0 0.103333 0.0716667 0 7557.6 -50.0261 0 1.20041 
48800 389.491 203.251 1.94793 0 0 105.659 101.743 0 0.0966667 0.0633333 0 7573.99 -50.8184 0 1.19973 
48900 390.441 204.472 1.95218 0 0 105.784 101.913 0 0.0875 0.0622222 0 7590.57 -52.5875 0 1.20161 
49000 392.081 204.489 1.96188 0 0 105.604 101.505 0 0.0925 0.0616667 0 7606.52 -53.957 0 1.20267 
49100 388.133 205.352 1.93642 0 0 105.792 101.763 0 0.0947222 0.0638889 0 7622.45 -53.9147 0 1.20343 
49200 389.577 206.065 1.94098 0 0 105.716 101.572 0 0.0777778 0.0522222 0 7638.58 -53.1992 0 1.2013 
49300 389.314 203.474 1.94649 0 0 105.772 101.688 0 0.0838889 0.0594444 0 7655.01 -55.7721 0 1.20361 
49400 390.673 206.022 1.94724 0 0 105.698 101.812 0 0.0844444 0.0536111 0 7671.19 -55.9728 0 1.20102 
49500 392.174 203.253 1.96487 0 0 105.494 101.636 0 0.0963889 0.0688889 0 7687.58 -56.4606 0 1.20174 
49600 391.133 204.248 1.95493 0 0 105.728 101.909 0 0.0869444 0.0591667 0 7703.32 -54.7805 0 1.20207 
49700 389.739 205.537 1.94564 0 0 105.793 101.9 0 0.0913889 0.0622222 0 7719.62 -56.6008 0 1.20377 
49800 389.002 202.332 1.94677 0 0 105.93 101.889 0 0.0897222 0.0608333 0 7735.5 -57.1787 0 1.20313 
49900 390.913 203.927 1.95346 0 0 105.887 101.976 0 0.09 0.0641667 0 7751.33 -58.4111 0 1.20567 
50000 392.02 204.67 1.95652 0 0 105.769 102.057 0 0.0913889 0.0622222 0 7767.75 -61.3297 0 1.20745 
