# Avida Dominant Data
# Fri Jun 15 12:58:46 2018
#  1: Update
#  2: Average Merit of the Dominant Genotype
#  3: Average Gestation Time of the Dominant Genotype
#  4: Average Fitness of the Dominant Genotype
#  5: Repro Rate?
#  6: Size of Dominant Genotype
#  7: Copied Size of Dominant Genotype
#  8: Executed Size of Dominant Genotype
#  9: Abundance of Dominant Genotype
# 10: Number of Births
# 11: Number of Dominant Breed True?
# 12: Dominant Gene Depth
# 13: Dominant Breed In
# 14: Max Fitness?
# 15: Genotype ID of Dominant Genotype
# 16: Name of the Dominant Genotype

0 0 0 0 0 100 0 0 1 0 0 0 0 2.22507e-308 1 100-aaaaa 
100 97 389 0.249357 0.00257069 100 100 0 39 0 0 0 0 0.249357 1 100-aaaaa 
200 97 389 0.249357 0.00257069 100 100.001 0 908 35 23 0 0 0.249357 1 100-aaaaa 
300 97 389 0.249357 0.00257069 100 100.001 0 341 36 25 0 0 0.249357 1 100-aaaaa 
400 97 389 0.249357 0.00257069 100 100.001 0 121 7 4 0 0 0.249357 1 100-aaaaa 
500 97 389 0.249357 0.00257069 100 100.001 0 37 1 0 0 0 0.249357 1 100-aaaaa 
600 99 393 0.251908 0.00254453 102 101.964 0 18 0 0 4 0 0.251908 13996 102-aaadk 
700 98 391 0.250639 0.00255754 101 100.981 0 17 1 0 2 0 0.250639 1085 101-aaacy 
800 96 384 0.25 0.00260417 100 100 0 17 3 3 7 0 0.25 26279 100-aacgp 
900 93 371 0.250674 0.00269542 97 97.1579 0 21 2 2 9 0 0.250674 32391 097-aaace 
1000 97 386 0.251295 0.00259067 100 100 0 14 0 0 5 0 0.251295 35669 100-aacrp 
1100 97 387 0.250646 0.00258398 100 100 0 18 0 0 5 0 0.250646 42258 100-aacya 
1200 98 384 0.255208 0.00260417 101 101 0 14 1 1 10 0 0.255208 51059 101-aabuq 
1300 90 354 0.254237 0.00282486 94 94 0 24 1 1 20 0 0.254237 57901 094-aaaal 
1400 97 383 0.253264 0.00261097 100 100 0 15 0 0 9 0 0.253264 57563 100-aadmy 
1500 97 379 0.255937 0.00263852 100 100.067 0 18 3 2 11 0 0.255937 72491 100-aaeba 
1600 95 372 0.255376 0.00268817 98 98.0517 0 20 1 1 18 0 0.255376 81120 098-aabjp 
1700 98 383 0.255875 0.00261097 101 101 0 14 0 0 14 0 0.255875 82681 101-aacqf 
1800 94 276 0.34058 0.00362319 97 97 0 33 3 2 15 0 0.34058 90465 097-aaanz 
1900 94 276 0.34058 0.00362319 97 97 0 47 0 0 15 0 0.34058 90465 097-aaanz 
2000 94 276 0.34058 0.00362319 97 97 0 54 7 2 15 0 0.34058 90465 097-aaanz 
2100 95 275 0.345455 0.00363636 98 98 0 32 4 3 17 0 0.345455 105435 098-aabxe 
2200 95 275 0.345455 0.00363636 98 98 0 34 1 0 17 0 0.345455 105435 098-aabxe 
2300 95 274 0.346715 0.00364964 98 98 0 24 0 0 17 0 0.346715 123618 098-aactv 
2400 93 272 0.341912 0.00367647 97 97 0 26 3 3 19 0 0.341912 124759 097-aabsf 
2500 94 271 0.346863 0.00369004 98 98 0 26 9 5 23 0 0.346863 123136 098-aacrt 
2600 94 270 0.348148 0.0037037 98 98 0 26 6 5 24 0 0.348148 136189 098-aadrr 
2700 95 242 0.392562 0.00413223 98 98 0 20 0 0 24 0 0.392562 150609 098-aaety 
2800 95 240 0.395833 0.00416667 98 98 0 23 0 0 24 0 0.395833 149128 098-aaerz 
2900 95 240 0.395833 0.00416667 98 98 0 28 0 0 25 0 0.395833 150896 098-aaexu 
3000 95 240 0.395833 0.00416667 98 98 0 24 2 2 25 0 0.395833 177856 098-aahmb 
3100 94 239 0.393305 0.0041841 98 98 0 26 3 1 27 0 0.393305 177670 098-aahlm 
3200 94 239 0.393305 0.0041841 98 98 0 35 3 2 27 0 0.393305 177670 098-aahlm 
3300 95 237 0.400844 0.00421941 98 98 0 22 2 2 30 0 0.400844 194176 098-aajrz 
3400 95 237 0.400844 0.00421941 98 98 0 32 7 6 31 0 0.400844 202653 098-aakte 
3500 96 237 0.405063 0.00421941 99 99 0 23 2 1 31 0 0.405063 208585 099-aaeuk 
3600 95 219 0.43379 0.00456621 99 99 0 23 5 4 43 0 0.43379 227168 099-aaeya 
3700 95 237 0.400844 0.00421941 98 98 0 22 3 2 32 0 0.400844 209834 098-aalub 
3800 95 236 0.402542 0.00423729 98 98 0 28 2 2 38 0 0.402542 234751 098-aapdf 
3900 95 219 0.43379 0.00456621 99 99 0 29 3 2 43 0 0.43379 227168 099-aaeya 
4000 93 236 0.394068 0.00423729 98 98 0 22 4 3 30 0 0.394068 222994 098-aanne 
4100 95 219 0.43379 0.00456621 99 99 0 19 2 2 46 0 0.43379 247760 099-aaffx 
4200 92 215 0.427907 0.00465116 99 99 0 26 5 3 47 0 0.427907 267685 099-aaftx 
4300 93 215 0.432558 0.00465116 99 99 0 21 4 2 42 0 0.432558 274790 099-aagdi 
4400 94 213 0.441315 0.00469484 99 99 0 20 2 2 44 0 0.441315 283467 099-aagur 
4500 92 211 0.436019 0.00473934 99 99 0 30 2 1 49 0 0.436019 304967 099-aaiyu 
4600 95 219 0.43379 0.00456621 99 99 0 24 0 0 51 0 0.43379 307148 099-aajeu 
4700 95 213 0.446009 0.00469484 99 99 0 21 4 2 56 0 0.446009 329282 099-aamdo 
4800 95 212 0.448113 0.00471698 99 99 0 17 2 2 53 0 0.448113 325710 099-aamaz 
4900 94 215 0.437209 0.00465116 99 99 0 20 0 0 51 0 0.437209 339069 099-aantr 
5000 94 216 0.435185 0.00462963 99 99 0 24 4 2 57 0 0.435185 340828 099-aanqg 
5100 95 214 0.443925 0.0046729 99 99 0 27 7 6 48 0 0.443925 344916 099-aaoja 
5200 95 213 0.446009 0.00469484 99 99 0 39 6 4 50 0 0.446009 354510 099-aapjs 
5300 93 230 0.404348 0.00434783 98 98 0 19 0 0 59 0 0.404348 376304 098-aawlz 
5400 96 217 0.442396 0.00460829 100 100 0 22 1 1 59 0 0.442396 361946 100-aafxo 
5500 96 210 0.457143 0.0047619 99 99 0 29 1 0 52 0 0.457143 387008 099-aatop 
5600 96 214 0.448598 0.0046729 99 99 0 20 0 0 53 0 0.448598 401236 099-aavin 
5700 95 208 0.456731 0.00480769 100 100 0 19 4 3 65 0 0.456731 413589 100-aahcg 
5800 94 214 0.439252 0.0046729 99 99 0 25 0 0 55 0 0.439252 414127 099-aawsj 
5900 96 210 0.457143 0.0047619 100 100 0 23 6 5 67 0 0.457143 431787 100-aahox 
6000 90 205 0.439024 0.00487805 99 99 0 22 2 2 63 0 0.439024 435198 099-aazja 
6100 93 214 0.434579 0.0046729 99 99 0 25 2 1 61 0 0.434579 448503 099-abapw 
6200 97 219 0.442922 0.00456621 101 101 0 26 5 3 72 0 0.442922 453540 101-aadtw 
6300 94 203 0.463054 0.00492611 99 99 0 24 3 2 62 0 0.463054 465544 099-abceo 
6400 95 210 0.452381 0.0047619 100 100 0 22 6 3 66 0 0.452381 464969 100-aaitb 
6500 96 211 0.454976 0.00473934 99 99 0 29 8 3 61 0 0.454976 487193 099-abebl 
6600 96 211 0.454976 0.00473934 99 99 0 29 2 2 61 0 0.454976 487193 099-abebl 
6700 94 201 0.467662 0.00497512 99 99 0 24 6 4 66 0 0.467662 504597 099-abfek 
6800 98 215 0.455814 0.00465116 101 101 0 24 2 1 67 0 0.455814 494876 101-aaemu 
6900 94 209 0.449761 0.00478469 99 99 0 26 3 2 64 0 0.449761 520277 099-abgcb 
7000 96 215 0.446512 0.00465116 100 100 0 26 4 4 77 0 0.446512 530310 100-aamid 
7100 94 208 0.451923 0.00480769 99 99 0 36 2 1 68 0 0.451923 539667 099-abhel 
7200 95 201 0.472637 0.00497512 99 99 0 35 2 1 71 0 0.472637 552282 099-abibc 
7300 95 203 0.46798 0.00492611 99 99 0 39 2 1 71 0 0.46798 540893 099-abhgt 
7400 95 214 0.443925 0.0046729 100 100 0 19 3 3 75 0 0.443925 570930 100-aaoka 
7500 96 215 0.446512 0.00465116 101 101 0 23 7 4 82 0 0.446512 568632 101-aagzh 
7600 95 199 0.477387 0.00502513 99 99 0 26 1 1 75 0 0.477387 589615 099-abksx 
7700 95 202 0.470297 0.0049505 99 99 0 25 3 2 75 0 0.470297 594025 099-abkwz 
7800 128.529 199 0.645876 0.00502513 99 99 0 34 4 4 77 0 1.90955 608094 099-abman 
7900 123.861 199 0.622416 0.00502513 99 99 0 54 9 7 77 0 1.90955 608094 099-abman 
8000 216.213 200 1.08107 0.005 99 99 0 368 54 39 79 0 1.9 628494 099-abnth 
8100 384 202 1.90099 0.0049505 99 99 0 195 12 8 82 0 1.90099 646037 099-abplv 
8200 384 202 1.90099 0.0049505 99 99 0 121 23 14 81 0 1.90099 644788 099-abpij 
8300 384 202 1.90099 0.0049505 99 99 0 109 8 7 82 0 1.90099 646037 099-abplv 
8400 384 204 1.88235 0.00490196 99 99 0 39 4 4 84 0 1.88235 650541 099-abqco 
8500 384 202 1.90099 0.0049505 99 99 0 36 3 1 83 0 1.90099 663480 099-abrpl 
8600 384 202 1.90099 0.0049505 99 99 0 40 6 5 85 0 1.90099 670630 099-abshw 
8700 384 203 1.89163 0.00492611 99 99 0 30 7 5 85 0 1.89163 691534 099-abulr 
8800 384 202 1.90099 0.0049505 99 99 0 28 3 1 84 0 1.90099 677352 099-abszi 
8900 384 202 1.90099 0.0049505 99 99 0 29 2 2 86 0 1.90099 701845 099-abvna 
9000 384 203 1.89163 0.00492611 99 99 0 23 4 4 84 0 1.89163 693452 099-abusg 
9100 384 204 1.88235 0.00490196 99 99 0 50 9 5 87 0 1.88235 732162 099-abytl 
9200 384 201 1.91045 0.00497512 99 99 0 49 4 3 89 0 1.91045 699976 099-abvka 
9300 384 204 1.88235 0.00490196 99 99 0 34 1 1 87 0 1.88235 732162 099-abytl 
9400 384 202 1.90099 0.0049505 99 99 0 26 4 2 92 0 1.90099 766653 099-accob 
9500 384 201 1.91045 0.00497512 99 99 0 28 5 4 90 0 1.91045 736131 099-abzhk 
9600 384 201 1.91045 0.00497512 99 99 0 31 4 4 90 0 1.91045 736131 099-abzhk 
9700 380 203 1.87192 0.00492611 99 99 0 23 2 1 96 0 1.87192 798578 099-acftx 
9800 384 201 1.91045 0.00497512 99 99 0 27 1 0 93 0 1.91045 787591 099-acewk 
9900 380 201 1.89055 0.00497512 99 99 0 32 2 2 97 0 1.89055 802839 099-acggj 
10000 380 201 1.89055 0.00497512 99 99 0 29 1 1 97 0 1.89055 806916 099-acgpn 
10100 384 204 1.88235 0.00490196 99 99 0 27 2 1 100 0 1.88235 830537 099-acixa 
10200 388 207 1.8744 0.00483092 100 100 0 29 2 2 100 0 1.8744 845169 100-aaswo 
10300 376 202 1.86139 0.0049505 99 99 0 36 12 9 101 0 1.86139 849102 099-acknr 
10400 384 205 1.87317 0.00487805 100 100 0 28 2 2 96 0 1.87317 847637 100-aasyp 
10500 380 201 1.89055 0.00497512 99 99 0 35 5 4 95 0 1.89055 878543 099-acmpc 
10600 384 204 1.88235 0.00490196 100 100 0 33 6 5 101 0 1.88235 877612 100-aatwu 
10700 388 204 1.90196 0.00490196 100 100 0 31 4 3 98 0 1.90196 876421 100-aatvj 
10800 376 201 1.87065 0.00497512 99 99 0 36 2 2 98 0 1.87065 897338 099-acoan 
10900 384 200 1.92 0.005 99 99 0 29 1 0 99 0 1.92 901946 099-acokk 
11000 384 200 1.92 0.005 100 100 0 31 0 0 105 0 1.92 894983 100-aaumb 
11100 380 200 1.9 0.005 99 99 0 35 5 4 97 0 1.9 915547 099-acpig 
11200 384 202 1.90099 0.0049505 99 99 0 25 1 1 104 0 1.90099 902301 099-acojl 
11300 392 207 1.89372 0.00483092 101 101 0 32 3 3 117 0 1.89372 947812 101-aaimd 
11400 380 202 1.88119 0.0049505 99 99 0 37 3 2 107 0 1.88119 922247 099-acpsq 
11500 388 204 1.90196 0.00490196 100 100 0 35 7 5 118 0 1.90196 951463 100-aawqh 
11600 388 203 1.91133 0.00492611 100 100 0 34 4 2 101 0 1.91133 973869 100-aaxrw 
11700 384 200 1.92 0.005 100 100 0 34 4 4 112 0 1.92 984755 100-aayfw 
11800 384 200 1.92 0.005 100 100 0 39 4 1 112 0 1.92 984755 100-aayfw 
11900 384 200 1.92 0.005 100 100 0 42 4 2 112 0 1.92 984755 100-aayfw 
12000 388 204 1.90196 0.00490196 100 100 0 33 4 3 112 0 1.90196 960342 100-aaxal 
12100 380 196 1.93878 0.00510204 100 100 0 20 2 1 109 0 1.93878 1011565 100-aazum 
12200 384 203 1.89163 0.00492611 100 100 0 32 4 3 117 0 1.89163 1028250 100-abauy 
12300 384 203 1.89163 0.00492611 100 100 0 36 5 5 117 0 1.89163 1028250 100-abauy 
12400 384 200 1.92 0.005 100 100 0 29 6 3 118 0 1.92 1028882 100-abawe 
12500 388 200 1.94 0.005 101 101 0 36 8 6 118 0 1.94 1054344 101-aajid 
12600 384 198 1.93939 0.00505051 100 100 0 54 7 5 118 0 1.93939 1059115 100-abdar 
12700 384 202 1.90099 0.0049505 99 99 0 29 1 1 111 0 1.90099 1070199 099-acwrf 
12800 384 198 1.93939 0.00505051 100 100 0 39 10 7 118 0 1.93939 1059115 100-abdar 
12900 388 200 1.94 0.005 101 101 0 43 3 3 120 0 1.94 1092620 101-aajvj 
13000 384 202 1.90099 0.0049505 99 99 0 30 5 2 112 0 1.90099 1088230 099-acxap 
13100 384 202 1.90099 0.0049505 99 99 0 24 1 1 112 0 1.90099 1088230 099-acxap 
13200 388 200 1.94 0.005 101 101 0 22 3 2 124 0 1.94 1131991 101-aakmm 
13300 380 197 1.92893 0.00507614 100 100 0 29 2 1 119 0 1.92893 1121207 100-abhsd 
13400 388 197 1.96954 0.00507614 100 100 0 33 5 4 113 0 1.96954 1114911 100-abgzq 
13500 384 200 1.92 0.005 100 100 0 40 6 6 124 0 1.92 1126597 100-abiac 
13600 388 200 1.94 0.005 100 100 0 26 2 2 116 0 1.94 1169248 100-ablfl 
13700 388 200 1.94 0.005 100 100 0 29 5 5 116 0 1.94 1169248 100-ablfl 
13800 388 197 1.96954 0.00507614 100 100 0 31 4 3 118 0 1.96954 1168715 100-ablfi 
13900 388 198 1.9596 0.00505051 100 100 0 24 6 4 122 0 1.9596 1192927 100-abnfz 
14000 384 195 1.96923 0.00512821 100 100 0 28 3 1 125 0 1.96923 1215204 100-abpey 
14100 384 194 1.97938 0.00515464 100 100 0 23 4 4 122 0 1.97938 1221818 100-abpxb 
14200 380 199 1.90955 0.00502513 100 100 0 25 6 5 143 0 1.90955 1228186 100-abqlj 
14300 388 199 1.94975 0.00502513 101 101 0 31 8 6 132 0 1.94975 1238591 101-aalpc 
14400 388 200 1.94 0.005 100 100 0 33 7 6 121 0 1.94 1247578 100-absfy 
14500 380 196 1.93878 0.00510204 100 100 0 41 9 7 123 0 1.93878 1256307 100-absyd 
14600 388 198 1.9596 0.00505051 101 100.999 0 43 5 3 125 0 1.9596 1249658 101-aalsg 
14700 384 196 1.95918 0.00510204 100 100 0 36 5 5 126 0 1.95918 1262601 100-abtoz 
14800 384 196 1.95918 0.00510204 100 100 0 40 2 2 126 0 1.95918 1262601 100-abtoz 
14900 388 199 1.94975 0.00502513 101 101 0 30 2 2 131 0 1.94975 1302200 101-aamna 
15000 388 198 1.9596 0.00505051 100 100 0 29 4 3 119 0 1.9596 1312535 100-abxss 
15100 388 197 1.96954 0.00507614 100 100 0 20 7 4 124 0 1.96954 1299199 100-abwsz 
15200 388 198 1.9596 0.00505051 100 100 0 25 5 5 129 0 1.9596 1336089 100-abzpd 
15300 384 196 1.95918 0.00510204 100 100 0 30 1 1 120 0 1.95918 1330400 100-abzdz 
15400 388 198 1.9596 0.00505051 100 100 0 36 6 4 127 0 1.9596 1329623 100-abzdm 
15500 387.291 203.823 1.90013 0.00490624 101 101 0 28 1 1 137 0 1.90196 1341650 101-aanke 
15600 380 195 1.94872 0.00512821 100 100 0 31 4 4 135 0 1.94872 1353075 100-acazj 
15700 388 197 1.96954 0.00507614 100 100 0 33 6 4 128 0 1.96954 1360418 100-acbkt 
15800 388 197 1.96954 0.00507614 100 100 0 30 3 3 128 0 1.96954 1360418 100-acbkt 
15900 384 198 1.93939 0.00505051 100 100 0 35 0 0 129 0 1.93939 1392238 100-acdvv 
16000 384 198 1.93939 0.00505051 100 100 0 30 1 1 129 0 1.93939 1392238 100-acdvv 
16100 396 198 2 0.00505051 102 102 0 43 7 6 136 0 2 1421362 102-aactj 
16200 396 198 2 0.00505051 102 102 0 43 6 5 136 0 2 1421362 102-aactj 
16300 384 199 1.92965 0.00502513 100 100 0 26 1 1 135 0 1.92965 1440957 100-acgos 
16400 380 198 1.91919 0.00505051 101 101 0 32 2 2 138 0 1.91919 1422834 101-aaqac 
16500 384 198 1.93939 0.00505051 100 100 0 28 7 6 138 0 1.93939 1443965 100-acgyi 
16600 392 202 1.94059 0.0049505 101 101 0 36 3 3 139 0 1.94059 1451514 101-aaraf 
16700 392 202 1.94059 0.0049505 101 101 0 30 2 2 139 0 1.94059 1451514 101-aaraf 
16800 384 197 1.94924 0.00507614 100 100 0 34 4 4 138 0 1.94924 1445996 100-acgxi 
16900 384 199 1.92965 0.00502513 100 100 0 36 4 4 140 0 1.92965 1494014 100-acjtt 
17000 396 200 1.98 0.005 103 103 0 47 6 2 145 0 1.98 1502753 103-aabnz 
17100 388 200 1.94 0.005 100 100 0 29 6 3 144 0 1.94 1518136 100-aclfg 
17200 392 201 1.95025 0.00497512 101 101 0 38 4 4 144 0 1.95025 1499903 101-aasnk 
17300 380 199 1.90955 0.00502513 100 100 0 28 2 1 144 0 1.90955 1521578 100-aclhp 
17400 392 201 1.95025 0.00497512 101 101 0 36 5 4 144 0 1.95025 1499903 101-aasnk 
17500 388 200 1.94 0.005 100 100 0 25 2 2 147 0 1.94 1560397 100-acnqh 
17600 396 201 1.97015 0.00497512 103 103 0 45 8 6 149 0 1.97015 1552995 103-aaceg 
17700 396 201 1.97015 0.00497512 103 103 0 32 9 8 147 0 1.97015 1568519 103-aaclw 
17800 382.806 198 1.93336 0.00505051 100 100 0 37 3 3 148 0 1.93939 1573939 100-acolc 
17900 396 201 1.97015 0.00497512 103 103 0 30 4 3 147 0 1.97015 1568519 103-aaclw 
18000 396 201 1.97015 0.00497512 103 103 0 33 6 4 153 0 1.97015 1594284 103-aaddo 
18100 396 200 1.98 0.005 103 103 0 35 6 5 147 0 1.98 1585666 103-aacwr 
18200 396 200 1.98 0.005 103 103 0 35 1 1 148 0 1.98 1608231 103-aadow 
18300 400 202 1.9802 0.0049505 104 103.993 0 27 5 4 148 0 1.9802 1626494 104-aaalf 
18400 404 204 1.98039 0.00490196 103 103 0 28 5 4 160 0 1.98039 1646785 103-aafjc 
18500 396 200 1.98 0.005 103 103 0 56 4 3 148 0 1.98 1608231 103-aadow 
18600 400 205 1.95122 0.00487805 103 103 0 24 3 1 154 0 1.95122 1655125 103-aafxw 
18700 404 203 1.99015 0.00492611 103 103 0 50 5 3 163 0 1.99015 1655012 103-aafvn 
18800 388 201 1.93035 0.00497512 100 100 0 46 7 5 159 0 1.93035 1683885 100-acrud 
18900 396 200 1.98 0.005 103 103 0 30 3 3 151 0 1.98 1683815 103-aahmu 
19000 396 201 1.97015 0.00497512 103 103 0 26 6 5 149 0 1.97015 1685892 103-aahqi 
19100 396 200 1.98 0.005 103 103 0 31 1 1 151 0 1.98 1683815 103-aahmu 
19200 400 203 1.97044 0.00492611 104 103.997 0 35 4 3 155 0 1.97044 1704501 104-aaazr 
19300 400 203 1.97044 0.00492611 104 103.998 0 47 7 4 155 0 1.97044 1704501 104-aaazr 
19400 400 203 1.97044 0.00492611 103 103 0 26 2 2 174 0 1.97044 1733182 103-aakof 
19500 396 200 1.98 0.005 103 103.021 0 37 7 6 156 0 1.98 1752099 103-aalsb 
19600 400 203 1.97044 0.00492611 103 103 0 26 5 2 174 0 1.97044 1733182 103-aakof 
19700 400 203 1.97044 0.00492611 103 103 0 46 8 4 176 0 1.97044 1756870 103-aalyv 
19800 404 202 2 0.0049505 103 103 0 32 0 0 164 0 2 1789214 103-aaock 
19900 396 203 1.95074 0.00492611 102 102 0 25 3 3 175 0 1.95074 1794707 102-aafwo 
20000 404 205 1.97073 0.00487805 103 103 0 28 3 1 176 0 1.97073 1803520 103-aaoyh 
20100 396 203 1.95074 0.00492611 103 103 0 22 2 2 171 0 1.95074 1816430 103-aapym 
20200 404 205 1.97073 0.00487805 103 103 0 37 7 5 178 0 1.97073 1824593 103-aaqng 
20300 404 205 1.97073 0.00487805 103 103 0 39 4 3 176 0 1.97073 1803520 103-aaoyh 
20400 400 202 1.9802 0.0049505 103 103 0 33 4 3 168 0 1.9802 1842997 103-aarsp 
20500 396 201 1.97015 0.00497512 104 104 0 27 2 1 165 0 1.97015 1846634 104-aadrv 
20600 404 206 1.96117 0.00485437 103 103 0 29 3 3 179 0 1.96117 1858545 103-aasrz 
20700 400 202 1.9802 0.0049505 104 104 0 34 2 1 161 0 1.9802 1880005 104-aaenl 
20800 400 204 1.96078 0.00490196 103 103 0 30 3 2 182 0 1.96078 1844662 103-aarxb 
20900 404 205 1.97073 0.00487805 103 103 0 37 5 3 181 0 1.97073 1863718 103-aatav 
21000 404 205 1.97073 0.00487805 103 103 0 47 5 4 181 0 1.97073 1863718 103-aatav 
21100 400 200 2 0.005 103 103 0 31 4 3 159 0 2 1911800 103-aavvm 
21200 404 203 1.99015 0.00492611 103 103 0 42 2 2 179 0 1.99015 1863211 103-aaszq 
21300 408 201 2.02985 0.00497512 104 104 0 56 16 14 180 0 2.02985 1923345 104-aagie 
21400 404 204 1.98039 0.00490196 104 104 0 32 2 1 167 0 1.98039 1946234 104-aahlk 
21500 404 204 1.98039 0.00490196 104 104 0 21 7 5 167 0 1.98039 1946234 104-aahlk 
21600 404 201 2.00995 0.00497512 104 104 0 37 3 0 166 0 2.00995 1932219 104-aagru 
21700 396 201 1.97015 0.00497512 102 102 0 34 5 4 184 0 1.97015 1967856 102-aahwl 
21800 404 200 2.02 0.005 104 104 0 35 2 2 165 0 2.02 1970451 104-aaisz 
21900 404 200 2.02 0.005 104 104 0 23 0 0 165 0 2.02 1970451 104-aaisz 
22000 404 203 1.99015 0.00492611 104 103.957 0 27 4 4 186 0 1.99015 2003056 104-aakqy 
22100 400 204 1.96078 0.00490196 103 103 0 33 4 4 183 0 1.96078 1953628 103-aaxta 
22200 404.652 200.163 2.02161 0.00499595 104 104 0 31 5 1 182 0 2.02985 2013250 104-aalcd 
22300 404 202 2 0.0049505 104 104 0 28 4 3 188 0 2 2031026 104-aamgc 
22400 408 201 2.02985 0.00497512 104 104 0 32 8 7 185 0 2.02985 2016407 104-aalia 
22500 408 201 2.02985 0.00497512 104 104 0 36 4 4 185 0 2.02985 2016407 104-aalia 
22600 404 201 2.00995 0.00497512 104 104 0 41 1 1 175 0 2.00995 2051864 104-aannx 
22700 408 207 1.97101 0.00483092 104 104 0 26 5 4 189 0 1.97101 2079285 104-aaplc 
22800 400 204 1.96078 0.00490196 104 104 0 22 3 3 183 0 1.96078 2088685 104-aapxe 
22900 400 206 1.94175 0.00485437 103 103 0 34 1 1 198 0 1.94175 2088401 103-abcma 
23000 406.143 200.536 2.02528 0.00498667 104 104 0 29 1 1 184 0 2.02985 2094644 104-aaqjr 
23100 408 202 2.0198 0.0049505 104 104 0 27 0 0 189 0 2.0198 2087048 104-aapua 
23200 406.034 200.508 2.02501 0.00498735 104 104 0 37 3 3 184 0 2.02985 2094644 104-aaqjr 
23300 408 200 2.04 0.005 104 104 0 33 1 0 190 0 2.04 2123885 104-aaskh 
23400 408 200 2.04 0.005 104 104 0 46 4 3 190 0 2.04 2123885 104-aaskh 
23500 408 201 2.02985 0.00497512 104 104 0 42 12 6 191 0 2.02985 2134110 104-aates 
23600 406.066 200.516 2.02509 0.00498715 104 104 0 25 1 1 184 0 2.02985 2094644 104-aaqjr 
23700 408 200 2.04 0.005 104 104 0 46 3 2 190 0 2.04 2123885 104-aaskh 
23800 404 201 2.00995 0.00497512 104 104 0 29 5 2 193 0 2.00995 2151107 104-aautq 
23900 404 201 2.00995 0.00497512 104 104 0 39 4 4 195 0 2.00995 2178872 104-aawme 
24000 408 202 2.0198 0.0049505 104 104 0 36 4 3 195 0 2.0198 2192071 104-aaxjo 
24100 408 202 2.0198 0.0049505 104 104 0 32 6 4 195 0 2.0198 2192071 104-aaxjo 
24200 404 202 2 0.0049505 104 104 0 29 6 3 197 0 2 2211984 104-aayyl 
24300 404 201 2.00995 0.00497512 104 104 0 29 6 5 193 0 2.00995 2216825 104-aazjk 
24400 404 200 2.02 0.005 104 104 0 26 10 7 196 0 2.02 2248395 104-abbst 
24500 404 202 2 0.0049505 103 103 0 21 5 5 201 0 2 2249004 103-abgff 
24600 401.836 200.459 2.00457 0.00498858 103 103 0 22 4 3 201 0 2.00995 2267952 103-abgly 
24700 408 204 2 0.00490196 104 104 0 22 4 3 204 0 2 2276982 104-abdub 
24800 400 200 2 0.005 103 103 0 30 0 0 211 0 2 2288323 103-abgwb 
24900 404 201 2.00995 0.00497512 104 104 0 26 2 2 199 0 2.00995 2278098 104-abdwg 
25000 404 202 2 0.0049505 104 104 0 26 4 3 192 0 2 2279054 104-abeap 
25100 408 205 1.99024 0.00487805 105 105 0 32 3 2 202 0 1.99024 2297173 105-aablz 
25200 404 203 1.99015 0.00492611 104 104 0 30 2 0 201 0 1.99015 2326927 104-abhhd 
25300 415.273 206.818 2.00791 0.00483518 106 106 0 26 1 0 211 0 2.00966 2339931 106-aaaic 
25400 415.349 206.837 2.00809 0.00483474 106 106 0 24 9 7 211 0 2.00966 2339931 106-aaaic 
25500 400 200 2 0.005 103 103 0 23 7 7 216 0 2 2349307 103-abhxc 
25600 400 196 2.04082 0.00510204 104 104 0 26 4 3 210 0 2.04082 2352708 104-abiwt 
25700 408 203 2.00985 0.00492611 105 105 0 44 5 4 209 0 2.00985 2372284 105-aackf 
25800 400 200 2 0.005 103 103 0 33 1 1 216 0 2 2349307 103-abhxc 
25900 404.611 201.153 2.01146 0.00497136 104 104 0 31 3 3 206 0 2.0198 2401651 104-ablsz 
26000 404 202 2 0.0049505 104 104 0 29 2 2 195 0 2 2404626 104-ablws 
26100 415.855 209.964 1.9806 0.00476273 106 106 0 38 2 2 223 0 1.98095 2408053 106-aaaue 
26200 404 200 2.02 0.005 103 103 0 33 3 3 217 0 2.02 2439219 103-abjtb 
26300 404 202 2 0.0049505 104 104 0 31 3 2 195 0 2 2404626 104-ablws 
26400 404 203 1.99015 0.00492611 104 104 0 24 0 0 231 0 1.99015 2450285 104-aboln 
26500 400 197 2.03046 0.00507614 104 104 0 36 3 2 217 0 2.03046 2453789 104-aboqk 
26600 400 200 2 0.005 104 104 0 31 5 3 214 0 2 2439915 104-abnue 
26700 412 207 1.99034 0.00483092 105 105 0 32 3 3 206 0 1.99034 2462978 105-aaduf 
26800 404 200 2.02 0.005 104 104 0 34 3 3 221 0 2.02 2488042 104-abqum 
26900 400 200 2 0.005 103 103 0 25 2 2 229 0 2 2503642 103-abkyd 
27000 404 202 2 0.0049505 104 104 0 27 3 2 211 0 2 2431035 104-abnie 
27100 404 202 2 0.0049505 104 104 0 32 7 4 211 0 2 2431035 104-abnie 
27200 400 196 2.04082 0.00510204 104 104 0 36 5 3 221 0 2.04082 2521000 104-abstv 
27300 408 200 2.04 0.005 104 104 0 25 6 4 215 0 2.04 2516475 104-absmn 
27400 404 200 2.02 0.005 103 103 0 27 5 3 239 0 2.02 2543659 103-ablom 
27500 404 215 1.87907 0.00465116 111 111 0 29 3 2 221 0 1.87907 2559363 111-aaapr 
27600 400 198 2.0202 0.00505051 104 104 0 43 5 5 224 0 2.0202 2568152 104-abwaj 
27700 408 200 2.04 0.005 104 104 0 29 9 7 232 0 2.04 2583093 104-abwzh 
27800 404 199 2.03015 0.00502513 104 104 0 59 7 7 231 0 2.03015 2575075 104-abwkn 
27900 400 196 2.04082 0.00510204 104 104 0 32 5 4 232 0 2.04082 2596960 104-abxzx 
28000 404 201 2.00995 0.00497512 103 103 0 31 7 4 222 0 2.00995 2449057 103-abjxx 
28100 400 193 2.07254 0.00518135 104 104 0 29 7 5 230 0 2.07254 2615369 104-abzld 
28200 400 196 2.04082 0.00510204 104 104 0 41 11 7 231 0 2.04082 2640842 104-acbjq 
28300 408 201 2.02985 0.00497512 104 104 0 41 5 5 220 0 2.02985 2640600 104-acbql 
28400 404 201 2.00995 0.00497512 104 104 0 31 3 2 235 0 2.00995 2645331 104-acbve 
28500 396 195 2.03077 0.00512821 104 104 0 30 4 2 231 0 2.03077 2659546 104-accyq 
28600 400 196 2.04082 0.00510204 104 104 0 38 6 4 237 0 2.04082 2640338 104-acbif 
28700 400 196 2.04082 0.00510204 104 104 0 29 6 6 237 0 2.04082 2640338 104-acbif 
28800 396 194 2.04124 0.00515464 104 104 0 30 2 2 231 0 2.04124 2694166 104-acfxf 
28900 396 199 1.98995 0.00502513 103 103 0 36 6 3 240 0 1.98995 2698434 103-abnji 
29000 392 200 1.96 0.005 103 103 0 23 1 1 239 0 1.96 2719896 103-abnmf 
29100 408 199 2.05025 0.00502513 104 104 0 28 6 6 244 0 2.05025 2729964 104-acixi 
29200 407.279 195.82 2.07986 0.00510676 104 104 0 60 8 6 243 0 2.08163 2717119 104-aciag 
29300 404 195 2.07179 0.00512821 104 104 0 32 5 3 240 0 2.07179 2734014 104-acjbw 
29400 407.279 195.82 2.07986 0.00510675 104 104 0 35 5 5 243 0 2.08163 2717119 104-aciag 
29500 400 194 2.06186 0.00515464 104 104 0 41 6 4 244 0 2.06186 2768408 104-acmbd 
29600 400 194 2.06186 0.00515464 104 104 0 34 2 1 237 0 2.06186 2770051 104-acmao 
29700 408 197 2.07107 0.00507614 104 104 0 27 5 3 246 0 2.07107 2777189 104-acmxz 
29800 404 199 2.03015 0.00502513 104 104 0 29 4 2 248 0 2.03015 2801275 104-aconq 
29900 402.736 195.684 2.05808 0.00511031 104 104 0 32 10 3 242 0 2.06122 2786088 104-acnjh 
30000 400 194 2.06186 0.00515464 104 104 0 32 5 4 240 0 2.06186 2813600 104-acpnw 
30100 400 194 2.06186 0.00515464 104 104 0 50 10 5 240 0 2.06186 2813600 104-acpnw 
30200 408 200 2.04 0.005 104 104 0 31 5 3 246 0 2.04 2810677 104-acpiy 
30300 400 196 2.04082 0.00510204 103 103 0 24 5 5 258 0 2.04082 2854160 103-abouk 
30400 406.041 199.51 2.03518 0.00501231 105 105 0 23 5 4 252 0 2.04 2850525 105-aaihj 
30500 404 201 2.00995 0.00497512 104 104 0 34 4 3 246 0 2.00995 2832288 104-acrdv 
30600 400 196 2.04082 0.00510204 104 104 0 27 4 3 250 0 2.04082 2876490 104-acukj 
30700 404 198 2.0404 0.00505051 104 104 0 23 0 0 249 0 2.0404 2857971 104-acszr 
30800 408 197 2.07107 0.00507614 105 105 0 24 5 5 258 0 2.07107 2907229 105-aajjf 
30900 408 198 2.06061 0.00505051 104 104 0 29 2 2 254 0 2.06061 2902538 104-acwfv 
31000 408 198 2.06061 0.00505051 104 104 0 30 5 5 254 0 2.06061 2902538 104-acwfv 
31100 396 194 2.04124 0.00515464 103 103 0 32 5 3 255 0 2.04124 2923901 103-abpwd 
31200 392 193 2.03109 0.00518135 103 103 0 36 10 9 254 0 2.03109 2956247 103-abqrv 
31300 396 193 2.05181 0.00518135 104 104 0 52 14 12 250 0 2.05181 2951811 104-aczfw 
31400 396 193 2.05181 0.00518135 104 104 0 33 4 4 250 0 2.05181 2951811 104-aczfw 
31500 404 200 2.02 0.005 104 104 0 22 4 4 259 0 2.02 2973339 104-adanf 
31600 408 200 2.04 0.005 104 104 0 26 3 2 266 0 2.04 2986416 104-adbhd 
31700 400 195 2.05128 0.00512821 103 103 0 30 2 2 266 0 2.05128 2970150 103-abrde 
31800 408 199 2.05025 0.00502513 104 104 0 33 0 0 265 0 2.05025 3003017 104-adchf 
31900 400 195 2.05128 0.00512821 104 104 0 36 7 5 256 0 2.05128 3009661 104-adcqe 
32000 400 195 2.05128 0.00512821 104 104 0 39 5 4 256 0 2.05128 3009661 104-adcqe 
32100 404 197 2.05076 0.00507614 103 103 0 36 0 0 270 0 2.05076 3018462 103-abswk 
32200 404 198 2.0404 0.00505051 103 103 0 25 2 1 265 0 2.0404 3041036 103-abtsa 
32300 400 196 2.04082 0.00510204 104 104 0 35 1 1 256 0 2.04082 3043319 104-adeus 
32400 400 194 2.06186 0.00515464 104 104 0 34 0 0 261 0 2.06186 3064447 104-adggc 
32500 404 198 2.0404 0.00505051 104 104 0 35 7 5 271 0 2.0404 3067731 104-adglx 
32600 400 198 2.0202 0.00505051 103 103 0 24 3 2 279 0 2.0202 3082044 103-abuzk 
32700 400 196 2.04082 0.00510204 103 103 0 26 5 2 279 0 2.04082 3105221 103-abvqc 
32800 400 196 2.04082 0.00510204 103 103 0 44 6 3 279 0 2.04082 3105221 103-abvqc 
32900 396 194 2.04124 0.00515464 104 104 0 42 2 2 266 0 2.04124 3119580 104-adkhp 
33000 404 197 2.05076 0.00507614 103 103 0 43 2 1 275 0 2.05076 3125881 103-abwhl 
33100 404 197 2.05076 0.00507614 103 103 0 47 4 2 275 0 2.05076 3125881 103-abwhl 
33200 402.098 199.524 2.01527 0.00501195 104 104 0 32 7 5 276 0 2.02 3149065 104-admip 
33300 404 197 2.05076 0.00507614 103 103 0 23 1 1 277 0 2.05076 3157066 103-abxlc 
33400 408 202 2.0198 0.0049505 104 104 0 25 2 2 280 0 2.0198 3170665 104-adnyn 
33500 399.269 198.817 2.00821 0.00502976 104 104 0 22 4 3 282 0 2.01005 3165926 104-adnnv 
33600 404 199 2.03015 0.00502513 103 103 0 28 5 5 281 0 2.03015 3192077 103-abyqg 
33700 400 196 2.04082 0.00510204 104 104 0 34 7 3 276 0 2.04082 3185503 104-adotj 
33800 400 198 2.0202 0.00505051 103 103 0 22 5 2 285 0 2.0202 3206555 103-abzap 
33900 400 198 2.0202 0.00505051 104 104 0 30 5 3 276 0 2.0202 3208416 104-adqfc 
34000 404 198 2.0404 0.00505051 104 104 0 32 1 1 281 0 2.0404 3223696 104-adrjv 
34100 404 200 2.02 0.005 103 103 0 36 11 8 287 0 2.02 3246410 103-acabe 
34200 404 201 2.00995 0.00497512 104 104 0 28 0 0 281 0 2.00995 3254383 104-adtlr 
34300 404 201 2.00995 0.00497512 104 104 0 29 6 6 281 0 2.00995 3254383 104-adtlr 
34400 408 198 2.06061 0.00505051 104 104 0 32 4 2 274 0 2.06061 3273099 104-aduvb 
34500 396 195 2.03077 0.00512821 104 104 0 30 2 2 269 0 2.03077 3284394 104-advtc 
34600 404 200 2.02 0.005 104 104 0 28 3 2 290 0 2.02 3288614 104-adwch 
34700 396 198 2 0.00505051 104 104 0 22 1 1 291 0 2 3310212 104-adxuv 
34800 408 198 2.06061 0.00505051 104 104 0 43 7 6 274 0 2.06061 3315398 104-adygf 
34900 400 200 2 0.005 104 104 0 24 2 2 300 0 2 3295947 104-adwui 
35000 396 198 2 0.00505051 104 104 0 31 0 0 295 0 2 3334634 104-adznw 
35100 408 200 2.04 0.005 104 104 0 24 1 1 280 0 2.04 3328114 104-adzda 
35200 408 200 2.04 0.005 104 104 0 41 6 3 281 0 2.04 3343380 104-aeafg 
35300 408 200 2.04 0.005 104 104 0 37 4 2 281 0 2.04 3343380 104-aeafg 
35400 400 196 2.04082 0.00510204 104 104 0 31 0 0 292 0 2.04082 3382599 104-aedav 
35500 408 200 2.04 0.005 104 104 0 33 1 1 283 0 2.04 3363294 104-aebus 
35600 400 197 2.03046 0.00507614 104 104 0 43 11 8 279 0 2.03046 3389739 104-aedrg 
35700 396 196 2.02041 0.00510204 104 104 0 48 10 9 294 0 2.02041 3388464 104-aednl 
35800 399.303 195.826 2.03907 0.0051066 104 104 0 26 4 4 288 0 2.04082 3370923 104-aecgj 
35900 404 196 2.06122 0.00510204 104 104 0 51 4 4 298 0 2.06122 3422239 104-aegcw 
36000 396 197 2.01015 0.00507614 104 104 0 43 6 4 287 0 2.01015 3430778 104-aegwt 
36100 408 197 2.07107 0.00507614 106 106 0 34 2 2 295 0 2.07107 3441701 106-aabnx 
36200 408 197 2.07107 0.00507614 106 106 0 34 4 2 295 0 2.07107 3441701 106-aabnx 
36300 412 201 2.04975 0.00497512 105 104.998 0 21 5 2 291 0 2.04975 3444186 105-aanvq 
36400 404 199 2.03015 0.00502513 103 103 0 26 0 0 293 0 2.03015 3472216 103-aceil 
36500 400 198 2.0202 0.00505051 104 104 0 33 2 2 285 0 2.0202 3492363 104-aemae 
36600 400 198 2.0202 0.00505051 104 104 0 40 4 3 285 0 2.0202 3492363 104-aemae 
36700 400.013 196.003 2.04085 0.00510196 103 103 0 26 4 3 305 0 2.05076 3478444 103-acelf 
36800 400 199 2.01005 0.00502513 103 103 0 24 5 3 296 0 2.01005 3523795 103-acffy 
36900 400 194 2.06186 0.00515464 103 103 0 25 2 1 309 0 2.06186 3532378 103-acfit 
37000 408 198 2.06061 0.00505051 104 104 0 40 1 0 299 0 2.06061 3519204 104-aeodc 
37100 408 197 2.07107 0.00507614 104 104 0 24 2 2 299 0 2.07107 3525323 104-aeosl 
37200 408 200 2.04 0.005 104 104 0 38 5 3 308 0 2.04 3548401 104-aeqlo 
37300 404 196 2.06122 0.00510204 104 104 0 35 7 5 309 0 2.06122 3563594 104-aeruv 
37400 400 193 2.07254 0.00518135 103 103 0 37 3 3 301 0 2.07254 3574130 103-acggu 
37500 400 193 2.07254 0.00518135 103 103 0 58 10 9 301 0 2.07254 3574130 103-acggu 
37600 404 197 2.05076 0.00507614 104 104 0 26 6 4 312 0 2.05076 3578074 104-aesxq 
37700 400 193 2.07254 0.00518135 103 103 0 39 4 3 302 0 2.07254 3609017 103-acgva 
37800 404 200 2.02 0.005 104 104 0 45 3 2 300 0 2.02 3592861 104-aeuaw 
37900 404 202 2 0.0049505 104 104 0 32 2 2 303 0 2 3636853 104-aexaw 
38000 408 201 2.02985 0.00497512 105 104.981 0 26 4 3 313 0 2.02985 3631392 105-aapkr 
38100 399.265 193.816 2.06001 0.00515955 103 103 0 39 7 6 304 0 2.06186 3632442 103-achfp 
38200 404 197 2.05076 0.00507614 104 104 0 25 0 0 312 0 2.05076 3659255 104-aeyom 
38300 408 198 2.06061 0.00505051 104 104 0 24 0 0 305 0 2.06061 3653941 104-aeygb 
38400 404 198 2.0404 0.00505051 104 104 0 25 2 1 307 0 2.0404 3691172 104-afajr 
38500 404 201 2.00995 0.00497512 104 104 0 32 5 5 302 0 2.00995 3660544 104-aeyqk 
38600 404 201 2.00995 0.00497512 104 104 0 25 6 3 302 0 2.00995 3660544 104-aeyqk 
38700 412 198 2.08081 0.00505051 105 104.99 0 23 2 1 315 0 2.08081 3692564 105-aaqij 
38800 404 197 2.05076 0.00507614 104 104 0 23 4 4 320 0 2.05076 3738170 104-afdal 
38900 398.615 195.654 2.03734 0.0051111 103 103 0 21 0 0 318 0 2.04082 3728518 103-ackcv 
39000 400 195 2.05128 0.00512821 103 103 0 22 2 1 309 0 2.05128 3719639 103-acjul 
39100 392 192 2.04167 0.00520833 102 102 0 24 4 2 315 0 2.04167 3746714 102-aakbk 
39200 412 198 2.08081 0.00505051 105 105 0 28 5 3 316 0 2.08081 3770765 105-aarod 
39300 412 198 2.08081 0.00505051 105 105.003 0 36 5 4 316 0 2.08081 3770765 105-aarod 
39400 404 199 2.03015 0.00502513 104 104 0 22 5 3 322 0 2.03015 3773665 104-afero 
39500 416 205 2.02927 0.00487805 106 106 0 32 4 4 321 0 2.02927 3796865 106-aabxb 
39600 416 205 2.02927 0.00487805 106 106 0 31 7 3 321 0 2.02927 3796865 106-aabxb 
39700 412 201 2.04975 0.00497512 105 105 0 41 7 4 325 0 2.04975 3817722 105-aaswd 
39800 408 200 2.04 0.005 104 104 0 30 6 6 308 0 2.04 3822048 104-afgpm 
39900 400 196 2.04082 0.00510204 103 103 0 42 6 6 322 0 2.04082 3836217 103-acnkv 
40000 404 199 2.03015 0.00502513 104 104 0 26 0 0 328 0 2.03015 3856453 104-afhmy 
40100 396 199 1.98995 0.00502513 104 104 0 22 5 5 324 0 1.98995 3855141 104-afhlu 
40200 396 193 2.05181 0.00518135 103 103 0 33 7 6 313 0 2.05181 3845235 103-acnra 
40300 400 198 2.0202 0.00505051 103 103 0 36 1 1 323 0 2.0202 3875256 103-acorh 
40400 400 197 2.03046 0.00507614 103 103 0 27 3 2 325 0 2.03046 3869724 103-acolq 
40500 400 197 2.03046 0.00507614 103 103 0 29 0 0 323 0 2.03046 3907544 103-acpxi 
40600 396 197 2.01015 0.00507614 103 103 0 25 2 2 330 0 2.01015 3907444 103-acpxs 
40700 400 198 2.0202 0.00505051 103 103 0 35 2 1 332 0 2.0202 3906613 103-acpxb 
40800 412 202 2.0396 0.0049505 105 105 0 30 6 5 328 0 2.0396 3864140 105-aauge 
40900 402.606 196.652 2.0473 0.00508517 103 103 0 35 6 5 330 0 2.05076 3940837 103-acrif 
41000 412 198 2.08081 0.00505051 105 105 0 33 2 1 328 0 2.08081 3957236 105-aawqt 
41100 412 198 2.08081 0.00505051 105 105 0 36 6 4 328 0 2.08081 3957236 105-aawqt 
41200 408 202 2.0198 0.0049505 105 105 0 30 4 2 334 0 2.0198 3958962 105-aawrz 
41300 402.549 196.637 2.04715 0.00508553 103 103 0 36 3 3 331 0 2.05076 3974093 103-acsuf 
41400 402.579 196.645 2.04723 0.00508534 103 103 0 45 3 3 331 0 2.05076 3974093 103-acsuf 
41500 400 195 2.05128 0.00512821 103 103 0 35 3 2 325 0 2.05128 3985547 103-actcv 
41600 393.129 196.282 2.00287 0.00509473 103 103 0 30 4 2 332 0 2.01015 4005177 103-actwp 
41700 412 197 2.09137 0.00507614 105 105 0 24 1 1 333 0 2.09137 4004747 105-aaxwk 
41800 408 200 2.04 0.005 104 104 0 22 2 2 335 0 2.04 4029277 104-afmch 
41900 408 200 2.04 0.005 104 104 0 42 2 0 335 0 2.04 4029277 104-afmch 
42000 408 200 2.04 0.005 104 104 0 31 5 2 335 0 2.04 4029277 104-afmch 
42100 408 198 2.06061 0.00505051 104 104 0 35 8 4 344 0 2.06061 4065011 104-afndp 
42200 412 200 2.06 0.005 106 106 0 35 8 4 334 0 2.06 4058016 106-aacrk 
42300 391.296 192.824 2.02928 0.0051861 102 102 0 34 5 4 330 0 2.03109 4042966 102-aamvi 
42400 404 200 2.02 0.005 104 104 0 31 1 1 351 0 2.02 4099620 104-afodw 
42500 412 198 2.08081 0.00505051 105 105 0 28 4 2 344 0 2.08081 4118549 105-abaqd 
42600 406.786 195 2.08608 0.00512821 105 105 0 37 5 4 338 0 2.09231 4094950 105-aazzk 
42700 400 200 2 0.005 103 103 0 27 4 2 336 0 2 4121337 103-acxdr 
42800 403.275 199.819 2.0182 0.00500456 104 104 0 36 3 3 345 0 2.02 4121021 104-afotl 
42900 408 197 2.07107 0.00507614 105 105 0 37 4 3 343 0 2.07107 4132854 105-abbae 
43000 408 197 2.07107 0.00507614 105 105 0 25 0 0 343 0 2.07107 4132854 105-abbae 
43100 393.235 195.309 2.01339 0.00512013 102 102 0 32 6 5 341 0 2.02041 4136192 102-aanol 
43200 412 199 2.07035 0.00502513 105 105 0 32 6 5 346 0 2.07035 4181178 105-abceq 
43300 404 197 2.05076 0.00507614 103 103 0 26 3 3 335 0 2.05076 4191090 103-acypw 
43400 416 200 2.08 0.005 106 106 0 29 5 3 351 0 2.08 4185475 106-aadhl 
43500 404 197 2.05076 0.00507614 103 103 0 26 2 2 355 0 2.05076 4198785 103-acyts 
43600 416 199 2.09045 0.00502513 106 106 0 50 3 2 352 0 2.09045 4207412 106-aadoz 
43700 404 196 2.06122 0.00510204 105 105 0 29 5 2 347 0 2.06122 4236276 105-abdtb 
43800 412 199 2.07035 0.00502513 105 105 0 35 4 3 346 0 2.07035 4223886 105-abdjb 
43900 412 201 2.04975 0.00497512 105 105 0 36 3 0 350 0 2.04975 4230426 105-abdnz 
44000 404 197 2.05076 0.00507614 104 104 0 39 3 2 353 0 2.05076 4260765 104-afrlf 
44100 408 197 2.07107 0.00507614 105 105 0 40 5 4 352 0 2.07107 4262373 105-abesl 
44200 412 198 2.08081 0.00505051 105 105 0 30 3 2 364 0 2.08081 4268981 105-abeyi 
44300 416 200 2.08 0.005 106 106 0 34 2 0 349 0 2.08 4269844 106-aaffc 
44400 412 199 2.07035 0.00502513 106 106 0 37 7 4 359 0 2.07035 4290888 106-aafwq 
44500 412 200 2.06 0.005 105 105 0 35 3 2 352 0 2.06 4310164 105-abgsk 
44600 412 200 2.06 0.005 105 105 0 36 10 6 363 0 2.06 4332943 105-abhrt 
44700 408 201 2.02985 0.00497512 105 105 0 43 0 0 361 0 2.02985 4342438 105-abicy 
44800 412 200 2.06 0.005 105 105 0 30 7 4 356 0 2.06 4346002 105-abigh 
44900 412 200 2.06 0.005 105 105 0 30 6 1 364 0 2.06 4360326 105-abisu 
45000 412 197 2.09137 0.00507614 106 106 0 35 2 1 367 0 2.09137 4355614 106-aahsg 
45100 420 201 2.08955 0.00497512 107 107 0 48 7 6 368 0 2.08955 4382923 107-aaaxi 
45200 412 199 2.07035 0.00502513 105 105 0 33 6 3 371 0 2.07035 4385407 105-abjtu 
45300 420 201 2.08955 0.00497512 107 107 0 39 9 9 370 0 2.08955 4400843 107-aaayr 
45400 412 198 2.08081 0.00505051 105 105 0 28 0 0 363 0 2.08081 4405016 105-abktz 
45500 420 201 2.08955 0.00497512 107 107 0 37 8 6 370 0 2.08955 4400843 107-aaayr 
45600 420 201 2.08955 0.00497512 107 107 0 35 0 0 370 0 2.08955 4400843 107-aaayr 
45700 420 201 2.08955 0.00497512 107 107 0 28 1 1 370 0 2.08955 4400843 107-aaayr 
45800 412 196 2.10204 0.00510204 106 106 0 38 4 3 370 0 2.10204 4445258 106-aaldh 
45900 416 201 2.06965 0.00497512 106 106 0 32 5 5 370 0 2.06965 4449768 106-aaliw 
46000 412 196 2.10204 0.00510204 106 106 0 25 2 2 370 0 2.10204 4445258 106-aaldh 
46100 420 203 2.06897 0.00492611 107 107 0 37 8 5 374 0 2.06897 4474939 107-aabwk 
46200 408 201 2.02985 0.00497512 106 106 0 26 3 3 368 0 2.02985 4504142 106-aaojr 
46300 420 201 2.08955 0.00497512 107 107 0 23 0 0 381 0 2.08955 4516622 107-aaclx 
46400 420 201 2.08955 0.00497512 107 107 0 39 5 2 381 0 2.08955 4516622 107-aaclx 
46500 412 199 2.07035 0.00502513 106 106 0 27 2 1 377 0 2.07035 4510988 106-aaouz 
46600 410.829 197 2.08543 0.00507614 106 106 0 31 6 5 376 0 2.09137 4511808 106-aaowo 
46700 424 204 2.07843 0.00490196 108 107.996 0 34 1 1 387 0 2.07843 4546672 108-aabtd 
46800 424 204 2.07843 0.00490196 108 107.999 0 41 4 3 387 0 2.07843 4546672 108-aabtd 
46900 412 197 2.09137 0.00507614 106 106 0 27 1 1 378 0 2.09137 4566599 106-aaruw 
47000 412 196 2.10204 0.00510204 106 106 0 26 8 6 375 0 2.10204 4577127 106-aasij 
47100 416 202 2.05941 0.0049505 106 106 0 50 9 8 377 0 2.05941 4557041 106-aarfr 
47200 408 199 2.05025 0.00502513 106 106 0 42 11 7 387 0 2.05025 4597880 106-aatkr 
47300 412 198 2.08081 0.00505051 106 106 0 29 2 2 375 0 2.08081 4542106 106-aaqkg 
47400 412 198 2.08081 0.00505051 106 106 0 28 2 1 375 0 2.08081 4542106 106-aaqkg 
47500 412 200 2.06 0.005 106 106.001 0 33 1 1 379 0 2.06 4612667 106-aauig 
47600 412 198 2.08081 0.00505051 106 106 0 29 4 3 388 0 2.08081 4632787 106-aavjz 
47700 412 200 2.06 0.005 106 106 0 27 0 0 386 0 2.06 4624836 106-aauyv 
47800 416 201 2.06965 0.00497512 106 106 0 22 0 0 386 0 2.06965 4668191 106-aaxod 
47900 408 198 2.06061 0.00505051 105 105 0 28 11 8 383 0 2.06061 4663108 105-abqmn 
48000 410.727 197 2.08491 0.00507614 106 106 0 48 8 5 381 0 2.09137 4647641 106-aawhp 
48100 412 197 2.09137 0.00507614 106 106 0 28 9 6 379 0 2.09137 4678547 106-aayfn 
48200 404 197 2.05076 0.00507614 106 106 0 22 2 1 393 0 2.05076 4695345 106-aazip 
48300 412 198 2.08081 0.00505051 106 106 0 31 3 1 379 0 2.08081 4676432 106-aaydy 
48400 416 202 2.05941 0.0049505 107 107 0 25 3 2 393 0 2.05941 4728150 107-aagfk 
48500 412 198 2.08081 0.00505051 106 106 0 37 7 6 391 0 2.08081 4734347 106-abbvh 
48600 408 199 2.05025 0.00502513 105 105.014 0 28 1 1 394 0 2.05025 4747248 105-abshv 
48700 416 202 2.05941 0.0049505 107 107 0 30 3 2 393 0 2.05941 4728150 107-aagfk 
48800 408 196 2.08163 0.00510204 106 106 0 27 3 2 389 0 2.08163 4756026 106-abdit 
48900 408 198 2.06061 0.00505051 105 105 0 47 3 2 392 0 2.06061 4774039 105-absxk 
49000 416 202 2.05941 0.0049505 106 106 0 32 3 3 393 0 2.05941 4782776 106-abfai 
49100 416 202 2.05941 0.0049505 106 106 0 44 7 5 393 0 2.05941 4782776 106-abfai 
49200 408 203 2.00985 0.00492611 106 106 0 23 0 0 402 0 2.00985 4789692 106-abfjz 
49300 412 196 2.10204 0.00510204 106 106 0 34 2 2 389 0 2.10204 4792174 106-abfrx 
49400 412 200 2.06 0.005 106 106 0 31 1 1 393 0 2.06 4812401 106-abgzt 
49500 401.223 194 2.06816 0.00515464 106 106 0 25 2 0 400 0 2.08247 4820940 106-abhqf 
49600 412 200 2.06 0.005 106 106 0 28 3 1 395 0 2.06 4842095 106-abjff 
49700 404 198 2.0404 0.00505051 105 105 0 33 2 2 399 0 2.0404 4852624 105-abukl 
49800 412 198 2.08081 0.00505051 106 106 0 55 14 9 410 0 2.08081 4857524 106-abkjn 
49900 408 202 2.0198 0.0049505 106 106 0 38 9 7 393 0 2.0198 4874672 106-ablnk 
50000 409.399 199.35 2.05366 0.00501634 106 106 0 37 8 3 405 0 2.06 4897594 106-abmtr 
