# Avida count data
# Fri Jun 15 12:07:32 2018
#  1: update
#  2: number of insts executed this update
#  3: number of organisms
#  4: number of different genotypes
#  5: number of different threshold genotypes
#  6: (deprecated) number of different species
#  7: (deprecated) number of different threshold species
#  8: (deprecated) number of different lineages
#  9: number of births in this update
# 10: number of deaths in this update
# 11: number of breed true
# 12: number of breed true organisms?
# 13: number of no-birth organisms
# 14: number of single-threaded organisms
# 15: number of multi-threaded organisms
# 16: number of modified organisms

0 30 1 1 1 0 0 0 1 0 1 1 1 1 0 0 
100 3240 108 49 9 0 0 0 0 0 0 60 56 108 0 0 
200 108000 3600 1427 355 0 0 0 57 57 31 2472 1839 3600 0 0 
300 108000 3600 1740 583 0 0 0 171 171 110 2472 1814 3600 0 0 
400 108000 3600 1848 633 0 0 0 207 207 135 2390 1830 3600 0 0 
500 108000 3600 1891 619 0 0 0 258 258 163 2328 1873 3600 0 0 
600 108000 3600 1874 614 0 0 0 212 212 136 2313 1906 3600 0 0 
700 108000 3600 1775 601 0 0 0 232 232 163 2440 1913 3600 0 0 
800 108000 3600 1796 596 0 0 0 239 239 150 2423 1922 3600 0 0 
900 108000 3600 1839 633 0 0 0 228 228 149 2417 1954 3600 0 0 
1000 108000 3600 1814 647 0 0 0 223 223 157 2467 1905 3600 0 0 
1100 108000 3600 1777 640 0 0 0 236 236 153 2460 1904 3600 0 0 
1200 108000 3600 1777 638 0 0 0 242 242 160 2455 1903 3600 0 0 
1300 108000 3600 1798 634 0 0 0 250 250 164 2444 1937 3600 0 0 
1400 108000 3600 1832 636 0 0 0 226 226 159 2415 1878 3600 0 0 
1500 108000 3600 1728 621 0 0 0 253 253 168 2501 1913 3600 0 0 
1600 108000 3600 1818 634 0 0 0 260 260 195 2433 1926 3600 0 0 
1700 108000 3600 1755 625 0 0 0 215 215 150 2485 1911 3600 0 0 
1800 108000 3600 1767 613 0 0 0 272 272 180 2471 1928 3600 0 0 
1900 108000 3600 1834 631 0 0 0 233 233 165 2432 1917 3600 0 0 
2000 108000 3600 1758 629 0 0 0 227 227 159 2486 1927 3600 0 0 
2100 108000 3600 1772 657 0 0 0 238 238 175 2516 1925 3600 0 0 
2200 108000 3600 1721 643 0 0 0 225 225 156 2536 1926 3600 0 0 
2300 108000 3600 1800 608 0 0 0 257 257 168 2421 1922 3600 0 0 
2400 108000 3600 1585 465 0 0 0 195 195 146 2528 1912 3600 0 0 
2500 108000 3600 1654 467 0 0 0 239 239 163 2430 1922 3600 0 0 
2600 108000 3600 1607 535 0 0 0 267 267 187 2572 1874 3600 0 0 
2700 108000 3600 1696 580 0 0 0 230 230 164 2525 1898 3600 0 0 
2800 108000 3600 1746 564 0 0 0 213 213 143 2454 1911 3600 0 0 
2900 108000 3600 1704 570 0 0 0 251 251 165 2493 1902 3600 0 0 
3000 108000 3600 1694 567 0 0 0 221 221 155 2530 1923 3600 0 0 
3100 108000 3600 1648 571 0 0 0 289 289 203 2562 1879 3600 0 0 
3200 108000 3600 1738 564 0 0 0 269 269 173 2472 1902 3600 0 0 
3300 108000 3600 1672 560 0 0 0 248 248 160 2537 1883 3600 0 0 
3400 108000 3600 1696 578 0 0 0 308 308 216 2535 1919 3600 0 0 
3500 108000 3600 1535 398 0 0 0 199 199 133 2458 1943 3600 0 0 
3600 108000 3600 1470 344 0 0 0 323 323 232 2525 1915 3600 0 0 
3700 108000 3600 1395 324 0 0 0 201 201 142 2518 1921 3600 0 0 
3800 108000 3600 1280 257 0 0 0 281 281 180 2564 1934 3600 0 0 
3900 108000 3600 1398 317 0 0 0 217 217 164 2525 1886 3600 0 0 
4000 108000 3600 1443 367 0 0 0 274 274 192 2573 1931 3600 0 0 
4100 108000 3600 1544 410 0 0 0 263 263 180 2518 1917 3600 0 0 
4200 108000 3600 1381 298 0 0 0 220 220 149 2531 1938 3600 0 0 
4300 108000 3600 1428 321 0 0 0 262 262 189 2533 1915 3600 0 0 
4400 108000 3600 1495 388 0 0 0 312 312 211 2555 1928 3600 0 0 
4500 108000 3600 1495 437 0 0 0 213 213 149 2578 1908 3600 0 0 
4600 108000 3600 1518 421 0 0 0 269 269 189 2554 1927 3600 0 0 
4700 108000 3600 1546 400 0 0 0 269 269 181 2525 1905 3600 0 0 
4800 108000 3600 1514 404 0 0 0 242 242 171 2566 1913 3600 0 0 
4900 108000 3600 1528 408 0 0 0 271 271 192 2533 1889 3600 0 0 
5000 108000 3600 1593 406 0 0 0 272 272 186 2476 1934 3600 0 0 
5100 108000 3600 1537 446 0 0 0 238 238 168 2563 1913 3600 0 0 
5200 108000 3600 1594 431 0 0 0 262 262 184 2481 1902 3600 0 0 
5300 108000 3600 1528 412 0 0 0 255 255 182 2531 1914 3600 0 0 
5400 108000 3600 1552 394 0 0 0 302 302 213 2492 1931 3600 0 0 
5500 108000 3600 1572 413 0 0 0 267 267 179 2526 1941 3600 0 0 
5600 108000 3600 1539 404 0 0 0 305 305 214 2512 1922 3600 0 0 
5700 108000 3600 1541 455 0 0 0 259 259 190 2557 1924 3600 0 0 
5800 108000 3600 1543 442 0 0 0 313 313 230 2545 1944 3600 0 0 
5900 108000 3600 1578 413 0 0 0 290 290 193 2501 1927 3600 0 0 
6000 108000 3600 1520 423 0 0 0 275 275 190 2563 1911 3600 0 0 
6100 108000 3600 1578 426 0 0 0 296 296 212 2508 1945 3600 0 0 
6200 108000 3600 1568 438 0 0 0 312 312 217 2528 1908 3600 0 0 
6300 108000 3600 1523 421 0 0 0 289 289 203 2536 1923 3600 0 0 
6400 108000 3600 1576 416 0 0 0 303 303 208 2504 1938 3600 0 0 
6500 108000 3600 1529 406 0 0 0 299 299 218 2544 1955 3600 0 0 
6600 108000 3600 1532 425 0 0 0 304 304 217 2557 1909 3600 0 0 
6700 108000 3600 1535 414 0 0 0 325 325 231 2546 1924 3600 0 0 
6800 108000 3600 1545 422 0 0 0 313 313 217 2537 1926 3600 0 0 
6900 108000 3600 1580 397 0 0 0 300 300 213 2480 1916 3600 0 0 
7000 108000 3600 1546 384 0 0 0 289 289 210 2511 1958 3600 0 0 
7100 108000 3600 1566 394 0 0 0 293 293 211 2507 1943 3600 0 0 
7200 108000 3600 1573 411 0 0 0 332 332 234 2500 1948 3600 0 0 
7300 108000 3600 1527 410 0 0 0 310 310 221 2538 1931 3600 0 0 
7400 108000 3600 1536 401 0 0 0 291 291 196 2521 1906 3600 0 0 
7500 108000 3600 1553 391 0 0 0 301 301 212 2539 1949 3600 0 0 
7600 108000 3600 1557 428 0 0 0 366 366 254 2533 1911 3600 0 0 
7700 108000 3600 1559 422 0 0 0 329 329 228 2508 1917 3600 0 0 
7800 108000 3600 1506 405 0 0 0 313 313 217 2560 1930 3600 0 0 
7900 108000 3600 1588 397 0 0 0 326 326 228 2483 1913 3600 0 0 
8000 108000 3600 1556 410 0 0 0 314 314 235 2519 1944 3600 0 0 
8100 108000 3600 1562 430 0 0 0 308 308 212 2528 1956 3600 0 0 
8200 108000 3600 1511 422 0 0 0 349 349 239 2533 1906 3600 0 0 
8300 108000 3600 1565 422 0 0 0 294 294 213 2523 1939 3600 0 0 
8400 108000 3600 1584 437 0 0 0 342 342 248 2511 1934 3600 0 0 
8500 108000 3600 1549 410 0 0 0 270 270 194 2532 1927 3600 0 0 
8600 108000 3600 1509 411 0 0 0 354 354 250 2546 1890 3600 0 0 
8700 108000 3600 1553 418 0 0 0 283 283 194 2521 1939 3600 0 0 
8800 108000 3600 1561 416 0 0 0 319 319 227 2513 1928 3600 0 0 
8900 108000 3600 1539 429 0 0 0 333 333 231 2538 1945 3600 0 0 
9000 108000 3600 1568 442 0 0 0 284 284 199 2539 1944 3600 0 0 
9100 108000 3600 1535 410 0 0 0 320 320 233 2526 1948 3600 0 0 
9200 108000 3600 1517 409 0 0 0 289 289 209 2564 1948 3600 0 0 
9300 108000 3600 1564 400 0 0 0 345 345 224 2493 1947 3600 0 0 
9400 108000 3600 1542 397 0 0 0 291 291 205 2528 1954 3600 0 0 
9500 108000 3600 1569 411 0 0 0 323 323 215 2502 1940 3600 0 0 
9600 108000 3600 1548 421 0 0 0 304 304 218 2531 1950 3600 0 0 
9700 108000 3600 1531 411 0 0 0 301 301 212 2524 1890 3600 0 0 
9800 108000 3600 1493 397 0 0 0 371 371 266 2569 1926 3600 0 0 
9900 108000 3600 1496 391 0 0 0 271 271 194 2567 1932 3600 0 0 
10000 108000 3600 1574 401 0 0 0 273 273 195 2484 1922 3600 0 0 
10100 108000 3600 1504 403 0 0 0 359 359 248 2546 1924 3600 0 0 
10200 108000 3600 1510 405 0 0 0 252 252 182 2561 1925 3600 0 0 
10300 108000 3600 1462 379 0 0 0 315 315 222 2570 1927 3600 0 0 
10400 108000 3600 1516 388 0 0 0 309 309 218 2540 1908 3600 0 0 
10500 108000 3600 1553 403 0 0 0 292 292 201 2513 1936 3600 0 0 
10600 108000 3600 1522 387 0 0 0 346 346 246 2523 1948 3600 0 0 
10700 108000 3599 1548 421 0 0 0 316 317 229 2523 1924 3599 0 0 
10800 108000 3600 1545 362 0 0 0 283 283 195 2444 1924 3600 0 0 
10900 108000 3600 1378 246 0 0 0 280 280 192 2496 1890 3600 0 0 
11000 108000 3600 1420 294 0 0 0 322 322 220 2518 1922 3600 0 0 
11100 108000 3600 1497 316 0 0 0 348 348 237 2469 1907 3600 0 0 
11200 108000 3600 1480 310 0 0 0 336 336 237 2516 1914 3600 0 0 
11300 108000 3600 1511 330 0 0 0 383 383 273 2511 1910 3600 0 0 
11400 108000 3600 1524 359 0 0 0 352 352 259 2511 1907 3600 0 0 
11500 108000 3600 1460 363 0 0 0 303 303 220 2563 1901 3600 0 0 
11600 108000 3600 1469 345 0 0 0 310 310 227 2539 1938 3600 0 0 
11700 108000 3600 1515 356 0 0 0 347 347 256 2498 1907 3600 0 0 
11800 108000 3600 1496 348 0 0 0 356 356 232 2525 1928 3600 0 0 
11900 108000 3600 1531 341 0 0 0 352 352 239 2479 1896 3600 0 0 
12000 108000 3600 1533 347 0 0 0 328 328 232 2489 1926 3600 0 0 
12100 108000 3600 1454 333 0 0 0 334 334 236 2538 1904 3600 0 0 
12200 108000 3600 1260 269 0 0 0 268 268 178 2564 1907 3600 0 0 
12300 108000 3600 1319 260 0 0 0 274 274 194 2530 1947 3600 0 0 
12400 108000 3600 1423 290 0 0 0 288 288 204 2495 1945 3600 0 0 
12500 108000 3600 1376 282 0 0 0 303 303 220 2569 1913 3600 0 0 
12600 108000 3600 1448 303 0 0 0 334 334 223 2513 1932 3600 0 0 
12700 108000 3600 1467 339 0 0 0 306 306 224 2522 1957 3600 0 0 
12800 108000 3600 1486 332 0 0 0 324 324 226 2508 1911 3600 0 0 
12900 108000 3600 1491 341 0 0 0 331 331 234 2519 1922 3600 0 0 
13000 108000 3600 1500 358 0 0 0 306 306 227 2501 1957 3600 0 0 
13100 108000 3600 1522 334 0 0 0 347 347 247 2507 1939 3600 0 0 
13200 108000 3600 1498 361 0 0 0 299 299 203 2533 1928 3600 0 0 
13300 108000 3600 1510 358 0 0 0 310 310 230 2513 1958 3600 0 0 
13400 108000 3600 1464 334 0 0 0 322 322 209 2524 1920 3600 0 0 
13500 108000 3600 1377 283 0 0 0 266 266 179 2512 1915 3600 0 0 
13600 108000 3600 1294 246 0 0 0 243 243 168 2537 1916 3600 0 0 
13700 108000 3600 1367 265 0 0 0 284 284 191 2518 1936 3600 0 0 
13800 108000 3600 1424 274 0 0 0 282 282 199 2527 1944 3600 0 0 
13900 108000 3600 1455 305 0 0 0 338 338 241 2530 1958 3600 0 0 
14000 108000 3600 1442 300 0 0 0 308 308 226 2520 1924 3600 0 0 
14100 108000 3600 1483 320 0 0 0 330 330 229 2497 1922 3600 0 0 
14200 108000 3600 1513 346 0 0 0 304 304 198 2497 1933 3600 0 0 
14300 108000 3600 1477 309 0 0 0 351 351 252 2513 1931 3600 0 0 
14400 108000 3600 1429 341 0 0 0 354 354 267 2590 1904 3600 0 0 
14500 108000 3600 1458 334 0 0 0 325 325 227 2551 1901 3600 0 0 
14600 108000 3600 1465 351 0 0 0 289 289 213 2543 1927 3600 0 0 
14700 108000 3600 1546 342 0 0 0 327 327 222 2476 1940 3600 0 0 
14800 108000 3600 1490 342 0 0 0 293 293 201 2521 1932 3600 0 0 
14900 108000 3600 1479 318 0 0 0 307 307 210 2500 1953 3600 0 0 
15000 108000 3600 1453 344 0 0 0 259 259 181 2552 1905 3600 0 0 
15100 108000 3600 1461 348 0 0 0 305 305 219 2583 1955 3600 0 0 
15200 108000 3600 1480 330 0 0 0 334 334 235 2529 1896 3600 0 0 
15300 108000 3600 1400 306 0 0 0 319 319 217 2587 1899 3600 0 0 
15400 108000 3600 1471 300 0 0 0 337 337 225 2512 1932 3600 0 0 
15500 108000 3600 1483 333 0 0 0 295 295 201 2520 1926 3600 0 0 
15600 108000 3600 1490 322 0 0 0 306 306 221 2509 1920 3600 0 0 
15700 108000 3600 1458 316 0 0 0 309 309 222 2529 1926 3600 0 0 
15800 108000 3600 1470 306 0 0 0 304 304 220 2480 1934 3600 0 0 
15900 108000 3600 1341 231 0 0 0 324 324 244 2503 1917 3600 0 0 
16000 108000 3600 1268 198 0 0 0 332 332 233 2506 1933 3600 0 0 
16100 108000 3600 1316 235 0 0 0 313 313 215 2518 1903 3600 0 0 
16200 108000 3600 1375 260 0 0 0 350 350 248 2502 1915 3600 0 0 
16300 108000 3600 1230 209 0 0 0 309 309 210 2496 1945 3600 0 0 
16400 108000 3600 1292 198 0 0 0 285 285 195 2504 1932 3600 0 0 
16500 108000 3600 1310 221 0 0 0 308 308 217 2530 1950 3600 0 0 
16600 108000 3600 1353 232 0 0 0 312 312 220 2525 1965 3600 0 0 
16700 108000 3600 1358 223 0 0 0 308 308 204 2512 1943 3600 0 0 
16800 108000 3600 1370 240 0 0 0 312 312 216 2501 1923 3600 0 0 
16900 108000 3600 1352 241 0 0 0 313 313 224 2538 1909 3600 0 0 
17000 108000 3600 1423 250 0 0 0 302 302 201 2492 1902 3600 0 0 
17100 108000 3600 1414 263 0 0 0 322 322 238 2516 1939 3600 0 0 
17200 108000 3600 1445 255 0 0 0 313 313 207 2481 1943 3600 0 0 
17300 108000 3600 1379 241 0 0 0 339 339 237 2537 1928 3600 0 0 
17400 108000 3600 1398 231 0 0 0 302 302 198 2520 1912 3600 0 0 
17500 108000 3600 1385 253 0 0 0 297 297 201 2556 1939 3600 0 0 
17600 108000 3600 1461 271 0 0 0 294 294 203 2477 1954 3600 0 0 
17700 108000 3600 1429 270 0 0 0 311 311 217 2526 1942 3600 0 0 
17800 108000 3600 1403 275 0 0 0 309 309 206 2545 1899 3600 0 0 
17900 108000 3600 1461 272 0 0 0 308 308 216 2504 1966 3600 0 0 
18000 108000 3600 1427 262 0 0 0 327 327 233 2491 1930 3600 0 0 
18100 108000 3600 1425 273 0 0 0 259 259 179 2512 1939 3600 0 0 
18200 108000 3600 1445 261 0 0 0 284 284 194 2518 1955 3600 0 0 
18300 108000 3600 1433 268 0 0 0 306 306 211 2516 1886 3600 0 0 
18400 108000 3600 1386 246 0 0 0 320 320 230 2540 1938 3600 0 0 
18500 108000 3600 1200 191 0 0 0 317 317 226 2539 1944 3600 0 0 
18600 108000 3600 1244 199 0 0 0 312 312 209 2507 1897 3600 0 0 
18700 108000 3600 1246 206 0 0 0 326 326 232 2542 1923 3600 0 0 
18800 108000 3600 1342 222 0 0 0 295 295 202 2503 1960 3600 0 0 
18900 108000 3600 1383 242 0 0 0 336 336 226 2520 1920 3600 0 0 
19000 108000 3600 1387 245 0 0 0 320 320 218 2517 1939 3600 0 0 
19100 108000 3600 1384 266 0 0 0 315 315 212 2543 1960 3600 0 0 
19200 108000 3600 1421 268 0 0 0 314 314 211 2507 1926 3600 0 0 
19300 108000 3600 1381 248 0 0 0 347 347 246 2537 1950 3600 0 0 
19400 108000 3600 1394 242 0 0 0 301 301 229 2516 1952 3600 0 0 
19500 108000 3600 1351 257 0 0 0 306 306 220 2595 1916 3600 0 0 
19600 108000 3600 1418 266 0 0 0 326 326 238 2525 1911 3600 0 0 
19700 108000 3600 1438 267 0 0 0 294 294 191 2510 1908 3600 0 0 
19800 108000 3600 1411 265 0 0 0 332 332 240 2530 1954 3600 0 0 
19900 108000 3600 1397 268 0 0 0 321 321 218 2559 1927 3600 0 0 
20000 108000 3600 1396 267 0 0 0 297 297 211 2544 1953 3600 0 0 
20100 108000 3600 1425 282 0 0 0 275 275 196 2543 1931 3600 0 0 
20200 108000 3600 1415 261 0 0 0 279 279 196 2525 1908 3600 0 0 
20300 108000 3600 1416 262 0 0 0 323 323 219 2545 1949 3600 0 0 
20400 108000 3600 1455 271 0 0 0 288 288 216 2514 1939 3600 0 0 
20500 108000 3600 1444 284 0 0 0 228 228 162 2513 1922 3600 0 0 
20600 108000 3600 1225 176 0 0 0 304 304 205 2516 1941 3600 0 0 
20700 108000 3600 1286 185 0 0 0 305 305 213 2476 1911 3600 0 0 
20800 108000 3600 1337 215 0 0 0 324 324 228 2493 1929 3600 0 0 
20900 108000 3600 1269 228 0 0 0 329 329 241 2577 1925 3600 0 0 
21000 108000 3600 1356 239 0 0 0 317 317 222 2536 1935 3600 0 0 
21100 108000 3600 1320 223 0 0 0 339 339 242 2571 1917 3600 0 0 
21200 108000 3600 1358 233 0 0 0 333 333 236 2538 1939 3600 0 0 
21300 108000 3600 1364 266 0 0 0 289 289 196 2570 1928 3600 0 0 
21400 108000 3600 1377 242 0 0 0 333 333 242 2534 1886 3600 0 0 
21500 108000 3600 1422 278 0 0 0 272 272 196 2533 1944 3600 0 0 
21600 108000 3600 1421 246 0 0 0 355 355 258 2511 1933 3600 0 0 
21700 108000 3600 1431 270 0 0 0 351 351 252 2513 1932 3600 0 0 
21800 108000 3600 1379 244 0 0 0 331 331 231 2536 1914 3600 0 0 
21900 108000 3600 1347 253 0 0 0 315 315 226 2591 1928 3600 0 0 
22000 108000 3600 1439 263 0 0 0 299 299 224 2512 1921 3600 0 0 
22100 108000 3600 1482 261 0 0 0 285 285 189 2454 1942 3600 0 0 
22200 108000 3600 1368 249 0 0 0 355 355 250 2553 1932 3600 0 0 
22300 108000 3600 1485 279 0 0 0 321 321 209 2462 1924 3600 0 0 
22400 108000 3600 1396 272 0 0 0 321 321 225 2548 1926 3600 0 0 
22500 108000 3600 1464 265 0 0 0 313 313 216 2492 1963 3600 0 0 
22600 108000 3600 1378 270 0 0 0 303 303 213 2557 1927 3600 0 0 
22700 108000 3600 1417 264 0 0 0 311 311 221 2533 1945 3600 0 0 
22800 108000 3600 1376 264 0 0 0 339 339 220 2567 1923 3600 0 0 
22900 108000 3600 1387 264 0 0 0 356 356 245 2557 1935 3600 0 0 
23000 108000 3600 1396 270 0 0 0 334 334 237 2538 1942 3600 0 0 
23100 108000 3600 1459 261 0 0 0 346 346 244 2476 1948 3600 0 0 
23200 108000 3600 1429 265 0 0 0 353 353 256 2520 1922 3600 0 0 
23300 108000 3599 1457 266 0 0 0 339 340 227 2479 1898 3599 0 0 
23400 108000 3600 1403 251 0 0 0 336 336 239 2540 1937 3600 0 0 
23500 108000 3600 1410 272 0 0 0 332 332 224 2538 1936 3600 0 0 
23600 108000 3600 1380 247 0 0 0 293 293 211 2530 1913 3600 0 0 
23700 108000 3600 1424 250 0 0 0 338 338 236 2487 1913 3600 0 0 
23800 108000 3600 1451 265 0 0 0 312 312 205 2510 1920 3600 0 0 
23900 108000 3600 1403 261 0 0 0 340 340 243 2537 1911 3600 0 0 
24000 108000 3600 1386 247 0 0 0 321 321 225 2551 1941 3600 0 0 
24100 108000 3600 1439 278 0 0 0 327 327 237 2504 1925 3600 0 0 
24200 108000 3600 1408 257 0 0 0 338 338 237 2519 1918 3600 0 0 
24300 108000 3600 1313 174 0 0 0 279 279 186 2487 1918 3600 0 0 
24400 108000 3600 1250 155 0 0 0 328 328 221 2532 1957 3600 0 0 
24500 108000 3600 1303 171 0 0 0 322 322 228 2506 1953 3600 0 0 
24600 108000 3600 1287 185 0 0 0 291 291 197 2549 1941 3600 0 0 
24700 108000 3600 1356 211 0 0 0 303 303 194 2527 1937 3600 0 0 
24800 108000 3600 1340 218 0 0 0 334 334 242 2521 1942 3600 0 0 
24900 108000 3600 1329 232 0 0 0 319 319 215 2565 1924 3600 0 0 
25000 108000 3600 1332 209 0 0 0 330 330 236 2551 1942 3600 0 0 
25100 108000 3600 1402 223 0 0 0 307 307 219 2509 1936 3600 0 0 
25200 108000 3600 1429 218 0 0 0 305 305 205 2464 1941 3600 0 0 
25300 108000 3600 1423 247 0 0 0 309 309 210 2497 1943 3600 0 0 
25400 108000 3600 1422 256 0 0 0 284 284 184 2530 1930 3600 0 0 
25500 108000 3600 1394 253 0 0 0 325 325 228 2544 1941 3600 0 0 
25600 108000 3600 1330 222 0 0 0 334 334 226 2568 1934 3600 0 0 
25700 108000 3600 1368 222 0 0 0 325 325 240 2542 1958 3600 0 0 
25800 108000 3600 1371 209 0 0 0 334 334 235 2530 1932 3600 0 0 
25900 108000 3600 1317 208 0 0 0 292 292 214 2556 1923 3600 0 0 
26000 108000 3600 1394 223 0 0 0 332 332 228 2502 1963 3600 0 0 
26100 108000 3600 1396 256 0 0 0 338 338 224 2536 1933 3600 0 0 
26200 108000 3600 1405 254 0 0 0 330 330 234 2521 1904 3600 0 0 
26300 108000 3600 1415 238 0 0 0 299 299 217 2504 1948 3600 0 0 
26400 108000 3600 1391 243 0 0 0 321 321 216 2532 1913 3600 0 0 
26500 108000 3600 1300 243 0 0 0 323 323 236 2538 1950 3600 0 0 
26600 108000 3600 1194 175 0 0 0 313 313 213 2514 1893 3600 0 0 
26700 108000 3600 1333 196 0 0 0 330 330 224 2450 1942 3600 0 0 
26800 108000 3600 1190 213 0 0 0 286 286 193 2525 1926 3600 0 0 
26900 108000 3600 1248 192 0 0 0 319 319 240 2532 1921 3600 0 0 
27000 108000 3600 1308 229 0 0 0 315 315 221 2514 1929 3600 0 0 
27100 108000 3600 1292 199 0 0 0 292 292 220 2535 1914 3600 0 0 
27200 108000 3600 1294 212 0 0 0 341 341 236 2567 1932 3600 0 0 
27300 108000 3600 1357 215 0 0 0 362 362 247 2515 1932 3600 0 0 
27400 108000 3600 1333 208 0 0 0 297 297 210 2532 1919 3600 0 0 
27500 108000 3599 1366 209 0 0 0 304 305 215 2528 1900 3599 0 0 
27600 108000 3600 1401 221 0 0 0 296 296 197 2492 1950 3600 0 0 
27700 108000 3600 1390 231 0 0 0 287 287 222 2530 1921 3600 0 0 
27800 108000 3600 1399 233 0 0 0 329 329 246 2516 1948 3600 0 0 
27900 108000 3600 1396 246 0 0 0 314 314 208 2525 1899 3600 0 0 
28000 108000 3600 1388 235 0 0 0 325 325 226 2531 1941 3600 0 0 
28100 108000 3600 1191 178 0 0 0 332 332 227 2539 1933 3600 0 0 
28200 108000 3600 1141 176 0 0 0 334 334 249 2576 1905 3600 0 0 
28300 108000 3600 1184 162 0 0 0 339 339 220 2552 1902 3600 0 0 
28400 108000 3600 1261 160 0 0 0 316 316 224 2505 1935 3600 0 0 
28500 108000 3600 1244 176 0 0 0 339 339 265 2544 1928 3600 0 0 
28600 108000 3600 1231 172 0 0 0 275 275 195 2574 1923 3600 0 0 
28700 108000 3600 1283 174 0 0 0 298 298 208 2545 1918 3600 0 0 
28800 108000 3600 1314 183 0 0 0 303 303 217 2527 1917 3600 0 0 
28900 108000 3600 1327 192 0 0 0 359 359 246 2527 1924 3600 0 0 
29000 108000 3600 1311 184 0 0 0 324 324 229 2546 1930 3600 0 0 
29100 108000 3600 1352 179 0 0 0 297 297 195 2496 1948 3600 0 0 
29200 108000 3600 1333 172 0 0 0 304 304 202 2521 1930 3600 0 0 
29300 108000 3600 1354 183 0 0 0 310 310 222 2511 1924 3600 0 0 
29400 108000 3600 1338 191 0 0 0 310 310 206 2517 1925 3600 0 0 
29500 108000 3600 1326 181 0 0 0 335 335 233 2520 1903 3600 0 0 
29600 108000 3600 1332 177 0 0 0 345 345 250 2532 1963 3600 0 0 
29700 108000 3600 1349 177 0 0 0 284 284 198 2513 1921 3600 0 0 
29800 108000 3600 1325 198 0 0 0 323 323 230 2551 1922 3600 0 0 
29900 108000 3600 1362 180 0 0 0 336 336 245 2507 1955 3600 0 0 
30000 108000 3600 1372 184 0 0 0 299 299 213 2488 1943 3600 0 0 
30100 108000 3600 1337 200 0 0 0 320 320 225 2534 1932 3600 0 0 
30200 108000 3600 1379 186 0 0 0 337 337 233 2499 1945 3600 0 0 
30300 108000 3600 1359 217 0 0 0 331 331 220 2527 1934 3600 0 0 
30400 108000 3600 1371 207 0 0 0 352 352 247 2504 1930 3600 0 0 
30500 108000 3600 1389 207 0 0 0 292 292 201 2496 1931 3600 0 0 
30600 108000 3600 1294 214 0 0 0 331 331 241 2565 1899 3600 0 0 
30700 108000 3600 1318 204 0 0 0 324 324 216 2546 1911 3600 0 0 
30800 108000 3600 1314 187 0 0 0 315 315 212 2537 1939 3600 0 0 
30900 108000 3600 1329 184 0 0 0 342 342 234 2520 1939 3600 0 0 
31000 108000 3600 1367 169 0 0 0 328 328 234 2499 1974 3600 0 0 
31100 108000 3600 1403 166 0 0 0 341 341 240 2463 1952 3600 0 0 
31200 108000 3600 1346 176 0 0 0 282 282 196 2509 1945 3600 0 0 
31300 108000 3600 1381 176 0 0 0 285 285 197 2491 1946 3600 0 0 
31400 108000 3600 1306 185 0 0 0 280 280 210 2546 1917 3600 0 0 
31500 108000 3600 1364 180 0 0 0 338 338 244 2488 1943 3600 0 0 
31600 108000 3600 1340 190 0 0 0 350 350 239 2543 1950 3600 0 0 
31700 108000 3600 1347 201 0 0 0 286 286 201 2517 1904 3600 0 0 
31800 108000 3600 1336 195 0 0 0 283 283 193 2519 1921 3600 0 0 
31900 108000 3600 1368 205 0 0 0 346 346 229 2504 1932 3600 0 0 
32000 108000 3600 1357 200 0 0 0 333 333 229 2521 1912 3600 0 0 
32100 108000 3600 1356 203 0 0 0 304 304 206 2527 1926 3600 0 0 
32200 108000 3600 1363 178 0 0 0 292 292 206 2487 1930 3600 0 0 
32300 108000 3600 1326 189 0 0 0 278 278 187 2526 1930 3600 0 0 
32400 108000 3600 1381 194 0 0 0 328 328 231 2502 1953 3600 0 0 
32500 108000 3600 1409 205 0 0 0 306 306 214 2478 1949 3600 0 0 
32600 108000 3600 1363 205 0 0 0 303 303 220 2529 1927 3600 0 0 
32700 108000 3600 1280 196 0 0 0 332 332 232 2580 1924 3600 0 0 
32800 108000 3600 1370 185 0 0 0 305 305 207 2503 1934 3600 0 0 
32900 108000 3600 1405 209 0 0 0 338 338 230 2485 1944 3600 0 0 
33000 108000 3600 1396 215 0 0 0 271 271 181 2501 1960 3600 0 0 
33100 108000 3600 1375 206 0 0 0 321 321 232 2503 1901 3600 0 0 
33200 108000 3600 1372 195 0 0 0 319 319 219 2501 1932 3600 0 0 
33300 108000 3600 1343 206 0 0 0 297 297 213 2538 1919 3600 0 0 
33400 108000 3600 1431 212 0 0 0 309 309 211 2467 1954 3600 0 0 
33500 108000 3600 1389 220 0 0 0 329 329 228 2504 1926 3600 0 0 
33600 108000 3600 1357 210 0 0 0 302 302 216 2535 1927 3600 0 0 
33700 108000 3600 1337 213 0 0 0 357 357 245 2562 1926 3600 0 0 
33800 108000 3600 1431 227 0 0 0 286 286 204 2474 1902 3600 0 0 
33900 108000 3600 1387 201 0 0 0 303 303 208 2502 1948 3600 0 0 
34000 108000 3600 1374 185 0 0 0 332 332 243 2489 1926 3600 0 0 
34100 108000 3600 1325 179 0 0 0 366 366 268 2515 1950 3600 0 0 
34200 108000 3600 1425 198 0 0 0 331 331 230 2451 1952 3600 0 0 
34300 108000 3600 1339 183 0 0 0 304 304 214 2516 1900 3600 0 0 
34400 108000 3600 1328 192 0 0 0 309 309 225 2539 1928 3600 0 0 
34500 108000 3600 1318 189 0 0 0 276 276 194 2557 1909 3600 0 0 
34600 108000 3600 1390 184 0 0 0 335 335 228 2490 1907 3600 0 0 
34700 108000 3600 1318 166 0 0 0 325 325 233 2563 1956 3600 0 0 
34800 108000 3600 1385 183 0 0 0 302 302 211 2482 1948 3600 0 0 
34900 108000 3600 1435 216 0 0 0 327 327 223 2456 1910 3600 0 0 
35000 108000 3600 1439 212 0 0 0 312 312 215 2472 1973 3600 0 0 
35100 108000 3600 1426 211 0 0 0 317 317 204 2474 1914 3600 0 0 
35200 108000 3600 1398 208 0 0 0 353 353 255 2505 1923 3600 0 0 
35300 108000 3600 1430 199 0 0 0 248 248 144 2471 1926 3600 0 0 
35400 108000 3600 1433 187 0 0 0 337 337 222 2463 1941 3600 0 0 
35500 108000 3600 1408 193 0 0 0 277 277 195 2470 1952 3600 0 0 
35600 108000 3600 1393 173 0 0 0 332 332 225 2480 1948 3600 0 0 
35700 108000 3600 1387 189 0 0 0 332 332 221 2473 1927 3600 0 0 
35800 108000 3600 1419 196 0 0 0 306 306 198 2465 1938 3600 0 0 
35900 108000 3600 1369 189 0 0 0 316 316 218 2493 1934 3600 0 0 
36000 108000 3600 1359 200 0 0 0 286 286 217 2534 1917 3600 0 0 
36100 108000 3600 1410 194 0 0 0 327 327 232 2476 1927 3600 0 0 
36200 108000 3600 1406 197 0 0 0 292 292 189 2469 1945 3600 0 0 
36300 108000 3600 1335 181 0 0 0 330 330 245 2530 1929 3600 0 0 
36400 108000 3600 1382 189 0 0 0 318 318 230 2479 1937 3600 0 0 
36500 108000 3600 1403 193 0 0 0 338 338 238 2475 1922 3600 0 0 
36600 108000 3600 1398 195 0 0 0 298 298 210 2492 1916 3600 0 0 
36700 108000 3600 1434 198 0 0 0 339 339 215 2452 1905 3600 0 0 
36800 108000 3600 1378 190 0 0 0 275 275 187 2484 1919 3600 0 0 
36900 108000 3600 1400 204 0 0 0 325 325 229 2484 1955 3600 0 0 
37000 108000 3600 1418 202 0 0 0 324 324 234 2453 1934 3600 0 0 
37100 108000 3600 1390 203 0 0 0 339 339 226 2473 1925 3600 0 0 
37200 108000 3600 1343 197 0 0 0 342 342 234 2537 1925 3600 0 0 
37300 108000 3600 1320 209 0 0 0 308 308 211 2542 1895 3600 0 0 
37400 108000 3600 1379 210 0 0 0 312 312 203 2520 1954 3600 0 0 
37500 108000 3600 1413 213 0 0 0 349 349 247 2514 1953 3600 0 0 
37600 108000 3600 1342 219 0 0 0 341 341 229 2545 1943 3600 0 0 
37700 108000 3600 1422 205 0 0 0 290 290 200 2486 1943 3600 0 0 
37800 108000 3600 1402 208 0 0 0 288 288 190 2499 1946 3600 0 0 
37900 108000 3600 1350 220 0 0 0 339 339 244 2551 1912 3600 0 0 
38000 108000 3600 1402 220 0 0 0 323 323 221 2494 1922 3600 0 0 
38100 108000 3600 1444 190 0 0 0 278 278 181 2430 1942 3600 0 0 
38200 108000 3600 1406 224 0 0 0 300 300 203 2471 1913 3600 0 0 
38300 108000 3600 1416 214 0 0 0 319 319 216 2464 1924 3600 0 0 
38400 108000 3600 1433 223 0 0 0 279 279 208 2469 1929 3600 0 0 
38500 108000 3600 1372 201 0 0 0 289 289 220 2526 1954 3600 0 0 
38600 108000 3600 1370 219 0 0 0 294 294 194 2524 1934 3600 0 0 
38700 108000 3600 1384 222 0 0 0 322 322 224 2505 1935 3600 0 0 
38800 108000 3600 1457 215 0 0 0 333 333 229 2459 1940 3600 0 0 
38900 108000 3600 1428 226 0 0 0 292 292 200 2471 1934 3600 0 0 
39000 108000 3600 1428 238 0 0 0 317 317 208 2490 1950 3600 0 0 
39100 108000 3600 1428 230 0 0 0 295 295 204 2477 1980 3600 0 0 
39200 108000 3600 1377 218 0 0 0 314 314 224 2511 1940 3600 0 0 
39300 108000 3600 1382 216 0 0 0 332 332 230 2507 1933 3600 0 0 
39400 108000 3600 1409 216 0 0 0 349 349 238 2498 1971 3600 0 0 
39500 108000 3600 1370 223 0 0 0 351 351 254 2514 1919 3600 0 0 
39600 108000 3600 1403 211 0 0 0 289 289 212 2485 1936 3600 0 0 
39700 108000 3600 1413 223 0 0 0 290 290 196 2495 1962 3600 0 0 
39800 108000 3600 1443 223 0 0 0 296 296 186 2450 1955 3600 0 0 
39900 108000 3600 1364 225 0 0 0 319 319 248 2531 1943 3600 0 0 
40000 108000 3600 1399 249 0 0 0 319 319 228 2545 1953 3600 0 0 
40100 108000 3600 1445 259 0 0 0 309 309 222 2501 1921 3600 0 0 
40200 108000 3600 1438 257 0 0 0 291 291 211 2485 1916 3600 0 0 
40300 108000 3600 1427 227 0 0 0 279 279 186 2490 1946 3600 0 0 
40400 108000 3600 1467 239 0 0 0 305 305 213 2447 1935 3600 0 0 
40500 108000 3600 1425 230 0 0 0 291 291 199 2488 1917 3600 0 0 
40600 108000 3600 1396 249 0 0 0 349 349 246 2552 1923 3600 0 0 
40700 108000 3600 1426 259 0 0 0 310 310 212 2494 1926 3600 0 0 
40800 108000 3600 1453 242 0 0 0 281 281 193 2467 1964 3600 0 0 
40900 108000 3600 1402 241 0 0 0 309 309 219 2513 1937 3600 0 0 
41000 108000 3600 1406 239 0 0 0 318 318 229 2515 1949 3600 0 0 
41100 108000 3600 1411 232 0 0 0 318 318 221 2489 1942 3600 0 0 
41200 108000 3600 1411 216 0 0 0 336 336 240 2494 1918 3600 0 0 
41300 108000 3600 1399 228 0 0 0 317 317 213 2493 1940 3600 0 0 
41400 108000 3600 1447 228 0 0 0 311 311 212 2472 1962 3600 0 0 
41500 108000 3600 1428 227 0 0 0 315 315 211 2477 1956 3600 0 0 
41600 108000 3600 1391 228 0 0 0 340 340 239 2506 1938 3600 0 0 
41700 108000 3600 1371 256 0 0 0 279 279 209 2551 1908 3600 0 0 
41800 108000 3600 1427 244 0 0 0 332 332 232 2490 1955 3600 0 0 
41900 108000 3600 1463 245 0 0 0 277 277 181 2461 1949 3600 0 0 
42000 108000 3600 1471 239 0 0 0 339 339 239 2461 1947 3600 0 0 
42100 108000 3600 1456 246 0 0 0 288 288 189 2456 1933 3600 0 0 
42200 108000 3600 1466 258 0 0 0 343 343 235 2475 1939 3600 0 0 
42300 108000 3600 1428 274 0 0 0 284 284 201 2520 1923 3600 0 0 
42400 108000 3600 1446 258 0 0 0 308 308 219 2495 1944 3600 0 0 
42500 108000 3600 1424 241 0 0 0 298 298 207 2501 1944 3600 0 0 
42600 108000 3600 1451 235 0 0 0 344 344 239 2465 1945 3600 0 0 
42700 108000 3600 1454 242 0 0 0 307 307 190 2476 1921 3600 0 0 
42800 108000 3600 1502 249 0 0 0 285 285 190 2424 1944 3600 0 0 
42900 108000 3600 1365 248 0 0 0 274 274 192 2541 1918 3600 0 0 
43000 108000 3600 1450 244 0 0 0 277 277 186 2471 1955 3600 0 0 
43100 108000 3600 1378 237 0 0 0 335 335 235 2527 1920 3600 0 0 
43200 108000 3600 1406 252 0 0 0 331 331 221 2493 1920 3600 0 0 
43300 108000 3600 1350 235 0 0 0 293 293 213 2551 1930 3600 0 0 
43400 108000 3600 1371 234 0 0 0 248 248 170 2527 1924 3600 0 0 
43500 108000 3600 1453 226 0 0 0 306 306 197 2457 1954 3600 0 0 
43600 108000 3600 1401 250 0 0 0 326 326 239 2523 1922 3600 0 0 
43700 108000 3600 1423 236 0 0 0 261 261 186 2489 1934 3600 0 0 
43800 108000 3600 1404 247 0 0 0 328 328 233 2511 1951 3600 0 0 
43900 108000 3600 1476 245 0 0 0 275 275 181 2471 1955 3600 0 0 
44000 108000 3600 1423 244 0 0 0 289 289 202 2497 1936 3600 0 0 
44100 108000 3600 1452 236 0 0 0 350 350 248 2451 1958 3600 0 0 
44200 108000 3600 1458 229 0 0 0 288 288 201 2441 1937 3600 0 0 
44300 108000 3600 1389 225 0 0 0 319 319 227 2511 1936 3600 0 0 
44400 108000 3600 1445 226 0 0 0 316 316 208 2462 1966 3600 0 0 
44500 108000 3600 1433 213 0 0 0 285 285 195 2465 1927 3600 0 0 
44600 108000 3600 1434 220 0 0 0 293 293 195 2492 1950 3600 0 0 
44700 108000 3600 1442 232 0 0 0 289 289 201 2444 1930 3600 0 0 
44800 108000 3600 1417 220 0 0 0 357 357 245 2465 1919 3600 0 0 
44900 108000 3600 1425 232 0 0 0 291 291 186 2480 1958 3600 0 0 
45000 108000 3600 1469 238 0 0 0 325 325 222 2438 1929 3600 0 0 
45100 108000 3600 1418 222 0 0 0 327 327 226 2479 1941 3600 0 0 
45200 108000 3600 1465 226 0 0 0 298 298 201 2443 1933 3600 0 0 
45300 108000 3600 1465 203 0 0 0 288 288 205 2401 1928 3600 0 0 
45400 108000 3600 1400 214 0 0 0 299 299 190 2504 1907 3600 0 0 
45500 108000 3600 1412 229 0 0 0 326 326 222 2475 1924 3600 0 0 
45600 108000 3600 1476 220 0 0 0 302 302 213 2446 1929 3600 0 0 
45700 108000 3600 1449 228 0 0 0 327 327 226 2469 1947 3600 0 0 
45800 108000 3600 1446 232 0 0 0 271 271 183 2463 1945 3600 0 0 
45900 108000 3600 1427 244 0 0 0 328 328 230 2489 1947 3600 0 0 
46000 108000 3600 1338 230 0 0 0 319 319 230 2555 1872 3600 0 0 
46100 108000 3600 1433 220 0 0 0 317 317 232 2470 1946 3600 0 0 
46200 108000 3600 1467 234 0 0 0 320 320 224 2427 1912 3600 0 0 
46300 108000 3600 1464 235 0 0 0 294 294 187 2470 1941 3600 0 0 
46400 108000 3600 1487 234 0 0 0 273 273 190 2429 1950 3600 0 0 
46500 108000 3600 1422 228 0 0 0 328 328 226 2493 1923 3600 0 0 
46600 108000 3600 1442 244 0 0 0 277 277 194 2486 1946 3600 0 0 
46700 108000 3600 1466 238 0 0 0 344 344 229 2438 1918 3600 0 0 
46800 108000 3600 1414 243 0 0 0 342 342 233 2503 1943 3600 0 0 
46900 108000 3600 1482 248 0 0 0 301 301 212 2439 1949 3600 0 0 
47000 108000 3600 1416 216 0 0 0 286 286 190 2475 1912 3600 0 0 
47100 108000 3600 1395 222 0 0 0 290 290 193 2505 1928 3600 0 0 
47200 108000 3600 1456 234 0 0 0 313 313 189 2442 1955 3600 0 0 
47300 108000 3600 1401 222 0 0 0 310 310 217 2493 1943 3600 0 0 
47400 108000 3600 1474 234 0 0 0 293 293 194 2433 1943 3600 0 0 
47500 108000 3600 1435 225 0 0 0 324 324 224 2456 1952 3600 0 0 
47600 108000 3600 1407 228 0 0 0 294 294 215 2505 1920 3600 0 0 
47700 108000 3600 1418 206 0 0 0 268 268 176 2463 1911 3600 0 0 
47800 108000 3600 1438 203 0 0 0 321 321 213 2438 1942 3600 0 0 
47900 108000 3600 1466 225 0 0 0 326 326 221 2436 1954 3600 0 0 
48000 108000 3600 1419 228 0 0 0 313 313 206 2482 1923 3600 0 0 
48100 108000 3600 1469 235 0 0 0 328 328 223 2446 1963 3600 0 0 
48200 108000 3600 1494 239 0 0 0 285 285 185 2458 1949 3600 0 0 
48300 108000 3600 1465 242 0 0 0 319 319 220 2459 1933 3600 0 0 
48400 108000 3600 1436 233 0 0 0 312 312 217 2483 1934 3600 0 0 
48500 108000 3600 1452 247 0 0 0 319 319 227 2478 1974 3600 0 0 
48600 108000 3600 1486 235 0 0 0 284 284 175 2434 1946 3600 0 0 
48700 108000 3600 1431 236 0 0 0 310 310 218 2477 1910 3600 0 0 
48800 108000 3600 1455 229 0 0 0 339 339 217 2451 1925 3600 0 0 
48900 108000 3600 1459 234 0 0 0 278 278 190 2473 1930 3600 0 0 
49000 108000 3600 1512 214 0 0 0 286 286 192 2397 1974 3600 0 0 
49100 108000 3600 1476 240 0 0 0 241 241 156 2413 1900 3600 0 0 
49200 108000 3600 1471 227 0 0 0 307 307 205 2425 1963 3600 0 0 
49300 108000 3600 1446 229 0 0 0 352 352 228 2438 1941 3600 0 0 
49400 108000 3600 1461 239 0 0 0 298 298 204 2450 1918 3600 0 0 
49500 108000 3600 1439 243 0 0 0 299 299 186 2480 1909 3600 0 0 
49600 108000 3600 1441 231 0 0 0 309 309 203 2471 1948 3600 0 0 
49700 108000 3600 1484 235 0 0 0 354 354 243 2445 1934 3600 0 0 
49800 108000 3600 1443 229 0 0 0 294 294 203 2460 1960 3600 0 0 
49900 108000 3600 1438 212 0 0 0 306 306 208 2440 1921 3600 0 0 
50000 108000 3600 1478 232 0 0 0 296 296 204 2412 1960 3600 0 0 
50100 108000 3600 1468 233 0 0 0 281 281 199 2436 1948 3600 0 0 
50200 108000 3600 1398 221 0 0 0 339 339 236 2484 1921 3600 0 0 
50300 108000 3600 1442 239 0 0 0 327 327 235 2480 1964 3600 0 0 
50400 108000 3600 1416 218 0 0 0 324 324 236 2506 1938 3600 0 0 
50500 108000 3600 1459 226 0 0 0 304 304 211 2440 1924 3600 0 0 
50600 108000 3600 1481 213 0 0 0 300 300 212 2416 1980 3600 0 0 
50700 108000 3600 1451 226 0 0 0 301 301 207 2447 1965 3600 0 0 
50800 108000 3600 1505 234 0 0 0 298 298 215 2398 1931 3600 0 0 
50900 108000 3600 1392 229 0 0 0 310 310 203 2507 1922 3600 0 0 
51000 108000 3600 1419 231 0 0 0 324 324 228 2478 1927 3600 0 0 
51100 108000 3600 1412 224 0 0 0 300 300 194 2476 1925 3600 0 0 
51200 108000 3600 1424 205 0 0 0 325 325 221 2464 1929 3600 0 0 
51300 108000 3600 1451 211 0 0 0 337 337 231 2438 1964 3600 0 0 
51400 108000 3600 1452 213 0 0 0 308 308 215 2460 1925 3600 0 0 
51500 108000 3600 1423 232 0 0 0 323 323 218 2502 1939 3600 0 0 
51600 108000 3600 1484 235 0 0 0 321 321 204 2426 1964 3600 0 0 
51700 108000 3600 1521 257 0 0 0 280 280 210 2404 1966 3600 0 0 
51800 108000 3600 1433 236 0 0 0 357 357 239 2484 1945 3600 0 0 
51900 108000 3600 1439 221 0 0 0 273 273 187 2470 1938 3600 0 0 
52000 108000 3600 1477 220 0 0 0 313 313 221 2450 1968 3600 0 0 
52100 108000 3600 1436 230 0 0 0 294 294 214 2479 1962 3600 0 0 
52200 108000 3600 1429 230 0 0 0 369 369 264 2471 1941 3600 0 0 
52300 108000 3600 1387 214 0 0 0 279 279 200 2492 1942 3600 0 0 
52400 108000 3600 1460 208 0 0 0 299 299 198 2438 1976 3600 0 0 
52500 108000 3600 1377 224 0 0 0 300 300 194 2515 1899 3600 0 0 
52600 108000 3600 1413 217 0 0 0 305 305 198 2501 1923 3600 0 0 
52700 108000 3600 1458 224 0 0 0 295 295 199 2433 1967 3600 0 0 
52800 108000 3600 1443 223 0 0 0 302 302 206 2470 1963 3600 0 0 
52900 108000 3600 1413 216 0 0 0 337 337 232 2482 1964 3600 0 0 
53000 108000 3600 1472 194 0 0 0 302 302 200 2400 1947 3600 0 0 
53100 108000 3600 1449 216 0 0 0 344 344 231 2447 1937 3600 0 0 
53200 108000 3600 1470 236 0 0 0 273 273 181 2443 1944 3600 0 0 
53300 108000 3600 1438 243 0 0 0 277 277 203 2493 1938 3600 0 0 
53400 108000 3600 1448 218 0 0 0 328 328 222 2465 1945 3600 0 0 
53500 108000 3600 1423 229 0 0 0 335 335 224 2478 1945 3600 0 0 
53600 108000 3600 1425 220 0 0 0 330 330 217 2468 1936 3600 0 0 
53700 108000 3600 1415 210 0 0 0 276 276 189 2491 1918 3600 0 0 
53800 108000 3600 1455 219 0 0 0 282 282 185 2449 1931 3600 0 0 
53900 108000 3600 1475 199 0 0 0 314 314 209 2412 1936 3600 0 0 
54000 108000 3600 1370 196 0 0 0 331 331 220 2503 1907 3600 0 0 
54100 108000 3600 1404 206 0 0 0 298 298 206 2483 1922 3600 0 0 
54200 108000 3600 1411 198 0 0 0 312 312 211 2480 1931 3600 0 0 
54300 108000 3600 1359 195 0 0 0 345 345 232 2493 1934 3600 0 0 
54400 108000 3600 1391 196 0 0 0 322 322 228 2482 1938 3600 0 0 
54500 108000 3600 1469 193 0 0 0 347 347 234 2388 1918 3600 0 0 
54600 108000 3600 1416 205 0 0 0 317 317 216 2471 1940 3600 0 0 
54700 108000 3600 1435 204 0 0 0 334 334 231 2455 1909 3600 0 0 
54800 108000 3600 1442 202 0 0 0 284 284 185 2452 1920 3600 0 0 
54900 108000 3600 1413 199 0 0 0 297 297 207 2458 1946 3600 0 0 
55000 108000 3600 1366 204 0 0 0 315 315 221 2494 1934 3600 0 0 
55100 108000 3600 1427 194 0 0 0 348 348 236 2426 1956 3600 0 0 
55200 108000 3600 1388 204 0 0 0 302 302 209 2503 1961 3600 0 0 
55300 108000 3600 1376 185 0 0 0 340 340 241 2511 1958 3600 0 0 
55400 108000 3600 1367 183 0 0 0 288 288 210 2496 1924 3600 0 0 
55500 108000 3600 1365 213 0 0 0 334 334 232 2513 1922 3600 0 0 
55600 108000 3600 1386 187 0 0 0 321 321 223 2472 1950 3600 0 0 
55700 108000 3600 1392 176 0 0 0 349 349 246 2449 1961 3600 0 0 
55800 108000 3600 1329 177 0 0 0 323 323 229 2522 1934 3600 0 0 
55900 108000 3600 1375 188 0 0 0 302 302 210 2481 1936 3600 0 0 
56000 108000 3600 1455 197 0 0 0 331 331 237 2398 1949 3600 0 0 
56100 108000 3600 1385 186 0 0 0 292 292 203 2476 1973 3600 0 0 
56200 108000 3600 1405 173 0 0 0 340 340 234 2449 1931 3600 0 0 
56300 108000 3600 1400 163 0 0 0 355 355 243 2458 1963 3600 0 0 
56400 108000 3600 1325 154 0 0 0 400 400 277 2523 1961 3600 0 0 
56500 108000 3600 1411 169 0 0 0 368 368 249 2438 1940 3600 0 0 
56600 108000 3600 1394 172 0 0 0 302 302 208 2447 1926 3600 0 0 
56700 108000 3600 1379 182 0 0 0 330 330 225 2486 1926 3600 0 0 
56800 108000 3600 1385 175 0 0 0 342 342 226 2476 1942 3600 0 0 
56900 108000 3600 1353 182 0 0 0 322 322 227 2499 1952 3600 0 0 
57000 108000 3600 1380 187 0 0 0 330 330 202 2484 1922 3600 0 0 
57100 108000 3600 1336 189 0 0 0 314 314 241 2512 1928 3600 0 0 
57200 108000 3600 1437 196 0 0 0 353 353 235 2446 1972 3600 0 0 
57300 108000 3600 1334 202 0 0 0 334 334 214 2535 1956 3600 0 0 
57400 108000 3600 1399 188 0 0 0 319 319 219 2485 1954 3600 0 0 
57500 108000 3600 1365 191 0 0 0 325 325 233 2498 1938 3600 0 0 
57600 108000 3600 1389 195 0 0 0 349 349 250 2483 1947 3600 0 0 
57700 108000 3600 1354 197 0 0 0 333 333 245 2508 1939 3600 0 0 
57800 108000 3600 1423 188 0 0 0 383 383 250 2449 1949 3600 0 0 
57900 108000 3600 1379 162 0 0 0 300 300 210 2462 1945 3600 0 0 
58000 108000 3600 1388 188 0 0 0 280 280 191 2470 1935 3600 0 0 
58100 108000 3600 1365 167 0 0 0 316 316 220 2470 1948 3600 0 0 
58200 108000 3600 1392 181 0 0 0 325 325 212 2468 1933 3600 0 0 
58300 108000 3600 1409 192 0 0 0 335 335 221 2452 1956 3600 0 0 
58400 108000 3600 1338 172 0 0 0 336 336 237 2511 1955 3600 0 0 
58500 108000 3600 1309 181 0 0 0 330 330 240 2543 1938 3600 0 0 
58600 108000 3600 1367 199 0 0 0 355 355 257 2512 1937 3600 0 0 
58700 108000 3600 1367 188 0 0 0 352 352 239 2480 1912 3600 0 0 
58800 108000 3600 1348 195 0 0 0 308 308 215 2538 1951 3600 0 0 
58900 108000 3600 1355 180 0 0 0 289 289 205 2493 1943 3600 0 0 
59000 108000 3600 1359 187 0 0 0 331 331 230 2475 1905 3600 0 0 
59100 108000 3600 1348 191 0 0 0 310 310 226 2514 1951 3600 0 0 
59200 108000 3600 1360 178 0 0 0 316 316 216 2497 1953 3600 0 0 
59300 108000 3600 1409 190 0 0 0 298 298 211 2464 1958 3600 0 0 
59400 108000 3600 1367 189 0 0 0 322 322 223 2501 1944 3600 0 0 
59500 108000 3600 1308 188 0 0 0 293 293 212 2548 1960 3600 0 0 
59600 108000 3600 1379 196 0 0 0 326 326 236 2496 1939 3600 0 0 
59700 108000 3600 1330 178 0 0 0 344 344 241 2510 1949 3600 0 0 
59800 108000 3600 1336 176 0 0 0 330 330 222 2499 1952 3600 0 0 
59900 108000 3600 1380 191 0 0 0 318 318 215 2470 1937 3600 0 0 
60000 108000 3600 1392 190 0 0 0 309 309 211 2460 1959 3600 0 0 
60100 108000 3600 1387 181 0 0 0 345 345 223 2465 1957 3600 0 0 
60200 108000 3600 1318 173 0 0 0 310 310 213 2517 1965 3600 0 0 
60300 108000 3600 1365 191 0 0 0 315 315 221 2492 1972 3600 0 0 
60400 108000 3600 1425 190 0 0 0 334 334 223 2439 1972 3600 0 0 
60500 108000 3600 1384 171 0 0 0 339 339 239 2452 1940 3600 0 0 
60600 108000 3600 1398 207 0 0 0 319 319 213 2473 1942 3600 0 0 
60700 108000 3600 1339 176 0 0 0 317 317 228 2507 1960 3600 0 0 
60800 108000 3600 1390 164 0 0 0 357 357 246 2433 1942 3600 0 0 
60900 108000 3600 1332 167 0 0 0 343 343 235 2490 1962 3600 0 0 
61000 108000 3600 1258 150 0 0 0 316 316 230 2524 1927 3600 0 0 
61100 108000 3600 1289 158 0 0 0 350 350 237 2483 1928 3600 0 0 
61200 108000 3600 1292 154 0 0 0 335 335 223 2502 1946 3600 0 0 
61300 108000 3600 1280 146 0 0 0 324 324 219 2469 1964 3600 0 0 
61400 108000 3600 1258 145 0 0 0 381 381 254 2498 1936 3600 0 0 
61500 108000 3600 1315 167 0 0 0 337 337 237 2470 1937 3600 0 0 
61600 108000 3600 1317 134 0 0 0 404 404 279 2468 1946 3600 0 0 
61700 108000 3600 1297 139 0 0 0 398 398 291 2500 1951 3600 0 0 
61800 108000 3600 1328 150 0 0 0 329 329 230 2495 1968 3600 0 0 
61900 108000 3600 1305 136 0 0 0 339 339 245 2478 1959 3600 0 0 
62000 108000 3600 1378 142 0 0 0 331 331 217 2445 1972 3600 0 0 
62100 108000 3600 1322 152 0 0 0 396 396 276 2485 1939 3600 0 0 
62200 108000 3600 1345 166 0 0 0 359 359 243 2489 1949 3600 0 0 
62300 108000 3600 1352 160 0 0 0 368 368 260 2472 1937 3600 0 0 
62400 108000 3600 1249 149 0 0 0 380 380 274 2564 1899 3600 0 0 
62500 108000 3600 1329 162 0 0 0 376 376 254 2488 1926 3600 0 0 
62600 108000 3600 1355 148 0 0 0 368 368 250 2465 1953 3600 0 0 
62700 108000 3600 1292 150 0 0 0 360 360 266 2517 1957 3600 0 0 
62800 108000 3600 1319 152 0 0 0 356 356 252 2490 1938 3600 0 0 
62900 108000 3600 1346 154 0 0 0 330 330 210 2506 1957 3600 0 0 
63000 108000 3600 1332 151 0 0 0 351 351 244 2482 1952 3600 0 0 
63100 108000 3600 1417 152 0 0 0 329 329 224 2423 1972 3600 0 0 
63200 108000 3600 1330 166 0 0 0 337 337 234 2506 1928 3600 0 0 
63300 108000 3600 1405 157 0 0 0 334 334 235 2438 1945 3600 0 0 
63400 108000 3600 1361 145 0 0 0 392 392 271 2491 1963 3600 0 0 
63500 108000 3600 1387 164 0 0 0 396 396 271 2455 1931 3600 0 0 
63600 108000 3600 1354 178 0 0 0 364 364 264 2504 1917 3600 0 0 
63700 108000 3600 1353 168 0 0 0 373 373 266 2499 1933 3600 0 0 
63800 108000 3600 1363 175 0 0 0 341 341 226 2488 1924 3600 0 0 
63900 108000 3600 1442 154 0 0 0 362 362 236 2391 1949 3600 0 0 
64000 108000 3600 1363 183 0 0 0 339 339 249 2498 1937 3600 0 0 
64100 108000 3600 1387 169 0 0 0 387 387 250 2443 1953 3600 0 0 
64200 108000 3600 1341 155 0 0 0 355 355 244 2494 1968 3600 0 0 
64300 108000 3600 1355 159 0 0 0 352 352 267 2475 1932 3600 0 0 
64400 108000 3600 1377 171 0 0 0 346 346 235 2458 1907 3600 0 0 
64500 108000 3600 1330 174 0 0 0 323 323 224 2511 1944 3600 0 0 
64600 108000 3600 1332 162 0 0 0 357 357 234 2515 1967 3600 0 0 
64700 108000 3600 1326 159 0 0 0 360 360 232 2494 1927 3600 0 0 
64800 108000 3600 1377 158 0 0 0 346 346 237 2456 1941 3600 0 0 
64900 108000 3600 1348 157 0 0 0 392 392 263 2488 1929 3600 0 0 
65000 108000 3600 1341 168 0 0 0 299 299 206 2508 1939 3600 0 0 
65100 108000 3600 1344 175 0 0 0 382 382 261 2503 1930 3600 0 0 
65200 108000 3600 1306 155 0 0 0 320 320 216 2541 1922 3600 0 0 
65300 108000 3600 1411 175 0 0 0 322 322 210 2431 1941 3600 0 0 
65400 108000 3600 1315 171 0 0 0 344 344 242 2523 1940 3600 0 0 
65500 108000 3600 1352 174 0 0 0 393 393 259 2506 1940 3600 0 0 
65600 108000 3600 1340 157 0 0 0 351 351 234 2496 1943 3600 0 0 
65700 108000 3600 1274 162 0 0 0 364 364 256 2567 1950 3600 0 0 
65800 108000 3600 1366 169 0 0 0 343 343 232 2482 1954 3600 0 0 
65900 108000 3600 1363 164 0 0 0 392 392 268 2486 1954 3600 0 0 
66000 108000 3600 1333 188 0 0 0 371 371 267 2523 1947 3600 0 0 
66100 108000 3600 1349 161 0 0 0 368 368 272 2501 1958 3600 0 0 
66200 108000 3600 1360 162 0 0 0 397 397 281 2466 1938 3600 0 0 
66300 108000 3600 1340 150 0 0 0 402 402 281 2483 1927 3600 0 0 
66400 108000 3600 1299 147 0 0 0 336 336 225 2508 1921 3600 0 0 
66500 108000 3600 1396 147 0 0 0 329 329 204 2414 1951 3600 0 0 
66600 108000 3600 1361 170 0 0 0 383 383 263 2471 1923 3600 0 0 
66700 108000 3600 1327 160 0 0 0 382 382 256 2510 1948 3600 0 0 
66800 108000 3600 1333 156 0 0 0 363 363 262 2487 1934 3600 0 0 
66900 108000 3600 1355 171 0 0 0 331 331 231 2489 1968 3600 0 0 
67000 108000 3600 1331 169 0 0 0 361 361 249 2510 1931 3600 0 0 
67100 108000 3600 1380 168 0 0 0 328 328 215 2466 1958 3600 0 0 
67200 108000 3600 1347 174 0 0 0 394 394 278 2496 1934 3600 0 0 
67300 108000 3600 1340 167 0 0 0 374 374 253 2508 1920 3600 0 0 
67400 108000 3600 1336 166 0 0 0 385 385 268 2497 1930 3600 0 0 
67500 108000 3600 1342 164 0 0 0 359 359 262 2497 1943 3600 0 0 
67600 108000 3600 1364 157 0 0 0 353 353 244 2468 1931 3600 0 0 
67700 108000 3600 1352 186 0 0 0 362 362 252 2485 1946 3600 0 0 
67800 108000 3600 1304 180 0 0 0 352 352 246 2524 1920 3600 0 0 
67900 108000 3600 1339 169 0 0 0 335 335 238 2498 1924 3600 0 0 
68000 108000 3600 1337 157 0 0 0 363 363 257 2483 1954 3600 0 0 
68100 108000 3600 1339 192 0 0 0 315 315 228 2534 1958 3600 0 0 
68200 108000 3600 1360 182 0 0 0 404 404 297 2503 1936 3600 0 0 
68300 108000 3600 1316 171 0 0 0 329 329 233 2514 1925 3600 0 0 
68400 108000 3600 1369 158 0 0 0 371 371 260 2467 1947 3600 0 0 
68500 108000 3600 1330 157 0 0 0 305 305 199 2504 1927 3600 0 0 
68600 108000 3600 1345 173 0 0 0 304 304 207 2509 1927 3600 0 0 
68700 108000 3600 1345 170 0 0 0 348 348 229 2510 1944 3600 0 0 
68800 108000 3600 1292 168 0 0 0 359 359 248 2563 1944 3600 0 0 
68900 108000 3600 1354 178 0 0 0 375 375 250 2511 1947 3600 0 0 
69000 108000 3600 1367 178 0 0 0 361 361 244 2483 1920 3600 0 0 
69100 108000 3600 1403 160 0 0 0 357 357 242 2438 1944 3600 0 0 
69200 108000 3600 1301 151 0 0 0 397 397 303 2543 1963 3600 0 0 
69300 108000 3600 1369 147 0 0 0 347 347 227 2466 1948 3600 0 0 
69400 108000 3600 1344 181 0 0 0 346 346 238 2496 1973 3600 0 0 
69500 108000 3600 1367 181 0 0 0 381 381 261 2470 1934 3600 0 0 
69600 108000 3600 1317 152 0 0 0 393 393 273 2507 1966 3600 0 0 
69700 108000 3600 1353 156 0 0 0 339 339 248 2494 1942 3600 0 0 
69800 108000 3600 1320 163 0 0 0 358 358 249 2499 1941 3600 0 0 
69900 108000 3600 1366 156 0 0 0 317 317 225 2477 1937 3600 0 0 
70000 108000 3600 1375 165 0 0 0 326 326 217 2458 1919 3600 0 0 
70100 108000 3600 1334 182 0 0 0 351 351 247 2509 1941 3600 0 0 
70200 108000 3600 1401 191 0 0 0 328 328 221 2470 1947 3600 0 0 
70300 108000 3600 1323 189 0 0 0 356 356 257 2527 1940 3600 0 0 
70400 108000 3600 1316 166 0 0 0 331 331 246 2520 1960 3600 0 0 
70500 108000 3600 1431 172 0 0 0 342 342 228 2411 1940 3600 0 0 
70600 108000 3600 1342 165 0 0 0 325 325 217 2495 1934 3600 0 0 
70700 108000 3600 1338 172 0 0 0 350 350 245 2492 1943 3600 0 0 
70800 108000 3600 1378 181 0 0 0 364 364 273 2479 1932 3600 0 0 
70900 108000 3600 1376 175 0 0 0 372 372 251 2480 1938 3600 0 0 
71000 108000 3600 1331 167 0 0 0 344 344 229 2526 1912 3600 0 0 
71100 108000 3600 1345 163 0 0 0 397 397 280 2501 1922 3600 0 0 
71200 108000 3600 1355 165 0 0 0 360 360 243 2499 1962 3600 0 0 
71300 108000 3600 1356 177 0 0 0 353 353 255 2487 1952 3600 0 0 
71400 108000 3600 1399 163 0 0 0 395 395 280 2445 1955 3600 0 0 
71500 108000 3600 1341 170 0 0 0 350 350 254 2506 1948 3600 0 0 
71600 108000 3600 1312 180 0 0 0 332 332 237 2523 1939 3600 0 0 
71700 108000 3600 1320 163 0 0 0 352 352 242 2524 1928 3600 0 0 
71800 108000 3600 1337 177 0 0 0 321 321 221 2515 1955 3600 0 0 
71900 108000 3600 1356 186 0 0 0 324 324 222 2478 1928 3600 0 0 
72000 108000 3600 1373 188 0 0 0 341 341 247 2494 1944 3600 0 0 
72100 108000 3600 1306 174 0 0 0 352 352 236 2548 1939 3600 0 0 
72200 108000 3600 1358 178 0 0 0 344 344 230 2505 1963 3600 0 0 
72300 108000 3600 1398 184 0 0 0 349 349 230 2449 1936 3600 0 0 
72400 108000 3600 1393 176 0 0 0 403 403 277 2458 1962 3600 0 0 
72500 108000 3600 1343 181 0 0 0 355 355 243 2543 1954 3600 0 0 
72600 108000 3600 1316 178 0 0 0 384 384 256 2534 1949 3600 0 0 
72700 108000 3600 1368 186 0 0 0 344 344 250 2483 1930 3600 0 0 
72800 108000 3600 1382 205 0 0 0 359 359 247 2493 1930 3600 0 0 
72900 108000 3600 1399 187 0 0 0 358 358 250 2491 1979 3600 0 0 
73000 108000 3600 1393 182 0 0 0 333 333 210 2456 1940 3600 0 0 
73100 108000 3600 1349 192 0 0 0 429 429 304 2507 1913 3600 0 0 
73200 108000 3600 1352 173 0 0 0 312 312 215 2505 1957 3600 0 0 
73300 108000 3600 1376 177 0 0 0 388 388 266 2480 1957 3600 0 0 
73400 108000 3600 1395 194 0 0 0 309 309 214 2470 1967 3600 0 0 
73500 108000 3600 1377 186 0 0 0 359 359 242 2483 1932 3600 0 0 
73600 108000 3600 1364 179 0 0 0 361 361 253 2501 1931 3600 0 0 
73700 108000 3600 1415 189 0 0 0 336 336 223 2460 1961 3600 0 0 
73800 108000 3600 1374 172 0 0 0 357 357 239 2477 1956 3600 0 0 
73900 108000 3600 1413 181 0 0 0 374 374 252 2443 1925 3600 0 0 
74000 108000 3600 1433 189 0 0 0 392 392 261 2438 1944 3600 0 0 
74100 108000 3600 1327 173 0 0 0 342 342 240 2519 1936 3600 0 0 
74200 108000 3600 1414 184 0 0 0 327 327 220 2460 1952 3600 0 0 
74300 108000 3600 1358 184 0 0 0 375 375 276 2509 1945 3600 0 0 
74400 108000 3600 1369 161 0 0 0 326 326 224 2480 1936 3600 0 0 
74500 108000 3600 1372 171 0 0 0 367 367 264 2477 1943 3600 0 0 
74600 108000 3600 1383 170 0 0 0 317 317 212 2442 1971 3600 0 0 
74700 108000 3600 1285 172 0 0 0 359 359 242 2547 1930 3600 0 0 
74800 108000 3600 1346 162 0 0 0 394 394 269 2482 1947 3600 0 0 
74900 108000 3600 1355 172 0 0 0 354 354 248 2477 1929 3600 0 0 
75000 108000 3600 1374 193 0 0 0 346 346 236 2471 1931 3600 0 0 
75100 108000 3600 1381 170 0 0 0 357 357 251 2479 1953 3600 0 0 
75200 108000 3600 1354 189 0 0 0 319 319 210 2498 1924 3600 0 0 
75300 108000 3600 1316 167 0 0 0 357 357 250 2517 1912 3600 0 0 
75400 108000 3600 1322 177 0 0 0 387 387 273 2520 1958 3600 0 0 
75500 108000 3600 1401 176 0 0 0 351 351 242 2441 1967 3600 0 0 
75600 108000 3600 1419 177 0 0 0 337 337 224 2437 1944 3600 0 0 
75700 108000 3600 1346 188 0 0 0 368 368 254 2511 1927 3600 0 0 
75800 108000 3600 1390 181 0 0 0 371 371 259 2458 1946 3600 0 0 
75900 108000 3600 1392 195 0 0 0 403 403 283 2473 1953 3600 0 0 
76000 108000 3600 1339 184 0 0 0 338 338 252 2525 1934 3600 0 0 
76100 108000 3600 1391 187 0 0 0 319 319 220 2459 1941 3600 0 0 
76200 108000 3600 1357 175 0 0 0 377 377 251 2488 1934 3600 0 0 
76300 108000 3600 1429 182 0 0 0 348 348 237 2434 1954 3600 0 0 
76400 108000 3600 1363 186 0 0 0 346 346 244 2506 1958 3600 0 0 
76500 108000 3600 1396 190 0 0 0 356 356 242 2449 1949 3600 0 0 
76600 108000 3600 1426 198 0 0 0 333 333 224 2448 1959 3600 0 0 
76700 108000 3600 1401 175 0 0 0 343 343 227 2445 1929 3600 0 0 
76800 108000 3600 1361 185 0 0 0 379 379 261 2515 1955 3600 0 0 
76900 108000 3600 1411 173 0 0 0 335 335 226 2457 1934 3600 0 0 
77000 108000 3600 1415 186 0 0 0 324 324 216 2442 1909 3600 0 0 
77100 108000 3600 1393 168 0 0 0 346 346 226 2444 1939 3600 0 0 
77200 108000 3600 1387 198 0 0 0 361 361 246 2486 1977 3600 0 0 
77300 108000 3600 1403 187 0 0 0 382 382 257 2459 1935 3600 0 0 
77400 108000 3600 1331 186 0 0 0 301 301 214 2510 1918 3600 0 0 
77500 108000 3600 1407 181 0 0 0 378 378 253 2451 1973 3600 0 0 
77600 108000 3600 1372 196 0 0 0 340 340 242 2491 1939 3600 0 0 
77700 108000 3600 1407 195 0 0 0 327 327 220 2444 1953 3600 0 0 
77800 108000 3600 1423 182 0 0 0 377 377 254 2449 1940 3600 0 0 
77900 108000 3600 1381 185 0 0 0 390 390 253 2486 1930 3600 0 0 
78000 108000 3600 1386 190 0 0 0 397 397 282 2468 1950 3600 0 0 
78100 108000 3600 1399 191 0 0 0 339 339 238 2463 1963 3600 0 0 
78200 108000 3600 1330 169 0 0 0 339 339 231 2521 1930 3600 0 0 
78300 108000 3600 1377 181 0 0 0 375 375 256 2472 1963 3600 0 0 
78400 108000 3600 1352 181 0 0 0 369 369 255 2501 1944 3600 0 0 
78500 108000 3600 1391 188 0 0 0 318 318 219 2484 1956 3600 0 0 
78600 108000 3600 1367 179 0 0 0 357 357 232 2477 1940 3600 0 0 
78700 108000 3600 1355 188 0 0 0 365 365 248 2527 1919 3600 0 0 
78800 108000 3600 1346 195 0 0 0 362 362 240 2521 1920 3600 0 0 
78900 108000 3600 1346 196 0 0 0 336 336 232 2502 1931 3600 0 0 
79000 108000 3600 1326 196 0 0 0 414 414 291 2551 1953 3600 0 0 
79100 108000 3600 1364 176 0 0 0 340 340 238 2504 1934 3600 0 0 
79200 108000 3600 1379 169 0 0 0 359 359 253 2487 1955 3600 0 0 
79300 108000 3600 1373 176 0 0 0 372 372 267 2496 1948 3600 0 0 
79400 108000 3600 1390 199 0 0 0 364 364 253 2464 1914 3600 0 0 
79500 108000 3600 1293 174 0 0 0 355 355 242 2555 1947 3600 0 0 
79600 108000 3600 1393 169 0 0 0 359 359 246 2464 1918 3600 0 0 
79700 108000 3600 1366 186 0 0 0 343 343 231 2489 1937 3600 0 0 
79800 108000 3600 1434 202 0 0 0 354 354 248 2444 1940 3600 0 0 
79900 108000 3600 1372 180 0 0 0 383 383 266 2477 1959 3600 0 0 
80000 108000 3600 1418 194 0 0 0 369 369 253 2458 1928 3600 0 0 
80100 108000 3600 1448 212 0 0 0 405 405 288 2440 1952 3600 0 0 
80200 108000 3600 1379 179 0 0 0 292 292 204 2473 1920 3600 0 0 
80300 108000 3600 1323 176 0 0 0 306 306 209 2521 1930 3600 0 0 
80400 108000 3600 1379 183 0 0 0 344 344 250 2487 1944 3600 0 0 
80500 108000 3600 1365 189 0 0 0 337 337 231 2491 1935 3600 0 0 
80600 108000 3600 1349 172 0 0 0 358 358 245 2506 1951 3600 0 0 
80700 108000 3600 1407 170 0 0 0 361 361 262 2453 1945 3600 0 0 
80800 108000 3600 1388 174 0 0 0 356 356 227 2474 1941 3600 0 0 
80900 108000 3600 1396 188 0 0 0 330 330 238 2473 1965 3600 0 0 
81000 108000 3600 1378 212 0 0 0 385 385 269 2490 1947 3600 0 0 
81100 108000 3600 1415 197 0 0 0 360 360 240 2464 1954 3600 0 0 
81200 108000 3600 1400 176 0 0 0 366 366 254 2455 1959 3600 0 0 
81300 108000 3600 1370 191 0 0 0 328 328 232 2511 1964 3600 0 0 
81400 108000 3600 1367 187 0 0 0 339 339 246 2509 1954 3600 0 0 
81500 108000 3600 1405 183 0 0 0 328 328 229 2462 1958 3600 0 0 
81600 108000 3600 1324 177 0 0 0 374 374 267 2526 1930 3600 0 0 
81700 108000 3600 1358 187 0 0 0 370 370 255 2517 1924 3600 0 0 
81800 108000 3600 1353 185 0 0 0 321 321 214 2500 1935 3600 0 0 
81900 108000 3600 1379 192 0 0 0 369 369 259 2481 1950 3600 0 0 
82000 108000 3600 1403 207 0 0 0 354 354 241 2487 1941 3600 0 0 
82100 108000 3600 1414 209 0 0 0 347 347 234 2463 1948 3600 0 0 
82200 108000 3600 1385 210 0 0 0 363 363 247 2515 1957 3600 0 0 
82300 108000 3600 1391 204 0 0 0 383 383 264 2495 1943 3600 0 0 
82400 108000 3600 1394 186 0 0 0 341 341 244 2483 1977 3600 0 0 
82500 108000 3600 1351 199 0 0 0 331 331 229 2521 1936 3600 0 0 
82600 108000 3600 1382 197 0 0 0 382 382 268 2497 1952 3600 0 0 
82700 108000 3600 1387 197 0 0 0 346 346 251 2490 1945 3600 0 0 
82800 108000 3600 1363 202 0 0 0 347 347 242 2509 1939 3600 0 0 
82900 108000 3600 1368 193 0 0 0 341 341 239 2486 1953 3600 0 0 
83000 108000 3600 1390 181 0 0 0 320 320 208 2463 1939 3600 0 0 
83100 108000 3600 1357 196 0 0 0 391 391 282 2502 1927 3600 0 0 
83200 108000 3600 1357 191 0 0 0 338 338 241 2521 1924 3600 0 0 
83300 108000 3600 1323 173 0 0 0 345 345 244 2529 1965 3600 0 0 
83400 108000 3600 1414 208 0 0 0 368 368 255 2460 1950 3600 0 0 
83500 108000 3600 1396 200 0 0 0 335 335 233 2483 1958 3600 0 0 
83600 108000 3600 1394 183 0 0 0 338 338 247 2453 1986 3600 0 0 
83700 108000 3600 1417 196 0 0 0 335 335 238 2443 1954 3600 0 0 
83800 108000 3600 1381 200 0 0 0 364 364 266 2486 1949 3600 0 0 
83900 108000 3600 1410 204 0 0 0 323 323 225 2463 1946 3600 0 0 
84000 108000 3600 1389 191 0 0 0 323 323 226 2462 1941 3600 0 0 
84100 108000 3600 1399 204 0 0 0 355 355 265 2480 1935 3600 0 0 
84200 108000 3600 1397 190 0 0 0 339 339 226 2467 1934 3600 0 0 
84300 108000 3600 1383 189 0 0 0 364 364 254 2496 1952 3600 0 0 
84400 108000 3600 1421 194 0 0 0 323 323 223 2469 1949 3600 0 0 
84500 108000 3600 1372 178 0 0 0 366 366 250 2501 1944 3600 0 0 
84600 108000 3600 1426 188 0 0 0 382 382 266 2419 1926 3600 0 0 
84700 108000 3600 1396 175 0 0 0 298 298 194 2456 1963 3600 0 0 
84800 108000 3600 1442 200 0 0 0 285 285 185 2426 1948 3600 0 0 
84900 108000 3600 1399 187 0 0 0 331 331 239 2458 1923 3600 0 0 
85000 108000 3600 1394 182 0 0 0 342 342 245 2484 1974 3600 0 0 
85100 108000 3600 1421 183 0 0 0 361 361 249 2444 1979 3600 0 0 
85200 108000 3600 1392 180 0 0 0 340 340 229 2462 1959 3600 0 0 
85300 108000 3600 1389 178 0 0 0 380 380 256 2476 1980 3600 0 0 
85400 108000 3600 1395 182 0 0 0 346 346 224 2448 1954 3600 0 0 
85500 108000 3600 1353 184 0 0 0 397 397 285 2504 1939 3600 0 0 
85600 108000 3600 1345 161 0 0 0 316 316 210 2492 1932 3600 0 0 
85700 108000 3600 1367 187 0 0 0 340 340 219 2490 1917 3600 0 0 
85800 108000 3600 1367 194 0 0 0 384 384 276 2506 1952 3600 0 0 
85900 108000 3600 1373 186 0 0 0 366 366 260 2480 1926 3600 0 0 
86000 108000 3600 1365 179 0 0 0 342 342 228 2489 1952 3600 0 0 
86100 108000 3600 1412 182 0 0 0 332 332 225 2447 1936 3600 0 0 
86200 108000 3600 1414 195 0 0 0 314 314 207 2441 1928 3600 0 0 
86300 108000 3600 1391 192 0 0 0 365 365 257 2474 1931 3600 0 0 
86400 108000 3600 1336 203 0 0 0 347 347 251 2527 1938 3600 0 0 
86500 108000 3600 1387 194 0 0 0 348 348 231 2467 1944 3600 0 0 
86600 108000 3600 1425 172 0 0 0 334 334 224 2418 1946 3600 0 0 
86700 108000 3600 1329 163 0 0 0 336 336 252 2510 1911 3600 0 0 
86800 108000 3600 1322 162 0 0 0 375 375 256 2513 1951 3600 0 0 
86900 108000 3600 1341 162 0 0 0 376 376 268 2502 1930 3600 0 0 
87000 108000 3600 1339 160 0 0 0 336 336 246 2502 1948 3600 0 0 
87100 108000 3600 1360 188 0 0 0 335 335 226 2482 1950 3600 0 0 
87200 108000 3600 1347 182 0 0 0 371 371 268 2484 1935 3600 0 0 
87300 108000 3600 1357 169 0 0 0 321 321 225 2484 1919 3600 0 0 
87400 108000 3600 1373 185 0 0 0 380 380 249 2500 1974 3600 0 0 
87500 108000 3600 1373 211 0 0 0 370 370 248 2510 1954 3600 0 0 
87600 108000 3600 1350 193 0 0 0 340 340 237 2524 1943 3600 0 0 
87700 108000 3600 1387 186 0 0 0 333 333 242 2469 1936 3600 0 0 
87800 108000 3600 1352 199 0 0 0 361 361 257 2510 1912 3600 0 0 
87900 108000 3600 1389 201 0 0 0 363 363 263 2471 1956 3600 0 0 
88000 108000 3600 1375 162 0 0 0 386 386 270 2449 1922 3600 0 0 
88100 108000 3600 1408 182 0 0 0 370 370 248 2457 1975 3600 0 0 
88200 108000 3600 1333 199 0 0 0 285 285 216 2513 1955 3600 0 0 
88300 108000 3600 1341 183 0 0 0 359 359 247 2520 1941 3600 0 0 
88400 108000 3600 1343 178 0 0 0 377 377 268 2503 1935 3600 0 0 
88500 108000 3600 1371 171 0 0 0 372 372 266 2466 1965 3600 0 0 
88600 108000 3600 1405 166 0 0 0 363 363 230 2442 1925 3600 0 0 
88700 108000 3600 1402 176 0 0 0 369 369 260 2446 1934 3600 0 0 
88800 108000 3600 1378 172 0 0 0 340 340 239 2473 1949 3600 0 0 
88900 108000 3600 1365 183 0 0 0 395 395 288 2496 1926 3600 0 0 
89000 108000 3600 1311 174 0 0 0 362 362 268 2535 1964 3600 0 0 
89100 108000 3600 1355 184 0 0 0 391 391 281 2487 1947 3600 0 0 
89200 108000 3600 1364 178 0 0 0 382 382 264 2506 1958 3600 0 0 
89300 108000 3600 1345 162 0 0 0 376 376 263 2501 1949 3600 0 0 
89400 108000 3600 1387 181 0 0 0 300 300 220 2450 1932 3600 0 0 
89500 108000 3600 1315 171 0 0 0 353 353 237 2516 1935 3600 0 0 
89600 108000 3600 1315 161 0 0 0 373 373 270 2515 1947 3600 0 0 
89700 108000 3600 1333 151 0 0 0 347 347 244 2510 1972 3600 0 0 
89800 108000 3600 1332 176 0 0 0 349 349 231 2502 1906 3600 0 0 
89900 108000 3600 1374 179 0 0 0 337 337 231 2489 1937 3600 0 0 
90000 108000 3600 1398 168 0 0 0 361 361 243 2443 1958 3600 0 0 
90100 108000 3600 1371 166 0 0 0 362 362 256 2463 1939 3600 0 0 
90200 108000 3600 1314 168 0 0 0 383 383 270 2523 1951 3600 0 0 
90300 108000 3600 1358 188 0 0 0 351 351 253 2495 1944 3600 0 0 
90400 108000 3600 1309 193 0 0 0 377 377 260 2539 1930 3600 0 0 
90500 108000 3600 1385 181 0 0 0 407 407 301 2485 1973 3600 0 0 
90600 108000 3600 1349 177 0 0 0 369 369 268 2508 1956 3600 0 0 
90700 108000 3600 1401 184 0 0 0 334 334 214 2440 1950 3600 0 0 
90800 108000 3600 1367 190 0 0 0 336 336 221 2500 1928 3600 0 0 
90900 108000 3600 1336 163 0 0 0 350 350 257 2518 1976 3600 0 0 
91000 108000 3600 1337 173 0 0 0 348 348 231 2508 1928 3600 0 0 
91100 108000 3600 1431 171 0 0 0 291 291 200 2441 1975 3600 0 0 
91200 108000 3600 1362 184 0 0 0 376 376 269 2502 1938 3600 0 0 
91300 108000 3600 1370 168 0 0 0 332 332 230 2482 1954 3600 0 0 
91400 108000 3600 1421 176 0 0 0 371 371 244 2453 1956 3600 0 0 
91500 108000 3600 1382 156 0 0 0 322 322 230 2442 1945 3600 0 0 
91600 108000 3600 1331 152 0 0 0 382 382 265 2495 1929 3600 0 0 
91700 108000 3600 1342 165 0 0 0 355 355 263 2506 1953 3600 0 0 
91800 108000 3600 1390 177 0 0 0 326 326 214 2475 1937 3600 0 0 
91900 108000 3600 1355 179 0 0 0 334 334 227 2521 1950 3600 0 0 
92000 108000 3600 1396 176 0 0 0 325 325 232 2459 1963 3600 0 0 
92100 108000 3600 1351 167 0 0 0 345 345 227 2475 1939 3600 0 0 
92200 108000 3600 1372 161 0 0 0 339 339 225 2459 1929 3600 0 0 
92300 108000 3600 1404 174 0 0 0 368 368 227 2439 1917 3600 0 0 
92400 108000 3600 1385 176 0 0 0 329 329 228 2469 1944 3600 0 0 
92500 108000 3600 1402 185 0 0 0 350 350 243 2453 1944 3600 0 0 
92600 108000 3600 1408 169 0 0 0 343 343 244 2460 1958 3600 0 0 
92700 108000 3600 1372 171 0 0 0 333 333 235 2457 1936 3600 0 0 
92800 108000 3600 1348 158 0 0 0 406 406 281 2484 1956 3600 0 0 
92900 108000 3600 1325 163 0 0 0 365 365 257 2513 1948 3600 0 0 
93000 108000 3600 1369 160 0 0 0 372 372 255 2461 1968 3600 0 0 
93100 108000 3600 1343 149 0 0 0 388 388 266 2484 1942 3600 0 0 
93200 108000 3600 1293 173 0 0 0 380 380 274 2542 1978 3600 0 0 
93300 108000 3600 1389 162 0 0 0 384 384 242 2444 1955 3600 0 0 
93400 108000 3600 1391 183 0 0 0 346 346 243 2463 1952 3600 0 0 
93500 108000 3600 1406 163 0 0 0 346 346 236 2423 1950 3600 0 0 
93600 108000 3600 1330 178 0 0 0 305 305 215 2525 1944 3600 0 0 
93700 108000 3600 1366 180 0 0 0 325 325 217 2497 1946 3600 0 0 
93800 108000 3600 1388 171 0 0 0 335 335 236 2467 1955 3600 0 0 
93900 108000 3600 1329 163 0 0 0 318 318 216 2513 1938 3600 0 0 
94000 108000 3600 1311 173 0 0 0 324 324 218 2536 1940 3600 0 0 
94100 108000 3600 1365 175 0 0 0 405 405 289 2477 1945 3600 0 0 
94200 108000 3600 1356 183 0 0 0 337 337 238 2489 1951 3600 0 0 
94300 108000 3600 1387 179 0 0 0 331 331 218 2469 1949 3600 0 0 
94400 108000 3600 1361 186 0 0 0 354 354 240 2487 1957 3600 0 0 
94500 108000 3600 1365 181 0 0 0 348 348 237 2474 1947 3600 0 0 
94600 108000 3600 1360 180 0 0 0 363 363 259 2514 1965 3600 0 0 
94700 108000 3600 1417 183 0 0 0 331 331 224 2448 1970 3600 0 0 
94800 108000 3600 1334 166 0 0 0 349 349 249 2500 1966 3600 0 0 
94900 108000 3600 1361 168 0 0 0 375 375 259 2499 1939 3600 0 0 
95000 108000 3600 1364 183 0 0 0 327 327 225 2483 1962 3600 0 0 
95100 108000 3600 1390 177 0 0 0 351 351 237 2464 1980 3600 0 0 
95200 108000 3600 1353 152 0 0 0 356 356 235 2488 1938 3600 0 0 
95300 108000 3600 1400 176 0 0 0 328 328 212 2448 1949 3600 0 0 
95400 108000 3600 1355 193 0 0 0 335 335 234 2502 1940 3600 0 0 
95500 108000 3600 1398 180 0 0 0 355 355 234 2446 1977 3600 0 0 
95600 108000 3600 1354 168 0 0 0 355 355 243 2487 1941 3600 0 0 
95700 108000 3600 1366 158 0 0 0 336 336 227 2449 1947 3600 0 0 
95800 108000 3600 1342 181 0 0 0 361 361 255 2480 1934 3600 0 0 
95900 108000 3600 1383 170 0 0 0 351 351 241 2447 1923 3600 0 0 
96000 108000 3600 1393 194 0 0 0 368 368 249 2482 1958 3600 0 0 
96100 108000 3600 1404 181 0 0 0 351 351 239 2436 1917 3600 0 0 
96200 108000 3600 1400 177 0 0 0 331 331 232 2446 1928 3600 0 0 
96300 108000 3600 1371 181 0 0 0 321 321 225 2476 1970 3600 0 0 
96400 108000 3600 1352 171 0 0 0 357 357 265 2481 1948 3600 0 0 
96500 108000 3600 1407 185 0 0 0 370 370 258 2458 1955 3600 0 0 
96600 108000 3600 1375 179 0 0 0 324 324 215 2468 1970 3600 0 0 
96700 108000 3600 1478 178 0 0 0 322 322 205 2370 1938 3600 0 0 
96800 108000 3600 1294 187 0 0 0 379 379 274 2564 1935 3600 0 0 
96900 108000 3600 1382 168 0 0 0 326 326 233 2481 1971 3600 0 0 
97000 108000 3600 1366 176 0 0 0 338 338 234 2477 1945 3600 0 0 
97100 108000 3600 1383 166 0 0 0 341 341 221 2476 1969 3600 0 0 
97200 108000 3600 1360 173 0 0 0 320 320 224 2474 1970 3600 0 0 
97300 108000 3600 1352 172 0 0 0 314 314 218 2500 1956 3600 0 0 
97400 108000 3600 1379 175 0 0 0 333 333 222 2450 1960 3600 0 0 
97500 108000 3600 1405 174 0 0 0 357 357 235 2434 1967 3600 0 0 
97600 108000 3600 1334 171 0 0 0 333 333 228 2504 1957 3600 0 0 
97700 108000 3600 1353 181 0 0 0 377 377 252 2497 1944 3600 0 0 
97800 108000 3600 1381 178 0 0 0 340 340 239 2467 1952 3600 0 0 
97900 108000 3600 1401 192 0 0 0 310 310 206 2441 1940 3600 0 0 
98000 108000 3600 1315 170 0 0 0 346 346 232 2537 1924 3600 0 0 
98100 108000 3600 1374 181 0 0 0 375 375 257 2480 1955 3600 0 0 
98200 108000 3600 1342 167 0 0 0 347 347 233 2487 1962 3600 0 0 
98300 108000 3600 1324 165 0 0 0 349 349 238 2497 1928 3600 0 0 
98400 108000 3600 1380 171 0 0 0 344 344 228 2458 1956 3600 0 0 
98500 108000 3600 1404 195 0 0 0 372 372 255 2442 1943 3600 0 0 
98600 108000 3600 1376 182 0 0 0 351 351 240 2477 1961 3600 0 0 
98700 108000 3600 1405 185 0 0 0 314 314 235 2456 1983 3600 0 0 
98800 108000 3600 1369 165 0 0 0 390 390 280 2464 1947 3600 0 0 
98900 108000 3600 1387 189 0 0 0 396 396 284 2474 1958 3600 0 0 
99000 108000 3600 1395 177 0 0 0 364 364 228 2448 1931 3600 0 0 
99100 108000 3600 1378 175 0 0 0 374 374 252 2477 1936 3600 0 0 
99200 108000 3600 1370 196 0 0 0 386 386 243 2503 1934 3600 0 0 
99300 108000 3600 1398 177 0 0 0 340 340 228 2460 1947 3600 0 0 
99400 108000 3600 1394 178 0 0 0 350 350 247 2437 1963 3600 0 0 
99500 108000 3600 1368 185 0 0 0 376 376 261 2503 1957 3600 0 0 
99600 108000 3600 1361 170 0 0 0 351 351 243 2492 1940 3600 0 0 
99700 108000 3600 1363 179 0 0 0 334 334 218 2503 1958 3600 0 0 
99800 108000 3600 1357 194 0 0 0 340 340 220 2496 1983 3600 0 0 
99900 108000 3600 1406 183 0 0 0 377 377 253 2443 1948 3600 0 0 
100000 108000 3600 1370 168 0 0 0 347 347 249 2458 1958 3600 0 0 
