# Avida Dominant Data
# Fri Jun 15 12:07:32 2018
#  1: Update
#  2: Average Merit of the Dominant Genotype
#  3: Average Gestation Time of the Dominant Genotype
#  4: Average Fitness of the Dominant Genotype
#  5: Repro Rate?
#  6: Size of Dominant Genotype
#  7: Copied Size of Dominant Genotype
#  8: Executed Size of Dominant Genotype
#  9: Abundance of Dominant Genotype
# 10: Number of Births
# 11: Number of Dominant Breed True?
# 12: Dominant Gene Depth
# 13: Dominant Breed In
# 14: Max Fitness?
# 15: Genotype ID of Dominant Genotype
# 16: Name of the Dominant Genotype

0 0 0 0 0 100 0 0 1 0 0 0 0 2.22507e-308 1 100-aaaaa 
100 97 389 0.249357 0.00257069 100 100 0 23 0 0 0 0 0.249357 1 100-aaaaa 
200 97 389 0.249357 0.00257069 100 100.001 0 481 8 2 0 0 0.249357 1 100-aaaaa 
300 97 389 0.249357 0.00257069 100 100.002 0 171 17 10 0 0 0.249357 1 100-aaaaa 
400 98 291 0.33677 0.00343643 101 100.994 0 73 8 5 1 0 0.33677 87 101-aaaaj 
500 98 291 0.33677 0.00343643 101 100.997 0 54 10 6 1 0 0.33677 87 101-aaaaj 
600 98 291 0.33677 0.00343643 101 100.997 0 60 3 2 1 0 0.33677 87 101-aaaaj 
700 98 290 0.337931 0.00344828 101 101 0 34 0 0 2 0 0.337931 7439 101-aaalb 
800 98 285 0.34386 0.00350877 101 101 0 19 3 2 8 0 0.34386 23509 101-aabnr 
900 98 288 0.340278 0.00347222 101 101 0 21 0 0 9 0 0.340278 39190 101-aadjy 
1000 98 288 0.340278 0.00347222 101 101 0 18 0 0 8 0 0.340278 42012 101-aaebn 
1100 98 282 0.347518 0.0035461 101 101 0 26 0 0 15 0 0.347518 48568 101-aaerp 
1200 97 286 0.339161 0.0034965 101 101 0 22 2 2 8 0 0.339161 41882 101-aadvx 
1300 97 283 0.342756 0.00353357 101 101 0 19 1 1 9 0 0.342756 61042 101-aagjp 
1400 98 287 0.341463 0.00348432 101 101 0 22 0 0 7 0 0.341463 53005 101-aafjl 
1500 98 282 0.347518 0.0035461 101 101 0 21 1 0 12 0 0.347518 69064 101-aahow 
1600 97 285 0.340351 0.00350877 101 101 0 22 3 3 11 0 0.340351 82312 101-aajhc 
1700 98 287 0.341463 0.00348432 101 101 0 20 0 0 12 0 0.341463 88753 101-aakfk 
1800 97 285 0.340351 0.00350877 101 101 0 19 3 3 14 0 0.340351 98314 101-aaloi 
1900 100 287 0.348432 0.00348432 102 101.994 0 18 4 3 15 0 0.348432 102067 102-aabbi 
2000 95 277 0.34296 0.00361011 101 101 0 20 1 0 21 0 0.34296 122830 101-aaono 
2100 137.745 270 0.510168 0.0037037 100 100 0 17 2 2 18 0 0.688889 127795 100-aabvz 
2200 135.105 270 0.500391 0.0037037 100 100 0 42 0 0 18 0 0.688889 127795 100-aabvz 
2300 140.005 268 0.522408 0.00373134 100 100 0 43 9 4 22 0 0.69403 144231 100-aabxl 
2400 186 270 0.688889 0.0037037 100 100 0 276 16 15 20 0 0.688889 147906 100-aabyo 
2500 186 270 0.688889 0.0037037 100 100 0 202 15 12 20 0 0.688889 146458 100-aabyg 
2600 186 270 0.688889 0.0037037 100 100 0 113 8 6 20 0 0.688889 146458 100-aabyg 
2700 186 270 0.688889 0.0037037 100 100 0 39 5 3 20 0 0.688889 146458 100-aabyg 
2800 186 270 0.688889 0.0037037 100 100 0 40 4 4 20 0 0.688889 146458 100-aabyg 
2900 194 273 0.710623 0.003663 100 100 0 32 7 3 22 0 0.710623 180542 100-aafcg 
3000 190 271 0.701107 0.00369004 100 100 0 26 6 5 24 0 0.701107 180314 100-aafdi 
3100 190 271 0.701107 0.00369004 100 100 0 26 0 0 24 0 0.701107 180314 100-aafdi 
3200 188 270 0.696296 0.0037037 100 100 0 23 0 0 25 0 0.696296 187260 100-aagcl 
3300 196 274 0.715328 0.00364964 101 100.996 0 24 2 2 30 0 0.715328 192114 101-aaspx 
3400 380 273 1.39194 0.003663 100 100 0 251 66 42 30 0 1.39194 227257 100-aaken 
3500 380 273 1.39194 0.003663 100 100 0 513 37 25 30 0 1.39194 227257 100-aaken 
3600 1520 271 5.60886 0.00369004 100 100 0 335 63 47 32 0 5.60886 244550 100-aalyh 
3700 3008 265 11.3509 0.00377358 99 99 0 836 74 54 34 0 11.3509 248712 099-aabkg 
3800 12032 263 45.749 0.00380228 99 99 0 973 89 55 37 0 45.749 258465 099-aabtw 
3900 12032 263 45.749 0.00380228 99 99 0 628 49 40 37 0 45.749 258465 099-aabtw 
4000 12032 263 45.749 0.00380228 99 99 0 364 30 20 37 0 45.749 258465 099-aabtw 
4100 12032 263 45.749 0.00380228 99 99 0 146 14 10 37 0 45.749 258465 099-aabtw 
4200 24064 262 91.8473 0.00381679 99 99 0 750 64 43 39 0 91.8473 280702 099-aadpp 
4300 24064 262 91.8473 0.00381679 99 99 0 476 47 30 39 0 91.8473 280702 099-aadpp 
4400 24064 262 91.8473 0.00381679 99 99 0 249 21 17 39 0 91.8473 280702 099-aadpp 
4500 24064 262 91.8473 0.00381679 99 99 0 155 6 3 39 0 91.8473 280702 099-aadpp 
4600 24064 262 91.8473 0.00381679 99 99 0 97 13 10 39 0 91.8473 280702 099-aadpp 
4700 24064 262 91.8473 0.00381679 99 99 0 53 6 5 39 0 91.8473 280702 099-aadpp 
4800 24576 262 93.8015 0.00381679 99 99 0 47 2 1 43 0 93.8015 306585 099-aafkn 
4900 24320 262 92.8244 0.00381679 99 99 0 47 8 6 43 0 92.8244 294115 099-aaekv 
5000 24832 232 107.034 0.00431034 100 100 0 47 4 3 47 0 107.034 328114 100-aancf 
5100 24832 232 107.034 0.00431034 100 100 0 63 8 6 47 0 107.034 328114 100-aancf 
5200 24832 232 107.034 0.00431034 100 100 0 106 20 18 47 0 107.034 328114 100-aancf 
5300 24832 232 107.034 0.00431034 100 100 0 130 5 4 47 0 107.034 328114 100-aancf 
5400 24832 232 107.034 0.00431034 100 100 0 86 5 3 47 0 107.034 328114 100-aancf 
5500 24832 232 107.034 0.00431034 100 100 0 134 17 12 47 0 107.034 328114 100-aancf 
5600 24832 232 107.034 0.00431034 100 100 0 91 10 8 47 0 107.034 328114 100-aancf 
5700 24832 232 107.034 0.00431034 100 100 0 58 3 2 47 0 107.034 328114 100-aancf 
5800 24832 233 106.575 0.00429185 100 100 0 44 6 6 52 0 106.575 394684 100-aaovu 
5900 24832 233 106.575 0.00429185 100 100 0 36 8 7 47 0 106.575 344188 100-aaneg 
6000 24832 232 107.034 0.00431034 100 100 0 41 9 6 50 0 107.034 421098 100-aaqrr 
6100 24832 231 107.498 0.004329 100 100 0 44 6 5 52 0 107.498 401998 100-aaphz 
6200 24832 232 107.034 0.00431034 100 100 0 48 8 7 50 0 107.034 421098 100-aaqrr 
6300 24832 231 107.498 0.004329 100 100 0 49 7 3 55 0 107.498 437952 100-aarrp 
6400 24832 231 107.498 0.004329 100 100 0 37 5 5 51 0 107.498 443090 100-aaryk 
6500 24832 232 107.034 0.00431034 100 100 0 62 6 2 51 0 107.034 456824 100-aastx 
6600 24832 233 106.575 0.00429185 100 100 0 41 3 3 54 0 106.575 458601 100-aasxh 
6700 25088 216 116.148 0.00462963 101 101 0 81 14 8 54 0 116.148 452534 101-aattd 
6800 25088 216 116.148 0.00462963 101 101 0 67 2 1 54 0 116.148 452534 101-aattd 
6900 25088 216 116.148 0.00462963 101 101 0 69 19 13 54 0 116.148 452534 101-aattd 
7000 25088 214 117.234 0.0046729 101 101 0 41 1 1 58 0 117.234 491961 101-aauge 
7100 25088 216 116.148 0.00462963 101 101 0 60 12 11 58 0 116.148 497368 101-aaukp 
7200 25088 216 116.148 0.00462963 101 101 0 33 4 4 62 0 116.148 520153 101-aavfg 
7300 25088 216 116.148 0.00462963 101 101 0 36 4 4 55 0 116.148 541044 101-aawdv 
7400 24832 214 116.037 0.0046729 101 101 0 57 7 4 60 0 116.037 535810 101-aavws 
7500 24832 214 116.037 0.0046729 101 101 0 67 8 5 60 0 116.037 535810 101-aavws 
7600 24952.8 214.472 116.345 0.00466264 101 101 0 34 8 6 62 0 116.688 563688 101-aaxik 
7700 25344 217 116.793 0.00460829 102 102 0 50 6 3 64 0 116.793 570559 102-aacrm 
7800 25088 212 118.34 0.00471698 102 102 0 41 5 2 62 0 118.34 569251 102-aacre 
7900 25088 216 116.148 0.00462963 101 101 0 46 8 6 59 0 116.148 574914 101-aaxyf 
8000 25088 214 117.234 0.0046729 101 101 0 40 1 0 62 0 117.234 573711 101-aaxvr 
8100 25088 214 117.234 0.0046729 101 101 0 41 8 7 58 0 117.234 512896 101-aauxs 
8200 25088 215 116.688 0.00465116 101 101 0 32 7 5 63 0 116.688 581154 101-aayks 
8300 25344 217 116.793 0.00460829 102 101.999 0 28 4 3 62 0 116.793 615546 102-aadfm 
8400 25088 216 116.148 0.00462963 102 102 0 28 3 1 65 0 116.148 613712 102-aader 
8500 24832 214 116.037 0.0046729 100 100.005 0 49 6 5 65 0 116.037 642268 100-aawlu 
8600 25088 213 117.784 0.00469484 101 101 0 64 8 7 64 0 117.784 625874 101-abang 
8700 25088 216 116.148 0.00462963 102 102 0 38 4 4 65 0 116.148 656635 102-aadyv 
8800 24576 211 116.474 0.00473934 100 100 0 45 2 2 67 0 116.474 606192 100-aawgr 
8900 25088 214 117.234 0.0046729 101 101 0 36 3 3 62 0 117.234 639914 101-abbeq 
9000 25088 216 116.148 0.00462963 101 101 0 40 5 3 67 0 116.148 683450 101-abddh 
9100 25088 217 115.613 0.00460829 102 102 0 44 4 4 69 0 115.613 708053 102-aaeyq 
9200 25088 215 116.688 0.00465116 101 101 0 43 2 2 61 0 116.688 715099 101-abeue 
9300 25088 215 116.688 0.00465116 101 101 0 48 7 6 71 0 116.688 700012 101-abdzt 
9400 25088 216 116.148 0.00462963 101 101 0 50 6 3 64 0 116.148 686578 101-abdhz 
9500 25088 216 116.148 0.00462963 101 101 0 47 8 6 64 0 116.148 686578 101-abdhz 
9600 25088 213 117.784 0.00469484 101 101 0 54 9 6 73 0 117.784 723120 101-abfbw 
9700 25088 215 116.688 0.00465116 101 101 0 38 1 1 74 0 116.688 756716 101-abgrz 
9800 24832 214 116.037 0.0046729 102 102 0 63 8 5 78 0 116.037 758032 102-aafqi 
9900 25088 213 117.784 0.00469484 101 101 0 71 6 5 69 0 117.784 766134 101-abhao 
10000 25088 213 117.784 0.00469484 101 101 0 73 9 8 69 0 117.784 766134 101-abhao 
10100 25088 213 117.784 0.00469484 101 101 0 65 10 6 69 0 117.784 766134 101-abhao 
10200 25088 213 117.784 0.00469484 101 101 0 55 8 7 69 0 117.784 766134 101-abhao 
10300 25088 216 116.148 0.00462963 101 101 0 44 7 5 75 0 116.148 800861 101-abiph 
10400 24832 211 117.687 0.00473934 100 100 0 75 0 0 74 0 117.687 742565 100-aaxbw 
10500 24832 211 117.687 0.00473934 101 101 0 54 8 3 76 0 117.687 772573 101-abhkt 
10600 25344 217 116.793 0.00460829 103 103 0 39 4 4 79 0 116.793 833521 103-aabge 
10700 25344 215 117.879 0.00465116 102 102 0 39 2 1 73 0 117.879 827819 102-aagpm 
10800 49664 213 233.164 0.00469484 100 100 0 775 111 79 78 0 233.164 870620 100-aaynt 
10900 49664 213 233.164 0.00469484 100 100 0 932 87 62 78 0 233.164 870620 100-aaynt 
11000 49664 213 233.164 0.00469484 100 100 0 642 78 51 78 0 233.164 870620 100-aaynt 
11100 49664 213 233.164 0.00469484 100 100 0 392 48 25 78 0 233.164 870620 100-aaynt 
11200 49664 213 233.164 0.00469484 100 100 0 296 37 20 78 0 233.164 870620 100-aaynt 
11300 49664 213 233.164 0.00469484 100 100 0 154 18 12 78 0 233.164 870620 100-aaynt 
11400 49664 213 233.164 0.00469484 100 100 0 108 17 12 78 0 233.164 870620 100-aaynt 
11500 49664 213 233.164 0.00469484 100 100 0 83 11 6 78 0 233.164 870620 100-aaynt 
11600 49664 213 233.164 0.00469484 100 100 0 75 7 4 78 0 233.164 870620 100-aaynt 
11700 49664 212 234.264 0.00471698 100 100 0 53 6 5 79 0 234.264 916576 100-abatc 
11800 49664 212 234.264 0.00471698 101 101 0 60 5 5 87 0 234.264 947629 101-abmbo 
11900 49664 213 233.164 0.00469484 100 100 0 57 6 6 84 0 233.164 961287 100-abdav 
12000 49664 213 233.164 0.00469484 100 100 0 68 9 6 84 0 233.164 961287 100-abdav 
12100 49664 213 233.164 0.00469484 100 100 0 83 10 8 84 0 233.164 961287 100-abdav 
12200 200704 213 942.272 0.00469484 101 101 0 1557 173 117 87 0 942.272 1008858 101-abmoc 
12300 200704 213 942.272 0.00469484 101 101 0 1234 148 102 87 0 942.272 1008858 101-abmoc 
12400 200704 213 942.272 0.00469484 101 101 0 791 107 77 87 0 942.272 1008858 101-abmoc 
12500 200704 213 942.272 0.00469484 101 101 0 660 74 53 87 0 942.272 1008858 101-abmoc 
12600 200704 213 942.272 0.00469484 101 101 0 513 49 31 87 0 942.272 1008858 101-abmoc 
12700 200704 213 942.272 0.00469484 101 101 0 386 50 32 87 0 942.272 1008858 101-abmoc 
12800 200704 213 942.272 0.00469484 101 101 0 179 22 15 87 0 942.272 1008858 101-abmoc 
12900 200704 213 942.272 0.00469484 101 101 0 159 19 14 87 0 942.272 1008858 101-abmoc 
13000 200704 213 942.272 0.00469484 101 101 0 113 18 12 87 0 942.272 1008858 101-abmoc 
13100 200704 213 942.272 0.00469484 101 101 0 66 4 4 87 0 942.272 1008858 101-abmoc 
13200 200704 213 942.272 0.00469484 101 101 0 51 3 3 87 0 942.272 1008858 101-abmoc 
13300 200704 212 946.717 0.00471698 101 101 0 55 7 6 91 0 946.717 1042764 101-abojb 
13400 200704 213 942.272 0.00469484 101 101 0 69 11 6 87 0 942.272 1008858 101-abmoc 
13500 401408 214 1875.74 0.0046729 101 101 0 1092 116 71 92 0 1875.74 1125629 101-abrxu 
13600 401408 214 1875.74 0.0046729 101 101 0 1028 104 77 92 0 1875.74 1125629 101-abrxu 
13700 401408 214 1875.74 0.0046729 101 101 0 697 84 51 92 0 1875.74 1125629 101-abrxu 
13800 401408 214 1875.74 0.0046729 101 101 0 528 56 40 92 0 1875.74 1125629 101-abrxu 
13900 401408 214 1875.74 0.0046729 101 101 0 328 38 24 92 0 1875.74 1125629 101-abrxu 
14000 401408 214 1875.74 0.0046729 101 101 0 261 44 34 92 0 1875.74 1125629 101-abrxu 
14100 401408 214 1875.74 0.0046729 101 101 0 105 10 8 92 0 1875.74 1125629 101-abrxu 
14200 401408 214 1875.74 0.0046729 101 101 0 65 9 3 92 0 1875.74 1125629 101-abrxu 
14300 401408 214 1875.74 0.0046729 101 101 0 87 14 9 92 0 1875.74 1125629 101-abrxu 
14400 401408 214 1875.74 0.0046729 101 101 0 69 5 4 92 0 1875.74 1125629 101-abrxu 
14500 401408 214 1875.74 0.0046729 101 101 0 72 10 6 92 0 1875.74 1125629 101-abrxu 
14600 401408 214 1875.74 0.0046729 101 101 0 66 6 5 96 0 1875.74 1186415 101-abvao 
14700 401408 214 1875.74 0.0046729 101 101 0 59 9 7 92 0 1875.74 1125629 101-abrxu 
14800 401408 214 1875.74 0.0046729 101 101 0 44 18 15 95 0 1875.74 1220311 101-abwor 
14900 397312 212 1874.11 0.00471698 101 101 0 47 7 4 99 0 1874.11 1233865 101-abxgc 
15000 397312 212 1874.11 0.00471698 101 101 0 47 5 3 100 0 1874.11 1248513 101-abxvv 
15100 401408 216 1858.37 0.00462963 101 101 0 48 5 5 97 0 1858.37 1243617 101-abxrq 
15200 397312 215 1847.96 0.00465116 101 101 0 69 6 4 100 0 1847.96 1234323 101-abxgt 
15300 401408 213 1884.54 0.00469484 101 101 0 95 16 13 97 0 1884.54 1276033 101-abzen 
15400 399081 213.432 1869.82 0.00468536 101 101 0 64 7 6 99 0 1875.74 1271685 101-abzal 
15500 401408 215 1867.01 0.00465116 101 101 0 58 7 7 96 0 1867.01 1275147 101-abzdn 
15600 400170 212.698 1881.39 0.00470153 101 101 0 63 3 3 100 0 1884.54 1308824 101-acauo 
15700 400199 212.705 1881.47 0.00470137 101 101 0 97 7 5 100 0 1884.54 1308824 101-acauo 
15800 802816 215 3734.03 0.00465116 101 101 0 825 136 100 99 0 3734.03 1340084 101-accem 
15900 802816 215 3734.03 0.00465116 101 101 0 881 104 81 99 0 3734.03 1340084 101-accem 
16000 1.60563e+06 215 7468.06 0.00465116 101 101 0 1432 186 124 100 1 7468.06 1352244 101-accsh 
16100 1.60563e+06 215 7468.06 0.00465116 101 101 0 1126 121 91 100 0 7468.06 1352244 101-accsh 
16200 3.21126e+06 215 14936.1 0.00465116 101 101 0 578 133 98 102 0 14936.1 1377487 101-acecg 
16300 3.21126e+06 215 14936.1 0.00465116 101 101 0 1524 201 139 102 0 14936.1 1377487 101-acecg 
16400 3.21126e+06 215 14936.1 0.00465116 101 101 0 1092 132 89 102 0 14936.1 1377487 101-acecg 
16500 3.21126e+06 215 14936.1 0.00465116 101 101 0 818 85 60 102 0 14936.1 1377487 101-acecg 
16600 3.21126e+06 215 14936.1 0.00465116 101 101 0 755 72 53 102 0 14936.1 1377487 101-acecg 
16700 3.21126e+06 215 14936.1 0.00465116 101 101 0 719 89 61 102 0 14936.1 1377487 101-acecg 
16800 3.21126e+06 215 14936.1 0.00465116 101 101 0 591 66 43 102 0 14936.1 1377487 101-acecg 
16900 3.21126e+06 215 14936.1 0.00465116 101 101 0 455 62 44 102 0 14936.1 1377487 101-acecg 
17000 3.21126e+06 215 14936.1 0.00465116 101 101 0 398 48 36 102 0 14936.1 1377487 101-acecg 
17100 3.21126e+06 215 14936.1 0.00465116 101 101 0 327 39 34 102 0 14936.1 1377487 101-acecg 
17200 3.21126e+06 215 14936.1 0.00465116 101 101 0 247 26 16 102 0 14936.1 1377487 101-acecg 
17300 3.21126e+06 215 14936.1 0.00465116 101 101 0 240 15 11 102 0 14936.1 1377487 101-acecg 
17400 3.21126e+06 215 14936.1 0.00465116 101 101 0 171 13 10 102 0 14936.1 1377487 101-acecg 
17500 3.21126e+06 215 14936.1 0.00465116 101 101 0 146 13 10 102 0 14936.1 1377487 101-acecg 
17600 3.21126e+06 215 14936.1 0.00465116 101 101 0 85 11 7 107 0 14936.1 1443041 101-acgyw 
17700 3.21126e+06 215 14936.1 0.00465116 101 101 0 105 16 12 107 0 14936.1 1443041 101-acgyw 
17800 3.21126e+06 215 14936.1 0.00465116 101 101 0 117 13 10 104 0 14936.1 1420859 101-acgcz 
17900 3.21126e+06 215 14936.1 0.00465116 101 101 0 96 20 13 104 0 14936.1 1420859 101-acgcz 
18000 3.24403e+06 216 15018.7 0.00462963 102 101.999 0 78 6 6 105 0 15018.7 1452567 102-aajfj 
18100 3.21126e+06 215 14936.1 0.00465116 101 101 0 103 11 7 106 0 14936.1 1502261 101-acjcw 
18200 3.21126e+06 215 14936.1 0.00465116 101 101 0 93 9 5 107 0 14936.1 1534143 101-ackcu 
18300 3.24403e+06 216 15018.7 0.00462963 102 102 0 89 8 4 105 0 15018.7 1512189 102-aajjn 
18400 3.21126e+06 215 14936.1 0.00465116 101 101 0 85 11 10 106 0 14936.1 1502261 101-acjcw 
18500 1.28451e+07 215 59744.4 0.00465116 101 101 0 1662 211 156 110 0 59744.4 1589467 101-aclpr 
18600 1.28451e+07 215 59744.4 0.00465116 101 101 0 1344 159 103 110 0 59744.4 1589467 101-aclpr 
18700 1.28451e+07 215 59744.4 0.00465116 101 101 0 1141 151 109 110 0 59744.4 1589467 101-aclpr 
18800 1.28451e+07 215 59744.4 0.00465116 101 101 0 852 98 60 110 0 59744.4 1589467 101-aclpr 
18900 1.28451e+07 215 59744.4 0.00465116 101 101 0 638 98 71 110 0 59744.4 1589467 101-aclpr 
19000 1.28451e+07 215 59744.4 0.00465116 101 101 0 514 63 46 110 0 59744.4 1589467 101-aclpr 
19100 1.28451e+07 215 59744.4 0.00465116 101 101 0 400 39 25 110 0 59744.4 1589467 101-aclpr 
19200 1.28451e+07 215 59744.4 0.00465116 101 101 0 287 40 30 110 0 59744.4 1589467 101-aclpr 
19300 1.28451e+07 215 59744.4 0.00465116 101 101 0 243 26 15 110 0 59744.4 1589467 101-aclpr 
19400 1.28451e+07 215 59744.4 0.00465116 101 101 0 189 23 19 110 0 59744.4 1589467 101-aclpr 
19500 1.28451e+07 215 59744.4 0.00465116 101 101 0 164 11 4 110 0 59744.4 1589467 101-aclpr 
19600 1.28451e+07 215 59744.4 0.00465116 101 101 0 178 31 23 110 0 59744.4 1589467 101-aclpr 
19700 1.28451e+07 215 59744.4 0.00465116 101 101 0 128 16 10 110 0 59744.4 1589467 101-aclpr 
19800 1.28451e+07 215 59744.4 0.00465116 101 101 0 106 22 18 110 0 59744.4 1589467 101-aclpr 
19900 1.28451e+07 215 59744.4 0.00465116 101 101 0 86 14 11 110 0 59744.4 1589467 101-aclpr 
20000 1.28451e+07 215 59744.4 0.00465116 101 101 0 78 8 5 110 0 59744.4 1589467 101-aclpr 
20100 1.28451e+07 215 59744.4 0.00465116 101 101 0 71 2 1 110 0 59744.4 1589467 101-aclpr 
20200 1.28451e+07 215 59744.4 0.00465116 101 101 0 68 9 5 110 0 59744.4 1589467 101-aclpr 
20300 1.28451e+07 215 59744.4 0.00465116 101 101 0 85 6 4 110 0 59744.4 1589467 101-aclpr 
20400 1.28451e+07 214 60023.6 0.0046729 101 101 0 74 5 4 115 0 60023.6 1723155 101-acqeq 
20500 5.11403e+07 213.542 239484 0.00468294 101 101 0 242 36 28 116 0 240095 1779614 101-acrrf 
20600 5.11281e+07 213.519 239453 0.00468345 101 101 0 1457 165 112 116 0 240095 1779614 101-acrrf 
20700 5.11278e+07 213.519 239452 0.00468346 101 101 0 1248 141 105 116 0 240095 1779614 101-acrrf 
20800 5.11276e+07 213.518 239452 0.00468347 101 101 0 942 143 99 116 0 240095 1779614 101-acrrf 
20900 5.11273e+07 213.518 239451 0.00468348 101 101 0 796 89 60 116 0 240095 1779614 101-acrrf 
21000 5.1127e+07 213.517 239450 0.00468349 101 101 0 525 56 40 116 0 240095 1779614 101-acrrf 
21100 5.11271e+07 213.517 239450 0.00468349 101 101 0 425 47 34 116 0 240095 1779614 101-acrrf 
21200 5.11271e+07 213.517 239450 0.00468349 101 101 0 274 29 21 116 0 240095 1779614 101-acrrf 
21300 5.11271e+07 213.517 239450 0.00468349 101 101 0 165 19 13 116 0 240095 1779614 101-acrrf 
21400 5.11272e+07 213.517 239451 0.00468349 101 101 0 101 12 9 116 0 240095 1779614 101-acrrf 
21500 5.11272e+07 213.517 239451 0.00468349 101 101 0 92 10 6 116 0 240095 1779614 101-acrrf 
21600 5.13802e+07 214 240095 0.0046729 101 101 0 64 9 8 118 0 240095 1840715 101-acuhh 
21700 5.13802e+07 214 240095 0.0046729 101 101 0 96 12 8 118 0 240095 1840715 101-acuhh 
21800 5.13802e+07 214 240095 0.0046729 101 101 0 118 9 4 118 0 240095 1840715 101-acuhh 
21900 5.13802e+07 214 240095 0.0046729 101 101 0 79 8 7 118 0 240095 1840715 101-acuhh 
22000 5.16569e+07 214.528 240792 0.00466143 102 102 0 56 2 1 120 0 241416 1869406 102-aakwn 
22100 5.13802e+07 214 240095 0.0046729 101 101 0 69 11 7 118 0 240095 1831620 101-actzq 
22200 5.16529e+07 213.52 241910 0.00468343 101 101 0 84 7 5 120 0 242544 1858623 101-acuxk 
22300 5.16524e+07 213.519 241908 0.00468345 101 101 0 84 8 5 120 0 242544 1858623 101-acuxk 
22400 5.13802e+07 214 240095 0.0046729 101 101 0 118 22 17 118 0 240095 1831620 101-actzq 
22500 5.13802e+07 214 240095 0.0046729 101 101 0 97 15 9 119 0 240095 1900653 101-acwdl 
22600 5.11316e+07 213.526 239462 0.0046833 101 101 0 89 12 11 118 0 240095 1890363 101-acvvo 
22700 5.13802e+07 214 240095 0.0046729 101 101 0 63 6 5 119 0 240095 1900653 101-acwdl 
22800 5.13802e+07 214 240095 0.0046729 101 101 0 54 12 6 119 0 240095 1900653 101-acwdl 
22900 5.11248e+07 214.513 238328 0.00466175 101 101 0 46 7 5 119 0 238978 1963539 101-acxsg 
23000 5.1128e+07 212.519 240579 0.00470549 101 101 0 56 9 9 123 0 241222 1971819 101-acxxt 
23100 5.11273e+07 212.518 240578 0.00470552 101 101 0 67 8 7 123 0 241222 1971819 101-acxxt 
23200 5.11277e+07 213.518 239452 0.00468346 101 101 0 65 9 6 118 0 240095 1890363 101-acvvo 
23300 5.1649e+07 214.513 240772 0.00466175 102 102 0 107 15 10 124 0 241416 1998442 102-aaluw 
23400 5.13802e+07 213 241222 0.00469484 101 101 0 84 18 9 124 0 241222 1988064 101-acyji 
23500 5.13802e+07 213 241222 0.00469484 101 101 0 91 8 7 124 0 241222 1988064 101-acyji 
23600 5.13802e+07 213 241222 0.00469484 101 101 0 71 12 8 124 0 241222 1988064 101-acyji 
23700 5.16519e+07 213.518 241907 0.00468347 101 101 0 65 9 6 121 0 242544 2023111 101-aczej 
23800 5.11288e+07 213.52 239455 0.00468342 101 101 0 77 2 2 119 0 240095 2024130 101-aczfo 
23900 5.11295e+07 213.522 239457 0.00468339 101 101 0 58 8 4 119 0 240095 2024130 101-aczfo 
24000 5.17439e+07 214.694 241011 0.00465782 102 102 0 74 11 6 124 0 241416 2065481 102-aamje 
24100 5.16518e+07 214.518 240779 0.00466164 102 102 0 91 8 8 128 0 241416 2069414 102-aamjx 
24200 5.17427e+07 214.691 241008 0.00465787 102 102 0 84 9 8 124 0 241416 2065481 102-aamje 
24300 1.03493e+08 213.698 484291 0.00467951 102 102 0 790 67 50 128 0 485089 2125202 102-aamye 
24400 1.03491e+08 213.697 484287 0.00467954 102 102 0 841 85 57 128 0 485089 2125202 102-aamye 
24500 1.0349e+08 213.696 484284 0.00467957 102 102 0 683 100 67 128 0 485089 2125202 102-aamye 
24600 1.0349e+08 213.695 484283 0.00467958 102 102 0 555 77 58 128 0 485089 2125202 102-aamye 
24700 1.03491e+08 214.697 482031 0.00465776 102 102 0 423 39 19 129 0 482833 2128219 102-aamyz 
24800 1.03491e+08 214.696 482030 0.00465776 102 102 0 382 54 36 129 0 482833 2128219 102-aamyz 
24900 1.0349e+08 214.696 482029 0.00465777 102 102 0 285 26 16 129 0 482833 2128219 102-aamyz 
25000 1.0349e+08 214.695 482028 0.00465778 102 102 0 186 28 21 129 0 482833 2128219 102-aamyz 
25100 1.03624e+08 213.824 484622 0.00467677 102 102 0 136 6 5 129 0 485089 2148649 102-aanog 
25200 1.03489e+08 213.695 484282 0.00467959 102 102 0 106 19 14 128 0 485089 2125202 102-aamye 
25300 1.0245e+08 212.704 481653 0.00470139 101 101 0 82 9 7 130 0 482443 2185267 101-adcdz 
25400 1.03491e+08 213.696 484286 0.00467956 102 102 0 82 11 10 130 0 485089 2189935 102-aaoxj 
25500 1.03491e+08 213.696 484286 0.00467956 102 102 0 92 24 12 130 0 485089 2189935 102-aaoxj 
25600 1.03486e+08 212.692 486552 0.00470165 102 102 0 97 12 8 129 0 487366 2180633 102-aaoqb 
25700 1.03491e+08 213.696 484286 0.00467956 102 102 0 101 18 13 130 0 485089 2224979 102-aapwf 
25800 1.03493e+08 213.699 484292 0.00467951 102 102 0 140 21 18 131 0 485089 2222463 102-aapun 
25900 1.04858e+08 215 487710 0.00465116 103 103 0 161 21 15 131 0 487710 2219182 103-aacej 
26000 1.04858e+08 215 487710 0.00465116 103 103 0 152 16 12 131 0 487710 2219182 103-aacej 
26100 1.03489e+08 213.695 484282 0.00467959 102 102 0 84 14 9 130 0 485089 2189935 102-aaoxj 
26200 1.03489e+08 212.694 486557 0.0047016 102 102 0 93 11 6 131 0 487366 2221781 102-aapty 
26300 1.04858e+08 215 487710 0.00465116 103 103 0 93 8 6 131 0 487710 2219182 103-aacej 
26400 1.04858e+08 215 487710 0.00465116 103 103 0 91 5 3 131 0 487710 2219182 103-aacej 
26500 2.06982e+08 216.697 955164 0.00461476 102 102 0 1153 180 135 137 0 956765 2336060 102-aasje 
26600 2.06979e+08 216.695 955155 0.0046148 102 102 0 1512 192 139 137 0 956765 2336060 102-aasje 
26700 2.06981e+08 216.696 955161 0.00461478 102 102 0 916 98 72 137 0 956765 2336060 102-aasje 
26800 4.15236e+08 217 1.91353e+06 0.00460829 102 102 0 1573 183 127 138 0 1.91353e+06 2358465 102-aatgl 
26900 4.15236e+08 217 1.91353e+06 0.00460829 102 102 0 1319 148 111 138 0 1.91353e+06 2358465 102-aatgl 
27000 4.15236e+08 217 1.91353e+06 0.00460829 102 102 0 960 130 87 138 1 1.91353e+06 2358465 102-aatgl 
27100 4.15236e+08 217 1.91353e+06 0.00460829 102 102 0 865 99 70 138 0 1.91353e+06 2358465 102-aatgl 
27200 4.15236e+08 217 1.91353e+06 0.00460829 102 102 0 718 87 65 138 0 1.91353e+06 2358465 102-aatgl 
27300 4.15236e+08 217 1.91353e+06 0.00460829 102 102 0 554 68 46 138 0 1.91353e+06 2358465 102-aatgl 
27400 4.15236e+08 217 1.91353e+06 0.00460829 102 102 0 496 48 35 138 0 1.91353e+06 2358465 102-aatgl 
27500 4.15236e+08 217 1.91353e+06 0.00460829 102 102 0 444 59 42 138 0 1.91353e+06 2358465 102-aatgl 
27600 4.15236e+08 217 1.91353e+06 0.00460829 102 102 0 400 42 28 138 0 1.91353e+06 2358465 102-aatgl 
27700 4.15236e+08 217 1.91353e+06 0.00460829 102 102 0 318 36 30 138 0 1.91353e+06 2358465 102-aatgl 
27800 4.15236e+08 217 1.91353e+06 0.00460829 102 102 0 274 48 34 138 0 1.91353e+06 2358465 102-aatgl 
27900 4.15236e+08 217 1.91353e+06 0.00460829 102 102 0 211 21 15 138 0 1.91353e+06 2358465 102-aatgl 
28000 4.15236e+08 217 1.91353e+06 0.00460829 102 102 0 176 24 16 138 0 1.91353e+06 2358465 102-aatgl 
28100 8.30472e+08 215 3.86266e+06 0.00465116 102 102 0 1620 226 166 140 1 3.86266e+06 2477701 102-aaxcf 
28200 8.30472e+08 215 3.86266e+06 0.00465116 102 102 0 1531 181 139 140 1 3.86266e+06 2477701 102-aaxcf 
28300 8.30472e+08 215 3.86266e+06 0.00465116 102 102 0 1358 187 121 140 0 3.86266e+06 2477701 102-aaxcf 
28400 8.30472e+08 215 3.86266e+06 0.00465116 102 102 0 1143 141 104 140 0 3.86266e+06 2477701 102-aaxcf 
28500 8.30472e+08 215 3.86266e+06 0.00465116 102 102 0 1016 130 104 140 0 3.86266e+06 2477701 102-aaxcf 
28600 8.30472e+08 215 3.86266e+06 0.00465116 102 102 0 785 91 62 140 0 3.86266e+06 2477701 102-aaxcf 
28700 8.30472e+08 215 3.86266e+06 0.00465116 102 102 0 648 92 68 140 0 3.86266e+06 2477701 102-aaxcf 
28800 8.30472e+08 215 3.86266e+06 0.00465116 102 102 0 584 60 46 140 0 3.86266e+06 2477701 102-aaxcf 
28900 8.30472e+08 215 3.86266e+06 0.00465116 102 102 0 453 54 33 140 0 3.86266e+06 2477701 102-aaxcf 
29000 8.30472e+08 215 3.86266e+06 0.00465116 102 102 0 485 53 37 140 0 3.86266e+06 2477701 102-aaxcf 
29100 8.30472e+08 215 3.86266e+06 0.00465116 102 102 0 512 54 35 140 0 3.86266e+06 2477701 102-aaxcf 
29200 8.30472e+08 215 3.86266e+06 0.00465116 102 102 0 466 48 31 140 0 3.86266e+06 2477701 102-aaxcf 
29300 8.30472e+08 215 3.86266e+06 0.00465116 102 102 0 533 62 47 140 0 3.86266e+06 2477701 102-aaxcf 
29400 8.30472e+08 215 3.86266e+06 0.00465116 102 102 0 418 66 39 140 0 3.86266e+06 2477701 102-aaxcf 
29500 8.30472e+08 215 3.86266e+06 0.00465116 102 102 0 401 54 36 140 0 3.86266e+06 2477701 102-aaxcf 
29600 8.30472e+08 215 3.86266e+06 0.00465116 102 102 0 322 38 27 140 0 3.86266e+06 2477701 102-aaxcf 
29700 8.30472e+08 215 3.86266e+06 0.00465116 102 102 0 218 29 19 140 0 3.86266e+06 2477701 102-aaxcf 
29800 8.30472e+08 215 3.86266e+06 0.00465116 102 102 0 197 21 15 140 0 3.86266e+06 2477701 102-aaxcf 
29900 8.30472e+08 215 3.86266e+06 0.00465116 102 102 0 150 19 13 141 0 3.86266e+06 2505512 102-aaygm 
30000 8.30472e+08 215 3.86266e+06 0.00465116 102 102 0 146 16 11 141 0 3.86266e+06 2505512 102-aaygm 
30100 8.30472e+08 215 3.86266e+06 0.00465116 102 102 0 142 14 12 140 0 3.86266e+06 2477701 102-aaxcf 
30200 8.30472e+08 215 3.86266e+06 0.00465116 102 102 0 109 19 12 140 0 3.86266e+06 2477701 102-aaxcf 
30300 8.30472e+08 215 3.86266e+06 0.00465116 102 102 0 107 15 11 140 0 3.86266e+06 2477701 102-aaxcf 
30400 8.30472e+08 215 3.86266e+06 0.00465116 102 102 0 114 14 10 142 0 3.86266e+06 2619306 102-abaxp 
30500 8.30472e+08 214 3.88071e+06 0.0046729 102 102 0 83 10 9 142 0 3.88071e+06 2602478 102-abanw 
30600 8.38861e+08 215 3.90168e+06 0.00465116 103 103 0 104 15 11 145 0 3.90168e+06 2630092 103-aadwz 
30700 8.30472e+08 214 3.88071e+06 0.0046729 102 102 0 109 10 7 143 0 3.88071e+06 2675004 102-abbyz 
30800 8.30472e+08 215 3.86266e+06 0.00465116 102 102 0 117 15 11 140 0 3.86266e+06 2477701 102-aaxcf 
30900 8.30472e+08 214 3.88071e+06 0.0046729 102 102 0 111 8 5 143 0 3.88071e+06 2675004 102-abbyz 
31000 8.22084e+08 215 3.82364e+06 0.00465116 101 101 0 133 14 11 145 0 3.82364e+06 2705835 101-adffr 
31100 8.38861e+08 215 3.90168e+06 0.00465116 103 103 0 111 15 10 145 0 3.90168e+06 2630092 103-aadwz 
31200 8.30472e+08 214 3.88071e+06 0.0046729 102 102 0 103 3 2 143 0 3.88071e+06 2675004 102-abbyz 
31300 8.38861e+08 215 3.90168e+06 0.00465116 103 103 0 138 14 11 145 0 3.90168e+06 2630092 103-aadwz 
31400 8.38861e+08 215 3.90168e+06 0.00465116 103 103 0 134 12 8 145 0 3.90168e+06 2630092 103-aadwz 
31500 8.22084e+08 212 3.87775e+06 0.00471698 102 102 0 145 20 13 144 0 3.87775e+06 2619622 102-abawt 
31600 8.22084e+08 212 3.87775e+06 0.00471698 102 102 0 232 32 25 144 0 3.87775e+06 2619622 102-abawt 
31700 8.22084e+08 212 3.87775e+06 0.00471698 102 102 0 185 19 12 144 0 3.87775e+06 2619622 102-abawt 
31800 8.22084e+08 212 3.87775e+06 0.00471698 102 102 0 144 15 9 144 0 3.87775e+06 2619622 102-abawt 
31900 8.22084e+08 212 3.87775e+06 0.00471698 102 102 0 152 24 14 144 2 3.87775e+06 2619622 102-abawt 
32000 8.22084e+08 212 3.87775e+06 0.00471698 102 102 0 134 16 12 144 0 3.87775e+06 2619622 102-abawt 
32100 8.30472e+08 215 3.86266e+06 0.00465116 102 102 0 125 24 14 146 0 3.86266e+06 2704595 102-abcnv 
32200 8.47249e+08 216 3.92245e+06 0.00462963 104 104 0 137 22 13 146 0 3.92245e+06 2790072 104-aaakm 
32300 8.22084e+08 211 3.89613e+06 0.00473934 102 102 0 139 14 10 147 0 3.89613e+06 2799566 102-abeaj 
32400 8.22084e+08 211 3.89613e+06 0.00473934 102 102 0 102 25 17 147 0 3.89613e+06 2799566 102-abeaj 
32500 8.47249e+08 216 3.92245e+06 0.00462963 104 104 0 91 12 8 146 0 3.92245e+06 2790072 104-aaakm 
32600 8.30472e+08 214 3.88071e+06 0.0046729 103 103 0 92 7 6 151 0 3.88071e+06 2848249 103-aaezg 
32700 8.30472e+08 216 3.84478e+06 0.00462963 102 102 0 104 10 7 147 0 3.84478e+06 2852688 102-abewm 
32800 8.22084e+08 211 3.89613e+06 0.00473934 102 102 0 109 24 18 150 0 3.89613e+06 2880649 102-abfgg 
32900 8.22084e+08 211 3.89613e+06 0.00473934 102 102 0 69 10 7 150 0 3.89613e+06 2880649 102-abfgg 
33000 8.30472e+08 214 3.88071e+06 0.0046729 102 102 0 141 24 12 147 0 3.88071e+06 2897995 102-abflt 
33100 8.30472e+08 214 3.88071e+06 0.0046729 102 102 0 127 12 10 147 0 3.88071e+06 2897995 102-abflt 
33200 8.30472e+08 214 3.88071e+06 0.0046729 102 102 0 130 14 8 147 0 3.88071e+06 2897995 102-abflt 
33300 8.47249e+08 216 3.92245e+06 0.00462963 104 104 0 103 17 10 146 0 3.92245e+06 2790072 104-aaakm 
33400 8.30472e+08 214 3.88071e+06 0.0046729 102 102 0 90 10 5 147 0 3.88071e+06 2897995 102-abflt 
33500 8.30472e+08 214 3.88071e+06 0.0046729 102 102 0 141 25 13 147 0 3.88071e+06 2897995 102-abflt 
33600 8.30472e+08 214 3.88071e+06 0.0046729 102 102 0 141 24 15 147 0 3.88071e+06 2897995 102-abflt 
33700 8.30472e+08 214 3.88071e+06 0.0046729 102 102 0 183 31 22 147 0 3.88071e+06 2897995 102-abflt 
33800 8.30472e+08 214 3.88071e+06 0.0046729 102 102 0 124 8 7 147 0 3.88071e+06 2897995 102-abflt 
33900 8.30472e+08 214 3.88071e+06 0.0046729 102 102 0 103 13 9 147 0 3.88071e+06 2897995 102-abflt 
34000 8.38861e+08 213 3.93831e+06 0.00469484 104 104 0 118 21 16 154 0 3.93831e+06 2944202 104-aabce 
34100 8.47249e+08 215 3.94069e+06 0.00465116 104 104 0 113 25 14 149 0 3.94069e+06 2956216 104-aabex 
34200 8.47249e+08 215 3.94069e+06 0.00465116 104 104 0 157 11 10 149 0 3.94069e+06 2956216 104-aabex 
34300 8.47249e+08 215 3.94069e+06 0.00465116 104 104 0 144 16 12 149 0 3.94069e+06 2956216 104-aabex 
34400 8.47249e+08 215 3.94069e+06 0.00465116 104 104 0 188 26 23 149 0 3.94069e+06 2956216 104-aabex 
34500 8.47249e+08 215 3.94069e+06 0.00465116 104 104 0 190 32 22 149 0 3.94069e+06 2956216 104-aabex 
34600 8.38861e+08 213 3.93831e+06 0.00469484 104 104 0 180 22 18 154 0 3.93831e+06 2944202 104-aabce 
34700 8.47249e+08 215 3.94069e+06 0.00465116 104 104 0 148 17 10 149 0 3.94069e+06 2956216 104-aabex 
34800 8.47249e+08 215 3.94069e+06 0.00465116 104 104 0 130 22 14 149 0 3.94069e+06 2956216 104-aabex 
34900 8.38861e+08 214 3.91991e+06 0.0046729 104 104 0 148 13 11 153 0 3.91991e+06 2987668 104-aabmg 
35000 8.38861e+08 214 3.91991e+06 0.0046729 104 104 0 132 10 7 153 0 3.91991e+06 2987668 104-aabmg 
35100 8.38861e+08 214 3.91991e+06 0.0046729 104 104 0 110 18 12 153 0 3.91991e+06 2987668 104-aabmg 
35200 8.55638e+08 215 3.97971e+06 0.00465116 105 105 0 65 10 9 155 0 3.97971e+06 3135978 105-aaakc 
35300 8.47249e+08 215 3.94069e+06 0.00465116 104 104 0 62 8 7 152 0 3.94069e+06 3151955 104-aados 
35400 8.47249e+08 215 3.94069e+06 0.00465116 104 104 0 80 4 3 152 0 3.94069e+06 3151955 104-aados 
35500 8.47249e+08 215 3.94069e+06 0.00465116 105 105 0 107 15 8 154 0 3.94069e+06 3111638 105-aaaid 
35600 8.47249e+08 216 3.92245e+06 0.00462963 104 104 0 119 18 14 152 0 3.92245e+06 3162479 104-aadsb 
35700 8.47249e+08 215 3.94069e+06 0.00465116 104 104 0 136 24 16 150 0 3.94069e+06 3086187 104-aacqe 
35800 8.47249e+08 214 3.95911e+06 0.0046729 105 105 0 141 16 13 156 0 3.95911e+06 3134019 105-aaajw 
35900 8.47249e+08 215 3.94069e+06 0.00465116 104 104 0 188 25 19 150 0 3.94069e+06 3086187 104-aacqe 
36000 8.47249e+08 215 3.94069e+06 0.00465116 104 104 0 157 16 11 150 0 3.94069e+06 3086187 104-aacqe 
36100 8.47249e+08 215 3.94069e+06 0.00465116 104 104 0 200 38 28 150 0 3.94069e+06 3086187 104-aacqe 
36200 8.47249e+08 215 3.94069e+06 0.00465116 104 104 0 136 21 14 150 0 3.94069e+06 3086187 104-aacqe 
36300 8.47249e+08 215 3.94069e+06 0.00465116 104 104 0 116 9 8 150 0 3.94069e+06 3086187 104-aacqe 
36400 8.47249e+08 215 3.94069e+06 0.00465116 104 104 0 111 13 10 150 0 3.94069e+06 3086187 104-aacqe 
36500 8.38861e+08 212 3.95689e+06 0.00471698 103 103 0 69 11 8 152 0 3.95689e+06 3064775 103-aagfr 
36600 8.38861e+08 212 3.95689e+06 0.00471698 103 103 0 84 5 3 154 0 3.95689e+06 3105142 103-aagkv 
36700 8.55638e+08 216 3.96129e+06 0.00462963 106 106 0 97 10 4 158 1 3.96129e+06 3265383 106-aaact 
36800 8.55638e+08 216 3.96129e+06 0.00462963 106 106 0 127 6 5 158 0 3.96129e+06 3265383 106-aaact 
36900 8.55638e+08 216 3.96129e+06 0.00462963 106 106 0 153 29 20 158 0 3.96129e+06 3265383 106-aaact 
37000 8.64027e+08 217 3.98169e+06 0.00460829 106 106 0 190 29 22 159 0 3.98169e+06 3283574 106-aaadj 
37100 8.64027e+08 217 3.98169e+06 0.00460829 106 106 0 214 19 16 159 0 3.98169e+06 3283574 106-aaadj 
37200 8.64027e+08 217 3.98169e+06 0.00460829 106 106 0 158 11 9 159 0 3.98169e+06 3283574 106-aaadj 
37300 8.64027e+08 217 3.98169e+06 0.00460829 106 106 0 199 29 21 159 0 3.98169e+06 3283574 106-aaadj 
37400 8.64027e+08 217 3.98169e+06 0.00460829 106 106 0 199 31 17 160 0 3.98169e+06 3319495 106-aaagi 
37500 8.64027e+08 217 3.98169e+06 0.00460829 106 106 0 182 15 11 160 0 3.98169e+06 3319495 106-aaagi 
37600 8.64027e+08 217 3.98169e+06 0.00460829 106 106 0 176 32 20 160 0 3.98169e+06 3319495 106-aaagi 
37700 8.55638e+08 215 3.97971e+06 0.00465116 105 105 0 134 21 17 158 0 3.97971e+06 3354333 105-aabtm 
37800 8.64027e+08 217 3.98169e+06 0.00460829 106 106 0 106 7 5 160 0 3.98169e+06 3319495 106-aaagi 
37900 8.64027e+08 217 3.98169e+06 0.00460829 106 106 0 105 13 12 160 0 3.98169e+06 3319495 106-aaagi 
38000 8.64027e+08 217 3.98169e+06 0.00460829 106 106 0 112 13 9 160 0 3.98169e+06 3319495 106-aaagi 
38100 8.64027e+08 217 3.98169e+06 0.00460829 106 106 0 151 20 15 160 0 3.98169e+06 3319495 106-aaagi 
38200 8.64027e+08 217 3.98169e+06 0.00460829 106 106 0 117 9 6 161 0 3.98169e+06 3386572 106-aaazr 
38300 8.64027e+08 217 3.98169e+06 0.00460829 106 106 0 92 13 10 161 0 3.98169e+06 3386572 106-aaazr 
38400 8.64027e+08 218 3.96342e+06 0.00458716 106 106 0 98 18 12 159 0 3.96342e+06 3392799 106-aabbo 
38500 8.64027e+08 217 3.98169e+06 0.00460829 106 106 0 108 15 10 161 0 3.98169e+06 3386572 106-aaazr 
38600 8.64027e+08 217 3.98169e+06 0.00460829 106 106 0 115 11 10 162 0 3.98169e+06 3450544 106-aabyp 
38700 8.64027e+08 217 3.98169e+06 0.00460829 106 106 0 86 15 9 162 0 3.98169e+06 3450544 106-aabyp 
38800 8.64027e+08 217 3.98169e+06 0.00460829 106 106 0 100 11 10 162 0 3.98169e+06 3450544 106-aabyp 
38900 8.64027e+08 217 3.98169e+06 0.00460829 106 106 0 115 14 12 162 0 3.98169e+06 3450544 106-aabyp 
39000 8.38861e+08 212 3.95689e+06 0.00471698 103 103 0 111 19 13 154 0 3.95689e+06 3105142 103-aagkv 
39100 8.64027e+08 217 3.98169e+06 0.00460829 106 106 0 155 22 15 162 0 3.98169e+06 3450544 106-aabyp 
39200 8.64027e+08 217 3.98169e+06 0.00460829 106 106 0 117 13 11 162 0 3.98169e+06 3450544 106-aabyp 
39300 8.55638e+08 215 3.97971e+06 0.00465116 104 104 0 84 17 12 154 0 3.97971e+06 3337199 104-aafso 
39400 8.38861e+08 212 3.95689e+06 0.00471698 103 102.998 0 92 12 11 159 0 3.95689e+06 3526721 103-aaiun 
39500 8.64027e+08 217 3.98169e+06 0.00460829 106 106 0 84 10 8 161 0 3.98169e+06 3461059 106-aaccs 
39600 8.55638e+08 216 3.96129e+06 0.00462963 105 105 0 96 17 14 164 0 3.96129e+06 3529142 105-aadbk 
39700 8.64027e+08 217 3.98169e+06 0.00460829 106 106 0 123 9 8 161 0 3.98169e+06 3501600 106-aacpp 
39800 8.64027e+08 217 3.98169e+06 0.00460829 106 106 0 114 8 5 161 0 3.98169e+06 3501600 106-aacpp 
39900 8.64027e+08 217 3.98169e+06 0.00460829 106 106 0 151 17 12 161 0 3.98169e+06 3501600 106-aacpp 
40000 8.64027e+08 217 3.98169e+06 0.00460829 106 106 0 164 28 23 161 0 3.98169e+06 3501600 106-aacpp 
40100 8.55638e+08 216 3.96129e+06 0.00462963 105 105 0 91 9 8 161 0 3.96129e+06 3444342 105-aacgz 
40200 8.55638e+08 216 3.96129e+06 0.00462963 105 105 0 81 7 3 161 0 3.96129e+06 3444342 105-aacgz 
40300 8.80804e+08 220 4.00365e+06 0.00454545 107 106.998 0 91 12 8 167 0 4.00365e+06 3591248 107-aaahh 
40400 8.64027e+08 217 3.98169e+06 0.00460829 106 106 0 72 9 5 163 0 3.98169e+06 3533466 106-aacyf 
40500 8.64027e+08 217 3.98169e+06 0.00460829 106 106 0 101 15 10 162 0 3.98169e+06 3623977 106-aaecn 
40600 8.64027e+08 218 3.96342e+06 0.00458716 105 105 0 81 16 13 168 0 3.96342e+06 3647328 105-aaehc 
40700 8.64027e+08 217 3.98169e+06 0.00460829 106 106 0 105 16 13 162 0 3.98169e+06 3623977 106-aaecn 
40800 8.80804e+08 219 4.02194e+06 0.00456621 107 107 0 92 9 6 169 0 4.02194e+06 3632790 107-aaain 
40900 8.64027e+08 219 3.94533e+06 0.00456621 105 105.002 0 82 5 2 166 0 3.94533e+06 3611891 105-aaduv 
41000 8.64027e+08 217 3.98169e+06 0.00460829 107 106.999 0 100 15 11 165 0 3.98169e+06 3665130 107-aaakj 
41100 8.64027e+08 217 3.98169e+06 0.00460829 107 106.999 0 128 25 22 165 0 3.98169e+06 3665130 107-aaakj 
41200 8.64027e+08 217 3.98169e+06 0.00460829 107 106.999 0 166 17 14 165 0 3.98169e+06 3665130 107-aaakj 
41300 8.64027e+08 217 3.98169e+06 0.00460829 107 106.999 0 125 14 11 165 0 3.98169e+06 3665130 107-aaakj 
41400 8.97581e+08 220 4.07991e+06 0.00454545 109 109 0 178 17 13 174 0 4.07991e+06 3659291 109-aaabv 
41500 8.97581e+08 220 4.07991e+06 0.00454545 109 109 0 159 23 18 174 0 4.07991e+06 3659291 109-aaabv 
41600 8.97581e+08 220 4.07991e+06 0.00454545 109 109 0 234 36 30 174 0 4.07991e+06 3659291 109-aaabv 
41700 8.97581e+08 220 4.07991e+06 0.00454545 109 109 0 180 21 16 174 0 4.07991e+06 3659291 109-aaabv 
41800 8.97581e+08 220 4.07991e+06 0.00454545 109 109 0 161 18 9 174 0 4.07991e+06 3659291 109-aaabv 
41900 8.97581e+08 220 4.07991e+06 0.00454545 109 109 0 86 15 5 174 0 4.07991e+06 3659291 109-aaabv 
42000 8.55638e+08 216 3.96129e+06 0.00462963 104 104 0 92 10 8 155 0 3.96129e+06 3651385 104-aagwn 
42100 8.80804e+08 220 4.00365e+06 0.00454545 107 107.001 0 89 9 8 171 0 4.00365e+06 3735057 107-aaatq 
42200 8.97581e+08 222 4.04316e+06 0.0045045 110 110 0 99 12 9 176 0 4.04316e+06 3782015 110-aaabb 
42300 8.80804e+08 220 4.00365e+06 0.00454545 107 106.998 0 77 8 7 171 0 4.00365e+06 3721319 107-aaarb 
42400 8.97581e+08 220 4.07991e+06 0.00454545 109 109 0 95 9 7 175 0 4.07991e+06 3786602 109-aaaiq 
42500 8.80804e+08 219 4.02194e+06 0.00456621 107 107 0 90 13 8 172 0 4.02194e+06 3700344 107-aaaoa 
42600 8.80804e+08 219 4.02194e+06 0.00456621 107 107 0 82 11 9 172 0 4.02194e+06 3700344 107-aaaoa 
42700 8.97581e+08 220 4.07991e+06 0.00454545 109 109 0 94 9 4 175 0 4.07991e+06 3786602 109-aaaiq 
42800 8.64027e+08 217 3.98169e+06 0.00460829 105 105 0 92 12 9 173 0 3.98169e+06 3809779 105-aafwy 
42900 8.80804e+08 220 4.00365e+06 0.00454545 107 107.001 0 84 9 8 171 0 4.00365e+06 3735057 107-aaatq 
43000 8.80804e+08 220 4.00365e+06 0.00454545 107 107 0 80 12 9 171 0 4.00365e+06 3735057 107-aaatq 
43100 8.64027e+08 217 3.98169e+06 0.00460829 106 106 0 79 3 3 176 0 3.98169e+06 3872509 106-aaghz 
43200 8.80804e+08 220 4.00365e+06 0.00454545 107 107 0 87 12 9 172 0 4.00365e+06 3881416 107-aacgr 
43300 8.64027e+08 217 3.98169e+06 0.00460829 106 106 0 125 9 8 176 0 3.98169e+06 3872509 106-aaghz 
43400 8.97581e+08 222 4.04316e+06 0.0045045 110 110 0 110 8 5 177 0 4.04316e+06 3859677 110-aaacs 
43500 8.97581e+08 222 4.04316e+06 0.0045045 110 110 0 91 17 13 177 0 4.04316e+06 3859677 110-aaacs 
43600 9.0597e+08 222 4.08094e+06 0.0045045 110 110 0 83 5 4 179 0 4.08094e+06 3909602 110-aaadw 
43700 9.0597e+08 222 4.08094e+06 0.0045045 110 110 0 109 10 8 179 0 4.08094e+06 3909602 110-aaadw 
43800 9.0597e+08 222 4.08094e+06 0.0045045 110 110 0 135 15 12 179 0 4.08094e+06 3909602 110-aaadw 
43900 9.0597e+08 221 4.09941e+06 0.00452489 110 110 0 92 14 12 177 0 4.09941e+06 3895274 110-aaadm 
44000 9.0597e+08 221 4.09941e+06 0.00452489 110 110 0 97 12 10 177 0 4.09941e+06 3895274 110-aaadm 
44100 9.0597e+08 221 4.09941e+06 0.00452489 110 110 0 93 13 10 177 0 4.09941e+06 3895274 110-aaadm 
44200 9.0597e+08 221 4.09941e+06 0.00452489 110 110 0 137 14 11 177 0 4.09941e+06 3895274 110-aaadm 
44300 9.0597e+08 221 4.09941e+06 0.00452489 110 110 0 161 22 13 177 0 4.09941e+06 3895274 110-aaadm 
44400 8.97581e+08 222 4.04316e+06 0.0045045 110 110 0 113 8 4 179 0 4.04316e+06 3980610 110-aaajd 
44500 9.0597e+08 221 4.09941e+06 0.00452489 110 110 0 144 12 10 177 0 4.09941e+06 3895274 110-aaadm 
44600 8.97581e+08 222 4.04316e+06 0.0045045 110 110 0 126 17 10 179 0 4.04316e+06 3980610 110-aaajd 
44700 9.0597e+08 221 4.09941e+06 0.00452489 110 110 0 113 12 6 177 0 4.09941e+06 3895274 110-aaadm 
44800 9.0597e+08 221 4.09941e+06 0.00452489 110 110 0 144 19 14 178 0 4.09941e+06 4014821 110-aaaoc 
44900 9.0597e+08 221 4.09941e+06 0.00452489 110 110 0 159 17 11 178 0 4.09941e+06 4014821 110-aaaoc 
45000 9.0597e+08 221 4.09941e+06 0.00452489 110 110 0 167 21 13 178 0 4.09941e+06 4014821 110-aaaoc 
45100 9.0597e+08 221 4.09941e+06 0.00452489 110 110 0 164 16 11 178 0 4.09941e+06 4014821 110-aaaoc 
45200 9.0597e+08 221 4.09941e+06 0.00452489 110 110 0 159 16 12 178 0 4.09941e+06 4014821 110-aaaoc 
45300 9.0597e+08 221 4.09941e+06 0.00452489 110 110 0 117 15 8 178 0 4.09941e+06 4014821 110-aaaoc 
45400 9.0597e+08 221 4.09941e+06 0.00452489 110 110 0 138 19 14 178 0 4.09941e+06 4014821 110-aaaoc 
45500 9.0597e+08 221 4.09941e+06 0.00452489 110 110 0 154 22 18 178 0 4.09941e+06 4014821 110-aaaoc 
45600 9.0597e+08 221 4.09941e+06 0.00452489 110 110 0 145 20 16 178 0 4.09941e+06 4014821 110-aaaoc 
45700 9.0597e+08 221 4.09941e+06 0.00452489 110 110 0 114 11 7 178 0 4.09941e+06 4014821 110-aaaoc 
45800 9.0597e+08 221 4.09941e+06 0.00452489 110 110 0 130 23 14 178 0 4.09941e+06 4014821 110-aaaoc 
45900 9.14358e+08 221 4.13737e+06 0.00452489 111 111 0 154 29 21 181 0 4.13737e+06 4029648 111-aaacj 
46000 9.14358e+08 221 4.13737e+06 0.00452489 111 111 0 207 35 27 181 0 4.13737e+06 4029648 111-aaacj 
46100 9.14358e+08 221 4.13737e+06 0.00452489 111 111 0 151 23 16 181 0 4.13737e+06 4029648 111-aaacj 
46200 9.14358e+08 221 4.13737e+06 0.00452489 111 111 0 178 34 23 181 0 4.13737e+06 4029648 111-aaacj 
46300 9.14358e+08 221 4.13737e+06 0.00452489 111 111 0 118 22 13 181 0 4.13737e+06 4029648 111-aaacj 
46400 9.14358e+08 221 4.13737e+06 0.00452489 111 111 0 62 8 7 181 0 4.13737e+06 4029648 111-aaacj 
46500 8.97581e+08 220 4.07991e+06 0.00454545 109 109 0 71 9 8 182 0 4.07991e+06 4176741 109-aabtl 
46600 8.97581e+08 220 4.07991e+06 0.00454545 109 109 0 92 10 10 180 0 4.07991e+06 4210099 109-aabye 
46700 9.14358e+08 220 4.15617e+06 0.00454545 111 111 0 108 21 16 182 0 4.15617e+06 4217668 111-aaavj 
46800 9.14358e+08 220 4.15617e+06 0.00454545 111 111 0 88 13 8 182 0 4.15617e+06 4217668 111-aaavj 
46900 9.14358e+08 220 4.15617e+06 0.00454545 111 111 0 132 13 6 182 0 4.15617e+06 4217668 111-aaavj 
47000 9.14358e+08 220 4.15617e+06 0.00454545 111 111 0 144 8 6 182 0 4.15617e+06 4217668 111-aaavj 
47100 9.14358e+08 220 4.15617e+06 0.00454545 111 111 0 204 20 13 182 1 4.15617e+06 4217668 111-aaavj 
47200 9.14358e+08 220 4.15617e+06 0.00454545 111 111 0 247 35 24 182 0 4.15617e+06 4217668 111-aaavj 
47300 9.14358e+08 220 4.15617e+06 0.00454545 111 111 0 298 35 26 182 0 4.15617e+06 4217668 111-aaavj 
47400 9.14358e+08 220 4.15617e+06 0.00454545 111 111 0 259 31 25 182 0 4.15617e+06 4217668 111-aaavj 
47500 9.14358e+08 220 4.15617e+06 0.00454545 111 111 0 151 20 15 182 0 4.15617e+06 4217668 111-aaavj 
47600 9.14358e+08 220 4.15617e+06 0.00454545 111 111 0 123 17 13 182 0 4.15617e+06 4217668 111-aaavj 
47700 9.14358e+08 221 4.13737e+06 0.00452489 111 111 0 90 7 6 185 0 4.13737e+06 4184256 111-aaanl 
47800 9.14358e+08 220 4.15617e+06 0.00454545 111 111 0 91 12 9 183 0 4.15617e+06 4313451 111-aabsp 
47900 9.14358e+08 221 4.13737e+06 0.00452489 111 111 0 83 12 8 185 0 4.13737e+06 4184256 111-aaanl 
48000 9.14358e+08 220 4.15617e+06 0.00454545 111 111 0 109 13 8 183 0 4.15617e+06 4313451 111-aabsp 
48100 9.14358e+08 220 4.15617e+06 0.00454545 111 111 0 160 14 8 183 0 4.15617e+06 4313451 111-aabsp 
48200 9.14358e+08 220 4.15617e+06 0.00454545 111 111 0 138 11 8 183 0 4.15617e+06 4313451 111-aabsp 
48300 9.14358e+08 220 4.15617e+06 0.00454545 111 111 0 102 12 8 183 0 4.15617e+06 4313451 111-aabsp 
48400 9.0597e+08 219 4.13685e+06 0.00456621 110 110 0 83 14 7 184 0 4.13685e+06 4283846 110-aacsb 
48500 9.14358e+08 220 4.15617e+06 0.00454545 111 111 0 68 9 8 183 0 4.15617e+06 4313451 111-aabsp 
48600 9.14358e+08 220 4.15617e+06 0.00454545 111 111 0 73 17 12 183 0 4.15617e+06 4313451 111-aabsp 
48700 9.14358e+08 220 4.15617e+06 0.00454545 111 111 0 86 6 2 183 0 4.15617e+06 4313451 111-aabsp 
48800 9.0597e+08 220 4.11804e+06 0.00454545 110 110 0 105 8 5 185 0 4.11804e+06 4429379 110-aadur 
48900 9.0597e+08 220 4.11804e+06 0.00454545 110 110 0 93 12 8 185 0 4.11804e+06 4429379 110-aadur 
49000 9.0597e+08 220 4.11804e+06 0.00454545 111 111 0 85 13 10 190 0 4.11804e+06 4394068 111-aactt 
49100 9.0597e+08 219 4.13685e+06 0.00456621 110 110 0 62 12 5 185 0 4.13685e+06 4451281 110-aadzo 
49200 9.14358e+08 221 4.13737e+06 0.00452489 111 111 0 90 9 5 187 0 4.13737e+06 4412562 111-aadaf 
49300 9.14358e+08 221 4.13737e+06 0.00452489 111 111 0 109 16 12 187 0 4.13737e+06 4412562 111-aadaf 
49400 9.14358e+08 221 4.13737e+06 0.00452489 111 111 0 85 13 9 187 0 4.13737e+06 4484143 111-aadwu 
49500 9.14358e+08 221 4.13737e+06 0.00452489 111 111 0 90 17 8 187 0 4.13737e+06 4484143 111-aadwu 
49600 9.14358e+08 221 4.13737e+06 0.00452489 111 111 0 86 10 5 187 0 4.13737e+06 4484143 111-aadwu 
49700 9.0597e+08 220 4.11804e+06 0.00454545 110 110 0 88 11 8 185 0 4.11804e+06 4429379 110-aadur 
49800 9.14358e+08 221 4.13737e+06 0.00452489 111 111 0 90 19 12 187 0 4.13737e+06 4412562 111-aadaf 
49900 9.31135e+08 224 4.15685e+06 0.00446429 113 113 0 94 12 11 190 0 4.15685e+06 4436548 113-aaafb 
50000 9.31135e+08 224 4.15685e+06 0.00446429 113 113 0 93 18 14 188 0 4.15685e+06 4526779 113-aaaiu 
50100 9.31135e+08 224 4.15685e+06 0.00446429 113 113 0 102 8 6 188 0 4.15685e+06 4526779 113-aaaiu 
50200 9.31135e+08 224 4.15685e+06 0.00446429 113 113 0 88 13 10 188 0 4.15685e+06 4526779 113-aaaiu 
50300 9.14358e+08 221 4.13737e+06 0.00452489 111 111 0 129 14 12 187 0 4.13737e+06 4484143 111-aadwu 
50400 9.14358e+08 221 4.13737e+06 0.00452489 111 111 0 90 15 12 187 0 4.13737e+06 4484143 111-aadwu 
50500 9.0597e+08 220 4.11804e+06 0.00454545 110 110 0 91 11 7 192 0 4.11804e+06 4543396 110-aaeyu 
50600 9.14358e+08 221 4.13737e+06 0.00452489 111 111 0 88 9 5 187 0 4.13737e+06 4412562 111-aadaf 
50700 9.14358e+08 221 4.13737e+06 0.00452489 111 111 0 115 20 11 187 0 4.13737e+06 4412562 111-aadaf 
50800 9.0597e+08 220 4.11804e+06 0.00454545 110 110 0 150 19 14 189 0 4.11804e+06 4562763 110-aafep 
50900 9.14358e+08 221 4.13737e+06 0.00452489 111 111 0 124 17 9 187 0 4.13737e+06 4412562 111-aadaf 
51000 9.14358e+08 221 4.13737e+06 0.00452489 111 111 0 125 14 11 187 0 4.13737e+06 4412562 111-aadaf 
51100 9.14358e+08 221 4.13737e+06 0.00452489 111 111 0 110 12 6 187 0 4.13737e+06 4412562 111-aadaf 
51200 9.14358e+08 221 4.13737e+06 0.00452489 111 111 0 113 7 5 187 0 4.13737e+06 4412562 111-aadaf 
51300 9.14358e+08 221 4.13737e+06 0.00452489 111 111 0 85 10 5 187 0 4.13737e+06 4412562 111-aadaf 
51400 9.31135e+08 224 4.15685e+06 0.00446429 113 113 0 95 7 6 191 0 4.15685e+06 4639516 113-aaapb 
51500 9.0597e+08 219 4.13685e+06 0.00456621 110 110 0 101 12 9 186 0 4.13685e+06 4562777 110-aafeu 
51600 9.0597e+08 220 4.11804e+06 0.00454545 110 110 0 103 24 14 195 0 4.11804e+06 4658653 110-aagib 
51700 9.0597e+08 220 4.11804e+06 0.00454545 110 110 0 118 8 7 195 0 4.11804e+06 4658653 110-aagib 
51800 9.0597e+08 220 4.11804e+06 0.00454545 110 110 0 120 14 12 195 0 4.11804e+06 4658653 110-aagib 
51900 9.0597e+08 220 4.11804e+06 0.00454545 110 110 0 93 15 10 195 0 4.11804e+06 4658653 110-aagib 
52000 9.0597e+08 220 4.11804e+06 0.00454545 110 110 0 88 11 6 195 0 4.11804e+06 4658653 110-aagib 
52100 9.0597e+08 220 4.11804e+06 0.00454545 110 110 0 115 11 10 195 0 4.11804e+06 4658653 110-aagib 
52200 9.0597e+08 220 4.11804e+06 0.00454545 110 110 0 121 15 12 195 0 4.11804e+06 4658653 110-aagib 
52300 8.89192e+08 213 4.17461e+06 0.00469484 108 107.999 0 133 18 13 190 0 4.17461e+06 4663079 108-aabsv 
52400 8.89192e+08 213 4.17461e+06 0.00469484 108 107.999 0 137 10 7 190 0 4.17461e+06 4663079 108-aabsv 
52500 8.89192e+08 213 4.17461e+06 0.00469484 108 108 0 157 10 8 190 0 4.17461e+06 4663079 108-aabsv 
52600 8.89192e+08 213 4.17461e+06 0.00469484 108 108 0 129 12 8 190 0 4.17461e+06 4663079 108-aabsv 
52700 8.89192e+08 213 4.17461e+06 0.00469484 108 108 0 165 22 15 190 0 4.17461e+06 4663079 108-aabsv 
52800 8.89192e+08 213 4.17461e+06 0.00469484 108 108 0 168 15 11 190 0 4.17461e+06 4663079 108-aabsv 
52900 8.89192e+08 213 4.17461e+06 0.00469484 108 108 0 160 26 20 190 0 4.17461e+06 4663079 108-aabsv 
53000 8.89192e+08 213 4.17461e+06 0.00469484 108 108 0 121 19 15 193 0 4.17461e+06 4788327 108-aabwf 
53100 8.89192e+08 213 4.17461e+06 0.00469484 108 108 0 128 21 10 193 0 4.17461e+06 4788327 108-aabwf 
53200 8.89192e+08 213 4.17461e+06 0.00469484 108 108 0 158 18 16 193 0 4.17461e+06 4788327 108-aabwf 
53300 8.89192e+08 213 4.17461e+06 0.00469484 108 108 0 112 13 9 193 0 4.17461e+06 4788327 108-aabwf 
53400 8.80804e+08 212 4.15474e+06 0.00471698 107 107 0 102 9 4 189 0 4.15474e+06 4554482 107-aaeyh 
53500 8.80804e+08 212 4.15474e+06 0.00471698 107 107 0 180 35 22 189 0 4.15474e+06 4554482 107-aaeyh 
53600 8.80804e+08 212 4.15474e+06 0.00471698 107 107 0 138 13 7 189 0 4.15474e+06 4554482 107-aaeyh 
53700 8.89192e+08 212 4.1943e+06 0.00471698 108 108 0 151 18 16 193 0 4.1943e+06 4906294 108-aacjn 
53800 8.89192e+08 212 4.1943e+06 0.00471698 108 108 0 115 18 12 193 0 4.1943e+06 4906294 108-aacjn 
53900 8.80804e+08 212 4.15474e+06 0.00471698 107 107 0 169 24 15 189 0 4.15474e+06 4554482 107-aaeyh 
54000 8.80804e+08 212 4.15474e+06 0.00471698 107 107 0 254 35 21 189 0 4.15474e+06 4554482 107-aaeyh 
54100 8.80804e+08 212 4.15474e+06 0.00471698 107 107 0 234 23 18 189 0 4.15474e+06 4554482 107-aaeyh 
54200 8.80804e+08 212 4.15474e+06 0.00471698 107 107 0 245 26 16 189 0 4.15474e+06 4554482 107-aaeyh 
54300 8.80804e+08 212 4.15474e+06 0.00471698 107 107 0 210 28 17 189 0 4.15474e+06 4554482 107-aaeyh 
54400 8.80804e+08 212 4.15474e+06 0.00471698 107 107 0 199 20 16 189 0 4.15474e+06 4554482 107-aaeyh 
54500 8.89192e+08 212 4.1943e+06 0.00471698 108 108 0 139 17 10 193 0 4.1943e+06 4906294 108-aacjn 
54600 8.89192e+08 212 4.1943e+06 0.00471698 108 108 0 142 20 10 193 0 4.1943e+06 4906294 108-aacjn 
54700 8.80804e+08 203 4.33894e+06 0.00492611 107 107 0 186 21 13 195 0 4.33894e+06 4934425 107-aafqw 
54800 8.80804e+08 203 4.33894e+06 0.00492611 107 107 0 165 23 13 195 0 4.33894e+06 4934425 107-aafqw 
54900 8.80804e+08 203 4.33894e+06 0.00492611 107 107 0 236 33 26 195 0 4.33894e+06 4934425 107-aafqw 
55000 8.80804e+08 203 4.33894e+06 0.00492611 107 107 0 221 37 29 195 0 4.33894e+06 4934425 107-aafqw 
55100 8.80804e+08 203 4.33894e+06 0.00492611 107 107 0 196 30 22 195 0 4.33894e+06 4934425 107-aafqw 
55200 8.80804e+08 203 4.33894e+06 0.00492611 107 107 0 281 31 18 195 0 4.33894e+06 4934425 107-aafqw 
55300 8.80804e+08 203 4.33894e+06 0.00492611 107 107 0 340 31 22 195 0 4.33894e+06 4934425 107-aafqw 
55400 8.80804e+08 203 4.33894e+06 0.00492611 107 107 0 340 37 26 195 0 4.33894e+06 4934425 107-aafqw 
55500 8.80804e+08 203 4.33894e+06 0.00492611 107 107 0 370 42 30 195 0 4.33894e+06 4934425 107-aafqw 
55600 8.80804e+08 203 4.33894e+06 0.00492611 107 107 0 353 45 30 195 0 4.33894e+06 4934425 107-aafqw 
55700 8.80804e+08 203 4.33894e+06 0.00492611 107 107 0 356 59 40 195 0 4.33894e+06 4934425 107-aafqw 
55800 8.80804e+08 203 4.33894e+06 0.00492611 107 107 0 277 34 26 195 0 4.33894e+06 4934425 107-aafqw 
55900 8.80804e+08 203 4.33894e+06 0.00492611 107 107 0 224 29 25 195 0 4.33894e+06 4934425 107-aafqw 
56000 8.80804e+08 203 4.33894e+06 0.00492611 107 107 0 227 30 20 195 0 4.33894e+06 4934425 107-aafqw 
56100 8.80804e+08 203 4.33894e+06 0.00492611 107 107 0 207 25 20 195 0 4.33894e+06 4934425 107-aafqw 
56200 8.80804e+08 203 4.33894e+06 0.00492611 107 107 0 164 17 13 195 0 4.33894e+06 4934425 107-aafqw 
56300 8.80804e+08 203 4.33894e+06 0.00492611 107 107 0 128 27 17 195 0 4.33894e+06 4934425 107-aafqw 
56400 8.80804e+08 203 4.33894e+06 0.00492611 107 107 0 118 20 15 195 0 4.33894e+06 4934425 107-aafqw 
56500 8.72415e+08 202 4.31889e+06 0.0049505 106 106.007 0 107 18 11 196 0 4.31889e+06 5117419 106-aakkf 
56600 8.72415e+08 202 4.31889e+06 0.0049505 106 106.006 0 112 14 8 196 0 4.31889e+06 5117419 106-aakkf 
56700 8.80804e+08 203 4.33894e+06 0.00492611 107 107 0 94 15 10 195 0 4.33894e+06 4934425 107-aafqw 
56800 8.80804e+08 203 4.33894e+06 0.00492611 107 107 0 88 15 11 195 0 4.33894e+06 4934425 107-aafqw 
56900 8.80804e+08 204 4.31767e+06 0.00490196 107 107 0 88 13 10 197 0 4.31767e+06 5154737 107-aaiem 
57000 8.80804e+08 203 4.33894e+06 0.00492611 107 107 0 95 8 6 195 0 4.33894e+06 4934425 107-aafqw 
57100 8.80804e+08 203 4.33894e+06 0.00492611 107 107 0 91 7 4 197 0 4.33894e+06 5182508 107-aailq 
57200 8.80804e+08 203 4.33894e+06 0.00492611 107 107 0 127 22 14 197 0 4.33894e+06 5182508 107-aailq 
57300 8.80804e+08 203 4.33894e+06 0.00492611 107 107 0 120 14 6 197 0 4.33894e+06 5182508 107-aailq 
57400 8.80804e+08 203 4.33894e+06 0.00492611 107 107 0 89 9 8 195 0 4.33894e+06 4934425 107-aafqw 
57500 8.80804e+08 203 4.33894e+06 0.00492611 107 107 0 96 11 8 197 0 4.33894e+06 5122410 107-aahta 
57600 8.89192e+08 204 4.35879e+06 0.00490196 108 107.995 0 90 18 13 197 0 4.35879e+06 5291992 108-aaebf 
57700 8.80804e+08 203 4.33894e+06 0.00492611 107 107 0 121 16 11 195 0 4.33894e+06 4934425 107-aafqw 
57800 8.89192e+08 204 4.35879e+06 0.00490196 108 107.998 0 90 13 10 197 0 4.35879e+06 5291992 108-aaebf 
57900 8.80804e+08 203 4.33894e+06 0.00492611 107 107 0 145 13 9 195 0 4.33894e+06 4934425 107-aafqw 
58000 8.80804e+08 203 4.33894e+06 0.00492611 107 107 0 101 11 7 195 0 4.33894e+06 4934425 107-aafqw 
58100 8.80804e+08 203 4.33894e+06 0.00492611 107 107 0 108 14 7 195 0 4.33894e+06 4934425 107-aafqw 
58200 8.89192e+08 205 4.33752e+06 0.00487805 108 108 0 120 12 10 205 0 4.33752e+06 5285810 108-aaeaz 
58300 8.89192e+08 205 4.33752e+06 0.00487805 108 108 0 109 14 6 205 0 4.33752e+06 5285810 108-aaeaz 
58400 8.80804e+08 203 4.33894e+06 0.00492611 107 107 0 99 16 12 195 0 4.33894e+06 4934425 107-aafqw 
58500 8.89192e+08 205 4.33752e+06 0.00487805 108 108 0 89 13 10 206 0 4.33752e+06 5354277 108-aaeht 
58600 8.89192e+08 205 4.33752e+06 0.00487805 108 108 0 86 12 11 198 0 4.33752e+06 5355850 108-aaehv 
58700 8.80804e+08 203 4.33894e+06 0.00492611 107 107 0 86 11 6 197 0 4.33894e+06 5122410 107-aahta 
58800 8.89192e+08 205 4.33752e+06 0.00487805 108 108 0 112 12 6 198 0 4.33752e+06 5355850 108-aaehv 
58900 8.80804e+08 203 4.33894e+06 0.00492611 107 107 0 105 15 10 199 0 4.33894e+06 5327070 107-aajwx 
59000 8.72415e+08 201 4.34037e+06 0.00497512 106 106 0 95 14 9 199 0 4.34037e+06 5414669 106-aamgr 
59100 8.80804e+08 203 4.33894e+06 0.00492611 107 107 0 168 17 13 197 0 4.33894e+06 5122410 107-aahta 
59200 8.80804e+08 203 4.33894e+06 0.00492611 107 107 0 170 21 16 197 0 4.33894e+06 5122410 107-aahta 
59300 8.80804e+08 203 4.33894e+06 0.00492611 107 107 0 143 17 11 197 0 4.33894e+06 5122410 107-aahta 
59400 8.80804e+08 203 4.33894e+06 0.00492611 107 107 0 147 13 8 197 0 4.33894e+06 5122410 107-aahta 
59500 8.80804e+08 203 4.33894e+06 0.00492611 107 107 0 147 13 8 197 0 4.33894e+06 5122410 107-aahta 
59600 8.80804e+08 203 4.33894e+06 0.00492611 107 107 0 137 19 16 197 0 4.33894e+06 5122410 107-aahta 
59700 8.80804e+08 203 4.33894e+06 0.00492611 107 107 0 150 18 12 201 0 4.33894e+06 5468083 107-aalfl 
59800 8.80804e+08 203 4.33894e+06 0.00492611 107 107 0 151 16 12 201 0 4.33894e+06 5468083 107-aalfl 
59900 8.80804e+08 203 4.33894e+06 0.00492611 107 107 0 166 25 14 201 0 4.33894e+06 5468083 107-aalfl 
60000 8.80804e+08 203 4.33894e+06 0.00492611 107 107 0 181 18 12 201 0 4.33894e+06 5468083 107-aalfl 
60100 8.80804e+08 203 4.33894e+06 0.00492611 107 107 0 128 17 12 201 0 4.33894e+06 5468083 107-aalfl 
60200 8.80804e+08 203 4.33894e+06 0.00492611 107 107 0 154 22 16 201 0 4.33894e+06 5468083 107-aalfl 
60300 8.80804e+08 203 4.33894e+06 0.00492611 107 107 0 96 13 6 197 0 4.33894e+06 5122410 107-aahta 
60400 8.72415e+08 190 4.59166e+06 0.00526316 106 106 0 145 16 9 204 0 4.59166e+06 5533289 106-aamwg 
60500 8.72415e+08 190 4.59166e+06 0.00526316 106 106 0 218 36 30 204 0 4.59166e+06 5533289 106-aamwg 
60600 8.72415e+08 190 4.59166e+06 0.00526316 106 106 0 283 35 26 204 0 4.59166e+06 5533289 106-aamwg 
60700 8.72415e+08 190 4.59166e+06 0.00526316 106 106 0 437 60 39 204 0 4.59166e+06 5533289 106-aamwg 
60800 8.72415e+08 190 4.59166e+06 0.00526316 106 106 0 629 90 66 204 0 4.59166e+06 5533289 106-aamwg 
60900 8.72415e+08 190 4.59166e+06 0.00526316 106 106 0 802 116 88 204 0 4.59166e+06 5533289 106-aamwg 
61000 8.72415e+08 190 4.59166e+06 0.00526316 106 106 0 935 115 81 204 0 4.59166e+06 5533289 106-aamwg 
61100 8.72415e+08 190 4.59166e+06 0.00526316 106 106 0 1024 135 96 204 0 4.59166e+06 5533289 106-aamwg 
61200 8.72415e+08 190 4.59166e+06 0.00526316 106 106 0 1012 141 91 204 0 4.59166e+06 5533289 106-aamwg 
61300 8.72415e+08 190 4.59166e+06 0.00526316 106 106 0 1053 142 93 204 0 4.59166e+06 5533289 106-aamwg 
61400 8.72415e+08 190 4.59166e+06 0.00526316 106 106 0 954 133 92 204 0 4.59166e+06 5533289 106-aamwg 
61500 8.72415e+08 190 4.59166e+06 0.00526316 106 106 0 797 130 94 204 0 4.59166e+06 5533289 106-aamwg 
61600 8.72415e+08 190 4.59166e+06 0.00526316 106 106 0 860 122 81 204 0 4.59166e+06 5533289 106-aamwg 
61700 8.72415e+08 190 4.59166e+06 0.00526316 106 106 0 699 132 102 204 0 4.59166e+06 5533289 106-aamwg 
61800 8.72415e+08 190 4.59166e+06 0.00526316 106 106 0 596 86 66 204 0 4.59166e+06 5533289 106-aamwg 
61900 8.72415e+08 190 4.59166e+06 0.00526316 106 106 0 623 83 62 204 0 4.59166e+06 5533289 106-aamwg 
62000 8.72415e+08 190 4.59166e+06 0.00526316 106 106 0 548 60 42 204 1 4.59166e+06 5533289 106-aamwg 
62100 8.72415e+08 190 4.59166e+06 0.00526316 106 106 0 534 89 68 204 0 4.59166e+06 5533289 106-aamwg 
62200 8.72415e+08 190 4.59166e+06 0.00526316 106 106 0 545 60 39 204 0 4.59166e+06 5533289 106-aamwg 
62300 8.72415e+08 190 4.59166e+06 0.00526316 106 106 0 487 72 51 204 0 4.59166e+06 5533289 106-aamwg 
62400 8.72415e+08 190 4.59166e+06 0.00526316 106 106 0 439 62 39 204 0 4.59166e+06 5533289 106-aamwg 
62500 8.72415e+08 190 4.59166e+06 0.00526316 106 106 0 364 47 32 204 0 4.59166e+06 5533289 106-aamwg 
62600 8.72415e+08 190 4.59166e+06 0.00526316 106 106 0 317 60 36 204 0 4.59166e+06 5533289 106-aamwg 
62700 8.72415e+08 190 4.59166e+06 0.00526316 106 106 0 350 39 30 204 0 4.59166e+06 5533289 106-aamwg 
62800 8.72415e+08 190 4.59166e+06 0.00526316 106 106 0 199 21 17 204 1 4.59166e+06 5533289 106-aamwg 
62900 8.72415e+08 190 4.59166e+06 0.00526316 106 106 0 158 16 13 204 0 4.59166e+06 5533289 106-aamwg 
63000 8.72415e+08 190 4.59166e+06 0.00526316 106 106 0 115 14 13 206 0 4.59166e+06 5697000 106-aaomx 
63100 8.64027e+08 188 4.59589e+06 0.00531915 106 106 0 113 19 12 208 0 4.59589e+06 5847394 106-aaqvy 
63200 8.72415e+08 190 4.59166e+06 0.00526316 106 106 0 127 23 18 204 0 4.59166e+06 5533289 106-aamwg 
63300 8.72415e+08 190 4.59166e+06 0.00526316 106 106 0 138 9 5 204 1 4.59166e+06 5533289 106-aamwg 
63400 8.72415e+08 190 4.59166e+06 0.00526316 106 106 0 159 27 17 204 0 4.59166e+06 5533289 106-aamwg 
63500 8.72415e+08 190 4.59166e+06 0.00526316 106 106 0 169 34 19 204 0 4.59166e+06 5533289 106-aamwg 
63600 8.72415e+08 190 4.59166e+06 0.00526316 106 106 0 150 29 23 204 0 4.59166e+06 5533289 106-aamwg 
63700 8.72415e+08 189 4.61595e+06 0.00529101 106 106 0 99 12 10 206 0 4.61595e+06 5770704 106-aapwp 
63800 8.72415e+08 191 4.56762e+06 0.0052356 106 106 0 121 17 8 207 0 4.56762e+06 5905711 106-aarmn 
63900 8.72415e+08 191 4.56762e+06 0.0052356 106 106 0 98 18 12 208 0 4.56762e+06 5857334 106-aaqyz 
64000 8.72415e+08 191 4.56762e+06 0.0052356 106 106 0 100 9 7 208 0 4.56762e+06 5857334 106-aaqyz 
64100 8.72415e+08 191 4.56762e+06 0.0052356 106 106 0 149 18 9 208 0 4.56762e+06 5857334 106-aaqyz 
64200 8.72415e+08 191 4.56762e+06 0.0052356 106 106 0 129 11 9 208 0 4.56762e+06 5857334 106-aaqyz 
64300 8.72415e+08 191 4.56762e+06 0.0052356 106 106 0 110 15 11 208 0 4.56762e+06 5857334 106-aaqyz 
64400 8.72415e+08 191 4.56762e+06 0.0052356 106 106 0 161 31 25 208 0 4.56762e+06 5857334 106-aaqyz 
64500 8.72415e+08 191 4.56762e+06 0.0052356 106 106 0 125 10 7 208 0 4.56762e+06 5857334 106-aaqyz 
64600 8.72415e+08 191 4.56762e+06 0.0052356 106 106 0 108 10 6 208 0 4.56762e+06 5857334 106-aaqyz 
64700 8.72415e+08 190 4.59166e+06 0.00526316 106 106 0 129 18 9 209 0 4.59166e+06 5889586 106-aarin 
64800 8.72415e+08 190 4.59166e+06 0.00526316 106 106 0 116 11 8 209 0 4.59166e+06 5889586 106-aarin 
64900 8.64027e+08 189 4.57157e+06 0.00529101 105 105 0 105 11 6 208 0 4.57157e+06 5958417 105-aakzg 
65000 8.64027e+08 189 4.57157e+06 0.00529101 105 105 0 113 13 6 207 0 4.57157e+06 5842770 105-aakem 
65100 8.64027e+08 189 4.57157e+06 0.00529101 105 105 0 90 13 7 208 0 4.57157e+06 5958417 105-aakzg 
65200 8.72415e+08 191 4.56762e+06 0.0052356 106 106 0 118 22 15 208 0 4.56762e+06 5857334 106-aaqyz 
65300 8.64027e+08 191 4.5237e+06 0.0052356 105 105 0 86 9 6 211 0 4.5237e+06 6039905 105-aalqy 
65400 8.64027e+08 190 4.54751e+06 0.00526316 105 105 0 94 20 14 211 0 4.54751e+06 6050372 105-aalsy 
65500 8.64027e+08 189 4.57157e+06 0.00529101 105 105.001 0 84 20 14 211 0 4.57157e+06 6035946 105-aalqd 
65600 8.72415e+08 189 4.61595e+06 0.00529101 106 106.001 0 142 21 19 210 0 4.61595e+06 6070366 106-aatbq 
65700 8.72415e+08 189 4.61595e+06 0.00529101 106 106 0 134 20 14 210 0 4.61595e+06 6070366 106-aatbq 
65800 8.64027e+08 188 4.59589e+06 0.00531915 105 105 0 104 17 15 208 0 4.59589e+06 6122034 105-aamix 
65900 8.72415e+08 189 4.61595e+06 0.00529101 106 106 0 105 15 12 207 0 4.61595e+06 5926536 106-aarsp 
66000 8.64027e+08 188 4.59589e+06 0.00531915 105 105.001 0 113 16 13 207 0 4.59589e+06 6059734 105-aalwf 
66100 8.64027e+08 188 4.59589e+06 0.00531915 105 105 0 149 29 22 208 0 4.59589e+06 6104598 105-aamfk 
66200 8.72415e+08 189 4.61595e+06 0.00529101 106 106 0 134 24 19 207 0 4.61595e+06 5926536 106-aarsp 
66300 8.64027e+08 188 4.59589e+06 0.00531915 105 105 0 156 33 28 211 0 4.59589e+06 6161379 105-aamsz 
66400 8.72415e+08 189 4.61595e+06 0.00529101 106 106 0 132 25 15 208 0 4.61595e+06 6170241 106-aatto 
66500 8.64027e+08 188 4.59589e+06 0.00531915 105 105 0 153 25 16 207 0 4.59589e+06 6059734 105-aalwf 
66600 8.64027e+08 188 4.59589e+06 0.00531915 105 105 0 167 28 22 207 0 4.59589e+06 6059734 105-aalwf 
66700 8.64027e+08 188 4.59589e+06 0.00531915 105 105 0 136 19 13 207 0 4.59589e+06 6059734 105-aalwf 
66800 8.64027e+08 188 4.59589e+06 0.00531915 105 105 0 140 18 12 211 0 4.59589e+06 6161379 105-aamsz 
66900 8.72415e+08 189 4.61595e+06 0.00529101 106 106 0 150 21 17 207 0 4.61595e+06 5926536 106-aarsp 
67000 8.72415e+08 189 4.61595e+06 0.00529101 106 106 0 122 28 19 207 0 4.61595e+06 5926536 106-aarsp 
67100 8.64027e+08 188 4.59589e+06 0.00531915 105 105.001 0 134 16 9 211 0 4.59589e+06 6107924 105-aamgj 
67200 8.64027e+08 188 4.59589e+06 0.00531915 105 105.001 0 152 17 15 211 0 4.59589e+06 6107924 105-aamgj 
67300 8.64027e+08 188 4.59589e+06 0.00531915 105 105.001 0 185 30 19 211 0 4.59589e+06 6107924 105-aamgj 
67400 8.64027e+08 188 4.59589e+06 0.00531915 105 105.001 0 143 18 13 211 0 4.59589e+06 6107924 105-aamgj 
67500 8.64027e+08 188 4.59589e+06 0.00531915 105 105 0 134 23 18 207 0 4.59589e+06 6059734 105-aalwf 
67600 8.64027e+08 188 4.59589e+06 0.00531915 105 105 0 145 12 11 207 0 4.59589e+06 6059734 105-aalwf 
67700 8.64027e+08 188 4.59589e+06 0.00531915 105 105 0 142 18 15 207 0 4.59589e+06 6059734 105-aalwf 
67800 8.64027e+08 188 4.59589e+06 0.00531915 105 105 0 137 14 11 207 0 4.59589e+06 6059734 105-aalwf 
67900 8.47249e+08 186 4.5551e+06 0.00537634 103 103 0 135 14 8 217 0 4.5551e+06 6340408 103-aajvz 
68000 8.64027e+08 188 4.59589e+06 0.00531915 105 105 0 154 16 14 207 0 4.59589e+06 6059734 105-aalwf 
68100 8.80804e+08 190 4.63581e+06 0.00526316 107 107 0 179 25 19 210 0 4.63581e+06 6283669 107-aaofa 
68200 8.80804e+08 190 4.63581e+06 0.00526316 107 107 0 142 30 23 210 0 4.63581e+06 6283669 107-aaofa 
68300 8.64027e+08 188 4.59589e+06 0.00531915 105 105 0 184 20 15 212 0 4.59589e+06 6341274 105-aaonj 
68400 8.64027e+08 188 4.59589e+06 0.00531915 105 105 0 129 14 10 207 0 4.59589e+06 6059734 105-aalwf 
68500 8.80804e+08 190 4.63581e+06 0.00526316 107 107 0 154 12 7 210 0 4.63581e+06 6283669 107-aaofa 
68600 8.80804e+08 190 4.63581e+06 0.00526316 107 107 0 184 24 15 210 0 4.63581e+06 6283669 107-aaofa 
68700 8.80804e+08 190 4.63581e+06 0.00526316 107 107 0 132 25 12 210 0 4.63581e+06 6283669 107-aaofa 
68800 8.64027e+08 188 4.59589e+06 0.00531915 105 105 0 82 13 10 214 0 4.59589e+06 6395377 105-aaoyt 
68900 8.55638e+08 187 4.5756e+06 0.00534759 104 104 0 94 7 5 210 0 4.5756e+06 6134476 104-aajdc 
69000 8.55638e+08 187 4.5756e+06 0.00534759 104 104 0 99 20 13 210 0 4.5756e+06 6134476 104-aajdc 
69100 8.80804e+08 190 4.63581e+06 0.00526316 107 107 0 97 19 13 211 0 4.63581e+06 6443046 107-aaojy 
69200 8.89192e+08 192 4.63121e+06 0.00520833 108 108 0 134 19 16 212 0 4.63121e+06 6411994 108-aafxe 
69300 8.55638e+08 188 4.55127e+06 0.00531915 105 105 0 130 16 12 216 0 4.55127e+06 6460981 105-aapnb 
69400 8.72415e+08 189 4.61595e+06 0.00529101 106 106 0 127 18 15 212 0 4.61595e+06 6499566 106-aavgk 
69500 8.72415e+08 189 4.61595e+06 0.00529101 106 106 0 145 13 10 212 0 4.61595e+06 6499566 106-aavgk 
69600 8.72415e+08 189 4.61595e+06 0.00529101 106 106 0 198 27 18 212 0 4.61595e+06 6499566 106-aavgk 
69700 8.72415e+08 189 4.61595e+06 0.00529101 106 106 0 129 11 5 212 0 4.61595e+06 6499566 106-aavgk 
69800 8.72415e+08 189 4.61595e+06 0.00529101 106 106 0 118 19 13 212 0 4.61595e+06 6499566 106-aavgk 
69900 8.72415e+08 189 4.61595e+06 0.00529101 106 106 0 132 11 9 212 0 4.61595e+06 6499566 106-aavgk 
70000 8.89192e+08 192 4.63121e+06 0.00520833 108 108 0 109 19 13 212 0 4.63121e+06 6411994 108-aafxe 
70100 8.80804e+08 192 4.58752e+06 0.00520833 107 107 0 111 8 6 214 0 4.58752e+06 6593583 107-aaowy 
70200 8.55638e+08 188 4.55127e+06 0.00531915 104 104 0 104 21 16 216 0 4.55127e+06 6605303 104-aalmn 
70300 8.55638e+08 188 4.55127e+06 0.00531915 104 104 0 107 17 16 216 0 4.55127e+06 6605303 104-aalmn 
70400 8.72415e+08 189 4.61595e+06 0.00529101 106 106 0 120 28 23 213 0 4.61595e+06 6603229 106-aavqk 
70500 8.72415e+08 189 4.61595e+06 0.00529101 106 106 0 125 14 12 213 0 4.61595e+06 6603229 106-aavqk 
70600 8.72415e+08 189 4.61595e+06 0.00529101 106 106 0 165 20 14 213 0 4.61595e+06 6603229 106-aavqk 
70700 8.72415e+08 189 4.61595e+06 0.00529101 106 106 0 103 15 13 213 0 4.61595e+06 6603229 106-aavqk 
70800 8.55638e+08 187 4.5756e+06 0.00534759 104 104.001 0 111 19 17 212 0 4.5756e+06 6514342 104-aakzp 
70900 8.55638e+08 187 4.5756e+06 0.00534759 104 104.001 0 85 13 7 212 0 4.5756e+06 6514342 104-aakzp 
71000 8.80804e+08 191 4.61154e+06 0.0052356 107 107.001 0 131 15 13 212 0 4.61154e+06 6577275 107-aaouz 
71100 8.80804e+08 191 4.61154e+06 0.0052356 107 107.001 0 147 15 12 212 0 4.61154e+06 6577275 107-aaouz 
71200 8.47249e+08 187 4.53075e+06 0.00534759 103 103.001 0 173 24 17 221 0 4.53075e+06 6643173 103-aakjj 
71300 8.80804e+08 192 4.58752e+06 0.00520833 107 107 0 112 24 14 215 0 4.58752e+06 6741591 107-aapoy 
71400 8.80804e+08 192 4.58752e+06 0.00520833 107 107 0 88 10 7 215 0 4.58752e+06 6741591 107-aapoy 
71500 8.80804e+08 191 4.61154e+06 0.0052356 107 107.004 0 92 13 12 214 0 4.61154e+06 6780521 107-aaptr 
71600 8.89192e+08 192 4.63121e+06 0.00520833 108 108 0 81 12 9 215 0 4.63121e+06 6726776 108-aaggg 
71700 8.72415e+08 188 4.64051e+06 0.00531915 106 106 0 117 25 18 218 0 4.64051e+06 6749061 106-aawgn 
71800 8.55638e+08 188 4.55127e+06 0.00531915 104 104 0 105 14 6 218 0 4.55127e+06 6785075 104-aamko 
71900 8.80804e+08 191 4.61154e+06 0.0052356 107 107 0 101 14 7 215 0 4.61154e+06 6644487 107-aapch 
72000 8.80804e+08 191 4.61154e+06 0.0052356 107 107.003 0 129 17 13 216 0 4.61154e+06 6835116 107-aaqae 
72100 8.72415e+08 188 4.64051e+06 0.00531915 106 106 0 96 7 4 215 0 4.64051e+06 6816454 106-aawny 
72200 8.80804e+08 191 4.61154e+06 0.0052356 107 107.001 0 114 11 10 216 0 4.61154e+06 6835116 107-aaqae 
72300 8.80804e+08 191 4.61154e+06 0.0052356 107 107.001 0 102 9 8 216 0 4.61154e+06 6835116 107-aaqae 
72400 8.89192e+08 191 4.65546e+06 0.0052356 108 108 0 110 17 10 216 0 4.65546e+06 6723354 108-aaggh 
72500 8.80804e+08 190 4.63581e+06 0.00526316 107 107 0 148 18 15 213 0 4.63581e+06 6780084 107-aaptt 
72600 8.80804e+08 190 4.63581e+06 0.00526316 107 107 0 114 25 18 213 0 4.63581e+06 6780084 107-aaptt 
72700 8.80804e+08 190 4.63581e+06 0.00526316 107 107 0 127 16 10 213 0 4.63581e+06 6780084 107-aaptt 
72800 8.47249e+08 185 4.57973e+06 0.00540541 103 103 0 183 32 23 219 0 4.57973e+06 6854164 103-aakvw 
72900 8.47249e+08 185 4.57973e+06 0.00540541 103 103 0 116 16 13 219 0 4.57973e+06 6854164 103-aakvw 
73000 8.47249e+08 185 4.57973e+06 0.00540541 103 103 0 108 8 8 219 0 4.57973e+06 6854164 103-aakvw 
73100 8.47249e+08 185 4.57973e+06 0.00540541 103 103 0 122 17 9 219 0 4.57973e+06 6854164 103-aakvw 
73200 8.72415e+08 189 4.61595e+06 0.00529101 106 106.003 0 86 5 4 214 0 4.61595e+06 6927494 106-aaxcl 
73300 8.72415e+08 189 4.61595e+06 0.00529101 106 106.002 0 98 17 12 214 0 4.61595e+06 6927494 106-aaxcl 
73400 8.47249e+08 185 4.57973e+06 0.00540541 103 103.002 0 64 4 2 222 0 4.57973e+06 6936644 103-aalbb 
73500 8.80804e+08 190 4.63581e+06 0.00526316 107 107 0 94 21 15 221 0 4.63581e+06 6931710 107-aaqqu 
73600 8.72415e+08 189 4.61595e+06 0.00529101 106 106 0 91 11 9 215 0 4.61595e+06 6938226 106-aaxei 
73700 8.64027e+08 188 4.59589e+06 0.00531915 105 105 0 127 24 18 220 0 4.59589e+06 6972421 105-aarpk 
73800 8.64027e+08 188 4.59589e+06 0.00531915 105 105 0 102 16 13 220 0 4.59589e+06 6972421 105-aarpk 
73900 8.80804e+08 190 4.63581e+06 0.00526316 107 107.001 0 117 15 10 218 0 4.63581e+06 6950124 107-aaquo 
74000 8.72415e+08 189 4.61595e+06 0.00529101 106 106.007 0 142 22 17 219 0 4.61595e+06 7028418 106-aaxql 
74100 8.72415e+08 189 4.61595e+06 0.00529101 106 106.004 0 135 23 14 219 0 4.61595e+06 7028418 106-aaxql 
74200 8.72415e+08 189 4.61595e+06 0.00529101 106 106.003 0 119 13 11 219 0 4.61595e+06 7028418 106-aaxql 
74300 8.72415e+08 189 4.61595e+06 0.00529101 106 106.002 0 130 8 7 219 0 4.61595e+06 7028418 106-aaxql 
74400 8.72415e+08 189 4.61595e+06 0.00529101 106 106.002 0 98 12 10 219 0 4.61595e+06 7028418 106-aaxql 
74500 8.80804e+08 191 4.61154e+06 0.0052356 107 107 0 117 12 9 219 0 4.61154e+06 7022242 107-aargc 
74600 8.80804e+08 191 4.61154e+06 0.0052356 107 107 0 140 16 11 219 0 4.61154e+06 7022242 107-aargc 
74700 8.80804e+08 190 4.63581e+06 0.00526316 107 107 0 147 28 19 221 0 4.63581e+06 6931710 107-aaqqu 
74800 8.80804e+08 190 4.63581e+06 0.00526316 107 107 0 188 29 17 221 0 4.63581e+06 6931710 107-aaqqu 
74900 8.80804e+08 190 4.63581e+06 0.00526316 107 107 0 270 30 25 221 0 4.63581e+06 6931710 107-aaqqu 
75000 8.80804e+08 190 4.63581e+06 0.00526316 107 107 0 208 32 23 221 0 4.63581e+06 6931710 107-aaqqu 
75100 8.80804e+08 190 4.63581e+06 0.00526316 107 107 0 120 13 10 221 0 4.63581e+06 6931710 107-aaqqu 
75200 8.72415e+08 189 4.61595e+06 0.00529101 106 106 0 149 21 17 220 0 4.61595e+06 7095594 106-aayar 
75300 8.72415e+08 189 4.61595e+06 0.00529101 106 106 0 153 22 18 220 0 4.61595e+06 7095594 106-aayar 
75400 8.72415e+08 189 4.61595e+06 0.00529101 106 106 0 224 31 21 220 0 4.61595e+06 7095594 106-aayar 
75500 8.72415e+08 189 4.61595e+06 0.00529101 106 106 0 176 29 20 220 0 4.61595e+06 7095594 106-aayar 
75600 8.80804e+08 190 4.63581e+06 0.00526316 107 107 0 132 18 15 222 0 4.63581e+06 7114571 107-aaruu 
75700 8.72415e+08 189 4.61595e+06 0.00529101 106 106 0 126 15 11 220 1 4.61595e+06 7095594 106-aayar 
75800 8.72415e+08 189 4.61595e+06 0.00529101 106 106 0 114 15 12 220 0 4.61595e+06 7095594 106-aayar 
75900 8.72415e+08 189 4.61595e+06 0.00529101 106 106 0 193 35 25 220 0 4.61595e+06 7095594 106-aayar 
76000 8.72415e+08 189 4.61595e+06 0.00529101 106 106 0 152 27 18 220 0 4.61595e+06 7095594 106-aayar 
76100 8.80804e+08 190 4.63581e+06 0.00526316 107 107 0 162 20 16 222 0 4.63581e+06 7203558 107-aaslu 
76200 8.80804e+08 190 4.63581e+06 0.00526316 107 107 0 227 37 22 222 0 4.63581e+06 7203558 107-aaslu 
76300 8.80804e+08 190 4.63581e+06 0.00526316 107 107 0 164 24 16 222 0 4.63581e+06 7203558 107-aaslu 
76400 8.80804e+08 191 4.61154e+06 0.0052356 107 107 0 151 22 17 222 0 4.61154e+06 7269106 107-aatac 
76500 8.80804e+08 190 4.63581e+06 0.00526316 107 107 0 156 12 10 222 0 4.63581e+06 7203558 107-aaslu 
76600 8.80804e+08 191 4.61154e+06 0.0052356 107 107 0 148 21 16 222 0 4.61154e+06 7269106 107-aatac 
76700 8.80804e+08 191 4.61154e+06 0.0052356 107 107 0 172 22 17 223 0 4.61154e+06 7321889 107-aatmd 
76800 8.89192e+08 192 4.63121e+06 0.00520833 108 108 0 113 16 15 220 0 4.63121e+06 7091856 108-aahdw 
76900 8.80804e+08 191 4.61154e+06 0.0052356 107 107 0 102 18 12 222 0 4.61154e+06 7269106 107-aatac 
77000 8.80804e+08 191 4.61154e+06 0.0052356 107 107 0 126 19 12 222 0 4.61154e+06 7269106 107-aatac 
77100 8.80804e+08 191 4.61154e+06 0.0052356 107 107 0 102 16 10 223 0 4.61154e+06 7321889 107-aatmd 
77200 8.80804e+08 191 4.61154e+06 0.0052356 107 107 0 125 23 17 223 0 4.61154e+06 7321889 107-aatmd 
77300 8.80804e+08 191 4.61154e+06 0.0052356 107 107 0 109 13 9 223 0 4.61154e+06 7321889 107-aatmd 
77400 8.80804e+08 191 4.61154e+06 0.0052356 107 107 0 78 10 9 223 0 4.61154e+06 7321889 107-aatmd 
77500 8.80804e+08 191 4.61154e+06 0.0052356 107 107 0 97 21 10 223 0 4.61154e+06 7411876 107-aauhv 
77600 8.80804e+08 190 4.63581e+06 0.00526316 107 107 0 109 19 16 223 0 4.63581e+06 7326565 107-aatmy 
77700 8.80804e+08 190 4.63581e+06 0.00526316 107 107 0 89 11 6 223 0 4.63581e+06 7326565 107-aatmy 
77800 8.80804e+08 190 4.63581e+06 0.00526316 107 107 0 118 12 6 223 0 4.63581e+06 7326565 107-aatmy 
77900 8.80804e+08 192 4.58752e+06 0.00520833 108 107.999 0 167 26 18 221 0 4.58752e+06 7417969 108-aaimd 
78000 8.80804e+08 192 4.58752e+06 0.00520833 108 108 0 188 27 18 221 0 4.58752e+06 7417969 108-aaimd 
78100 8.80804e+08 192 4.58752e+06 0.00520833 108 108 0 140 26 18 221 0 4.58752e+06 7417969 108-aaimd 
78200 8.64027e+08 189 4.57157e+06 0.00529101 105 105 0 81 10 7 225 0 4.57157e+06 7378547 105-aassl 
78300 8.80804e+08 191 4.61154e+06 0.0052356 107 107 0 90 6 5 223 0 4.61154e+06 7321889 107-aatmd 
78400 8.80804e+08 190 4.63581e+06 0.00526316 107 107 0 156 25 16 224 0 4.63581e+06 7502192 107-aavev 
78500 8.80804e+08 190 4.63581e+06 0.00526316 107 107 0 120 14 7 224 0 4.63581e+06 7502192 107-aavev 
78600 8.72415e+08 190 4.59166e+06 0.00526316 107 107 0 88 10 8 226 0 4.59166e+06 7527146 107-aavmb 
78700 8.80804e+08 191 4.61154e+06 0.0052356 107 107 0 87 8 6 224 0 4.61154e+06 7429285 107-aaumo 
78800 8.80804e+08 190 4.63581e+06 0.00526316 107 107 0 106 11 8 223 0 4.63581e+06 7326565 107-aatmy 
78900 8.72415e+08 189 4.61595e+06 0.00529101 106 106 0 113 15 11 227 0 4.61595e+06 7564185 106-abbak 
79000 8.72415e+08 189 4.61595e+06 0.00529101 106 106 0 107 14 10 227 0 4.61595e+06 7564185 106-abbak 
79100 8.72415e+08 189 4.61595e+06 0.00529101 106 106 0 135 19 13 225 0 4.61595e+06 7569304 106-abbbd 
79200 8.72415e+08 189 4.61595e+06 0.00529101 106 106 0 153 15 13 227 0 4.61595e+06 7564185 106-abbak 
79300 8.72415e+08 189 4.61595e+06 0.00529101 106 106 0 115 15 14 228 0 4.61595e+06 7586312 106-abbdy 
79400 8.72415e+08 189 4.61595e+06 0.00529101 106 106 0 143 19 11 228 0 4.61595e+06 7586312 106-abbdy 
79500 8.72415e+08 189 4.61595e+06 0.00529101 106 106 0 139 18 17 228 0 4.61595e+06 7586312 106-abbdy 
79600 8.80804e+08 192 4.58752e+06 0.00520833 107 107 0 117 15 11 226 0 4.58752e+06 7607372 107-aawln 
79700 8.72415e+08 189 4.61595e+06 0.00529101 106 106 0 116 22 18 228 0 4.61595e+06 7586312 106-abbdy 
79800 8.72415e+08 190 4.59166e+06 0.00526316 106 106.001 0 94 14 10 225 0 4.59166e+06 7587775 106-abbds 
79900 8.72415e+08 190 4.59166e+06 0.00526316 106 106 0 93 19 14 225 0 4.59166e+06 7587775 106-abbds 
80000 8.55638e+08 189 4.52719e+06 0.00529101 104 104 0 75 12 6 229 0 4.52719e+06 7702649 104-aaoat 
80100 8.80804e+08 190 4.63581e+06 0.00526316 107 107 0 66 7 4 224 0 4.63581e+06 7502192 107-aavev 
80200 8.72415e+08 190 4.59166e+06 0.00526316 106 106 0 116 19 13 226 0 4.59166e+06 7632302 106-abbmc 
80300 8.72415e+08 190 4.59166e+06 0.00526316 106 106 0 97 12 9 226 0 4.59166e+06 7632302 106-abbmc 
80400 8.72415e+08 191 4.56762e+06 0.0052356 106 106.003 0 122 21 16 227 0 4.56762e+06 7681665 106-abbwr 
80500 8.72415e+08 191 4.56762e+06 0.0052356 106 106.002 0 108 9 7 227 0 4.56762e+06 7681665 106-abbwr 
80600 8.72415e+08 190 4.59166e+06 0.00526316 106 105.999 0 90 7 5 231 0 4.59166e+06 7708877 106-abccr 
80700 8.64027e+08 189 4.57157e+06 0.00529101 106 106 0 89 11 8 229 0 4.57157e+06 7768733 106-abcqp 
80800 8.72415e+08 189 4.61595e+06 0.00529101 107 107 0 71 9 5 227 0 4.61595e+06 7747757 107-aaxsb 
80900 8.80804e+08 192 4.58752e+06 0.00520833 107 106.998 0 100 16 12 231 0 4.58752e+06 7801869 107-aayaw 
81000 8.80804e+08 192 4.58752e+06 0.00520833 107 106.999 0 118 14 10 231 0 4.58752e+06 7801869 107-aayaw 
81100 8.80804e+08 192 4.58752e+06 0.00520833 107 106.999 0 158 21 16 231 0 4.58752e+06 7801869 107-aayaw 
81200 8.80804e+08 192 4.58752e+06 0.00520833 107 106.999 0 116 10 5 231 0 4.58752e+06 7801869 107-aayaw 
81300 8.55638e+08 187 4.5756e+06 0.00534759 104 104 0 126 22 15 229 0 4.5756e+06 7817245 104-aaohf 
81400 8.55638e+08 187 4.5756e+06 0.00534759 104 104 0 100 13 11 229 0 4.5756e+06 7817245 104-aaohf 
81500 8.55638e+08 187 4.5756e+06 0.00534759 104 104 0 84 13 8 229 0 4.5756e+06 7817245 104-aaohf 
81600 8.55638e+08 187 4.5756e+06 0.00534759 104 104 0 116 12 8 229 0 4.5756e+06 7817245 104-aaohf 
81700 8.80804e+08 191 4.61154e+06 0.0052356 107 107 0 109 11 10 225 0 4.61154e+06 7850911 107-aayjq 
81800 8.80804e+08 191 4.61154e+06 0.0052356 107 107 0 151 14 10 225 0 4.61154e+06 7850911 107-aayjq 
81900 8.80804e+08 191 4.61154e+06 0.0052356 107 107 0 157 26 21 225 0 4.61154e+06 7850911 107-aayjq 
82000 8.80804e+08 191 4.61154e+06 0.0052356 107 107 0 112 18 13 225 0 4.61154e+06 7850911 107-aayjq 
82100 8.72415e+08 191 4.56762e+06 0.0052356 106 106 0 99 17 9 233 0 4.56762e+06 7815542 106-abdce 
82200 8.89192e+08 192 4.63121e+06 0.00520833 108 108 0 113 10 7 225 0 4.63121e+06 7826107 108-aajiv 
82300 8.80804e+08 189 4.66034e+06 0.00529101 107 107 0 121 16 13 234 0 4.66034e+06 7883801 107-aayor 
82400 8.89192e+08 192 4.63121e+06 0.00520833 108 108 0 103 11 7 225 0 4.63121e+06 7826107 108-aajiv 
82500 8.80804e+08 189 4.66034e+06 0.00529101 107 107 0 98 17 12 234 0 4.66034e+06 7883801 107-aayor 
82600 8.80804e+08 189 4.66034e+06 0.00529101 107 107 0 114 11 8 234 0 4.66034e+06 7883801 107-aayor 
82700 8.80804e+08 193 4.56375e+06 0.00518135 107 106.997 0 93 16 10 236 0 4.56375e+06 7972279 107-aazdv 
82800 8.80804e+08 190 4.63581e+06 0.00526316 107 107 0 97 13 9 230 0 4.63581e+06 7947871 107-aayzv 
82900 8.80804e+08 189 4.66034e+06 0.00529101 107 107 0 105 6 5 234 0 4.66034e+06 7883801 107-aayor 
83000 8.80804e+08 191 4.61154e+06 0.0052356 107 107 0 99 11 6 229 0 4.61154e+06 7766718 107-aaxvk 
83100 8.72415e+08 189 4.61595e+06 0.00529101 107 107 0 132 18 11 228 0 4.61595e+06 7858789 107-aaykz 
83200 8.80804e+08 191 4.61154e+06 0.0052356 107 107 0 143 16 10 229 0 4.61154e+06 7766718 107-aaxvk 
83300 8.80804e+08 190 4.63581e+06 0.00526316 107 107 0 128 9 5 230 0 4.63581e+06 7947871 107-aayzv 
83400 8.80804e+08 190 4.63581e+06 0.00526316 107 107 0 85 14 13 232 0 4.63581e+06 8054514 107-aazus 
83500 8.72415e+08 191 4.56762e+06 0.0052356 106 106 0 104 14 10 233 0 4.56762e+06 7815542 106-abdce 
83600 8.72415e+08 190 4.59166e+06 0.00526316 106 106 0 93 13 7 230 0 4.59166e+06 7981836 106-abeoy 
83700 8.80804e+08 189 4.66034e+06 0.00529101 107 107 0 103 27 18 234 0 4.66034e+06 7883801 107-aayor 
83800 8.64027e+08 189 4.57157e+06 0.00529101 106 106 0 107 16 10 235 0 4.57157e+06 8124789 106-abfrz 
83900 8.64027e+08 189 4.57157e+06 0.00529101 106 106 0 99 17 11 235 0 4.57157e+06 8124789 106-abfrz 
84000 8.64027e+08 189 4.57157e+06 0.00529101 106 106 0 156 17 12 235 0 4.57157e+06 8124789 106-abfrz 
84100 8.72415e+08 191 4.56762e+06 0.0052356 106 106 0 96 9 7 231 0 4.56762e+06 8003953 106-abetq 
84200 8.64027e+08 189 4.57157e+06 0.00529101 106 106 0 124 23 10 235 0 4.57157e+06 8124789 106-abfrz 
84300 8.64027e+08 189 4.57157e+06 0.00529101 105 105 0 149 18 16 232 0 4.57157e+06 8158020 105-aavnl 
84400 8.89192e+08 192 4.63121e+06 0.00520833 108 107.999 0 129 13 8 232 0 4.63121e+06 8109783 108-aajrf 
84500 8.80804e+08 190 4.63581e+06 0.00526316 107 107 0 184 16 13 235 0 4.63581e+06 7983296 107-aazfu 
84600 8.80804e+08 190 4.63581e+06 0.00526316 107 107 0 185 34 24 235 0 4.63581e+06 7983296 107-aazfu 
84700 8.80804e+08 190 4.63581e+06 0.00526316 107 107 0 222 27 17 235 0 4.63581e+06 7983296 107-aazfu 
84800 8.80804e+08 190 4.63581e+06 0.00526316 107 107 0 146 18 13 235 0 4.63581e+06 7983296 107-aazfu 
84900 8.80804e+08 190 4.63581e+06 0.00526316 107 107 0 162 23 13 233 0 4.63581e+06 8143730 107-abaru 
85000 8.80804e+08 190 4.63581e+06 0.00526316 107 107 0 163 27 18 233 0 4.63581e+06 8143730 107-abaru 
85100 8.80804e+08 190 4.63581e+06 0.00526316 107 107 0 183 40 28 233 0 4.63581e+06 8143730 107-abaru 
85200 8.80804e+08 190 4.63581e+06 0.00526316 107 107 0 176 21 12 233 0 4.63581e+06 8143730 107-abaru 
85300 8.55638e+08 186 4.6002e+06 0.00537634 104 104 0 125 19 12 234 0 4.6002e+06 8267088 104-aapiq 
85400 8.55638e+08 186 4.6002e+06 0.00537634 104 104 0 166 21 9 234 0 4.6002e+06 8267088 104-aapiq 
85500 8.80804e+08 189 4.66034e+06 0.00529101 107 107 0 142 10 8 234 0 4.66034e+06 7883801 107-aayor 
85600 8.72415e+08 191 4.56762e+06 0.0052356 106 106 0 147 22 17 235 0 4.56762e+06 8294466 106-abhai 
85700 8.80804e+08 189 4.66034e+06 0.00529101 107 107 0 151 12 8 234 0 4.66034e+06 7883801 107-aayor 
85800 8.80804e+08 189 4.66034e+06 0.00529101 107 107 0 173 36 28 234 0 4.66034e+06 7883801 107-aayor 
85900 8.80804e+08 189 4.66034e+06 0.00529101 107 107 0 145 24 18 234 0 4.66034e+06 7883801 107-aayor 
86000 8.80804e+08 189 4.66034e+06 0.00529101 107 107 0 207 33 25 234 0 4.66034e+06 7883801 107-aayor 
86100 8.80804e+08 189 4.66034e+06 0.00529101 107 107 0 258 36 30 234 0 4.66034e+06 7883801 107-aayor 
86200 8.80804e+08 189 4.66034e+06 0.00529101 107 107 0 269 35 22 234 0 4.66034e+06 7883801 107-aayor 
86300 8.80804e+08 189 4.66034e+06 0.00529101 107 107 0 225 35 25 234 0 4.66034e+06 7883801 107-aayor 
86400 8.80804e+08 189 4.66034e+06 0.00529101 107 107 0 306 46 34 234 0 4.66034e+06 7883801 107-aayor 
86500 8.80804e+08 189 4.66034e+06 0.00529101 107 107 0 220 28 22 234 0 4.66034e+06 7883801 107-aayor 
86600 8.80804e+08 189 4.66034e+06 0.00529101 107 107 0 154 17 13 234 0 4.66034e+06 7883801 107-aayor 
86700 8.80804e+08 189 4.66034e+06 0.00529101 107 107 0 206 29 20 234 0 4.66034e+06 7883801 107-aayor 
86800 8.80804e+08 189 4.66034e+06 0.00529101 107 107 0 260 39 30 235 1 4.66034e+06 8401072 107-abczb 
86900 8.80804e+08 189 4.66034e+06 0.00529101 107 107 0 256 37 27 235 0 4.66034e+06 8401072 107-abczb 
87000 8.80804e+08 189 4.66034e+06 0.00529101 107 107 0 223 30 23 235 0 4.66034e+06 8401072 107-abczb 
87100 8.80804e+08 189 4.66034e+06 0.00529101 107 107 0 226 21 15 234 0 4.66034e+06 7883801 107-aayor 
87200 8.80804e+08 189 4.66034e+06 0.00529101 107 107 0 185 22 18 234 1 4.66034e+06 7883801 107-aayor 
87300 8.80804e+08 189 4.66034e+06 0.00529101 107 107 0 233 21 13 234 0 4.66034e+06 7883801 107-aayor 
87400 8.80804e+08 189 4.66034e+06 0.00529101 107 107 0 176 27 16 234 0 4.66034e+06 7883801 107-aayor 
87500 8.80804e+08 189 4.66034e+06 0.00529101 107 107 0 180 22 16 234 0 4.66034e+06 7883801 107-aayor 
87600 8.80804e+08 189 4.66034e+06 0.00529101 107 107 0 132 23 15 234 0 4.66034e+06 7883801 107-aayor 
87700 8.80804e+08 189 4.66034e+06 0.00529101 107 107 0 87 11 8 234 0 4.66034e+06 7883801 107-aayor 
87800 8.80804e+08 190 4.63581e+06 0.00526316 107 107 0 84 4 4 235 0 4.63581e+06 8498042 107-abdyv 
87900 8.80804e+08 189 4.66034e+06 0.00529101 107 107 0 82 4 1 236 0 4.66034e+06 8500908 107-abdzq 
88000 8.72415e+08 188 4.64051e+06 0.00531915 106 106.01 0 125 10 7 235 0 4.64051e+06 8372092 106-abhrd 
88100 8.72415e+08 188 4.64051e+06 0.00531915 106 106.009 0 100 14 9 235 0 4.64051e+06 8372092 106-abhrd 
88200 8.80804e+08 189 4.66034e+06 0.00529101 107 107 0 179 15 13 236 0 4.66034e+06 8536561 107-abekn 
88300 8.80804e+08 189 4.66034e+06 0.00529101 107 107 0 149 25 16 236 0 4.66034e+06 8536561 107-abekn 
88400 8.80804e+08 189 4.66034e+06 0.00529101 107 107 0 137 15 11 236 0 4.66034e+06 8500908 107-abdzq 
88500 8.64027e+08 188 4.59589e+06 0.00531915 105 105 0 168 24 18 237 0 4.59589e+06 8522559 105-aawny 
88600 8.64027e+08 188 4.59589e+06 0.00531915 105 105 0 137 22 18 237 0 4.59589e+06 8522559 105-aawny 
88700 8.80804e+08 189 4.66034e+06 0.00529101 107 107 0 156 23 19 236 0 4.66034e+06 8536561 107-abekn 
88800 8.80804e+08 189 4.66034e+06 0.00529101 107 107 0 208 23 17 236 0 4.66034e+06 8536561 107-abekn 
88900 8.80804e+08 189 4.66034e+06 0.00529101 107 107 0 201 24 18 236 0 4.66034e+06 8536561 107-abekn 
89000 8.80804e+08 189 4.66034e+06 0.00529101 107 107 0 239 43 33 236 0 4.66034e+06 8536561 107-abekn 
89100 8.80804e+08 189 4.66034e+06 0.00529101 107 107 0 270 31 25 236 0 4.66034e+06 8536561 107-abekn 
89200 8.80804e+08 189 4.66034e+06 0.00529101 107 107 0 233 38 23 236 0 4.66034e+06 8536561 107-abekn 
89300 8.80804e+08 189 4.66034e+06 0.00529101 107 107 0 273 27 16 236 0 4.66034e+06 8536561 107-abekn 
89400 8.80804e+08 189 4.66034e+06 0.00529101 107 107 0 320 26 21 236 0 4.66034e+06 8536561 107-abekn 
89500 8.80804e+08 189 4.66034e+06 0.00529101 107 107 0 339 46 34 236 0 4.66034e+06 8536561 107-abekn 
89600 8.80804e+08 189 4.66034e+06 0.00529101 107 107 0 294 37 24 236 0 4.66034e+06 8536561 107-abekn 
89700 8.80804e+08 189 4.66034e+06 0.00529101 107 107 0 259 28 21 236 0 4.66034e+06 8536561 107-abekn 
89800 8.80804e+08 189 4.66034e+06 0.00529101 107 107 0 310 49 33 236 0 4.66034e+06 8536561 107-abekn 
89900 8.80804e+08 189 4.66034e+06 0.00529101 107 107 0 339 59 37 236 0 4.66034e+06 8536561 107-abekn 
90000 8.80804e+08 189 4.66034e+06 0.00529101 107 107 0 244 25 19 236 0 4.66034e+06 8536561 107-abekn 
90100 8.80804e+08 189 4.66034e+06 0.00529101 107 107 0 194 25 19 236 0 4.66034e+06 8536561 107-abekn 
90200 8.80804e+08 189 4.66034e+06 0.00529101 107 107 0 175 30 15 236 0 4.66034e+06 8536561 107-abekn 
90300 8.72415e+08 188 4.64051e+06 0.00531915 106 106 0 120 11 10 239 0 4.64051e+06 8693320 106-abkkj 
90400 8.72415e+08 188 4.64051e+06 0.00531915 106 106 0 155 18 14 239 1 4.64051e+06 8693320 106-abkkj 
90500 8.72415e+08 188 4.64051e+06 0.00531915 106 106 0 182 24 21 239 0 4.64051e+06 8693320 106-abkkj 
90600 8.72415e+08 188 4.64051e+06 0.00531915 106 106 0 207 30 20 239 0 4.64051e+06 8693320 106-abkkj 
90700 8.72415e+08 188 4.64051e+06 0.00531915 106 106 0 209 33 21 239 0 4.64051e+06 8693320 106-abkkj 
90800 8.72415e+08 188 4.64051e+06 0.00531915 106 106 0 246 35 24 239 0 4.64051e+06 8693320 106-abkkj 
90900 8.72415e+08 188 4.64051e+06 0.00531915 106 106 0 258 41 34 239 0 4.64051e+06 8693320 106-abkkj 
91000 8.72415e+08 188 4.64051e+06 0.00531915 106 106 0 300 54 34 239 0 4.64051e+06 8693320 106-abkkj 
91100 8.72415e+08 188 4.64051e+06 0.00531915 106 106 0 155 25 20 239 0 4.64051e+06 8693320 106-abkkj 
91200 8.80804e+08 190 4.63581e+06 0.00526316 107 107 0 134 21 17 242 0 4.63581e+06 8920707 107-abhjx 
91300 8.80804e+08 190 4.63581e+06 0.00526316 107 107 0 113 17 13 242 0 4.63581e+06 8920707 107-abhjx 
91400 8.72415e+08 188 4.64051e+06 0.00531915 106 106.001 0 132 17 11 241 0 4.64051e+06 8845953 106-ablpq 
91500 8.72415e+08 188 4.64051e+06 0.00531915 106 106.002 0 120 7 5 237 0 4.64051e+06 8853407 106-ablqx 
91600 8.80804e+08 189 4.66034e+06 0.00529101 107 107 0 130 19 13 239 0 4.66034e+06 8844498 107-abgui 
91700 8.80804e+08 189 4.66034e+06 0.00529101 107 107 0 166 18 13 239 0 4.66034e+06 8844498 107-abgui 
91800 8.97581e+08 191 4.69938e+06 0.0052356 109 108.997 0 107 20 11 239 0 4.69938e+06 9002187 109-aafyy 
91900 8.80804e+08 189 4.66034e+06 0.00529101 107 107 0 138 22 14 239 0 4.66034e+06 8844498 107-abgui 
92000 8.80804e+08 189 4.66034e+06 0.00529101 107 107 0 109 10 6 239 0 4.66034e+06 8844498 107-abgui 
92100 8.80804e+08 189 4.66034e+06 0.00529101 107 107 0 180 24 17 239 0 4.66034e+06 8844498 107-abgui 
92200 8.80804e+08 189 4.66034e+06 0.00529101 107 107 0 115 12 7 239 0 4.66034e+06 8844498 107-abgui 
92300 8.97581e+08 191 4.69938e+06 0.0052356 109 109 0 103 23 14 239 0 4.69938e+06 9002187 109-aafyy 
92400 8.64027e+08 187 4.62046e+06 0.00534759 105 105 0 122 10 9 238 0 4.62046e+06 8951358 105-aayou 
92500 8.80804e+08 190 4.63581e+06 0.00526316 107 107 0 124 17 13 239 0 4.63581e+06 8997927 107-abhwb 
92600 8.80804e+08 189 4.66034e+06 0.00529101 107 107 0 139 23 20 239 0 4.66034e+06 8844498 107-abgui 
92700 8.80804e+08 189 4.66034e+06 0.00529101 107 107 0 135 12 10 239 0 4.66034e+06 8844498 107-abgui 
92800 8.80804e+08 189 4.66034e+06 0.00529101 107 107 0 144 26 17 239 0 4.66034e+06 8844498 107-abgui 
92900 8.80804e+08 189 4.66034e+06 0.00529101 107 107 0 142 13 12 239 0 4.66034e+06 8844498 107-abgui 
93000 8.97581e+08 191 4.69938e+06 0.0052356 109 109 0 144 19 16 239 0 4.69938e+06 9002187 109-aafyy 
93100 8.97581e+08 191 4.69938e+06 0.0052356 109 109 0 166 27 21 239 0 4.69938e+06 9002187 109-aafyy 
93200 8.97581e+08 191 4.69938e+06 0.0052356 109 109 0 145 18 17 239 0 4.69938e+06 9002187 109-aafyy 
93300 8.97581e+08 191 4.69938e+06 0.0052356 109 109 0 135 18 10 239 0 4.69938e+06 9002187 109-aafyy 
93400 8.80804e+08 189 4.66034e+06 0.00529101 107 107 0 110 10 7 243 0 4.66034e+06 9140053 107-abirk 
93500 8.80804e+08 189 4.66034e+06 0.00529101 107 107 0 104 10 6 242 0 4.66034e+06 9173802 107-abiwq 
93600 8.80804e+08 189 4.66034e+06 0.00529101 107 107 0 110 19 14 242 0 4.66034e+06 9173802 107-abiwq 
93700 8.89192e+08 192 4.63121e+06 0.00520833 108 108 0 99 16 12 241 0 4.63121e+06 8946428 108-aakqs 
93800 8.89192e+08 190 4.67996e+06 0.00526316 108 108 0 152 22 18 241 0 4.67996e+06 9114068 108-aakyr 
93900 9.0597e+08 193 4.69414e+06 0.00518135 110 110 0 130 14 12 243 0 4.69414e+06 9152829 110-aajbi 
94000 8.89192e+08 192 4.63121e+06 0.00520833 108 108 0 183 35 25 241 0 4.63121e+06 8946428 108-aakqs 
94100 8.89192e+08 192 4.63121e+06 0.00520833 108 108 0 144 24 16 241 0 4.63121e+06 8946428 108-aakqs 
94200 8.89192e+08 192 4.63121e+06 0.00520833 108 108 0 229 38 26 241 0 4.63121e+06 8946428 108-aakqs 
94300 8.89192e+08 192 4.63121e+06 0.00520833 108 108 0 132 16 14 241 0 4.63121e+06 8946428 108-aakqs 
94400 8.89192e+08 192 4.63121e+06 0.00520833 108 108 0 116 11 8 241 0 4.63121e+06 8946428 108-aakqs 
94500 8.89192e+08 192 4.63121e+06 0.00520833 108 108 0 119 20 15 241 0 4.63121e+06 8946428 108-aakqs 
94600 8.89192e+08 190 4.67996e+06 0.00526316 108 108.001 0 96 16 10 240 0 4.67996e+06 9228724 108-aalid 
94700 8.80804e+08 190 4.63581e+06 0.00526316 107 107 0 98 12 10 244 0 4.63581e+06 9066077 107-abign 
94800 8.89192e+08 191 4.65546e+06 0.0052356 108 108 0 101 9 8 241 0 4.65546e+06 9314026 108-aaluw 
94900 8.89192e+08 190 4.67996e+06 0.00526316 108 108.001 0 123 14 11 240 0 4.67996e+06 9228724 108-aalid 
95000 8.89192e+08 190 4.67996e+06 0.00526316 108 108.001 0 128 18 13 240 0 4.67996e+06 9228724 108-aalid 
95100 8.89192e+08 192 4.63121e+06 0.00520833 108 108 0 87 21 12 242 0 4.63121e+06 9306599 108-aalts 
95200 8.89192e+08 190 4.67996e+06 0.00526316 108 108 0 131 36 26 241 0 4.67996e+06 9114068 108-aakyr 
95300 8.89192e+08 190 4.67996e+06 0.00526316 108 108 0 170 30 17 241 0 4.67996e+06 9114068 108-aakyr 
95400 8.89192e+08 190 4.67996e+06 0.00526316 108 108 0 138 16 11 241 0 4.67996e+06 9114068 108-aakyr 
95500 8.89192e+08 190 4.67996e+06 0.00526316 108 108 0 108 21 11 243 0 4.67996e+06 9367093 108-aamdz 
95600 9.0597e+08 191 4.7433e+06 0.0052356 110 109.999 0 170 16 11 247 0 4.7433e+06 9365087 110-aajin 
95700 9.0597e+08 191 4.7433e+06 0.0052356 110 110 0 183 27 20 247 0 4.7433e+06 9365087 110-aajin 
95800 9.0597e+08 191 4.7433e+06 0.0052356 110 110 0 226 20 10 247 0 4.7433e+06 9365087 110-aajin 
95900 9.0597e+08 191 4.7433e+06 0.0052356 110 110 0 175 22 16 247 0 4.7433e+06 9365087 110-aajin 
96000 9.0597e+08 191 4.7433e+06 0.0052356 110 110 0 198 32 21 247 0 4.7433e+06 9365087 110-aajin 
96100 9.0597e+08 191 4.7433e+06 0.0052356 110 110 0 131 18 12 247 0 4.7433e+06 9365087 110-aajin 
96200 9.0597e+08 191 4.7433e+06 0.0052356 110 110 0 116 16 11 247 0 4.7433e+06 9365087 110-aajin 
96300 8.89192e+08 191 4.65546e+06 0.0052356 108 108 0 135 16 12 243 0 4.65546e+06 9381156 108-aamgu 
96400 8.97581e+08 192 4.6749e+06 0.00520833 109 109 0 112 16 14 246 0 4.6749e+06 9314390 109-aagrj 
96500 8.97581e+08 192 4.6749e+06 0.00520833 109 109 0 124 19 12 246 0 4.6749e+06 9314390 109-aagrj 
96600 8.97581e+08 192 4.6749e+06 0.00520833 109 109 0 144 19 10 246 0 4.6749e+06 9314390 109-aagrj 
96700 8.97581e+08 192 4.6749e+06 0.00520833 109 109 0 139 17 8 246 0 4.6749e+06 9314390 109-aagrj 
96800 8.97581e+08 192 4.6749e+06 0.00520833 109 109 0 131 35 27 246 0 4.6749e+06 9314390 109-aagrj 
96900 8.97581e+08 190 4.72411e+06 0.00526316 109 109.004 0 123 18 14 248 0 4.72411e+06 9480549 109-aahgb 
97000 8.97581e+08 190 4.72411e+06 0.00526316 109 109.002 0 140 22 10 248 0 4.72411e+06 9480549 109-aahgb 
97100 8.97581e+08 190 4.72411e+06 0.00526316 109 109.002 0 131 18 11 248 0 4.72411e+06 9480549 109-aahgb 
97200 8.97581e+08 190 4.72411e+06 0.00526316 109 109.002 0 178 22 17 248 0 4.72411e+06 9480549 109-aahgb 
97300 8.97581e+08 190 4.72411e+06 0.00526316 109 109.001 0 143 19 13 248 0 4.72411e+06 9480549 109-aahgb 
97400 9.0597e+08 191 4.7433e+06 0.0052356 110 110 0 117 15 12 250 0 4.7433e+06 9470229 110-aajmd 
97500 9.0597e+08 191 4.7433e+06 0.0052356 110 110 0 92 8 7 250 0 4.7433e+06 9470229 110-aajmd 
97600 9.0597e+08 191 4.7433e+06 0.0052356 110 110 0 133 20 12 250 0 4.7433e+06 9470229 110-aajmd 
97700 9.0597e+08 191 4.7433e+06 0.0052356 110 110 0 121 18 10 250 0 4.7433e+06 9470229 110-aajmd 
97800 8.97581e+08 190 4.72411e+06 0.00526316 109 109 0 117 22 13 252 0 4.72411e+06 9586693 109-aahuy 
97900 9.0597e+08 192 4.71859e+06 0.00520833 110 110 0 92 14 9 249 0 4.71859e+06 9485282 110-aajno 
98000 8.80804e+08 190 4.63581e+06 0.00526316 108 108 0 103 11 10 249 0 4.63581e+06 9616742 108-aanzl 
98100 8.89192e+08 190 4.67996e+06 0.00526316 108 108 0 85 16 12 243 0 4.67996e+06 9412143 108-aamne 
98200 9.0597e+08 191 4.7433e+06 0.0052356 110 110 0 146 24 16 253 0 4.7433e+06 9665481 110-aakme 
98300 9.0597e+08 191 4.7433e+06 0.0052356 110 110 0 193 31 20 253 0 4.7433e+06 9665481 110-aakme 
98400 9.0597e+08 191 4.7433e+06 0.0052356 110 110 0 204 26 18 253 0 4.7433e+06 9665481 110-aakme 
98500 9.0597e+08 191 4.7433e+06 0.0052356 110 110 0 186 37 30 253 0 4.7433e+06 9665481 110-aakme 
98600 9.0597e+08 191 4.7433e+06 0.0052356 110 110 0 159 28 19 253 0 4.7433e+06 9665481 110-aakme 
98700 9.0597e+08 191 4.7433e+06 0.0052356 110 110 0 146 7 6 253 0 4.7433e+06 9665481 110-aakme 
98800 9.0597e+08 191 4.7433e+06 0.0052356 110 110 0 102 18 12 251 0 4.7433e+06 9484108 110-aajnl 
98900 9.0597e+08 191 4.7433e+06 0.0052356 110 110 0 115 23 18 251 0 4.7433e+06 9484108 110-aajnl 
99000 9.0597e+08 191 4.7433e+06 0.0052356 110 110 0 104 12 9 251 0 4.7433e+06 9484108 110-aajnl 
99100 9.0597e+08 192 4.71859e+06 0.00520833 110 110 0 82 19 9 251 0 4.71859e+06 9610895 110-aakfa 
99200 9.0597e+08 192 4.71859e+06 0.00520833 110 110 0 111 10 5 251 0 4.71859e+06 9610895 110-aakfa 
99300 8.97581e+08 190 4.72411e+06 0.00526316 109 109.004 0 133 31 15 252 0 4.72411e+06 9571987 109-aahsc 
99400 8.97581e+08 190 4.72411e+06 0.00526316 109 109.004 0 181 23 17 252 0 4.72411e+06 9571987 109-aahsc 
99500 8.97581e+08 190 4.72411e+06 0.00526316 109 109.003 0 235 39 33 252 0 4.72411e+06 9571987 109-aahsc 
99600 8.97581e+08 190 4.72411e+06 0.00526316 109 109.003 0 181 26 20 252 0 4.72411e+06 9571987 109-aahsc 
99700 8.97581e+08 190 4.72411e+06 0.00526316 109 109.003 0 191 31 23 252 0 4.72411e+06 9571987 109-aahsc 
99800 9.0597e+08 191 4.7433e+06 0.0052356 110 110 0 238 36 23 254 1 4.7433e+06 9749670 110-aakym 
99900 9.0597e+08 191 4.7433e+06 0.0052356 110 110 0 216 30 23 254 0 4.7433e+06 9749670 110-aakym 
100000 9.0597e+08 191 4.7433e+06 0.0052356 110 110 0 223 25 16 254 0 4.7433e+06 9749670 110-aakym 
