# Avida tasks data
# Fri Jun 15 12:07:32 2018
# First column gives the current update, next columns give the number
# of organisms that have the particular task as a component of their merit
#  1: Update
#  2: Not
#  3: Nand
#  4: And
#  5: OrNot
#  6: Or
#  7: AndNot
#  8: Nor
#  9: Xor
# 10: Equals

0 0 0 0 0 0 0 0 0 0 
100 0 0 0 0 0 0 0 0 0 
200 0 0 0 0 0 0 0 0 0 
300 0 0 0 0 0 0 0 0 0 
400 0 0 0 0 0 0 0 0 0 
500 0 0 0 0 0 0 0 0 0 
600 0 0 0 0 0 0 0 0 0 
700 0 0 0 0 0 0 0 0 0 
800 0 0 0 0 0 0 0 0 0 
900 0 0 0 0 0 0 0 0 0 
1000 0 0 0 0 0 0 0 0 0 
1100 0 0 0 0 0 0 0 0 0 
1200 0 0 0 0 0 0 0 0 0 
1300 0 0 0 0 0 0 0 0 0 
1400 0 0 0 0 0 0 0 0 0 
1500 0 0 0 0 0 0 0 0 0 
1600 0 0 0 0 0 0 0 0 0 
1700 0 0 0 0 0 0 0 0 0 
1800 0 0 0 0 0 0 0 0 0 
1900 0 0 0 0 0 0 0 0 0 
2000 6 0 0 0 0 0 0 0 0 
2100 11 0 0 0 0 0 0 0 0 
2200 47 0 0 0 0 0 0 0 0 
2300 284 0 0 0 0 0 0 0 0 
2400 2580 0 0 0 0 0 0 0 0 
2500 3338 11 0 0 0 0 0 0 0 
2600 3375 9 0 0 0 0 0 0 0 
2700 3377 16 0 0 0 0 0 0 0 
2800 3348 24 0 0 0 0 0 0 0 
2900 3327 46 0 0 0 0 0 0 0 
3000 3371 16 0 0 0 0 0 0 0 
3100 3343 31 0 0 0 0 0 0 0 
3200 3399 30 0 0 0 0 0 0 0 
3300 3304 68 0 0 0 0 0 0 0 
3400 2752 69 0 581 0 0 0 0 0 
3500 289 81 2 3077 0 0 0 0 0 
3600 45 687 1941 3160 3 248 0 0 0 
3700 27 177 764 3284 0 2592 0 0 0 
3800 50 198 3047 3383 0 3340 0 0 0 
3900 55 53 3415 3378 1 3323 0 0 0 
4000 34 52 3419 3388 3 3336 0 0 0 
4100 48 300 3420 3377 0 3337 0 0 0 
4200 49 3215 3429 3389 0 3340 0 0 0 
4300 44 3479 3427 3390 0 3345 0 0 0 
4400 38 3487 3417 3395 0 3349 0 0 0 
4500 37 3509 3445 3418 0 3367 0 0 0 
4600 41 3490 3410 3390 2 3343 0 0 0 
4700 52 3478 3423 3404 0 3337 0 0 0 
4800 44 3511 3416 3410 2 3347 0 0 0 
4900 44 3508 3441 3408 0 3359 0 0 0 
5000 47 3480 3413 3386 0 3322 0 0 0 
5100 44 3479 3406 3353 2 3314 0 0 0 
5200 45 3474 3440 3400 0 3341 0 0 0 
5300 41 3504 3440 3420 0 3380 0 0 0 
5400 45 3491 3411 3375 2 3337 0 0 0 
5500 38 3496 3434 3410 0 3385 0 0 0 
5600 46 3483 3423 3373 2 3326 0 0 0 
5700 38 3481 3437 3410 0 3367 0 0 0 
5800 51 3486 3440 3417 0 3374 0 0 0 
5900 39 3491 3424 3388 0 3332 0 0 0 
6000 42 3503 3422 3385 2 3353 0 0 0 
6100 41 3483 3416 3396 1 3342 0 0 0 
6200 29 3511 3442 3394 5 3333 1 0 0 
6300 36 3508 3457 3416 3 3369 0 0 0 
6400 36 3499 3419 3400 0 3353 0 0 0 
6500 42 3479 3423 3412 0 3364 0 0 0 
6600 39 3510 3445 3408 0 3374 0 0 0 
6700 54 3505 3424 3405 2 3355 0 0 0 
6800 36 3469 3412 3385 1 3349 0 0 0 
6900 42 3488 3437 3391 3 3347 0 0 0 
7000 47 3490 3405 3368 4 3320 0 0 0 
7100 49 3466 3414 3382 0 3328 0 0 0 
7200 47 3496 3428 3399 2 3345 0 0 0 
7300 39 3503 3430 3413 0 3366 0 0 0 
7400 34 3517 3447 3384 0 3341 0 0 0 
7500 41 3485 3436 3402 1 3346 0 0 0 
7600 49 3488 3433 3411 3 3361 0 0 0 
7700 33 3507 3414 3411 0 3373 0 0 0 
7800 36 3500 3434 3411 0 3361 0 0 0 
7900 51 3477 3375 3339 3 3311 0 0 0 
8000 50 3521 3413 3392 0 3354 0 0 0 
8100 34 3495 3414 3372 1 3331 0 0 0 
8200 45 3507 3420 3406 0 3367 1 0 0 
8300 28 3503 3434 3395 4 3341 1 0 0 
8400 32 3510 3436 3394 1 3344 0 0 0 
8500 38 3493 3416 3381 0 3347 0 0 0 
8600 38 3498 3407 3372 1 3340 0 0 0 
8700 46 3500 3412 3407 2 3355 0 0 0 
8800 57 3499 3394 3360 0 3300 0 0 0 
8900 23 3496 3441 3391 1 3347 0 0 0 
9000 26 3506 3418 3398 0 3363 0 0 0 
9100 31 3496 3436 3408 2 3363 1 0 0 
9200 38 3484 3422 3400 1 3347 0 0 0 
9300 41 3496 3419 3385 0 3338 0 0 0 
9400 44 3456 3405 3367 0 3315 0 0 0 
9500 42 3474 3419 3365 0 3320 0 0 0 
9600 51 3481 3389 3368 1 3341 0 0 0 
9700 37 3479 3400 3375 2 3338 0 0 0 
9800 35 3498 3442 3407 0 3366 0 0 0 
9900 51 3488 3398 3364 0 3306 0 0 0 
10000 55 3491 3404 3345 0 3287 0 0 0 
10100 19 3493 3436 3409 0 3364 0 0 0 
10200 36 3508 3423 3386 12 3341 0 0 0 
10300 32 3501 3436 3377 4 3346 0 0 0 
10400 58 3500 3410 3369 40 3309 0 0 0 
10500 50 3506 3431 3392 21 3322 0 0 0 
10600 40 3514 3416 3407 15 3353 0 0 0 
10700 51 3475 3407 3384 33 3311 0 0 0 
10800 2059 3479 3379 3334 18 3239 0 0 0 
10900 3421 3485 3384 3365 7 3327 0 0 0 
11000 3453 3492 3394 3350 17 3296 0 0 0 
11100 3439 3478 3399 3372 22 3301 0 0 0 
11200 3472 3503 3377 3337 8 3297 0 0 0 
11300 3469 3487 3358 3338 41 3250 0 0 0 
11400 3467 3499 3380 3368 81 3242 0 0 0 
11500 3470 3495 3423 3379 37 3299 0 0 0 
11600 3500 3474 3373 3335 73 3232 0 0 0 
11700 3459 3506 3395 3378 149 3173 0 0 0 
11800 3480 3483 3360 3367 91 3244 0 0 0 
11900 3465 3481 3359 3334 91 3217 0 0 0 
12000 3457 3485 3414 3378 70 3271 0 0 0 
12100 3484 3512 3411 3376 91 3229 0 0 0 
12200 3478 642 3357 3468 2814 3381 9 0 0 
12300 3471 23 3302 3481 3345 3430 5 0 0 
12400 3487 19 3297 3491 3339 3412 7 0 0 
12500 3474 21 3332 3500 3358 3423 3 0 0 
12600 3490 26 3322 3500 3359 3419 4 0 0 
12700 3456 18 3268 3508 3321 3389 6 0 0 
12800 3502 23 3332 3494 3369 3407 4 0 0 
12900 3489 24 3338 3502 3382 3441 4 0 0 
13000 3502 23 3345 3517 3381 3427 6 0 0 
13100 3463 23 3292 3485 3351 3417 5 0 0 
13200 3459 32 3318 3488 3363 3409 3 0 0 
13300 3485 19 3302 3506 3362 3428 4 0 0 
13400 3502 17 3351 3526 3404 3460 3 0 0 
13500 3490 2536 3307 3519 3355 3453 0 0 0 
13600 3494 3294 3329 3515 3359 3435 0 0 0 
13700 3527 3319 3317 3521 3350 3426 0 0 0 
13800 3509 3318 3323 3512 3341 3413 0 0 0 
13900 3507 3337 3347 3513 3390 3435 0 0 0 
14000 3536 3316 3312 3512 3365 3424 0 0 0 
14100 3504 3306 3322 3512 3350 3402 0 0 0 
14200 3517 3315 3322 3505 3369 3409 0 0 0 
14300 3480 3331 3346 3513 3358 3429 0 0 0 
14400 3515 3308 3327 3515 3376 3418 0 0 0 
14500 3502 3330 3328 3514 3371 3407 0 0 0 
14600 3504 3296 3311 3523 3364 3423 0 0 0 
14700 3504 3276 3287 3499 3328 3410 0 0 0 
14800 3518 3321 3343 3523 3380 3449 0 0 0 
14900 3525 3317 3314 3503 3378 3425 0 0 0 
15000 3501 3320 3328 3511 3364 3413 0 0 0 
15100 3523 3333 3324 3516 3386 3447 0 0 0 
15200 3499 3303 3305 3490 3351 3398 0 0 0 
15300 3526 3331 3348 3505 3376 3448 0 0 0 
15400 3507 3307 3298 3510 3349 3407 0 0 0 
15500 3509 3315 3325 3534 3352 3443 0 0 0 
15600 3477 3351 3341 3537 3396 3449 0 0 0 
15700 3534 3335 3331 3489 3379 3421 1 0 0 
15800 3482 1374 1376 3524 3356 3432 1985 0 0 
15900 3084 56 466 3486 3284 3430 3273 0 0 
16000 178 16 3386 3507 3304 3440 3303 0 0 
16100 90 22 3506 3490 3297 3410 3286 0 0 
16200 92 999 3500 3500 3307 3454 3306 0 0 
16300 75 3336 3520 3535 3315 3446 3310 0 0 
16400 95 3421 3500 3498 3312 3418 3317 0 0 
16500 98 3441 3517 3510 3311 3447 3315 0 0 
16600 95 3447 3512 3511 3276 3422 3283 0 0 
16700 83 3429 3511 3517 3336 3420 3352 0 0 
16800 88 3422 3497 3503 3288 3435 3285 0 0 
16900 89 3413 3505 3499 3328 3428 3328 0 0 
17000 93 3405 3510 3530 3301 3442 3310 0 0 
17100 78 3424 3519 3508 3324 3438 3316 0 0 
17200 82 3438 3522 3502 3306 3437 3305 0 0 
17300 95 3447 3501 3518 3316 3442 3325 0 0 
17400 88 3425 3503 3510 3333 3442 3321 0 0 
17500 65 3465 3514 3531 3336 3466 3338 0 0 
17600 85 3389 3529 3518 3318 3442 3336 0 0 
17700 95 3450 3494 3514 3310 3442 3314 0 0 
17800 86 3425 3516 3517 3305 3433 3319 0 0 
17900 90 3397 3523 3513 3295 3414 3305 0 0 
18000 81 3440 3505 3520 3309 3444 3321 0 0 
18100 83 3397 3517 3516 3350 3449 3336 0 0 
18200 69 3455 3520 3511 3311 3446 3317 0 0 
18300 85 3429 3499 3496 3287 3424 3295 0 0 
18400 73 3429 3498 3508 3318 3418 3317 0 0 
18500 41 3460 3528 3497 89 3408 96 3191 3184 
18600 32 3444 3523 3520 18 3425 25 3220 3227 
18700 33 3442 3525 3500 6 3412 16 3273 3278 
18800 38 3451 3504 3514 7 3399 22 3243 3254 
18900 30 3453 3505 3513 6 3415 22 3278 3287 
19000 45 3426 3509 3501 3 3391 10 3260 3266 
19100 38 3469 3522 3524 14 3437 20 3260 3263 
19200 55 3421 3528 3488 14 3397 18 3230 3231 
19300 32 3451 3498 3522 3 3436 21 3293 3288 
19400 39 3461 3510 3499 6 3416 25 3298 3302 
19500 32 3448 3517 3505 14 3412 23 3268 3270 
19600 25 3463 3509 3499 19 3421 26 3248 3246 
19700 22 3413 3504 3499 9 3416 24 3239 3233 
19800 22 3464 3521 3516 12 3421 30 3272 3270 
19900 24 3449 3512 3525 11 3421 24 3262 3280 
20000 17 3447 3521 3518 6 3435 22 3289 3285 
20100 36 3405 3523 3493 17 3402 29 3218 3223 
20200 33 3444 3501 3490 13 3380 14 3244 3258 
20300 32 3463 3500 3508 15 3445 28 3286 3284 
20400 36 3447 3492 3512 6 3388 23 3255 3248 
20500 16 2575 2247 3495 9 3416 1259 3257 3261 
20600 53 3457 60 3487 3 3391 3369 3222 3217 
20700 53 3474 33 3483 14 3420 3401 3246 3244 
20800 43 3481 38 3508 2 3418 3393 3250 3243 
20900 54 3458 25 3506 13 3423 3421 3286 3292 
21000 54 3445 40 3493 11 3417 3392 3254 3257 
21100 42 3472 39 3509 5 3419 3392 3273 3265 
21200 24 3496 42 3511 11 3417 3407 3265 3264 
21300 34 3459 21 3497 7 3426 3403 3314 3309 
21400 43 3481 21 3486 13 3421 3404 3258 3255 
21500 35 3465 40 3501 7 3412 3386 3248 3241 
21600 56 3492 42 3485 7 3392 3368 3200 3193 
21700 39 3472 36 3496 7 3399 3389 3253 3261 
21800 43 3497 33 3489 7 3414 3384 3244 3248 
21900 41 3499 35 3505 9 3444 3405 3278 3283 
22000 50 3478 39 3507 10 3400 3368 3230 3226 
22100 47 3494 31 3503 8 3420 3403 3262 3266 
22200 30 3490 28 3498 11 3436 3415 3297 3298 
22300 48 3462 33 3506 10 3392 3371 3259 3258 
22400 59 3494 41 3495 8 3409 3388 3265 3256 
22500 59 3485 31 3480 11 3410 3404 3211 3218 
22600 55 3490 32 3494 7 3413 3384 3258 3251 
22700 47 3491 39 3501 7 3400 3385 3256 3253 
22800 39 3496 39 3502 8 3417 3416 3275 3272 
22900 52 3472 40 3511 5 3417 3397 3249 3254 
23000 43 3503 34 3501 11 3426 3412 3273 3267 
23100 63 3494 38 3498 11 3395 3360 3221 3224 
23200 57 3471 42 3494 4 3414 3373 3247 3257 
23300 39 3467 40 3485 10 3419 3392 3228 3237 
23400 58 3501 43 3491 15 3412 3383 3235 3234 
23500 39 3521 33 3501 22 3410 3429 3288 3284 
23600 40 3500 29 3501 7 3441 3411 3303 3298 
23700 53 3483 33 3494 13 3400 3390 3247 3245 
23800 111 3446 33 3483 7 3403 3375 3228 3227 
23900 68 3482 36 3499 16 3411 3408 3276 3277 
24000 76 3529 38 3501 13 3410 3394 3247 3236 
24100 58 3473 26 3499 19 3425 3400 3283 3283 
24200 125 3501 35 3503 54 3357 3373 3241 3244 
24300 3159 3555 45 3505 205 3252 3402 3259 3261 
24400 3457 3535 48 3505 205 3232 3398 3240 3250 
24500 3500 3543 38 3503 120 3325 3392 3268 3284 
24600 3494 3564 44 3515 108 3339 3436 3269 3280 
24700 3478 3553 31 3485 78 3325 3381 3238 3249 
24800 3512 3569 42 3507 73 3358 3390 3272 3278 
24900 3461 3539 35 3520 180 3264 3428 3291 3303 
25000 3494 3557 33 3515 199 3234 3418 3301 3306 
25100 3480 3549 38 3495 167 3257 3408 3260 3257 
25200 3480 3558 51 3484 147 3275 3372 3214 3223 
25300 3491 3531 37 3517 159 3275 3388 3246 3254 
25400 3487 3549 27 3514 161 3267 3410 3272 3287 
25500 3480 3568 29 3513 144 3291 3418 3284 3289 
25600 3508 3551 32 3518 84 3362 3430 3309 3314 
25700 3484 3562 48 3494 88 3330 3384 3253 3260 
25800 3491 3553 34 3502 46 3355 3380 3224 3229 
25900 3497 3554 28 3517 53 3387 3414 3275 3285 
26000 3494 3558 24 3494 48 3374 3394 3268 3270 
26100 3496 3558 43 3503 36 3393 3399 3254 3254 
26200 3480 3550 48 3502 64 3357 3390 3269 3275 
26300 3463 3548 30 3488 90 3336 3404 3270 3279 
26400 3487 3557 32 3505 161 3273 3386 3265 3277 
26500 3497 3555 36 1473 2104 3381 3403 3255 3259 
26600 3464 3517 46 103 3386 3423 3396 3231 3242 
26700 3482 2812 27 816 3445 3456 3435 3258 3264 
26800 3455 204 55 3510 3419 3457 3417 3249 3260 
26900 3382 204 49 3546 3448 3460 3415 3266 3279 
27000 3314 281 47 3561 3410 3453 3395 3250 3257 
27100 3239 350 43 3571 3406 3448 3405 3242 3247 
27200 3098 475 42 3563 3431 3467 3408 3258 3264 
27300 3043 552 39 3557 3427 3436 3391 3237 3232 
27400 2968 612 44 3569 3455 3459 3407 3231 3232 
27500 2941 638 30 3562 3443 3474 3430 3274 3277 
27600 2927 655 41 3560 3404 3436 3388 3244 3246 
27700 2899 693 46 3547 3409 3437 3382 3237 3238 
27800 2918 652 40 3558 3431 3454 3429 3251 3255 
27900 2903 663 31 3549 3433 3443 3420 3256 3258 
28000 2988 835 40 3560 3425 3430 3403 3224 3234 
28100 3459 3421 52 3554 3433 3459 3424 3288 3299 
28200 3501 3533 38 3559 3401 3455 3391 3226 3233 
28300 3507 3530 52 3553 3447 3461 3419 3279 3283 
28400 3493 3512 39 3562 3451 3450 3419 3278 3280 
28500 3503 3540 45 3568 3417 3448 3404 3255 3247 
28600 3528 3546 43 3578 3447 3462 3440 3285 3278 
28700 3512 3526 42 3567 3446 3460 3426 3255 3271 
28800 3492 3530 39 3559 3428 3461 3425 3253 3257 
28900 3503 3539 34 3573 3433 3456 3413 3214 3215 
29000 3506 3536 25 3560 3426 3454 3412 3263 3267 
29100 3513 3545 39 3565 3441 3452 3406 3250 3253 
29200 3497 3547 43 3562 3440 3446 3414 3257 3263 
29300 3494 3542 42 3578 3433 3431 3419 3247 3243 
29400 3504 3531 32 3571 3444 3476 3424 3267 3271 
29500 3504 3527 34 3568 3433 3456 3424 3268 3274 
29600 3516 3542 48 3569 3439 3450 3408 3257 3268 
29700 3483 3542 49 3560 3414 3437 3394 3227 3225 
29800 3518 3521 39 3559 3455 3470 3430 3263 3268 
29900 3480 3533 38 3564 3429 3448 3397 3235 3245 
30000 3496 3535 56 3562 3397 3433 3399 3246 3250 
30100 3488 3554 38 3565 3410 3446 3389 3232 3237 
30200 3493 3542 39 3560 3406 3457 3390 3256 3263 
30300 3464 3527 34 3566 3443 3469 3417 3282 3288 
30400 3509 3529 44 3560 3420 3438 3404 3238 3246 
30500 3508 3515 30 3563 3454 3449 3417 3264 3263 
30600 3501 3534 55 3568 3425 3435 3410 3212 3224 
30700 3498 3534 40 3567 3436 3455 3393 3272 3281 
30800 3495 3536 29 3572 3426 3468 3421 3293 3296 
30900 3499 3534 32 3558 3456 3455 3420 3267 3282 
31000 3493 3547 29 3560 3415 3446 3398 3217 3224 
31100 3492 3548 29 3568 3427 3428 3415 3205 3207 
31200 3502 3530 26 3567 3406 3447 3409 3249 3249 
31300 3484 3526 25 3563 3438 3482 3409 3256 3273 
31400 3520 3542 36 3563 3451 3472 3441 3276 3279 
31500 3491 3525 37 3563 3424 3448 3403 3257 3255 
31600 3496 3529 37 3565 3440 3456 3421 3272 3273 
31700 3493 3540 42 3570 3426 3465 3429 3269 3269 
31800 3503 3536 43 3573 3440 3450 3419 3262 3266 
31900 3516 3538 37 3570 3421 3434 3407 3236 3234 
32000 3487 3529 34 3561 3415 3443 3385 3220 3226 
32100 3496 3526 44 3570 3416 3442 3404 3238 3244 
32200 3516 3527 50 3575 3420 3429 3388 3232 3238 
32300 3498 3527 39 3575 3398 3435 3379 3221 3229 
32400 3454 3526 37 3559 3436 3451 3421 3268 3273 
32500 3506 3513 48 3562 3435 3454 3418 3253 3261 
32600 3498 3546 35 3580 3438 3464 3410 3272 3269 
32700 3500 3566 34 3563 3434 3469 3424 3294 3288 
32800 3493 3536 42 3566 3421 3446 3400 3231 3237 
32900 3470 3503 45 3552 3440 3433 3416 3235 3248 
33000 3490 3525 40 3562 3430 3446 3392 3223 3229 
33100 3483 3534 40 3569 3440 3440 3401 3247 3237 
33200 3487 3537 58 3565 3396 3415 3388 3246 3243 
33300 3478 3529 33 3563 3424 3448 3418 3248 3257 
33400 3494 3530 42 3561 3411 3416 3382 3203 3206 
33500 3501 3528 46 3571 3410 3446 3387 3249 3246 
33600 3516 3531 49 3558 3443 3446 3419 3253 3250 
33700 3484 3531 49 3560 3421 3449 3410 3240 3257 
33800 3511 3535 36 3562 3413 3440 3404 3247 3264 
33900 3510 3530 45 3572 3431 3451 3389 3231 3235 
34000 3488 3539 41 3571 3409 3435 3389 3233 3237 
34100 3494 3521 42 3567 3443 3463 3429 3251 3267 
34200 3506 3532 46 3557 3428 3468 3413 3264 3266 
34300 3522 3528 39 3560 3432 3458 3418 3239 3241 
34400 3507 3513 36 3560 3425 3450 3413 3257 3259 
34500 3511 3547 37 3576 3436 3468 3415 3255 3260 
34600 3514 3555 50 3582 3410 3414 3386 3222 3213 
34700 3485 3522 67 3556 3396 3432 3376 3226 3231 
34800 3508 3536 43 3572 3448 3464 3419 3245 3250 
34900 3498 3524 39 3573 3424 3435 3387 3222 3218 
35000 3507 3504 32 3564 3445 3443 3393 3207 3208 
35100 3506 3533 34 3570 3440 3458 3398 3253 3246 
35200 3493 3527 46 3554 3410 3420 3386 3220 3220 
35300 3485 3522 31 3539 3420 3462 3416 3224 3244 
35400 3500 3535 40 3564 3412 3439 3390 3222 3230 
35500 3499 3519 50 3554 3422 3444 3392 3229 3238 
35600 3474 3532 45 3560 3427 3460 3426 3267 3282 
35700 3486 3515 39 3576 3431 3473 3420 3284 3284 
35800 3490 3541 49 3565 3418 3440 3397 3226 3234 
35900 3494 3521 33 3565 3447 3452 3433 3274 3287 
36000 3459 3529 41 3560 3435 3461 3422 3280 3276 
36100 3496 3524 31 3575 3438 3441 3397 3260 3257 
36200 3511 3531 45 3574 3411 3432 3399 3227 3226 
36300 3499 3522 39 3563 3416 3454 3410 3215 3226 
36400 3506 3529 34 3569 3422 3456 3400 3249 3255 
36500 3495 3550 51 3563 3380 3419 3398 3245 3243 
36600 3488 3522 48 3557 3427 3455 3384 3215 3220 
36700 3521 3535 39 3562 3441 3463 3411 3237 3249 
36800 3502 3532 22 3556 3438 3450 3423 3273 3275 
36900 3518 3535 63 3560 3410 3445 3384 3228 3230 
37000 3507 3530 43 3563 3403 3432 3369 3202 3215 
37100 3482 3517 30 3565 3448 3465 3423 3273 3296 
37200 3518 3520 17 3564 3467 3485 3457 3290 3294 
37300 3519 3543 39 3581 3440 3466 3404 3260 3264 
37400 3513 3532 37 3573 3443 3452 3408 3243 3249 
37500 3514 3517 59 3574 3424 3436 3396 3211 3224 
37600 3512 3540 32 3564 3443 3466 3422 3304 3309 
37700 3511 3534 34 3566 3443 3466 3405 3253 3257 
37800 3511 3525 41 3574 3431 3465 3407 3235 3244 
37900 3498 3515 40 3558 3418 3474 3418 3278 3279 
38000 3527 3549 29 3569 3405 3434 3374 3237 3231 
38100 3500 3534 54 3566 3426 3459 3386 3253 3257 
38200 3499 3520 38 3549 3433 3453 3393 3246 3270 
38300 3501 3537 27 3565 3436 3476 3411 3254 3268 
38400 3500 3514 35 3556 3413 3452 3390 3228 3233 
38500 3488 3537 32 3553 3424 3451 3384 3228 3235 
38600 3507 3544 47 3565 3453 3450 3421 3297 3299 
38700 3528 3550 34 3559 3448 3463 3420 3272 3263 
38800 3495 3533 38 3564 3437 3463 3398 3232 3235 
38900 3487 3504 51 3560 3431 3448 3403 3243 3252 
39000 3496 3512 44 3560 3462 3473 3429 3265 3275 
39100 3492 3539 36 3557 3435 3474 3406 3270 3280 
39200 3508 3545 33 3571 3439 3485 3432 3292 3304 
39300 3506 3524 42 3568 3435 3477 3413 3264 3257 
39400 3498 3524 40 3559 3417 3488 3408 3261 3268 
39500 3508 3528 42 3569 3453 3452 3423 3265 3272 
39600 3524 3550 47 3571 3441 3452 3412 3262 3264 
39700 3518 3547 41 3561 3407 3464 3389 3261 3269 
39800 3503 3521 26 3572 3458 3482 3432 3266 3265 
39900 3504 3539 39 3564 3454 3463 3424 3294 3295 
40000 3497 3540 45 3558 3432 3475 3400 3260 3267 
40100 3521 3534 29 3577 3434 3465 3415 3278 3290 
40200 3511 3534 30 3574 3448 3474 3435 3306 3305 
40300 3512 3525 37 3574 3442 3469 3413 3287 3289 
40400 3492 3533 37 3566 3423 3460 3426 3250 3246 
40500 3485 3550 34 3568 3451 3453 3417 3269 3262 
40600 3488 3528 33 3564 3412 3453 3398 3262 3271 
40700 3489 3548 44 3577 3432 3474 3411 3279 3281 
40800 3509 3527 41 3574 3441 3470 3417 3277 3270 
40900 3480 3525 33 3559 3443 3484 3442 3286 3290 
41000 3504 3521 47 3568 3429 3455 3400 3238 3246 
41100 3492 3521 39 3577 3439 3467 3433 3314 3317 
41200 3485 3522 54 3568 3407 3454 3393 3226 3228 
41300 3508 3540 39 3570 3438 3469 3402 3261 3257 
41400 3492 3514 42 3559 3438 3461 3403 3254 3261 
41500 3507 3553 37 3562 3439 3458 3410 3306 3297 
41600 3503 3553 34 3573 3433 3482 3434 3305 3302 
41700 3507 3538 32 3559 3421 3466 3398 3271 3285 
41800 3496 3539 36 3558 3443 3452 3427 3286 3284 
41900 3503 3521 35 3557 3433 3457 3411 3264 3268 
42000 3484 3542 35 3555 3433 3466 3439 3256 3258 
42100 3497 3536 38 3570 3452 3459 3434 3281 3285 
42200 3485 3541 28 3564 3451 3458 3426 3249 3257 
42300 3502 3544 38 3562 3429 3459 3415 3277 3274 
42400 3516 3513 40 3557 3419 3460 3392 3253 3256 
42500 3527 3537 28 3575 3409 3454 3388 3233 3238 
42600 3509 3527 25 3562 3438 3454 3436 3255 3263 
42700 3499 3522 53 3558 3423 3481 3397 3241 3236 
42800 3505 3519 21 3563 3411 3459 3418 3257 3256 
42900 3514 3543 39 3577 3440 3468 3428 3266 3279 
43000 3490 3525 36 3564 3429 3463 3419 3279 3280 
43100 3520 3554 36 3571 3443 3458 3422 3287 3286 
43200 3484 3528 31 3578 3456 3455 3431 3266 3277 
43300 3505 3533 34 3580 3448 3478 3414 3286 3294 
43400 3508 3536 29 3567 3459 3471 3437 3276 3284 
43500 3498 3519 44 3557 3395 3450 3369 3243 3240 
43600 3514 3542 51 3583 3423 3469 3416 3279 3287 
43700 3513 3519 51 3564 3408 3450 3392 3257 3264 
43800 3508 3527 48 3567 3459 3496 3426 3286 3298 
43900 3476 3524 39 3564 3442 3489 3435 3299 3304 
44000 3503 3540 36 3574 3439 3460 3411 3266 3268 
44100 3496 3545 33 3569 3418 3453 3412 3266 3266 
44200 3501 3514 33 3557 3437 3462 3431 3265 3266 
44300 3505 3534 35 3566 3451 3465 3436 3291 3290 
44400 3504 3549 42 3581 3416 3465 3407 3274 3273 
44500 3484 3505 35 3558 3462 3468 3439 3293 3297 
44600 3515 3543 43 3571 3400 3448 3379 3215 3209 
44700 3492 3526 47 3557 3435 3484 3395 3288 3278 
44800 3514 3538 52 3560 3404 3452 3382 3224 3223 
44900 3479 3552 32 3576 3429 3472 3427 3305 3301 
45000 3475 3534 38 3560 3418 3465 3399 3248 3246 
45100 3513 3536 38 3565 3421 3452 3416 3265 3267 
45200 3516 3537 39 3573 3441 3466 3412 3246 3262 
45300 3493 3528 38 3546 3435 3479 3440 3262 3271 
45400 3506 3535 38 3564 3433 3456 3420 3284 3276 
45500 3485 3547 33 3572 3446 3447 3411 3289 3283 
45600 3474 3525 34 3563 3385 3431 3367 3201 3209 
45700 3502 3531 39 3571 3422 3454 3393 3247 3247 
45800 3519 3533 29 3569 3452 3452 3438 3272 3279 
45900 3505 3519 39 3558 3414 3441 3400 3241 3254 
46000 3511 3522 35 3576 3436 3470 3440 3313 3323 
46100 3475 3525 48 3564 3418 3440 3398 3245 3253 
46200 3489 3542 38 3571 3411 3455 3373 3277 3273 
46300 3499 3512 41 3566 3415 3448 3391 3244 3254 
46400 3504 3535 34 3558 3408 3440 3391 3213 3226 
46500 3493 3533 41 3562 3422 3448 3380 3233 3242 
46600 3501 3541 33 3565 3412 3451 3405 3254 3259 
46700 3494 3535 53 3561 3415 3468 3389 3261 3263 
46800 3489 3540 29 3566 3438 3466 3423 3285 3291 
46900 3493 3545 32 3562 3414 3459 3402 3267 3260 
47000 3516 3558 31 3582 3456 3461 3422 3253 3255 
47100 3521 3541 39 3573 3435 3494 3422 3253 3261 
47200 3513 3533 42 3563 3427 3462 3404 3243 3249 
47300 3493 3514 30 3562 3417 3472 3411 3246 3263 
47400 3526 3532 44 3572 3401 3441 3384 3249 3252 
47500 3511 3543 47 3564 3449 3475 3416 3244 3250 
47600 3498 3501 34 3560 3434 3470 3431 3288 3295 
47700 3476 3536 34 3556 3418 3459 3417 3270 3263 
47800 3510 3534 43 3557 3440 3449 3415 3238 3244 
47900 3477 3520 51 3557 3417 3446 3384 3235 3241 
48000 3511 3546 49 3563 3403 3449 3397 3238 3235 
48100 3483 3533 43 3567 3444 3459 3435 3271 3275 
48200 3504 3538 47 3579 3417 3452 3393 3240 3246 
48300 3489 3529 37 3565 3403 3462 3385 3245 3251 
48400 3524 3559 38 3573 3432 3481 3408 3275 3275 
48500 3526 3520 50 3572 3408 3469 3387 3267 3265 
48600 3503 3529 48 3565 3401 3459 3388 3253 3256 
48700 3506 3554 46 3558 3412 3470 3386 3246 3251 
48800 3496 3517 42 3543 3428 3449 3420 3283 3284 
48900 3479 3532 42 3541 3418 3449 3404 3271 3279 
49000 3499 3516 35 3554 3414 3462 3392 3251 3264 
49100 3485 3518 40 3563 3430 3459 3403 3264 3261 
49200 3488 3492 38 3558 3421 3467 3389 3243 3252 
49300 3497 3530 31 3577 3425 3460 3408 3271 3287 
49400 3501 3543 42 3573 3397 3457 3374 3221 3227 
49500 3483 3548 39 3572 3438 3482 3401 3251 3249 
49600 3488 3535 33 3575 3423 3453 3413 3268 3270 
49700 3499 3543 45 3572 3392 3441 3367 3220 3223 
49800 3543 3548 31 3580 3429 3469 3406 3284 3295 
49900 3517 3541 41 3573 3418 3453 3404 3275 3278 
50000 3524 3522 41 3567 3448 3485 3420 3264 3265 
50100 3503 3535 41 3560 3426 3449 3415 3272 3277 
50200 3503 3546 51 3564 3445 3458 3420 3268 3265 
50300 3494 3536 29 3572 3440 3461 3410 3270 3283 
50400 3499 3542 47 3558 3434 3450 3398 3231 3233 
50500 3509 3534 35 3562 3439 3457 3430 3249 3248 
50600 3519 3533 25 3569 3431 3461 3425 3242 3252 
50700 3496 3513 31 3574 3460 3484 3436 3278 3289 
50800 3488 3529 31 3561 3432 3469 3406 3249 3253 
50900 3501 3545 20 3568 3432 3466 3410 3279 3290 
51000 3505 3517 42 3568 3423 3449 3392 3240 3250 
51100 3469 3521 48 3566 3426 3451 3400 3252 3266 
51200 3499 3550 37 3576 3423 3435 3399 3228 3236 
51300 3503 3531 31 3569 3426 3462 3394 3261 3268 
51400 3473 3502 40 3556 3417 3455 3392 3226 3249 
51500 3480 3538 31 3575 3434 3465 3411 3300 3306 
51600 3483 3518 33 3563 3448 3468 3425 3259 3270 
51700 3504 3536 44 3564 3429 3453 3397 3238 3242 
51800 3519 3550 28 3564 3446 3461 3402 3266 3260 
51900 3520 3536 40 3563 3425 3490 3411 3253 3260 
52000 3502 3533 32 3556 3432 3458 3429 3238 3247 
52100 3495 3541 34 3574 3424 3440 3407 3261 3261 
52200 3474 3528 56 3562 3420 3444 3402 3255 3271 
52300 3516 3537 30 3573 3454 3459 3419 3298 3292 
52400 3506 3560 33 3583 3414 3461 3387 3250 3252 
52500 3497 3540 37 3559 3428 3434 3399 3250 3260 
52600 3510 3526 31 3531 3402 3438 3401 3242 3240 
52700 3499 3530 48 3557 3431 3466 3411 3281 3286 
52800 3497 3553 31 3561 3433 3460 3399 3247 3255 
52900 3509 3535 28 3567 3447 3481 3416 3296 3304 
53000 3508 3523 37 3570 3392 3456 3388 3239 3243 
53100 3496 3531 28 3561 3430 3459 3419 3267 3266 
53200 3487 3519 32 3561 3444 3462 3422 3235 3246 
53300 3485 3509 39 3553 3442 3468 3396 3253 3265 
53400 3514 3533 46 3553 3402 3444 3395 3214 3224 
53500 3504 3520 39 3558 3456 3479 3428 3264 3271 
53600 3511 3545 31 3567 3400 3434 3382 3239 3241 
53700 3487 3523 36 3563 3412 3432 3394 3232 3245 
53800 3466 3513 22 3572 3438 3476 3420 3208 3208 
53900 3510 3540 47 3564 3407 3452 3380 3226 3216 
54000 3510 3527 34 3565 3433 3475 3418 3278 3287 
54100 3510 3524 30 3577 3421 3431 3405 3220 3223 
54200 3511 3547 19 3575 3416 3454 3399 3245 3251 
54300 3526 3538 33 3566 3427 3456 3416 3260 3253 
54400 3496 3526 31 3557 3417 3461 3405 3257 3257 
54500 3525 3518 56 3564 3408 3436 3368 3190 3200 
54600 3521 3536 45 3565 3413 3426 3391 3217 3214 
54700 3501 3532 33 3567 3444 3447 3424 3255 3253 
54800 3508 3517 32 3564 3438 3462 3390 3259 3260 
54900 3492 3541 32 3567 3442 3469 3426 3246 3258 
55000 3505 3546 38 3568 3417 3456 3397 3244 3251 
55100 3527 3529 31 3558 3413 3449 3372 3223 3236 
55200 3518 3546 42 3572 3424 3445 3414 3243 3247 
55300 3508 3543 31 3570 3438 3469 3395 3270 3272 
55400 3521 3533 39 3572 3401 3453 3393 3247 3249 
55500 3502 3529 37 3566 3442 3471 3412 3257 3259 
55600 3520 3538 32 3563 3424 3461 3409 3243 3246 
55700 3517 3532 34 3561 3431 3450 3425 3253 3259 
55800 3530 3549 33 3566 3429 3472 3405 3279 3291 
55900 3494 3539 40 3560 3420 3440 3396 3257 3264 
56000 3493 3508 43 3567 3433 3434 3398 3241 3243 
56100 3520 3546 33 3574 3423 3461 3419 3250 3260 
56200 3490 3530 51 3557 3450 3471 3422 3243 3248 
56300 3509 3523 34 3580 3414 3454 3385 3214 3221 
56400 3517 3550 26 3567 3459 3467 3413 3278 3280 
56500 3514 3528 36 3571 3452 3465 3421 3239 3245 
56600 3528 3534 43 3563 3420 3445 3392 3260 3261 
56700 3512 3532 27 3558 3442 3461 3393 3236 3229 
56800 3515 3543 61 3570 3405 3450 3368 3194 3193 
56900 3510 3533 39 3574 3438 3461 3416 3261 3266 
57000 3487 3520 28 3567 3436 3476 3426 3273 3298 
57100 3520 3536 42 3565 3429 3461 3417 3267 3276 
57200 3515 3535 41 3575 3424 3457 3406 3267 3275 
57300 3531 3550 44 3559 3425 3480 3397 3272 3277 
57400 3537 3534 39 3570 3437 3465 3415 3263 3262 
57500 3505 3541 24 3560 3457 3457 3442 3262 3267 
57600 3530 3533 39 3578 3417 3458 3419 3256 3249 
57700 3524 3532 46 3567 3428 3470 3417 3257 3260 
57800 3504 3535 37 3564 3418 3450 3407 3248 3254 
57900 3517 3535 35 3556 3434 3450 3417 3247 3255 
58000 3509 3522 34 3565 3429 3441 3397 3264 3277 
58100 3499 3525 34 3566 3432 3449 3413 3260 3266 
58200 3498 3528 28 3558 3395 3440 3401 3261 3256 
58300 3517 3532 36 3568 3460 3464 3434 3275 3274 
58400 3519 3541 39 3571 3447 3485 3438 3275 3285 
58500 3510 3539 29 3559 3428 3456 3416 3252 3260 
58600 3506 3519 30 3565 3423 3460 3401 3258 3263 
58700 3523 3537 38 3575 3457 3475 3417 3260 3258 
58800 3502 3528 43 3565 3427 3472 3414 3248 3262 
58900 3502 3534 35 3559 3435 3463 3425 3275 3269 
59000 3535 3541 45 3569 3441 3466 3418 3247 3247 
59100 3514 3526 27 3569 3429 3467 3412 3289 3290 
59200 3508 3523 36 3570 3423 3458 3410 3270 3258 
59300 3518 3529 45 3567 3434 3474 3412 3258 3266 
59400 3509 3539 43 3568 3448 3473 3431 3264 3268 
59500 3526 3536 37 3572 3430 3474 3421 3300 3298 
59600 3494 3543 38 3566 3417 3479 3410 3266 3265 
59700 3483 3520 44 3573 3447 3497 3437 3290 3304 
59800 3515 3532 35 3553 3456 3484 3419 3286 3284 
59900 3500 3536 49 3571 3426 3467 3395 3264 3260 
60000 3502 3536 27 3546 3442 3481 3421 3274 3274 
60100 3499 3537 38 3560 3426 3456 3414 3263 3266 
60200 3519 3543 31 3568 3442 3466 3420 3280 3293 
60300 3466 3532 30 3564 3445 3474 3438 3315 3306 
60400 3497 3535 32 3556 3431 3449 3416 3278 3275 
60500 3504 3529 26 3543 3435 3460 3421 3264 3258 
60600 3489 3514 24 3554 3465 3493 3454 3286 3301 
60700 3530 3547 48 3572 3419 3467 3408 3256 3257 
60800 3519 3518 23 3567 3451 3461 3447 3248 3251 
60900 3528 3535 40 3569 3429 3464 3399 3265 3279 
61000 3512 3529 42 3573 3421 3464 3416 3248 3242 
61100 3507 3528 40 3561 3425 3449 3390 3235 3237 
61200 3492 3544 42 3566 3416 3466 3397 3260 3267 
61300 3501 3548 37 3564 3415 3457 3410 3280 3282 
61400 3505 3518 40 3556 3455 3461 3405 3243 3256 
61500 3511 3548 44 3572 3433 3452 3397 3229 3235 
61600 3519 3530 38 3570 3403 3454 3400 3228 3236 
61700 3473 3523 45 3560 3410 3446 3380 3201 3211 
61800 3487 3513 33 3563 3445 3464 3415 3239 3249 
61900 3504 3529 43 3571 3412 3466 3414 3273 3273 
62000 3494 3522 43 3553 3420 3442 3386 3238 3243 
62100 3498 3521 42 3572 3400 3448 3378 3228 3226 
62200 3484 3527 46 3569 3437 3457 3419 3246 3255 
62300 3513 3547 48 3560 3428 3478 3404 3270 3273 
62400 3526 3548 47 3575 3431 3462 3399 3233 3245 
62500 3514 3552 30 3565 3427 3467 3408 3262 3258 
62600 3539 3542 42 3575 3425 3473 3404 3231 3225 
62700 3502 3536 38 3566 3419 3457 3393 3255 3265 
62800 3482 3514 28 3560 3448 3463 3437 3260 3263 
62900 3498 3541 35 3568 3412 3465 3407 3246 3257 
63000 3523 3526 33 3557 3400 3453 3402 3259 3260 
63100 3502 3515 38 3552 3413 3451 3390 3209 3223 
63200 3490 3533 47 3559 3429 3458 3397 3234 3244 
63300 3498 3517 26 3559 3410 3451 3377 3228 3234 
63400 3479 3507 37 3547 3431 3470 3412 3219 3235 
63500 3498 3521 37 3561 3443 3440 3403 3226 3228 
63600 3493 3529 31 3562 3421 3460 3416 3270 3277 
63700 3485 3528 37 3555 3417 3459 3403 3260 3272 
63800 3509 3522 41 3552 3387 3445 3377 3216 3220 
63900 3503 3528 45 3562 3435 3447 3413 3205 3212 
64000 3504 3540 51 3551 3426 3477 3411 3273 3279 
64100 3495 3548 47 3547 3425 3453 3416 3240 3236 
64200 3520 3552 43 3559 3415 3448 3407 3272 3270 
64300 3521 3536 40 3562 3432 3466 3395 3252 3254 
64400 3523 3553 36 3567 3400 3467 3400 3245 3247 
64500 3477 3528 40 3564 3424 3467 3425 3261 3261 
64600 3491 3530 39 3552 3435 3471 3424 3255 3250 
64700 3481 3514 40 3548 3444 3481 3446 3267 3278 
64800 3508 3542 43 3549 3398 3437 3409 3252 3257 
64900 3495 3529 39 3545 3452 3482 3417 3291 3292 
65000 3507 3549 34 3552 3410 3445 3400 3247 3249 
65100 3511 3522 30 3561 3432 3475 3405 3244 3249 
65200 3517 3546 45 3576 3453 3487 3437 3289 3288 
65300 3496 3512 43 3548 3442 3459 3421 3249 3265 
65400 3515 3536 27 3547 3444 3475 3419 3259 3263 
65500 3494 3544 43 3556 3465 3483 3416 3287 3294 
65600 3505 3527 50 3538 3427 3435 3369 3239 3236 
65700 3519 3537 38 3557 3434 3476 3410 3249 3254 
65800 3487 3526 50 3547 3429 3459 3404 3250 3255 
65900 3519 3545 45 3556 3399 3453 3380 3227 3231 
66000 3512 3534 40 3554 3443 3469 3428 3305 3311 
66100 3509 3544 43 3561 3416 3479 3405 3243 3254 
66200 3479 3528 56 3556 3417 3471 3409 3241 3250 
66300 3505 3544 45 3564 3427 3468 3403 3252 3260 
66400 3485 3527 39 3558 3454 3485 3436 3299 3307 
66500 3497 3524 43 3564 3434 3474 3401 3291 3292 
66600 3499 3527 38 3572 3429 3462 3416 3250 3275 
66700 3528 3524 43 3578 3444 3475 3406 3231 3237 
66800 3508 3534 46 3559 3427 3471 3421 3265 3276 
66900 3496 3529 31 3566 3457 3483 3440 3274 3278 
67000 3500 3543 43 3568 3424 3470 3418 3263 3264 
67100 3513 3524 30 3554 3422 3463 3436 3257 3264 
67200 3492 3496 29 3565 3439 3460 3407 3282 3292 
67300 3527 3529 38 3570 3428 3466 3406 3240 3242 
67400 3528 3527 28 3551 3415 3451 3402 3250 3256 
67500 3522 3551 36 3563 3413 3458 3400 3260 3255 
67600 3496 3540 46 3564 3426 3453 3397 3235 3242 
67700 3500 3535 55 3577 3425 3459 3405 3220 3234 
67800 3518 3544 37 3572 3456 3469 3418 3270 3274 
67900 3506 3528 27 3557 3443 3487 3429 3259 3265 
68000 3513 3528 41 3569 3443 3456 3425 3255 3253 
68100 3507 3509 36 3561 3455 3482 3424 3269 3283 
68200 3523 3516 42 3572 3419 3455 3401 3232 3240 
68300 3519 3531 37 3573 3418 3469 3413 3235 3242 
68400 3509 3530 44 3561 3420 3447 3404 3221 3226 
68500 3518 3534 40 3575 3441 3465 3403 3262 3267 
68600 3504 3517 25 3562 3459 3477 3434 3250 3255 
68700 3521 3541 46 3567 3392 3442 3378 3208 3212 
68800 3519 3527 33 3568 3450 3488 3430 3274 3284 
68900 3507 3527 36 3573 3431 3471 3416 3280 3285 
69000 3492 3530 40 3555 3442 3474 3435 3273 3273 
69100 3506 3534 42 3562 3420 3451 3389 3227 3235 
69200 3498 3548 38 3576 3429 3472 3409 3234 3232 
69300 3512 3541 36 3568 3417 3431 3403 3238 3240 
69400 3529 3532 38 3565 3444 3474 3425 3278 3280 
69500 3494 3515 38 3568 3429 3474 3410 3269 3277 
69600 3509 3550 55 3576 3415 3462 3386 3245 3252 
69700 3527 3513 49 3564 3414 3440 3397 3224 3226 
69800 3507 3523 36 3560 3463 3470 3437 3279 3290 
69900 3499 3538 36 3554 3427 3453 3411 3249 3257 
70000 3537 3544 23 3570 3426 3476 3419 3274 3271 
70100 3493 3536 36 3568 3441 3477 3436 3289 3298 
70200 3496 3535 52 3567 3425 3452 3411 3267 3269 
70300 3526 3553 34 3570 3450 3470 3424 3266 3267 
70400 3505 3528 32 3562 3447 3488 3414 3230 3245 
70500 3493 3491 30 3557 3404 3450 3379 3234 3260 
70600 3515 3554 34 3561 3445 3478 3435 3283 3287 
70700 3504 3548 41 3561 3441 3473 3426 3291 3287 
70800 3478 3512 46 3561 3412 3450 3387 3200 3215 
70900 3499 3529 43 3568 3436 3472 3430 3253 3257 
71000 3521 3531 39 3563 3426 3463 3395 3251 3264 
71100 3512 3521 39 3567 3427 3449 3398 3229 3241 
71200 3505 3524 32 3557 3444 3460 3404 3252 3265 
71300 3504 3539 26 3568 3443 3477 3425 3287 3292 
71400 3495 3529 50 3547 3427 3463 3393 3223 3231 
71500 3498 3512 35 3564 3447 3462 3423 3259 3261 
71600 3525 3531 47 3578 3421 3463 3406 3268 3266 
71700 3504 3537 43 3568 3428 3467 3406 3272 3275 
71800 3524 3526 35 3558 3460 3484 3435 3304 3308 
71900 3520 3540 31 3570 3444 3482 3445 3287 3284 
72000 3505 3525 47 3558 3420 3455 3412 3240 3248 
72100 3512 3542 42 3576 3418 3465 3397 3266 3271 
72200 3517 3551 22 3568 3475 3480 3453 3296 3292 
72300 3509 3509 43 3559 3442 3481 3432 3255 3274 
72400 3516 3522 38 3568 3442 3479 3430 3277 3288 
72500 3518 3536 29 3571 3426 3467 3415 3256 3260 
72600 3503 3554 34 3565 3460 3478 3443 3303 3307 
72700 3516 3552 35 3561 3439 3489 3409 3286 3296 
72800 3508 3521 36 3569 3422 3464 3408 3265 3269 
72900 3538 3535 45 3569 3407 3468 3401 3242 3243 
73000 3488 3527 41 3557 3453 3478 3418 3307 3313 
73100 3501 3536 42 3571 3427 3456 3400 3254 3265 
73200 3503 3507 38 3564 3440 3466 3421 3245 3257 
73300 3519 3530 36 3580 3403 3442 3405 3249 3249 
73400 3503 3528 41 3568 3426 3471 3402 3261 3266 
73500 3500 3521 49 3560 3403 3449 3392 3253 3255 
73600 3503 3527 40 3559 3443 3477 3414 3259 3270 
73700 3482 3526 37 3562 3442 3489 3439 3288 3292 
73800 3521 3544 56 3564 3419 3470 3392 3239 3248 
73900 3509 3534 34 3571 3418 3473 3404 3255 3264 
74000 3515 3543 54 3570 3434 3458 3406 3251 3249 
74100 3515 3549 30 3564 3472 3491 3424 3307 3311 
74200 3483 3532 30 3556 3414 3466 3411 3245 3250 
74300 3513 3528 49 3563 3439 3468 3406 3279 3280 
74400 3487 3513 35 3566 3429 3470 3412 3279 3286 
74500 3494 3518 45 3563 3417 3460 3392 3221 3234 
74600 3508 3538 32 3565 3436 3463 3407 3250 3252 
74700 3509 3545 28 3576 3451 3468 3425 3286 3282 
74800 3516 3522 44 3553 3422 3466 3399 3235 3242 
74900 3511 3522 44 3560 3403 3467 3392 3252 3270 
75000 3508 3525 33 3577 3456 3484 3437 3293 3301 
75100 3505 3527 36 3556 3409 3446 3408 3234 3242 
75200 3501 3542 39 3570 3438 3496 3428 3252 3260 
75300 3518 3522 33 3560 3414 3446 3398 3255 3261 
75400 3509 3505 31 3568 3435 3466 3427 3273 3271 
75500 3528 3547 36 3569 3416 3461 3397 3264 3260 
75600 3524 3539 53 3578 3405 3463 3386 3253 3251 
75700 3539 3530 30 3568 3425 3444 3392 3264 3264 
75800 3522 3526 34 3567 3458 3480 3440 3270 3258 
75900 3492 3524 35 3558 3414 3461 3423 3239 3237 
76000 3525 3523 41 3558 3438 3471 3406 3247 3263 
76100 3514 3544 47 3569 3421 3448 3400 3238 3251 
76200 3524 3523 35 3561 3423 3460 3408 3229 3241 
76300 3498 3514 41 3555 3446 3469 3438 3273 3275 
76400 3524 3532 45 3575 3430 3462 3397 3262 3262 
76500 3517 3532 32 3575 3414 3457 3407 3243 3246 
76600 3509 3529 39 3559 3420 3455 3397 3249 3256 
76700 3520 3550 43 3570 3401 3429 3380 3210 3214 
76800 3503 3552 33 3560 3453 3464 3428 3283 3283 
76900 3500 3516 39 3564 3423 3436 3401 3217 3222 
77000 3511 3519 50 3569 3418 3465 3404 3243 3241 
77100 3509 3523 43 3551 3444 3473 3420 3240 3251 
77200 3503 3526 21 3548 3459 3489 3421 3240 3244 
77300 3521 3538 47 3557 3411 3435 3398 3247 3252 
77400 3508 3536 43 3568 3410 3456 3401 3263 3268 
77500 3504 3534 30 3560 3427 3456 3405 3253 3255 
77600 3473 3523 47 3564 3449 3469 3430 3256 3266 
77700 3493 3542 33 3565 3421 3457 3413 3255 3251 
77800 3505 3520 26 3561 3453 3480 3439 3262 3268 
77900 3522 3522 36 3563 3424 3461 3411 3254 3242 
78000 3488 3507 29 3568 3447 3483 3436 3321 3310 
78100 3507 3506 54 3560 3443 3486 3420 3265 3271 
78200 3499 3545 30 3569 3415 3461 3396 3227 3242 
78300 3496 3536 34 3558 3413 3450 3401 3257 3258 
78400 3509 3522 35 3556 3425 3466 3416 3279 3287 
78500 3493 3527 40 3567 3422 3451 3398 3255 3263 
78600 3516 3530 18 3566 3452 3487 3420 3278 3283 
78700 3487 3526 41 3572 3412 3452 3393 3267 3276 
78800 3508 3525 39 3574 3440 3459 3405 3254 3263 
78900 3500 3528 29 3571 3463 3485 3446 3287 3289 
79000 3519 3537 26 3573 3450 3502 3427 3311 3313 
79100 3527 3541 42 3570 3418 3484 3406 3247 3253 
79200 3465 3510 34 3549 3424 3440 3389 3251 3260 
79300 3493 3544 36 3568 3451 3447 3424 3261 3270 
79400 3501 3530 35 3575 3415 3474 3403 3254 3262 
79500 3499 3539 44 3576 3427 3472 3408 3279 3271 
79600 3495 3512 50 3558 3441 3482 3401 3219 3221 
79700 3510 3550 37 3578 3428 3447 3413 3272 3275 
79800 3484 3536 35 3564 3424 3468 3413 3222 3228 
79900 3505 3539 42 3562 3438 3470 3426 3279 3279 
80000 3499 3520 40 3566 3379 3437 3358 3201 3202 
80100 3486 3522 37 3557 3397 3428 3369 3234 3233 
80200 3515 3539 37 3557 3404 3455 3402 3244 3244 
80300 3518 3557 32 3569 3399 3453 3397 3254 3245 
80400 3508 3510 32 3557 3419 3457 3405 3223 3232 
80500 3495 3516 31 3562 3443 3462 3428 3281 3284 
80600 3507 3538 37 3575 3422 3458 3400 3258 3254 
80700 3488 3537 36 3557 3426 3446 3400 3235 3231 
80800 3522 3532 39 3561 3418 3463 3403 3244 3252 
80900 3485 3526 42 3561 3448 3476 3445 3290 3290 
81000 3503 3549 26 3562 3434 3475 3425 3268 3259 
81100 3485 3536 42 3567 3423 3456 3409 3240 3244 
81200 3478 3535 36 3563 3421 3452 3415 3263 3267 
81300 3514 3540 42 3563 3416 3464 3402 3258 3262 
81400 3476 3543 32 3567 3418 3457 3391 3260 3271 
81500 3493 3532 44 3565 3408 3457 3375 3221 3226 
81600 3489 3514 42 3564 3429 3482 3424 3265 3266 
81700 3499 3523 32 3565 3446 3460 3420 3275 3274 
81800 3511 3530 44 3555 3414 3457 3391 3258 3267 
81900 3489 3526 59 3544 3401 3463 3397 3231 3228 
82000 3502 3516 28 3553 3442 3482 3420 3270 3270 
82100 3504 3544 40 3557 3431 3491 3427 3311 3309 
82200 3512 3533 29 3559 3433 3466 3420 3242 3240 
82300 3505 3529 26 3568 3436 3468 3411 3245 3249 
82400 3499 3526 41 3565 3417 3465 3406 3257 3262 
82500 3521 3545 46 3576 3446 3494 3436 3273 3271 
82600 3519 3526 36 3564 3421 3466 3425 3276 3291 
82700 3492 3509 38 3566 3439 3477 3419 3275 3278 
82800 3518 3518 28 3568 3438 3478 3423 3290 3293 
82900 3504 3533 35 3576 3446 3491 3444 3245 3256 
83000 3506 3516 42 3566 3437 3465 3421 3240 3243 
83100 3504 3519 38 3567 3436 3474 3437 3304 3300 
83200 3480 3532 34 3559 3438 3456 3403 3267 3270 
83300 3507 3547 39 3572 3425 3451 3403 3244 3239 
83400 3509 3528 29 3563 3442 3463 3426 3298 3304 
83500 3494 3541 35 3563 3456 3474 3420 3272 3284 
83600 3509 3540 34 3553 3418 3461 3385 3264 3262 
83700 3504 3520 51 3551 3415 3451 3394 3250 3258 
83800 3484 3514 48 3548 3418 3447 3403 3218 3216 
83900 3518 3534 41 3566 3434 3467 3422 3272 3269 
84000 3512 3532 36 3562 3437 3471 3432 3273 3274 
84100 3519 3524 30 3553 3421 3456 3395 3250 3240 
84200 3535 3531 43 3577 3419 3459 3399 3263 3263 
84300 3517 3545 26 3572 3414 3467 3416 3271 3280 
84400 3543 3523 37 3558 3415 3455 3404 3254 3258 
84500 3526 3533 49 3560 3419 3470 3407 3256 3254 
84600 3516 3537 40 3571 3410 3428 3393 3210 3209 
84700 3506 3536 43 3566 3424 3436 3399 3224 3234 
84800 3492 3534 41 3568 3415 3449 3397 3254 3252 
84900 3508 3525 28 3568 3445 3475 3418 3264 3272 
85000 3540 3538 22 3573 3432 3458 3412 3259 3264 
85100 3510 3534 33 3556 3429 3469 3387 3257 3255 
85200 3527 3533 30 3564 3470 3482 3433 3287 3287 
85300 3508 3530 42 3558 3423 3465 3398 3252 3260 
85400 3504 3520 33 3562 3411 3445 3388 3251 3263 
85500 3526 3529 34 3558 3425 3454 3411 3261 3262 
85600 3521 3535 45 3572 3439 3462 3427 3262 3270 
85700 3504 3520 47 3547 3414 3444 3386 3246 3258 
85800 3524 3553 37 3580 3424 3445 3381 3259 3257 
85900 3514 3527 41 3563 3421 3457 3418 3288 3291 
86000 3518 3518 54 3570 3430 3481 3422 3254 3261 
86100 3529 3522 34 3571 3444 3490 3410 3254 3264 
86200 3520 3542 34 3569 3444 3456 3407 3240 3249 
86300 3507 3539 43 3561 3419 3465 3398 3266 3275 
86400 3521 3551 44 3575 3434 3452 3408 3259 3262 
86500 3503 3543 38 3568 3446 3481 3417 3262 3256 
86600 3500 3521 40 3570 3413 3453 3399 3250 3248 
86700 3503 3526 38 3564 3411 3456 3377 3210 3221 
86800 3523 3531 43 3562 3428 3462 3408 3264 3270 
86900 3504 3525 26 3563 3438 3464 3411 3252 3267 
87000 3515 3520 30 3564 3451 3477 3420 3264 3273 
87100 3527 3541 42 3556 3443 3480 3421 3281 3284 
87200 3529 3531 31 3571 3423 3458 3391 3254 3248 
87300 3532 3527 42 3570 3440 3456 3411 3255 3247 
87400 3510 3522 45 3558 3398 3458 3397 3240 3245 
87500 3502 3523 28 3558 3461 3475 3422 3299 3307 
87600 3523 3528 38 3559 3439 3470 3408 3291 3293 
87700 3521 3528 37 3570 3400 3445 3384 3233 3250 
87800 3494 3511 45 3553 3413 3452 3396 3257 3255 
87900 3497 3501 30 3557 3426 3496 3418 3268 3278 
88000 3525 3527 31 3566 3416 3444 3389 3207 3214 
88100 3524 3531 36 3566 3432 3482 3427 3250 3257 
88200 3503 3544 23 3572 3421 3458 3411 3253 3250 
88300 3537 3530 34 3567 3442 3507 3416 3268 3275 
88400 3501 3514 60 3541 3405 3460 3376 3222 3221 
88500 3527 3532 56 3566 3422 3465 3385 3212 3215 
88600 3513 3532 36 3561 3439 3479 3433 3257 3252 
88700 3518 3516 34 3570 3388 3433 3385 3230 3234 
88800 3510 3524 40 3558 3442 3476 3434 3276 3289 
88900 3510 3526 37 3562 3434 3467 3435 3258 3261 
89000 3526 3524 28 3567 3449 3470 3429 3272 3287 
89100 3527 3539 52 3561 3401 3477 3401 3252 3265 
89200 3505 3531 28 3553 3428 3440 3403 3245 3247 
89300 3525 3535 28 3559 3417 3460 3385 3245 3240 
89400 3522 3531 30 3564 3437 3459 3405 3278 3280 
89500 3514 3541 29 3549 3457 3482 3432 3289 3299 
89600 3529 3544 53 3567 3411 3453 3400 3263 3269 
89700 3518 3527 35 3580 3410 3479 3394 3248 3248 
89800 3531 3535 35 3560 3446 3462 3407 3276 3281 
89900 3500 3519 48 3571 3428 3434 3392 3232 3233 
90000 3499 3540 40 3567 3403 3444 3396 3203 3207 
90100 3504 3536 37 3561 3409 3451 3385 3252 3254 
90200 3527 3539 44 3570 3422 3478 3411 3276 3286 
90300 3507 3546 28 3561 3430 3475 3421 3276 3273 
90400 3509 3530 40 3570 3433 3475 3441 3300 3302 
90500 3517 3530 48 3572 3427 3461 3415 3228 3237 
90600 3497 3514 36 3557 3428 3487 3407 3252 3261 
90700 3521 3536 30 3556 3436 3472 3404 3260 3262 
90800 3514 3533 44 3564 3442 3472 3417 3289 3289 
90900 3515 3533 29 3564 3410 3475 3405 3254 3260 
91000 3482 3525 35 3570 3448 3485 3431 3285 3299 
91100 3496 3529 42 3565 3394 3434 3366 3212 3213 
91200 3503 3540 35 3559 3427 3473 3406 3262 3264 
91300 3539 3538 35 3569 3441 3465 3396 3233 3223 
91400 3517 3534 35 3567 3425 3457 3402 3270 3267 
91500 3494 3539 28 3559 3441 3469 3395 3219 3230 
91600 3504 3518 37 3569 3430 3463 3406 3238 3245 
91700 3534 3532 29 3562 3437 3473 3410 3274 3265 
91800 3519 3530 44 3562 3407 3471 3379 3235 3241 
91900 3522 3547 33 3569 3408 3481 3408 3257 3259 
92000 3528 3534 40 3561 3427 3479 3408 3283 3286 
92100 3517 3541 35 3570 3441 3485 3425 3293 3308 
92200 3517 3532 49 3551 3420 3468 3406 3252 3247 
92300 3493 3529 47 3570 3445 3482 3427 3268 3267 
92400 3512 3522 36 3570 3399 3461 3394 3233 3240 
92500 3518 3540 21 3569 3429 3475 3420 3292 3295 
92600 3527 3550 34 3563 3417 3445 3403 3238 3240 
92700 3469 3529 40 3566 3434 3480 3392 3222 3234 
92800 3541 3533 36 3568 3458 3483 3428 3303 3308 
92900 3512 3544 45 3578 3435 3468 3433 3296 3294 
93000 3497 3514 50 3567 3442 3494 3397 3272 3274 
93100 3488 3521 31 3559 3416 3452 3393 3245 3255 
93200 3539 3544 33 3580 3450 3484 3432 3306 3310 
93300 3511 3521 39 3554 3423 3423 3406 3243 3249 
93400 3511 3547 38 3567 3427 3469 3410 3265 3267 
93500 3514 3529 29 3557 3410 3467 3386 3217 3220 
93600 3518 3545 41 3579 3416 3472 3402 3288 3288 
93700 3512 3535 37 3558 3424 3438 3399 3239 3243 
93800 3538 3528 39 3569 3392 3422 3396 3233 3235 
93900 3504 3534 33 3561 3423 3449 3396 3219 3228 
94000 3505 3542 38 3562 3432 3470 3419 3273 3281 
94100 3541 3545 28 3568 3435 3464 3415 3254 3255 
94200 3534 3530 33 3575 3443 3466 3406 3274 3282 
94300 3510 3532 39 3558 3406 3440 3392 3227 3236 
94400 3511 3544 37 3550 3440 3455 3421 3262 3265 
94500 3517 3546 29 3563 3448 3472 3433 3299 3306 
94600 3528 3547 44 3571 3439 3471 3416 3279 3286 
94700 3501 3524 36 3564 3447 3474 3405 3229 3231 
94800 3520 3548 39 3568 3428 3447 3417 3259 3267 
94900 3523 3521 32 3575 3466 3478 3435 3265 3270 
95000 3507 3537 39 3559 3454 3485 3421 3269 3279 
95100 3510 3543 33 3552 3421 3475 3416 3275 3279 
95200 3512 3554 33 3557 3417 3454 3403 3262 3255 
95300 3486 3526 39 3567 3443 3453 3406 3249 3263 
95400 3539 3536 45 3561 3404 3463 3397 3250 3248 
95500 3510 3551 43 3574 3435 3477 3425 3281 3284 
95600 3492 3523 35 3568 3425 3465 3405 3256 3247 
95700 3522 3551 39 3570 3421 3484 3409 3275 3268 
95800 3523 3527 49 3575 3436 3467 3407 3254 3260 
95900 3491 3497 30 3562 3436 3478 3426 3277 3286 
96000 3523 3540 34 3565 3441 3455 3393 3251 3243 
96100 3518 3545 46 3570 3409 3458 3407 3266 3261 
96200 3507 3521 29 3555 3433 3473 3396 3206 3202 
96300 3522 3528 40 3571 3441 3499 3404 3281 3292 
96400 3523 3540 44 3553 3424 3462 3405 3261 3262 
96500 3514 3535 44 3558 3417 3473 3400 3224 3225 
96600 3525 3527 32 3561 3461 3470 3413 3260 3270 
96700 3506 3532 44 3553 3427 3471 3403 3246 3254 
96800 3518 3539 36 3568 3427 3469 3374 3252 3249 
96900 3512 3511 28 3569 3428 3465 3398 3237 3251 
97000 3516 3535 43 3569 3437 3470 3426 3248 3256 
97100 3505 3538 34 3568 3440 3474 3425 3268 3268 
97200 3514 3531 42 3567 3450 3464 3435 3253 3263 
97300 3487 3517 42 3563 3449 3472 3419 3270 3288 
97400 3514 3526 23 3561 3493 3500 3450 3276 3291 
97500 3521 3540 40 3563 3431 3473 3409 3289 3307 
97600 3535 3525 45 3570 3445 3493 3443 3287 3292 
97700 3515 3539 36 3577 3454 3472 3407 3260 3258 
97800 3492 3547 39 3566 3432 3469 3403 3263 3261 
97900 3473 3542 43 3556 3449 3480 3420 3252 3261 
98000 3529 3524 36 3547 3462 3480 3438 3285 3293 
98100 3505 3487 38 3547 3446 3472 3419 3238 3249 
98200 3525 3530 30 3565 3424 3467 3400 3272 3272 
98300 3499 3527 37 3562 3442 3469 3412 3277 3284 
98400 3498 3539 38 3573 3434 3467 3415 3279 3293 
98500 3530 3540 47 3575 3434 3453 3417 3243 3242 
98600 3533 3548 22 3576 3443 3458 3429 3290 3289 
98700 3511 3544 27 3567 3450 3467 3409 3266 3275 
98800 3505 3541 51 3566 3411 3451 3395 3245 3242 
98900 3501 3513 39 3565 3444 3468 3418 3263 3269 
99000 3513 3525 37 3574 3438 3467 3415 3259 3257 
99100 3519 3532 38 3564 3428 3472 3407 3248 3249 
99200 3520 3530 34 3568 3423 3474 3414 3251 3259 
99300 3516 3520 40 3562 3415 3487 3403 3252 3251 
99400 3529 3536 32 3569 3461 3472 3443 3261 3269 
99500 3506 3525 53 3560 3453 3454 3423 3265 3274 
99600 3519 3537 44 3561 3433 3467 3405 3245 3246 
99700 3495 3544 51 3575 3444 3474 3426 3271 3277 
99800 3528 3534 23 3562 3454 3484 3440 3302 3300 
99900 3529 3541 31 3568 3417 3471 3417 3268 3264 
100000 3511 3548 44 3568 3469 3474 3452 3273 3280 
