# Avida Average Data
# Fri Jun 15 12:58:46 2018
#  1: Update
#  2: Merit
#  3: Gestation Time
#  4: Fitness
#  5: Repro Rate?
#  6: (deprecated) Size
#  7: Copied Size
#  8: Executed Size
#  9: (deprecated) Abundance
# 10: Proportion of organisms that gave birth in this update
# 11: Proportion of Breed True Organisms
# 12: (deprecated) Genotype Depth
# 13: Generation
# 14: Neutral Metric
# 15: Lineage Label
# 16: True Replication Rate (based on births/update, time-averaged)

0 97 389 0 0 0 100 97 0 1 1 0 0 0 0 0 
100 96.5207 387.917 0.248795 0 0 99.9917 96.5207 0 0 0 0 6.95868 -4.41154 0 0 
200 96.07 387.407 0.247953 0 0 99.9481 96.1206 0 0.0291667 0.02 0 14.9072 -4.37563 0 0 
300 96.3319 388.88 0.247909 0 0 100.427 96.5311 0 0.0719444 0.0488889 0 22.7053 -4.45133 0 0 
400 96.2797 389.021 0.247404 0 0 100.563 96.3553 0 0.07 0.0427778 0 30.4303 -4.78599 0 0 
500 96.9317 391.697 0.247678 0 0 101.279 97.1478 0 0.0636111 0.0411111 0 38.1069 -5.19411 0 0.165375 
600 97.1325 392.321 0.247815 0 0 101.588 97.3614 0 0.0508333 0.0330556 0 45.8278 -5.01789 0 0.164921 
700 97.0328 391.289 0.24815 0 0 101.698 97.2492 0 0.045 0.0286111 0 53.6117 -5.67407 0 0.165335 
800 97.0861 390.304 0.248837 0 0 101.706 97.1722 0 0.0422222 0.0297222 0 61.4144 -6.41466 0 0.165752 
900 97.3389 389.945 0.249645 0 0 101.852 97.3919 0 0.0488889 0.0322222 0 69.2642 -6.04034 0 0.166195 
1000 98.5814 393.5 0.250888 0 0 102.953 98.76 0 0.0438889 0.0277778 0 77.1039 -5.18385 0 0.166605 
1100 98.7006 393.849 0.251647 0 0 103.492 99.1231 0 0.0433333 0.0305556 0 84.9939 -4.93959 0 0.166903 
1200 98.7003 389.319 0.255185 0 0 103.45 98.9733 0 0.0488889 0.03 0 93.3253 -4.92487 0 0.167176 
1300 99.4097 382.801 0.264015 0 0 104.189 99.7764 0 0.0511111 0.0338889 0 102.772 -5.55821 0 0.16817 
1400 98.2372 350.827 0.28799 0 0 102.91 98.2733 0 0.0591667 0.04 0 116.288 -8.38253 0 0.170532 
1500 97.4806 317.159 0.316383 0 0 102.527 97.5975 0 0.0586111 0.0383333 0 132.854 -10.8322 0 0.175647 
1600 97.0886 292.511 0.336479 0 0 101.828 97.0939 0 0.0627778 0.0427778 0 148.346 -12.0976 0 0.183616 
1700 97.2356 286.145 0.341331 0 0 102.191 97.2358 0 0.0794444 0.0516667 0 160.286 -12.14 0 0.192347 
1800 97.0194 284.074 0.343731 0 0 101.91 97.0194 0 0.0622222 0.0369444 0 171.391 -12.0987 0 0.200576 
1900 97.4533 286.221 0.343939 0 0 102.2 97.4533 0 0.0602778 0.0405556 0 182.218 -12.3723 0 0.207857 
2000 97.3947 283.6 0.347148 0 0 102.094 97.4228 0 0.0630556 0.0405556 0 193.412 -12.6509 0 0.212322 
2100 97.2458 279.511 0.351598 0 0 102.148 97.2717 0 0.0505556 0.0358333 0 204.769 -13.3252 0 0.214373 
2200 97.0936 275.516 0.358525 0 0 102.079 97.0953 0 0.0663889 0.0475 0 216.805 -13.8063 0 0.216091 
2300 97.0172 265.747 0.36996 0 0 101.867 97.0208 0 0.0666667 0.0483333 0 229.911 -15.9582 0 0.218823 
2400 96.9261 257.309 0.381746 0 0 101.787 96.9528 0 0.0741667 0.05 0 243.947 -17.3379 0 0.222046 
2500 96.9572 248.359 0.393736 0 0 101.76 96.7417 0 0.0713889 0.05 0 258.242 -19.1092 0 0.22677 
2600 153.039 245.546 0.629399 0 0 101.945 96.61 0 0.0686111 0.0452778 0 279.383 -23.1816 0 0.240407 
2700 185.771 244.645 0.765596 0 0 101.794 96.3756 0 0.0627778 0.0458333 0 298.38 -24.92 0 0.285832 
2800 187.653 243.921 0.772338 0 0 101.921 96.4903 0 0.0888889 0.0619444 0 311.568 -25.2774 0 0.335224 
2900 186.414 245.111 0.767833 0 0 101.733 96.0122 0 0.0741667 0.0491667 0 324.441 -25.8923 0 0.383643 
3000 187.259 243.422 0.773501 0 0 101.782 96.1389 0 0.0669444 0.0486111 0 337.398 -25.4561 0 0.430895 
3100 187.395 244.986 0.773379 0 0 101.696 96.1322 0 0.0763889 0.0541667 0 350.321 -26.4028 0 0.469333 
3200 188.841 243.673 0.779859 0 0 101.807 96.4468 0 0.0705752 0.049736 0 363.243 -26.5748 0 0.475153 
3300 188.659 242.738 0.780844 0 0 101.755 96.4669 0 0.0788889 0.0541667 0 376.16 -27.5454 0 0.476521 
3400 188.91 243.018 0.78223 0 0 101.742 96.5628 0 0.0638889 0.0469444 0 389.061 -28.1011 0 0.478137 
3500 188.274 243.554 0.77962 0 0 101.861 96.6583 0 0.0777778 0.0575 0 402.016 -29.0323 0 0.479042 
3600 188.653 244.945 0.779934 0 0 101.76 96.665 0 0.075 0.0527778 0 414.996 -28.5014 0 0.479484 
3700 190.001 243.981 0.785913 0 0 101.851 96.8156 0 0.0747222 0.0530556 0 427.859 -28.0732 0 0.480804 
3800 188.823 241.662 0.783616 0 0 101.828 96.8156 0 0.0783333 0.0605556 0 440.88 -28.1951 0 0.481828 
3900 188.616 242.074 0.782997 0 0 101.829 96.6142 0 0.0758333 0.055 0 453.796 -28.1857 0 0.481761 
4000 189.073 244.013 0.784576 0 0 101.78 96.6328 0 0.0694444 0.0488889 0 466.907 -27.5241 0 0.482267 
4100 188.449 242.249 0.783126 0 0 101.76 96.6478 0 0.0805556 0.055 0 479.976 -26.6861 0 0.482695 
4200 189.118 243.468 0.785675 0 0 101.837 96.485 0 0.0730556 0.0527778 0 492.961 -24.2922 0 0.48307 
4300 187.704 243.819 0.779542 0 0 101.847 96.5753 0 0.0811111 0.0566667 0 505.945 -24.6254 0 0.482344 
4400 188.093 243.645 0.782524 0 0 101.72 96.3806 0 0.0772222 0.0547222 0 519.038 -22.1931 0 0.482842 
4500 188.909 242.046 0.787709 0 0 101.894 96.6825 0 0.0730556 0.0519444 0 532.235 -21.4329 0 0.483005 
4600 189.163 241.644 0.789589 0 0 101.831 96.6478 0 0.0722222 0.05 0 545.446 -22.1114 0 0.483886 
4700 189.447 239.535 0.792929 0 0 101.722 96.6667 0 0.0752778 0.0502778 0 558.577 -21.8193 0 0.48406 
4800 189.714 240.277 0.796166 0 0 101.899 96.7586 0 0.0841667 0.0608333 0 571.932 -21.7057 0 0.485322 
4900 189.478 240.311 0.796695 0 0 101.964 96.8669 0 0.0747222 0.0561111 0 585.466 -20.342 0 0.487246 
5000 190.106 237.965 0.802447 0 0 101.997 97.0139 0 0.0783333 0.0555556 0 598.972 -20.4998 0 0.489318 
5100 189.731 237.91 0.803156 0 0 101.917 97.0692 0 0.0666667 0.0444444 0 612.756 -20.2405 0 0.490439 
5200 190.33 235.606 0.813391 0 0 102.058 97.2844 0 0.0713889 0.0497222 0 627.296 -21.9584 0 0.492687 
5300 191.437 235.006 0.82306 0 0 102.272 97.8339 0 0.0791667 0.055 0 642.36 -23.1617 0 0.495979 
5400 191.426 234.212 0.82746 0 0 102.289 97.65 0 0.0852778 0.0561111 0 657.023 -23.6674 0 0.498255 
5500 191.279 231.809 0.833995 0 0 102.471 98.1872 0 0.0741667 0.0488889 0 672.951 -23.5949 0 0.501517 
5600 191.633 231.488 0.844046 0 0 102.55 98.3194 0 0.0777778 0.0533333 0 689.683 -24.9845 0 0.506659 
5700 192.872 230.385 0.851137 0 0 102.67 98.6342 0 0.0811111 0.0538889 0 704.443 -24.8911 0 0.511482 
5800 192.632 228.612 0.85295 0 0 102.694 98.9433 0 0.0919444 0.0625 0 719.532 -25.2461 0 0.515644 
5900 192.939 227.776 0.858106 0 0 102.767 98.9414 0 0.0786111 0.0525 0 734.008 -26.4761 0 0.520225 
6000 192.841 228.759 0.857593 0 0 102.775 98.9661 0 0.0775 0.0558333 0 748.32 -25.7505 0 0.523782 
6100 192.783 227.525 0.859373 0 0 102.901 99.0353 0 0.0888889 0.0636111 0 762.635 -26.3057 0 0.525371 
6200 194.209 227.863 0.864682 0 0 103.027 99.3581 0 0.0780556 0.0561111 0 776.421 -23.9176 0 0.527728 
6300 193.766 225.594 0.866759 0 0 102.978 99.3186 0 0.0833333 0.0577778 0 790.759 -24.7576 0 0.529207 
6400 193.854 227.241 0.865533 0 0 103.059 99.5703 0 0.0688889 0.0472222 0 804.615 -23.8462 0 0.530345 
6500 194.623 227.373 0.869571 0 0 103.027 99.4097 0 0.0908333 0.0652778 0 818.703 -23.8333 0 0.531957 
6600 194.637 227.856 0.867329 0 0 103.132 99.7181 0 0.0838889 0.0588889 0 832.75 -22.8972 0 0.534015 
6700 194.075 227.651 0.866303 0 0 103.063 99.4744 0 0.0880556 0.0611111 0 847.133 -21.5986 0 0.534516 
6800 194.133 227.171 0.867394 0 0 103.147 99.6072 0 0.0766667 0.05 0 861.62 -21.6071 0 0.534688 
6900 194.664 226.682 0.870496 0 0 103.187 99.7231 0 0.0886111 0.0561111 0 875.747 -22.591 0 0.535371 
7000 194.811 226.884 0.869654 0 0 103.243 99.7697 0 0.0827778 0.0572222 0 889.712 -22.6803 0 0.535484 
7100 194.692 226.146 0.871077 0 0 103.166 99.6689 0 0.0858333 0.0608333 0 903.631 -23.0379 0 0.535214 
7200 195.609 225.958 0.876223 0 0 103.309 99.9383 0 0.0863889 0.0575 0 917.541 -25.0486 0 0.535355 
7300 193.469 226.405 0.867229 0 0 103.169 99.5431 0 0.0855556 0.0619444 0 931.666 -25.1969 0 0.536366 
7400 195.724 227.585 0.876085 0 0 103.368 99.9594 0 0.0783333 0.0583333 0 945.941 -26.9002 0 0.536285 
7500 194.735 225.251 0.875527 0 0 103.457 99.9906 0 0.0872222 0.06 0 960.466 -26.3802 0 0.537817 
7600 195.301 225.704 0.880725 0 0 103.657 99.9722 0 0.0719444 0.0488889 0 974.874 -27.4719 0 0.539195 
7700 196.318 224.231 0.887667 0 0 103.817 100.309 0 0.0938889 0.0680556 0 990.382 -27.6983 0 0.541244 
7800 197.526 223.903 0.896727 0 0 104.267 100.903 0 0.0927778 0.0627778 0 1005.81 -27.1283 0 0.543294 
7900 196.785 222.631 0.895694 0 0 104.38 100.8 0 0.0758333 0.0544444 0 1020.52 -28.4902 0 0.546296 
8000 198.621 223.938 0.905316 0 0 104.676 101.292 0 0.0863889 0.0597222 0 1035.69 -29.3963 0 0.549026 
8100 198.115 220.773 0.908907 0 0 104.825 101.374 0 0.0797222 0.0505556 0 1051.85 -32.4377 0 0.55263 
8200 199.15 219.769 0.916308 0 0 104.886 101.506 0 0.0805556 0.0572222 0 1066.53 -32.9221 0 0.555675 
8300 199.712 219.357 0.920752 0 0 104.975 101.494 0 0.0877778 0.0605556 0 1081.88 -32.6018 0 0.559248 
8400 200.725 220.292 0.926113 0 0 105.414 101.947 0 0.0877778 0.0575 0 1096.81 -31.0937 0 0.562408 
8500 200.191 220.836 0.920885 0 0 105.409 101.906 0 0.0836111 0.0541667 0 1111.29 -30.4586 0 0.564913 
8600 200.132 218.942 0.923853 0 0 105.431 101.888 0 0.0913889 0.0627778 0 1126.15 -27.8667 0 0.567064 
8700 200.787 221.368 0.925549 0 0 105.528 102.087 0 0.0772222 0.0491667 0 1140.59 -25.5717 0 0.569146 
8800 201.238 223.143 0.924076 0 0 105.619 102.198 0 0.0794444 0.0583333 0 1155.19 -25.9136 0 0.57002 
8900 200.222 225.474 0.917918 0 0 105.918 102.388 0 0.09 0.0638889 0 1170.12 -20.5157 0 0.571144 
9000 201.073 225.134 0.921991 0 0 105.967 102.504 0 0.0847222 0.0605556 0 1185.15 -19.4329 0 0.572242 
9100 201.643 224.302 0.925758 0 0 106.069 102.638 0 0.0858333 0.0569444 0 1199.61 -20.056 0 0.572846 
9200 201.872 220.993 0.929301 0 0 106.08 102.609 0 0.0983333 0.0680556 0 1214.44 -17.198 0 0.574052 
9300 203.349 220.418 0.936352 0 0 106.328 102.914 0 0.0780556 0.0561111 0 1229.1 -15.7387 0 0.576537 
9400 202.126 223.47 0.929135 0 0 106.325 102.855 0 0.0769444 0.0536111 0 1243.44 -16.0557 0 0.577654 
9500 202.538 225.251 0.928183 0 0 106.371 102.911 0 0.0733333 0.0527778 0 1258.02 -13.8905 0 0.578252 
9600 203.157 225.961 0.931511 0 0 106.571 103.062 0 0.0838889 0.06 0 1272.67 -11.2689 0 0.579586 
9700 202.887 225.865 0.927948 0 0 106.641 103.291 0 0.0838889 0.0608333 0 1287.1 -11.0639 0 0.57977 
9800 202.647 222.545 0.928489 0 0 106.5 103.128 0 0.0930556 0.0663889 0 1301.62 -11.602 0 0.57854 
9900 203.522 225.725 0.929801 0 0 106.763 103.559 0 0.0911111 0.0616667 0 1316.39 -10.5359 0 0.579104 
10000 203.246 224.265 0.930612 0 0 106.8 103.484 0 0.0866667 0.0605556 0 1330.93 -11.1683 0 0.578957 
10100 202.488 221.649 0.929751 0 0 106.814 103.439 0 0.0844444 0.0591667 0 1345.43 -10.9172 0 0.578829 
10200 202.469 225.164 0.926172 0 0 106.767 103.214 0 0.0847222 0.0530556 0 1359.97 -10.3031 0 0.579396 
10300 203.954 225.34 0.931565 0 0 106.9 103.468 0 0.0936111 0.0630556 0 1374.6 -7.6283 0 0.579588 
10400 203.327 224.456 0.930928 0 0 106.827 103.183 0 0.0841667 0.06 0 1389.25 -5.74175 0 0.579461 
10500 203.161 222.721 0.930975 0 0 106.721 103.202 0 0.0922222 0.0652778 0 1403.46 -4.99426 0 0.580169 
10600 203.006 225.688 0.927263 0 0 106.901 103.325 0 0.0869444 0.0566667 0 1418.17 -4.51065 0 0.579206 
10700 202.805 226 0.925047 0 0 106.881 103.351 0 0.0863889 0.0575 0 1432.27 -5.12004 0 0.5789 
10800 202.718 222.955 0.929583 0 0 106.634 102.988 0 0.0811111 0.0530556 0 1446.72 -5.7453 0 0.578919 
10900 203.542 224.419 0.93118 0 0 106.949 103.338 0 0.0772222 0.0502778 0 1461.03 -4.92292 0 0.578238 
11000 203.328 223.466 0.933936 0 0 106.92 103.288 0 0.0863889 0.0597222 0 1475.71 -5.03658 0 0.578311 
11100 202.507 226.132 0.928553 0 0 106.795 103.148 0 0.0888889 0.0580556 0 1490.54 -3.28357 0 0.57969 
11200 202.168 221.67 0.93057 0 0 106.694 102.998 0 0.0830556 0.0594444 0 1505.13 -2.51334 0 0.580303 
11300 202.872 224.059 0.930223 0 0 106.691 103.182 0 0.095 0.0641667 0 1519.47 -3.2468 0 0.581403 
11400 202.383 224.514 0.927346 0 0 106.636 103.033 0 0.0955556 0.0655556 0 1533.75 -3.54962 0 0.582706 
11500 202.915 223.946 0.930138 0 0 106.711 103.046 0 0.0844444 0.0566667 0 1548.41 -2.12461 0 0.582378 
11600 202.926 226.278 0.9291 0 0 106.784 103.057 0 0.0758333 0.0502778 0 1562.97 -3.30385 0 0.582065 
11700 203.035 222.002 0.93275 0 0 106.795 103.148 0 0.0813889 0.0583333 0 1577.65 -3.65066 0 0.582052 
11800 203.265 221.466 0.933863 0 0 106.757 103.186 0 0.0877778 0.0627778 0 1592.13 -3.88803 0 0.581299 
11900 202.359 224.826 0.927658 0 0 106.81 103.26 0 0.0852778 0.0572222 0 1606.65 -6.65875 0 0.580654 
12000 203.782 224.444 0.933635 0 0 106.924 103.327 0 0.0780556 0.0494444 0 1621.92 -8.25289 0 0.581724 
12100 202.762 223.062 0.930164 0 0 106.905 103.159 0 0.0855556 0.0611111 0 1636.66 -10.2101 0 0.582205 
12200 203.981 222.988 0.937531 0 0 107.022 103.17 0 0.0855556 0.0558333 0 1651.34 -10.288 0 0.58253 
12300 202.97 223.464 0.930189 0 0 107.37 103.032 0 0.0822222 0.0558333 0 1665.72 -12.7403 0 0.583676 
12400 203.492 220.642 0.935736 0 0 107.121 103.334 0 0.0777778 0.0541667 0 1679.85 -12.5165 0 0.584735 
12500 203.916 222.671 0.93707 0 0 107.17 103.159 0 0.0897222 0.0611111 0 1694.48 -12.8403 0 0.584133 
12600 203.649 222.304 0.934276 0 0 107.119 103.122 0 0.0902778 0.0613889 0 1708.96 -14.0164 0 0.584725 
12700 203.371 225.562 0.928754 0 0 107.238 103.193 0 0.0877778 0.0608333 0 1723.63 -14.8822 0 0.584445 
12800 203.427 223.385 0.930713 0 0 107.295 103.378 0 0.0905556 0.0619444 0 1738.26 -15.5663 0 0.584425 
12900 202.805 222.733 0.929426 0 0 107.372 103.139 0 0.0727778 0.0486111 0 1753.03 -17.8756 0 0.58386 
13000 203.255 222.785 0.932613 0 0 107.212 103.011 0 0.0891667 0.0613889 0 1767.61 -18.2611 0 0.583678 
13100 203.508 222.559 0.932322 0 0 107.39 103.274 0 0.0863889 0.0608333 0 1782.21 -17.7135 0 0.582966 
13200 203.284 224.041 0.929508 0 0 107.524 103.323 0 0.0880556 0.0591667 0 1797.15 -18.6175 0 0.582594 
13300 203.246 221.183 0.933664 0 0 107.271 103.284 0 0.0825 0.0597222 0 1811.86 -18.9637 0 0.582127 
13400 203.52 222.299 0.935168 0 0 107.24 103.211 0 0.0877778 0.0613889 0 1826.84 -21.0675 0 0.582042 
13500 203.199 222.431 0.932039 0 0 107.441 103.351 0 0.0916667 0.0613889 0 1841.27 -20.3056 0 0.583113 
13600 203.122 222.999 0.932575 0 0 107.365 103.129 0 0.0869444 0.0588889 0 1856.28 -20.6755 0 0.583952 
13700 203.196 223.749 0.933936 0 0 107.266 103.374 0 0.0841667 0.0561111 0 1871.25 -22.2215 0 0.584738 
13800 203.961 222.191 0.936997 0 0 107.772 103.491 0 0.0858333 0.0572222 0 1885.8 -21.6572 0 0.584523 
13900 203.014 222.106 0.934405 0 0 107.209 103.139 0 0.0841667 0.055 0 1900.04 -18.2537 0 0.585182 
14000 204.451 222.077 0.94068 0 0 107.37 103.246 0 0.0869444 0.0572222 0 1914.65 -20.028 0 0.584844 
14100 203.821 222.661 0.937715 0 0 107.156 103.377 0 0.0847222 0.0580556 0 1928.77 -20.3327 0 0.584514 
14200 202.999 221.964 0.933649 0 0 107.148 103.151 0 0.0816667 0.0566667 0 1942.96 -19.0695 0 0.583664 
14300 203.246 220.687 0.9378 0 0 106.992 103.111 0 0.0891667 0.0602778 0 1957.24 -17.6685 0 0.584252 
14400 202.972 221.532 0.934012 0 0 106.982 103.03 0 0.085 0.0597222 0 1971.39 -19.736 0 0.583863 
14500 202.037 220.978 0.930512 0 0 106.866 102.773 0 0.09 0.0597222 0 1986.18 -18.8644 0 0.5827 
14600 202.968 220.803 0.935956 0 0 107.079 103.049 0 0.075 0.0511111 0 2000.93 -22.1223 0 0.582056 
14700 202.476 221.277 0.933828 0 0 107.017 102.816 0 0.0913889 0.0630556 0 2015.3 -22.8758 0 0.582482 
14800 202.899 221.622 0.935172 0 0 107.023 102.941 0 0.0891667 0.0619444 0 2029.99 -22.3957 0 0.58201 
14900 203.197 222.056 0.935637 0 0 106.779 102.824 0 0.0891667 0.0627778 0 2044.56 -22.604 0 0.582005 
15000 203.143 221.688 0.933144 0 0 106.869 102.901 0 0.0827778 0.0541667 0 2058.49 -21.8491 0 0.582173 
15100 203.357 223.869 0.932243 0 0 107.052 102.979 0 0.0769444 0.0536111 0 2072.7 -21.6274 0 0.582193 
15200 202.644 221.056 0.932646 0 0 107.029 103.002 0 0.0905556 0.0588889 0 2087.35 -21.2702 0 0.582067 
15300 203.121 224.218 0.931106 0 0 107.075 103.207 0 0.0872222 0.0577778 0 2101.82 -24.8761 0 0.581401 
15400 203.109 224.621 0.930864 0 0 107.168 102.985 0 0.0933333 0.0627778 0 2116.35 -25.1258 0 0.580149 
15500 202.13 221.231 0.931058 0 0 106.947 102.897 0 0.0788889 0.0522222 0 2130.43 -26.3159 0 0.579942 
15600 203.075 222.996 0.931533 0 0 107.306 103.154 0 0.0858333 0.0619444 0 2145.13 -28.2059 0 0.579226 
15700 202.916 220.381 0.933668 0 0 106.904 102.937 0 0.0755556 0.0508333 0 2159.53 -28.9306 0 0.578195 
15800 202.921 223.685 0.931254 0 0 106.986 103.058 0 0.0886111 0.0627778 0 2174.02 -29.3294 0 0.578258 
15900 203.436 221.988 0.933704 0 0 107.173 103.245 0 0.0944444 0.0647222 0 2188.16 -29.3751 0 0.578311 
16000 202.664 224.889 0.924668 0 0 107.216 103.403 0 0.0875 0.0597222 0 2202.3 -29.3018 0 0.578285 
16100 203.611 221.859 0.933715 0 0 107.077 103.241 0 0.0911111 0.0602778 0 2216.69 -29.6143 0 0.578292 
16200 203.491 223.902 0.930728 0 0 107.17 103.401 0 0.0877778 0.0630556 0 2231.12 -29.079 0 0.578962 
16300 203.941 224.409 0.930619 0 0 107.192 103.482 0 0.0727778 0.0527778 0 2245.63 -30.1874 0 0.578966 
16400 203.253 226.799 0.926355 0 0 107.073 103.28 0 0.0858333 0.0591667 0 2259.88 -32.4454 0 0.5793 
16500 203.973 221.903 0.933906 0 0 107.156 103.278 0 0.0894444 0.0622222 0 2274.16 -32.7823 0 0.579688 
16600 204.096 223.411 0.932205 0 0 107.459 103.592 0 0.0880556 0.0652778 0 2288.33 -31.9501 0 0.579679 
16700 203.916 225.074 0.928401 0 0 107.53 103.751 0 0.075 0.0530556 0 2302.49 -30.3552 0 0.579052 
16800 204.002 224.199 0.930066 0 0 107.429 103.623 0 0.0891667 0.0611111 0 2316.35 -30.2288 0 0.578725 
16900 204.041 223.696 0.930095 0 0 107.337 103.508 0 0.0816667 0.0544444 0 2330.29 -30.2548 0 0.579137 
17000 203.662 223.587 0.930141 0 0 107.238 103.437 0 0.100278 0.0694444 0 2344.5 -30.7872 0 0.578743 
17100 203.413 223.274 0.928645 0 0 107.246 103.429 0 0.0786111 0.0508333 0 2359.08 -29.7146 0 0.578534 
17200 203.503 225.949 0.924927 0 0 107.283 103.314 0 0.0769444 0.0552778 0 2372.71 -30.1718 0 0.578754 
17300 204.314 226.221 0.929051 0 0 107.394 103.601 0 0.0961111 0.0627778 0 2386.92 -28.1471 0 0.577755 
17400 203.692 223.049 0.928266 0 0 107.454 103.544 0 0.0988889 0.0711111 0 2401.37 -31.6491 0 0.577181 
17500 203.855 223.16 0.928955 0 0 107.332 103.218 0 0.0877778 0.0611111 0 2415.41 -32.0523 0 0.576512 
17600 203.761 223.586 0.927336 0 0 107.299 103.544 0 0.0922222 0.0602778 0 2430.31 -30.673 0 0.576467 
17700 204.295 224.042 0.931 0 0 107.164 103.307 0 0.0769444 0.0555556 0 2444.64 -32.6647 0 0.576349 
17800 202.862 223.193 0.925362 0 0 107.066 103.265 0 0.0875 0.0594444 0 2459.29 -33.6853 0 0.577492 
17900 204.607 224.744 0.930208 0 0 107.212 103.417 0 0.0888889 0.0594444 0 2473.77 -32.0799 0 0.576984 
18000 204.515 224.738 0.929989 0 0 107.09 103.382 0 0.0733333 0.0511111 0 2488.47 -30.9478 0 0.577443 
18100 203.773 223.128 0.92904 0 0 107.115 103.29 0 0.0755556 0.0477778 0 2503.44 -30.6796 0 0.577723 
18200 203.943 225.224 0.927405 0 0 107.064 103.318 0 0.0891667 0.0594444 0 2517.48 -28.3037 0 0.577503 
18300 204.711 224.702 0.930814 0 0 107.312 103.507 0 0.085 0.0563889 0 2532.47 -26.366 0 0.577542 
18400 203.431 225.034 0.924427 0 0 106.981 103.182 0 0.0766667 0.0541667 0 2546.29 -26.7801 0 0.577606 
18500 203.929 224.246 0.927984 0 0 107.307 103.457 0 0.0805556 0.0583333 0 2560.66 -25.761 0 0.576862 
18600 204.795 223.244 0.931446 0 0 107.269 103.57 0 0.0888889 0.0630556 0 2574.04 -27.8944 0 0.576452 
18700 203.115 226.166 0.920745 0 0 106.986 103.333 0 0.0780556 0.0533333 0 2588.44 -26.2423 0 0.576317 
18800 204.029 223.961 0.927622 0 0 107.018 103.53 0 0.0938889 0.0619444 0 2603.01 -23.6241 0 0.576169 
18900 204.086 226.026 0.926926 0 0 106.977 103.379 0 0.0941667 0.0655556 0 2616.62 -20.4915 0 0.57609 
19000 204.196 227.158 0.924169 0 0 107.068 103.466 0 0.0761111 0.0472222 0 2630.68 -19.8586 0 0.576683 
19100 203.956 225.851 0.923985 0 0 106.933 103.081 0 0.0816667 0.0583333 0 2644.68 -21.7352 0 0.576358 
19200 203.778 227.262 0.922212 0 0 107.021 103.139 0 0.0866667 0.0641667 0 2658.89 -24.8593 0 0.574952 
19300 203.649 225.282 0.922733 0 0 107.029 103.208 0 0.085 0.0561111 0 2672.71 -26.8092 0 0.574025 
19400 202.803 226.424 0.917687 0 0 106.976 103.089 0 0.0775 0.0530556 0 2687.38 -26.6829 0 0.573724 
19500 204.047 227.297 0.920337 0 0 107.176 103.405 0 0.0713889 0.0494444 0 2701.68 -26.5801 0 0.573793 
19600 204.676 228.81 0.919474 0 0 107.336 103.685 0 0.0772222 0.0525 0 2715.35 -26.4867 0 0.573999 
19700 204.396 226.374 0.923852 0 0 107.302 103.827 0 0.0969444 0.0655556 0 2729.27 -26.889 0 0.575193 
19800 203.609 227.267 0.918082 0 0 107.289 103.894 0 0.0794444 0.055 0 2742.82 -24.5088 0 0.575828 
19900 205.754 226.602 0.927205 0 0 107.629 104.164 0 0.0836111 0.0577778 0 2757.18 -28.0607 0 0.575823 
20000 205.409 228.832 0.923748 0 0 107.739 104.211 0 0.0808333 0.0552778 0 2771.31 -25.4639 0 0.57544 
20100 206.277 226.075 0.93029 0 0 107.743 104.422 0 0.0844444 0.0588889 0 2785.62 -27.3846 0 0.576219 
20200 205.084 227.936 0.923637 0 0 107.729 104.146 0 0.0786111 0.0547222 0 2799.5 -24.4742 0 0.576715 
20300 205.5 229.816 0.923237 0 0 107.803 104.364 0 0.0838889 0.0586111 0 2813.81 -25.5869 0 0.576029 
20400 206.651 230.817 0.92613 0 0 107.904 104.605 0 0.0836111 0.0613889 0 2827.98 -28.251 0 0.576158 
20500 205.713 227.719 0.924697 0 0 107.937 104.364 0 0.0836111 0.0572222 0 2841.85 -25.4024 0 0.576093 
20600 204.906 227.684 0.920773 0 0 107.969 104.374 0 0.0891667 0.06 0 2855.82 -23.1889 0 0.5752 
20700 206.548 228.044 0.92916 0 0 108.037 104.401 0 0.0869444 0.0552778 0 2870.59 -26.6969 0 0.575017 
20800 206.04 229.46 0.92472 0 0 108.424 104.694 0 0.0702778 0.0472222 0 2884.8 -29.8354 0 0.575863 
20900 207.058 225.783 0.930873 0 0 108.427 104.669 0 0.0827778 0.0541667 0 2898.63 -30.0656 0 0.576122 
21000 208.47 228.084 0.934339 0 0 109.312 105.484 0 0.0844444 0.0561111 0 2913.41 -39.8133 0 0.577127 
21100 208.539 227.479 0.93444 0 0 109.282 105.701 0 0.0880556 0.0661111 0 2927.67 -41.8048 0 0.577953 
21200 207.221 225.983 0.931892 0 0 108.981 105.203 0 0.0961111 0.0647222 0 2941.36 -37.6922 0 0.577965 
21300 208.08 226.29 0.93288 0 0 109.294 105.546 0 0.0833333 0.0541667 0 2955.86 -40.1764 0 0.578096 
21400 208.222 224.691 0.934677 0 0 109.278 105.409 0 0.0713889 0.0508333 0 2969.66 -38.8496 0 0.578343 
21500 207.249 226.134 0.929923 0 0 109.225 105.518 0 0.0805556 0.0555556 0 2983.82 -40.462 0 0.577853 
21600 209.176 228.051 0.937355 0 0 109.398 105.58 0 0.0825 0.0547222 0 2997.53 -37.905 0 0.577102 
21700 207.927 227.688 0.930107 0 0 109.276 105.253 0 0.0883333 0.0572222 0 3011.25 -36.839 0 0.576991 
21800 208.543 227.986 0.932363 0 0 109.545 105.574 0 0.085 0.0580556 0 3025.86 -40.7678 0 0.576461 
21900 208.454 224.495 0.936551 0 0 109.439 105.609 0 0.0947222 0.0688889 0 3039.89 -44.6296 0 0.57621 
22000 208.148 230.178 0.930742 0 0 109.501 105.415 0 0.0725 0.0508333 0 3053.95 -44.0935 0 0.576628 
22100 208.449 226.423 0.932989 0 0 109.878 105.877 0 0.0833333 0.0583333 0 3068.55 -47.7536 0 0.57716 
22200 207.926 227.674 0.931193 0 0 109.988 105.654 0 0.0780556 0.055 0 3083.66 -50.4766 0 0.57764 
22300 208.974 227.591 0.935468 0 0 110.178 106.055 0 0.0847222 0.0586111 0 3098.25 -55.559 0 0.577094 
22400 208.925 226.541 0.93834 0 0 109.975 105.848 0 0.0797222 0.0566667 0 3111.91 -54.5938 0 0.578375 
22500 209.616 225.388 0.941159 0 0 110.067 105.907 0 0.0977778 0.0644444 0 3126.3 -53.8967 0 0.578609 
22600 208.86 227.136 0.935071 0 0 110.339 106.226 0 0.0858333 0.0613889 0 3140.63 -56.4295 0 0.579268 
22700 209.809 227.567 0.93848 0 0 110.48 106.29 0 0.0775 0.0558333 0 3155.44 -59.6065 0 0.580294 
22800 208.454 224.991 0.935101 0 0 110.505 106.071 0 0.0797222 0.0488889 0 3169.52 -58.5062 0 0.581239 
22900 208.594 227.291 0.934707 0 0 110.405 106.077 0 0.0897222 0.0630556 0 3183.93 -56.9446 0 0.580175 
23000 209.264 229.831 0.933915 0 0 110.549 106.094 0 0.0869444 0.0605556 0 3198.06 -55.7119 0 0.580206 
23100 208.491 226.664 0.934552 0 0 110.602 106.143 0 0.0791667 0.0497222 0 3212.72 -53.528 0 0.579819 
23200 210.155 225.7 0.94214 0 0 110.69 106.462 0 0.0716667 0.0511111 0 3227.01 -53.0925 0 0.578802 
23300 209.209 230.177 0.934582 0 0 110.725 106.414 0 0.0852778 0.0552778 0 3241.12 -52.5042 0 0.578873 
23400 209.461 225.851 0.938455 0 0 110.735 106.062 0 0.0902778 0.0633333 0 3255.03 -53.2433 0 0.578711 
23500 209.621 229.523 0.933853 0 0 110.935 106.431 0 0.0838889 0.0594444 0 3269.2 -52.1474 0 0.57918 
23600 209.923 227.128 0.939483 0 0 110.835 106.456 0 0.0783333 0.0566667 0 3283.49 -50.6622 0 0.579402 
23700 210.204 225.878 0.942227 0 0 110.827 106.588 0 0.0788889 0.0547222 0 3297.95 -48.1605 0 0.579231 
23800 209.537 226.681 0.936675 0 0 110.854 106.602 0 0.0805556 0.0541667 0 3312.23 -46.8782 0 0.579752 
23900 209.731 226.92 0.937472 0 0 110.856 106.702 0 0.0955556 0.0619444 0 3326.51 -48.7459 0 0.581279 
24000 210.294 225.131 0.94239 0 0 110.943 106.805 0 0.0763889 0.0516667 0 3340.99 -46.0975 0 0.580423 
24100 209.753 227.793 0.93661 0 0 110.875 106.743 0 0.0772222 0.0536111 0 3355.27 -46.4112 0 0.580299 
24200 210.424 226.548 0.941954 0 0 111.003 106.812 0 0.0922222 0.0605556 0 3369.33 -45.763 0 0.580279 
24300 210.446 225.274 0.943952 0 0 110.954 106.757 0 0.0841667 0.0569444 0 3383.29 -44.7971 0 0.580276 
24400 210.043 226.237 0.942047 0 0 110.77 106.838 0 0.0833333 0.06 0 3397.7 -41.7803 0 0.579868 
24500 210.769 223.762 0.945812 0 0 110.544 106.611 0 0.0775 0.0516667 0 3412.01 -41.9794 0 0.579884 
24600 210.801 224.882 0.94557 0 0 110.517 106.787 0 0.0786111 0.0538889 0 3426.17 -38.8059 0 0.579909 
24700 210.281 225.559 0.94429 0 0 110.54 106.687 0 0.0769444 0.0516667 0 3440.47 -36.5371 0 0.5808 
24800 209.365 225.023 0.941802 0 0 110.446 106.336 0 0.0772222 0.0552778 0 3454.66 -34.5974 0 0.580323 
24900 209.833 227.724 0.940005 0 0 110.484 106.614 0 0.0902778 0.0611111 0 3468.44 -33.2694 0 0.579937 
25000 208.051 225.94 0.932076 0 0 110.415 106.152 0 0.0816667 0.0563889 0 3482.45 -34.0682 0 0.580136 
25100 209.642 226.364 0.939802 0 0 110.296 106.164 0 0.0869444 0.0575 0 3496.74 -31.2939 0 0.579758 
25200 208.948 228.06 0.936213 0 0 110.203 105.99 0 0.0913889 0.0613889 0 3510.8 -29.057 0 0.579067 
25300 209.074 226.329 0.937725 0 0 110.406 106.209 0 0.0861111 0.0580556 0 3524.7 -28.856 0 0.578633 
25400 208.505 224.028 0.937186 0 0 110.322 106.09 0 0.0738889 0.0538889 0 3538.66 -30.2549 0 0.578405 
25500 209.173 223.443 0.939856 0 0 110.208 106.103 0 0.0858333 0.0594444 0 3552.4 -29.5995 0 0.578044 
25600 209.094 225.367 0.93834 0 0 110.184 106.108 0 0.0919444 0.0619444 0 3566.63 -30.4429 0 0.577906 
25700 208.836 227.357 0.936373 0 0 110.151 105.79 0 0.0811111 0.0541667 0 3580.52 -31.6716 0 0.577652 
25800 209.203 225.002 0.937572 0 0 110.2 106.173 0 0.0791667 0.0555556 0 3594.5 -30.3071 0 0.578047 
25900 209.144 227.503 0.93599 0 0 110.236 106.02 0 0.0791667 0.0488889 0 3608.69 -30.2628 0 0.57757 
26000 208.747 225.903 0.935298 0 0 110.1 106.008 0 0.0794444 0.0519444 0 3622.66 -31.0981 0 0.577207 
26100 210.236 225.714 0.94259 0 0 110.145 106.27 0 0.0766667 0.0519444 0 3636.9 -31.1297 0 0.57688 
26200 209.661 227.352 0.938686 0 0 110.215 106.324 0 0.0872222 0.0580556 0 3650.67 -32.3918 0 0.576538 
26300 208.781 227.267 0.934931 0 0 110.07 106.22 0 0.0858333 0.0611111 0 3664.81 -31.3169 0 0.576457 
26400 209.243 226.759 0.938233 0 0 109.966 106.248 0 0.0888889 0.0633333 0 3678.78 -32.6789 0 0.57728 
26500 209.505 228.791 0.937428 0 0 109.95 106.268 0 0.0722222 0.045 0 3692.74 -32.4978 0 0.577418 
26600 209.879 225.414 0.941494 0 0 110.058 106.296 0 0.0897222 0.0586111 0 3706.94 -32.6752 0 0.577495 
26700 209.57 225.622 0.94039 0 0 110.036 106.229 0 0.0761111 0.0491667 0 3720.87 -30.7372 0 0.57811 
26800 210.392 225.197 0.944139 0 0 109.993 106.409 0 0.0702778 0.0455556 0 3735.16 -30.9707 0 0.5776 
26900 209.533 225.442 0.940578 0 0 109.933 105.962 0 0.0794444 0.0594444 0 3749.04 -30.4796 0 0.57721 
27000 208.489 226.787 0.934297 0 0 110.042 105.963 0 0.0883333 0.0611111 0 3763.24 -30.3171 0 0.576889 
27100 208.464 226.604 0.933567 0 0 109.936 105.852 0 0.0847222 0.0586111 0 3777.14 -33.5343 0 0.577564 
27200 208.054 227.159 0.93221 0 0 109.889 105.699 0 0.0794444 0.0530556 0 3791.01 -32.7088 0 0.57722 
27300 207.528 226.096 0.929417 0 0 109.71 105.585 0 0.0780556 0.0544444 0 3805.1 -32.5588 0 0.576856 
27400 208.239 228.268 0.933218 0 0 109.71 105.673 0 0.0836111 0.0577778 0 3819.44 -34.0396 0 0.576816 
27500 209.198 226.781 0.934251 0 0 110.101 106.083 0 0.0725 0.05 0 3833.38 -35.5952 0 0.577114 
27600 209.874 225.124 0.940867 0 0 110.084 106.114 0 0.0819444 0.0566667 0 3847.7 -37.1791 0 0.577355 
27700 209.597 225.176 0.940588 0 0 109.971 105.942 0 0.0783333 0.0561111 0 3861.66 -37.8515 0 0.577726 
27800 208.463 228.779 0.933681 0 0 109.967 105.776 0 0.0788889 0.0536111 0 3875.65 -35.677 0 0.578276 
27900 208.684 229.488 0.931901 0 0 109.968 105.802 0 0.0811111 0.0536111 0 3889.61 -36.3898 0 0.577723 
28000 208.243 225.853 0.933914 0 0 109.807 105.869 0 0.0830556 0.0580556 0 3903.85 -37.3219 0 0.577766 
28100 209.732 226.752 0.939667 0 0 110.014 106.214 0 0.0861111 0.0586111 0 3918.37 -36.6841 0 0.577407 
28200 208.546 226.797 0.932966 0 0 109.84 106.069 0 0.0697222 0.0486111 0 3932.55 -39.4751 0 0.577374 
28300 209.254 227.335 0.936161 0 0 110.102 106.259 0 0.0852778 0.0569444 0 3946.52 -39.7862 0 0.578511 
28400 208.12 226.755 0.931299 0 0 109.935 105.817 0 0.0733333 0.0483333 0 3960.57 -43.7472 0 0.579405 
28500 210.069 228.741 0.938553 0 0 110.127 106.262 0 0.0797222 0.0561111 0 3974.36 -46.1292 0 0.57883 
28600 209.403 228.934 0.934433 0 0 110.027 106.034 0 0.0688889 0.0441667 0 3988.65 -47.124 0 0.578754 
28700 208.759 225.871 0.934987 0 0 109.892 106.078 0 0.0808333 0.0563889 0 4002.8 -48.9877 0 0.578059 
28800 208.734 228.743 0.933713 0 0 109.689 105.8 0 0.0805556 0.0516667 0 4017.24 -48.5008 0 0.577447 
28900 209.987 230.782 0.936248 0 0 109.812 106.202 0 0.0825 0.0547222 0 4031.22 -50.6127 0 0.576436 
29000 209.52 229.832 0.933186 0 0 109.935 106.113 0 0.0802778 0.0569444 0 4044.97 -48.4545 0 0.576482 
29100 209.289 227.369 0.935089 0 0 110.052 106.184 0 0.0741667 0.05 0 4059.28 -49.6437 0 0.576802 
29200 207.662 227.466 0.928498 0 0 109.809 105.815 0 0.0805556 0.0566667 0 4073.41 -48.6082 0 0.577486 
29300 208.802 227.027 0.933722 0 0 109.969 106.045 0 0.0816667 0.0544444 0 4087.75 -47.8728 0 0.577677 
29400 209.015 225.55 0.935683 0 0 109.873 106.022 0 0.09 0.0625 0 4101.88 -48.0502 0 0.578392 
29500 208.744 230.436 0.928428 0 0 110.104 105.882 0 0.0811111 0.0530556 0 4115.75 -48.4006 0 0.578943 
29600 207.758 226.984 0.92901 0 0 109.91 105.998 0 0.0797222 0.0508333 0 4130.31 -48.382 0 0.578351 
29700 208.553 224.752 0.933849 0 0 109.791 105.773 0 0.0911111 0.0613889 0 4144.35 -48.8147 0 0.577855 
29800 208.013 227.714 0.92732 0 0 110.066 105.885 0 0.0852778 0.0572222 0 4158.19 -50.0143 0 0.577258 
29900 209.512 228.957 0.929898 0 0 110.303 106.294 0 0.0822222 0.0591667 0 4173.01 -49.7756 0 0.576398 
30000 211.333 233.494 0.930607 0 0 111.213 107.377 0 0.0822222 0.0583333 0 4187.02 -48.8965 0 0.576468 
30100 211.036 230.73 0.931497 0 0 110.903 107.345 0 0.0894444 0.0616667 0 4200.77 -48.9905 0 0.576953 
30200 211.994 229.379 0.937634 0 0 110.914 107.386 0 0.0794444 0.0525 0 4214.85 -51.2326 0 0.577501 
30300 209.721 227.128 0.934296 0 0 110.33 106.818 0 0.0894444 0.0577778 0 4229.68 -51.1673 0 0.577 
30400 209.742 228.843 0.935867 0 0 109.846 106.607 0 0.0794444 0.0561111 0 4244.1 -51.4466 0 0.577549 
30500 209.888 227.23 0.9379 0 0 109.794 106.413 0 0.0938889 0.0641667 0 4258.66 -51.3329 0 0.577653 
30600 209.919 228.031 0.940174 0 0 109.541 106.402 0 0.0847222 0.0566667 0 4272.88 -52.4693 0 0.578332 
30700 209.95 225.396 0.941887 0 0 109.649 106.453 0 0.0858333 0.0588889 0 4286.85 -54.1553 0 0.578966 
30800 208.773 224.876 0.935373 0 0 109.595 106.356 0 0.0797222 0.0561111 0 4300.68 -53.9949 0 0.580153 
30900 210.311 227.525 0.938594 0 0 109.835 106.649 0 0.07 0.0475 0 4315.03 -54.5841 0 0.580365 
31000 210.159 229.903 0.93715 0 0 109.777 106.628 0 0.0825 0.0536111 0 4328.91 -55.3354 0 0.580163 
31100 210.166 228.71 0.938634 0 0 109.826 106.575 0 0.0863889 0.0588889 0 4343.49 -56.3541 0 0.57966 
31200 208.785 227.039 0.934464 0 0 109.69 106.066 0 0.0772222 0.0502778 0 4357.44 -54.8184 0 0.579203 
31300 208.679 227.401 0.932437 0 0 109.663 106.366 0 0.0858333 0.0619444 0 4371.45 -56.6093 0 0.579076 
31400 208.803 227.452 0.931702 0 0 109.576 106.233 0 0.0847222 0.0566667 0 4385.54 -56.1171 0 0.577622 
31500 208.695 228.177 0.931222 0 0 109.468 106.07 0 0.0816667 0.0588889 0 4399.32 -56.9411 0 0.577435 
31600 208.919 224.78 0.937788 0 0 109.292 106.052 0 0.0883333 0.0563889 0 4413.93 -58.0977 0 0.576819 
31700 208.874 225.088 0.936802 0 0 109.371 105.984 0 0.0794444 0.0555556 0 4427.73 -58.7715 0 0.575977 
31800 208.435 227.628 0.933637 0 0 109.479 106.024 0 0.0780556 0.0561111 0 4442.27 -59.4724 0 0.574423 
31900 208.396 228.048 0.932146 0 0 109.54 106.162 0 0.0880556 0.0619444 0 4456.18 -60.0228 0 0.575131 
32000 208.999 225.501 0.935671 0 0 109.548 106.216 0 0.0808333 0.0558333 0 4470.52 -58.3952 0 0.57569 
32100 209.495 225.315 0.938309 0 0 109.685 106.352 0 0.0786111 0.0555556 0 4485.33 -57.2927 0 0.576283 
32200 209.587 224.444 0.940143 0 0 109.738 106.314 0 0.0927778 0.0641667 0 4499.64 -58.6478 0 0.576493 
32300 207.961 224.019 0.934056 0 0 109.576 106.142 0 0.0805556 0.0536111 0 4513.78 -58.6322 0 0.578084 
32400 209.509 228.076 0.936911 0 0 109.819 106.515 0 0.0825 0.0572222 0 4528.11 -58.2659 0 0.578707 
32500 209.652 226.034 0.939966 0 0 109.818 106.402 0 0.0916667 0.0638889 0 4542.64 -58.7077 0 0.579639 
32600 209.302 224.763 0.941042 0 0 109.698 106.203 0 0.0908333 0.0655556 0 4556.75 -58.405 0 0.579917 
32700 208.379 225.923 0.933999 0 0 109.656 106.026 0 0.0908333 0.0597222 0 4570.36 -60.6388 0 0.580109 
32800 208.626 228.163 0.934021 0 0 109.733 106.037 0 0.0911111 0.0622222 0 4584.72 -59.0576 0 0.579735 
32900 209.243 225.302 0.939604 0 0 109.685 106.069 0 0.0841667 0.0572222 0 4598.73 -58.851 0 0.579992 
33000 209.312 225.042 0.939087 0 0 109.753 106.079 0 0.0730556 0.0497222 0 4612.57 -56.3199 0 0.578671 
33100 209.71 224.618 0.940893 0 0 109.642 106.081 0 0.0863889 0.0625 0 4626.4 -56.3194 0 0.577835 
33200 208.706 225.257 0.936839 0 0 109.396 105.736 0 0.0891667 0.0641667 0 4640.19 -57.2525 0 0.578606 
33300 208.996 225.864 0.936151 0 0 109.785 105.979 0 0.0766667 0.0527778 0 4654.9 -55.8409 0 0.579333 
33400 209.341 226.35 0.935052 0 0 109.739 106.029 0 0.0847222 0.0586111 0 4668.92 -55.2573 0 0.579302 
33500 209.098 225.694 0.935239 0 0 109.791 106.138 0 0.0786111 0.0558333 0 4683.43 -55.4655 0 0.579964 
33600 209.444 228.781 0.933466 0 0 110.021 106.414 0 0.0788889 0.0508333 0 4697.89 -54.818 0 0.580556 
33700 209.044 228.273 0.930678 0 0 110.156 106.377 0 0.0752778 0.0494444 0 4711.88 -55.6198 0 0.579314 
33800 209.686 228.019 0.933233 0 0 110.156 106.487 0 0.0719444 0.0486111 0 4726.03 -57.3499 0 0.578769 
33900 209.917 228.573 0.934135 0 0 110.052 106.641 0 0.0672222 0.0472222 0 4740.26 -58.2901 0 0.577815 
34000 209.238 228.485 0.931905 0 0 109.984 106.346 0 0.0861111 0.0608333 0 4754.11 -55.9012 0 0.57702 
34100 210.551 229.953 0.934788 0 0 110.427 106.812 0 0.0825 0.0577778 0 4768.97 -55.0043 0 0.575306 
34200 209.405 230.31 0.930769 0 0 110.102 106.595 0 0.0761111 0.0491667 0 4783.22 -54.195 0 0.575424 
34300 209.874 231.244 0.932899 0 0 110.047 106.49 0 0.0908333 0.0627778 0 4797.03 -53.4789 0 0.575052 
34400 209.537 230.084 0.931647 0 0 110.151 106.31 0 0.0777778 0.0538889 0 4810.62 -53.1692 0 0.576073 
34500 209.963 228.987 0.934301 0 0 110.237 106.465 0 0.0705556 0.05 0 4825.09 -53.1093 0 0.576376 
34600 209.029 229.852 0.928633 0 0 110.271 106.558 0 0.0786111 0.0525 0 4839.45 -53.3133 0 0.576345 
34700 209.547 227.445 0.934918 0 0 110.306 106.489 0 0.0858333 0.0619444 0 4853.78 -55.0277 0 0.576821 
34800 210.07 229.075 0.934094 0 0 110.635 106.996 0 0.0802778 0.0505556 0 4868.21 -55.574 0 0.577528 
34900 209.222 226.762 0.933661 0 0 110.513 106.583 0 0.0791667 0.0575 0 4882.4 -57.4369 0 0.577079 
35000 210.17 228.182 0.936434 0 0 110.652 106.855 0 0.0808333 0.0558333 0 4896.78 -57.9188 0 0.576506 
35100 210.274 230.49 0.934041 0 0 110.623 106.964 0 0.0769444 0.0533333 0 4911.19 -59.9673 0 0.577382 
35200 209.673 228.991 0.932309 0 0 110.448 106.976 0 0.0866667 0.0566667 0 4925.41 -60.3048 0 0.576891 
35300 210.069 228.093 0.934868 0 0 110.476 106.811 0 0.0811111 0.0552778 0 4939.35 -59.83 0 0.576023 
35400 210.448 226.246 0.936433 0 0 110.692 107.24 0 0.0708333 0.0466667 0 4953.42 -58.693 0 0.57583 
35500 211.124 227.397 0.939858 0 0 110.621 107.225 0 0.0861111 0.0575 0 4967.16 -60.3296 0 0.57671 
35600 211.401 228.267 0.938978 0 0 110.937 107.32 0 0.0825 0.0577778 0 4981.51 -60.504 0 0.577624 
35700 210.45 229.826 0.934013 0 0 110.732 107.279 0 0.0933333 0.0675 0 4996.03 -58.6897 0 0.578178 
35800 210.254 231.19 0.932227 0 0 110.751 107.163 0 0.0725 0.05 0 5009.7 -59.7556 0 0.578371 
35900 210.962 230.369 0.935298 0 0 110.835 107.265 0 0.0847222 0.055 0 5023.54 -60.7227 0 0.578956 
36000 210.917 229.039 0.935555 0 0 110.777 107.452 0 0.0922222 0.0672222 0 5037.65 -63.9799 0 0.578492 
36100 211.268 230.286 0.937558 0 0 110.909 107.254 0 0.0844444 0.0591667 0 5051.76 -64.9559 0 0.578258 
36200 211.842 228.267 0.94009 0 0 111.007 107.352 0 0.0838889 0.0608333 0 5065.55 -65.1287 0 0.57773 
36300 210.669 229.121 0.934543 0 0 110.698 107.175 0 0.0847222 0.0572222 0 5079.56 -63.3319 0 0.577234 
36400 211.683 230.186 0.939215 0 0 110.844 107.292 0 0.0986111 0.0675 0 5093.31 -65.0096 0 0.576367 
36500 210.68 229.457 0.934678 0 0 110.761 107.259 0 0.0925 0.0633333 0 5107.08 -65.6386 0 0.577386 
36600 210.912 228.128 0.937081 0 0 110.839 107.366 0 0.0744444 0.0511111 0 5121.44 -63.8746 0 0.577228 
36700 211.855 230.456 0.940403 0 0 110.847 107.445 0 0.0775 0.0516667 0 5135.75 -64.7709 0 0.577119 
36800 210.664 232.075 0.930912 0 0 110.93 107.195 0 0.0913889 0.0616667 0 5149.72 -64.7003 0 0.578026 
36900 211.419 229.062 0.937791 0 0 110.643 107.114 0 0.0925 0.0672222 0 5163.67 -62.4642 0 0.577877 
37000 210.801 229.511 0.934576 0 0 110.632 107.083 0 0.0716667 0.0463889 0 5176.84 -60.6643 0 0.576877 
37100 210.617 227.69 0.937638 0 0 110.537 106.934 0 0.0863889 0.06 0 5190.88 -61.8256 0 0.575854 
37200 209.981 228.241 0.934115 0 0 110.463 106.913 0 0.0744444 0.0483333 0 5204.6 -59.021 0 0.576538 
37300 209.679 228.201 0.93367 0 0 110.415 106.721 0 0.0836111 0.0613889 0 5218.54 -62.3548 0 0.575745 
37400 210.372 229.764 0.932427 0 0 110.588 106.985 0 0.0733333 0.0480556 0 5232.22 -61.5701 0 0.575707 
37500 210.524 230.501 0.931487 0 0 110.764 106.862 0 0.0877778 0.0586111 0 5245.99 -62.5875 0 0.576238 
37600 210.393 231.517 0.929193 0 0 110.954 106.88 0 0.0866667 0.0625 0 5260.1 -61.8159 0 0.576951 
37700 211.176 229.873 0.935091 0 0 110.778 107.067 0 0.0891667 0.0591667 0 5274.41 -57.9612 0 0.576496 
37800 209.983 229.997 0.927328 0 0 110.864 106.943 0 0.0869444 0.0572222 0 5288.3 -59.6229 0 0.576351 
37900 210.214 231.552 0.930028 0 0 110.721 106.798 0 0.0763889 0.0472222 0 5301.94 -61.9964 0 0.576956 
38000 210.11 228.084 0.933619 0 0 110.649 106.775 0 0.0880556 0.0641667 0 5316.03 -58.7646 0 0.575527 
38100 210.13 229.134 0.933314 0 0 110.597 106.578 0 0.0825 0.0547222 0 5329.21 -59.7066 0 0.575359 
38200 210.068 228.762 0.933565 0 0 110.629 106.695 0 0.0791667 0.0583333 0 5343.1 -61.3523 0 0.575821 
38300 209.353 228.756 0.930881 0 0 110.644 106.401 0 0.085 0.0583333 0 5357.02 -63.183 0 0.57556 
38400 209.918 230.071 0.931207 0 0 110.867 106.695 0 0.0738889 0.0463889 0 5371.4 -61.041 0 0.574841 
38500 209.545 230.38 0.930657 0 0 110.565 106.276 0 0.0794444 0.0508333 0 5385.57 -60.3418 0 0.575167 
38600 210.798 229.088 0.93694 0 0 110.754 106.536 0 0.085 0.0577778 0 5400.22 -60.843 0 0.575221 
38700 210.286 228.512 0.934034 0 0 110.866 106.774 0 0.0758333 0.0511111 0 5414.63 -63.4297 0 0.575004 
38800 210.304 229.422 0.932602 0 0 111.033 106.645 0 0.09 0.0583333 0 5428.52 -63.1257 0 0.57567 
38900 210.263 231.201 0.931049 0 0 111.126 106.951 0 0.0838889 0.055 0 5442.78 -65.1567 0 0.576765 
39000 211.302 232.731 0.931591 0 0 111.396 107.142 0 0.0772222 0.0538889 0 5457.06 -64.0526 0 0.577445 
39100 211.504 230.814 0.938087 0 0 111.326 106.868 0 0.0716667 0.0472222 0 5471.24 -64.2351 0 0.578367 
39200 211.159 229.162 0.936394 0 0 111.411 107.187 0 0.1 0.0702778 0 5485.75 -61.1952 0 0.578132 
39300 211.115 231.009 0.935377 0 0 111.442 107.101 0 0.0813889 0.0536111 0 5499.97 -60.8656 0 0.578093 
39400 209.652 230.015 0.930658 0 0 111.393 106.859 0 0.0769444 0.0525 0 5513.91 -60.6032 0 0.578018 
39500 211.454 230.339 0.937811 0 0 111.72 107.305 0 0.0875 0.0602778 0 5528.32 -60.8735 0 0.578293 
39600 211.568 230.637 0.937788 0 0 111.691 107.45 0 0.0830556 0.0572222 0 5542.95 -57.9077 0 0.578102 
39700 211.917 228.942 0.942948 0 0 111.685 107.412 0 0.0744444 0.0516667 0 5556.9 -56.5878 0 0.578715 
39800 210.556 229.724 0.935092 0 0 111.644 107.288 0 0.0847222 0.0530556 0 5570.92 -56.3728 0 0.579504 
39900 210.585 230.9 0.933838 0 0 111.74 107.155 0 0.0813889 0.0527778 0 5584.87 -55.2915 0 0.57978 
40000 212.23 231.639 0.940165 0 0 111.907 107.668 0 0.0866667 0.0597222 0 5599.06 -56.4311 0 0.579411 
40100 211.279 230.318 0.937475 0 0 111.885 107.413 0 0.0827778 0.0555556 0 5613.17 -56.3917 0 0.579459 
40200 211.412 230.542 0.93778 0 0 112.077 107.423 0 0.0841667 0.0616667 0 5626.74 -55.1988 0 0.580244 
40300 212.316 230.081 0.940903 0 0 111.995 107.413 0 0.0825 0.0522222 0 5640.96 -57.2539 0 0.580762 
40400 212.469 231.956 0.939781 0 0 112.081 107.637 0 0.0797222 0.0488889 0 5654.69 -55.7505 0 0.580973 
40500 212.256 231.3 0.938711 0 0 112.088 107.65 0 0.0772222 0.0530556 0 5668.53 -53.5249 0 0.582175 
40600 212.717 230.361 0.942621 0 0 112.223 107.701 0 0.0894444 0.0605556 0 5682.52 -54.3592 0 0.582531 
40700 212.423 235.559 0.935178 0 0 112.252 107.804 0 0.075 0.0483333 0 5696.16 -53.916 0 0.58145 
40800 212.287 231.415 0.937625 0 0 112.099 107.942 0 0.0730556 0.0491667 0 5710.07 -52.3676 0 0.581243 
40900 212.525 231.366 0.938543 0 0 112.217 107.802 0 0.0755556 0.055 0 5724.09 -50.9316 0 0.580972 
41000 211.49 235.466 0.92849 0 0 112.29 107.741 0 0.0877778 0.0580556 0 5738.14 -48.2254 0 0.579401 
41100 213.186 231.819 0.938984 0 0 112.434 107.996 0 0.0847222 0.0583333 0 5751.82 -47.5519 0 0.578347 
41200 212.997 231.619 0.940619 0 0 111.779 107.799 0 0.0863889 0.0605556 0 5765.41 -47.3962 0 0.579012 
41300 211.165 231.309 0.934038 0 0 111.704 107.371 0 0.0830556 0.0583333 0 5778.92 -47.0345 0 0.578089 
41400 212.522 232.122 0.93766 0 0 112.031 107.469 0 0.0805556 0.0552778 0 5792.35 -46.3615 0 0.578248 
41500 211.801 232.027 0.934007 0 0 111.832 107.669 0 0.0666667 0.0444444 0 5805.91 -46.5732 0 0.578523 
41600 211.793 231.308 0.93575 0 0 111.652 107.501 0 0.0808333 0.0544444 0 5819.77 -45.043 0 0.578413 
41700 211.154 230.466 0.934063 0 0 111.493 107.39 0 0.0880556 0.0627778 0 5833.29 -43.2934 0 0.57661 
41800 211.448 234.598 0.931393 0 0 111.862 107.746 0 0.0830556 0.0563889 0 5848.02 -44.519 0 0.576646 
41900 212.303 231.506 0.937718 0 0 111.933 107.698 0 0.0802778 0.0519444 0 5862.19 -42.597 0 0.576212 
42000 213.319 232.671 0.938298 0 0 112.028 107.892 0 0.0902778 0.0588889 0 5876.68 -44.2235 0 0.577183 
42100 212.872 230.782 0.940853 0 0 112.135 108.114 0 0.0738889 0.0511111 0 5891.16 -45.0831 0 0.578479 
42200 212.704 230.718 0.939794 0 0 112.199 108.186 0 0.0786111 0.0511111 0 5904.95 -46.084 0 0.579431 
42300 212.218 233.474 0.935942 0 0 112.23 108.088 0 0.0788889 0.055 0 5918.71 -46.7339 0 0.579506 
42400 214.313 230.866 0.944014 0 0 112.429 108.526 0 0.0677778 0.0458333 0 5933.32 -51.3264 0 0.580499 
42500 213.632 231.602 0.93982 0 0 112.677 108.342 0 0.0813889 0.0552778 0 5947.01 -52.4356 0 0.580168 
42600 213.19 231.272 0.938359 0 0 112.577 108.399 0 0.0741667 0.0486111 0 5961.39 -55.503 0 0.578496 
42700 213.921 230.915 0.941097 0 0 112.606 108.619 0 0.0913889 0.0655556 0 5974.75 -56.3096 0 0.578243 
42800 214.763 229.722 0.945186 0 0 112.747 109.069 0 0.0816667 0.0580556 0 5989.47 -57.7783 0 0.578794 
42900 215.553 232.435 0.946245 0 0 112.809 108.957 0 0.0763889 0.0461111 0 6004.31 -59.913 0 0.577981 
43000 216.319 232.25 0.947063 0 0 113.144 109.475 0 0.0852778 0.0583333 0 6018.38 -62.0485 0 0.578023 
43100 215.418 232.377 0.9418 0 0 113.037 109.205 0 0.085 0.0575 0 6032.49 -60.727 0 0.579861 
43200 215.786 231.784 0.944061 0 0 112.929 109.203 0 0.0722222 0.0480556 0 6045.86 -60.6356 0 0.58058 
43300 214.371 233.2 0.93724 0 0 112.885 109.037 0 0.0725 0.0488889 0 6059.51 -61.207 0 0.580483 
43400 215.821 231.796 0.944254 0 0 113.034 109.091 0 0.0872222 0.0647222 0 6073.09 -60.1962 0 0.580698 
43500 215.251 231.213 0.943365 0 0 112.694 109.007 0 0.0808333 0.0555556 0 6086.74 -60.5686 0 0.581297 
43600 214.051 234.856 0.936038 0 0 112.486 108.818 0 0.0788889 0.0533333 0 6100.32 -60.117 0 0.580769 
43700 214.39 232.201 0.937978 0 0 112.798 108.93 0 0.0844444 0.0561111 0 6113.44 -60.2772 0 0.580402 
43800 215.631 232.464 0.943399 0 0 112.975 109.18 0 0.0758333 0.0497222 0 6127.7 -61.1177 0 0.580693 
43900 214.722 230.922 0.939238 0 0 113.134 109.364 0 0.075 0.0513889 0 6141.81 -63.6903 0 0.581284 
44000 216.211 232.52 0.945527 0 0 113.142 109.293 0 0.0822222 0.0536111 0 6155.94 -63.3231 0 0.581263 
44100 215.53 233.691 0.94073 0 0 113.177 109.376 0 0.0805556 0.0552778 0 6170.13 -62.7888 0 0.580765 
44200 214.721 233.255 0.935774 0 0 113.126 109.166 0 0.0919444 0.0591667 0 6183.36 -62.3073 0 0.58146 
44300 215.635 235.359 0.935875 0 0 113.503 109.295 0 0.0822222 0.0577778 0 6197.26 -62.9006 0 0.581151 
44400 215.688 236.632 0.936093 0 0 113.424 109.365 0 0.0822222 0.0569444 0 6211.46 -64.2017 0 0.580125 
44500 216.242 233.376 0.941538 0 0 113.267 109.397 0 0.0686111 0.0447222 0 6225.4 -64.2403 0 0.580888 
44600 215.423 235.532 0.93534 0 0 113.111 109.287 0 0.0877778 0.0541667 0 6238.77 -63.0235 0 0.5812 
44700 214.606 233.388 0.935831 0 0 113.229 108.851 0 0.0791667 0.0525 0 6252.07 -59.8246 0 0.580075 
44800 214.582 234.711 0.934054 0 0 113.179 109.108 0 0.0783333 0.0525 0 6265.77 -60.7877 0 0.579621 
44900 214.434 233.238 0.933654 0 0 113.424 109.197 0 0.0830556 0.0527778 0 6279.61 -60.1312 0 0.580577 
45000 214.3 235.419 0.931265 0 0 113.518 109.237 0 0.0808333 0.055 0 6294.33 -61.743 0 0.578336 
45100 215.381 237.626 0.931931 0 0 113.498 109.286 0 0.0894444 0.0552778 0 6308 -60.2575 0 0.577456 
45200 214.693 237.219 0.932369 0 0 113.402 109.167 0 0.0875 0.0577778 0 6321.87 -59.4528 0 0.578086 
45300 215.057 235.69 0.937273 0 0 113.145 108.947 0 0.0672222 0.0455556 0 6335.9 -59.6187 0 0.578539 
45400 214.761 234.218 0.937135 0 0 112.906 109.061 0 0.0738889 0.0472222 0 6349.98 -58.6794 0 0.578074 
45500 214.016 233.684 0.934708 0 0 112.899 108.666 0 0.0816667 0.0566667 0 6363.52 -62.0225 0 0.579007 
45600 214.331 236.314 0.931047 0 0 113.441 108.923 0 0.0669444 0.045 0 6376.98 -58.6674 0 0.579271 
45700 215.118 234.517 0.936213 0 0 113.425 109.331 0 0.0866667 0.0586111 0 6391.29 -63.5637 0 0.578994 
45800 214.917 235.147 0.93374 0 0 113.376 109.057 0 0.0769444 0.0511111 0 6404.24 -64.2138 0 0.577799 
45900 214.426 232.794 0.934156 0 0 113.207 108.972 0 0.0791667 0.0525 0 6417.74 -61.5166 0 0.577077 
46000 213.38 234.562 0.927437 0 0 113.111 108.46 0 0.0827778 0.0569444 0 6430.96 -60.9317 0 0.576369 
46100 214.465 234.134 0.933615 0 0 113.218 108.789 0 0.0808333 0.0555556 0 6444.76 -60.1693 0 0.576694 
46200 214.8 233.89 0.936127 0 0 112.748 108.671 0 0.0797222 0.0508333 0 6458.95 -60.5878 0 0.57634 
46300 214.023 237.461 0.931056 0 0 113.097 108.634 0 0.0691667 0.0461111 0 6472.82 -63.7701 0 0.577376 
46400 213.763 232.358 0.935018 0 0 112.982 108.545 0 0.0875 0.0594444 0 6487.21 -61.0963 0 0.577018 
46500 214.217 232.11 0.936203 0 0 113.078 108.782 0 0.0913889 0.0566667 0 6501.39 -60.1718 0 0.577403 
46600 214.103 231.447 0.937735 0 0 112.911 108.375 0 0.0797222 0.0519444 0 6515.2 -58.774 0 0.577962 
46700 213.617 233.281 0.931103 0 0 113.072 108.464 0 0.0780556 0.0541667 0 6528.78 -54.3966 0 0.578015 
46800 214.12 231.82 0.937021 0 0 112.784 108.304 0 0.0825 0.0558333 0 6542.41 -55.7091 0 0.577293 
46900 213.742 231.773 0.932761 0 0 112.94 108.464 0 0.0941667 0.0591667 0 6555.85 -53.9954 0 0.577493 
47000 214.292 231.8 0.936841 0 0 113.035 108.733 0 0.0833333 0.0566667 0 6569.6 -52.0344 0 0.577234 
47100 214.119 233.049 0.935503 0 0 112.827 108.521 0 0.0861111 0.0594444 0 6583.1 -51.8145 0 0.575524 
47200 213.892 233.773 0.93208 0 0 113.111 108.581 0 0.0891667 0.0641667 0 6596.6 -50.7346 0 0.575262 
47300 214.33 236.052 0.932636 0 0 112.906 108.491 0 0.0716667 0.0519444 0 6610.21 -50.9328 0 0.575536 
47400 214.296 233.66 0.93596 0 0 113.029 108.668 0 0.0733333 0.0494444 0 6623.97 -53.7745 0 0.57514 
47500 213.162 235.394 0.929376 0 0 112.978 108.286 0 0.0736111 0.045 0 6637.3 -49.8425 0 0.574151 
47600 214.284 232.062 0.935674 0 0 113.047 108.732 0 0.0911111 0.06 0 6651.11 -48.464 0 0.57446 
47700 214.206 233.254 0.933731 0 0 112.906 108.769 0 0.0822222 0.0530556 0 6664.48 -47.3732 0 0.575566 
47800 213.951 232.319 0.933444 0 0 112.886 108.68 0 0.0880556 0.0538889 0 6678.09 -43.5482 0 0.575925 
47900 214.397 233.34 0.936213 0 0 113.053 108.972 0 0.0772222 0.0519444 0 6692.65 -41.817 0 0.576267 
48000 214.483 233.81 0.93612 0 0 112.876 108.718 0 0.0822222 0.0530556 0 6706.28 -39.5374 0 0.57717 
48100 215.033 236.188 0.934129 0 0 113.276 108.998 0 0.0819444 0.0555556 0 6719.89 -37.0147 0 0.57762 
48200 213.591 234.186 0.929915 0 0 113.263 108.73 0 0.0805556 0.0508333 0 6733.41 -34.4543 0 0.576516 
48300 214.283 235.333 0.931779 0 0 113.48 108.9 0 0.0891667 0.0633333 0 6747.3 -32.467 0 0.575863 
48400 213.779 232.746 0.933549 0 0 113.036 108.532 0 0.0722222 0.0491667 0 6760.76 -33.0054 0 0.576166 
48500 214.757 234.204 0.935362 0 0 113.105 108.593 0 0.0919444 0.0625 0 6774.59 -32.0906 0 0.575595 
48600 214.655 233.514 0.936628 0 0 113.069 108.645 0 0.0891667 0.0561111 0 6788.16 -29.9098 0 0.575612 
48700 214.235 233.242 0.933199 0 0 113.193 108.812 0 0.0686111 0.0480556 0 6802.55 -27.0681 0 0.576284 
48800 214.404 233.905 0.933551 0 0 113.339 108.605 0 0.0802778 0.0541667 0 6815.79 -26.5398 0 0.576143 
48900 213.492 234.22 0.93057 0 0 113.212 108.502 0 0.0875 0.0572222 0 6829.68 -27.0878 0 0.576006 
49000 213.798 233.468 0.932443 0 0 113.257 108.365 0 0.0797222 0.0519444 0 6842.9 -26.7949 0 0.576916 
49100 213.986 233.684 0.93334 0 0 113.293 108.496 0 0.0875 0.0588889 0 6856.3 -27.1873 0 0.576318 
49200 213.971 233.591 0.93381 0 0 113.358 108.675 0 0.0791667 0.0577778 0 6870.41 -28.0561 0 0.57702 
49300 214.243 235.193 0.933323 0 0 113.214 108.495 0 0.0838889 0.0536111 0 6883.74 -25.6652 0 0.57776 
49400 213.994 236.653 0.930137 0 0 113.523 108.714 0 0.0830556 0.0536111 0 6898.05 -23.8954 0 0.577135 
49500 214.114 236.072 0.931538 0 0 113.545 108.834 0 0.0836111 0.0605556 0 6913.62 -19.0201 0 0.576902 
49600 214.352 235.602 0.930701 0 0 113.703 109.029 0 0.0822222 0.0563889 0 6927.42 -18.3912 0 0.577161 
49700 214.813 237.717 0.930595 0 0 113.397 109.143 0 0.0844444 0.0566667 0 6941.49 -18.344 0 0.575955 
49800 214.948 233.552 0.935098 0 0 113.573 109.273 0 0.0675 0.0441667 0 6956.21 -16.7039 0 0.575954 
49900 215.514 234.649 0.937292 0 0 113.801 109.395 0 0.0919444 0.0613889 0 6969.39 -17.2118 0 0.577186 
50000 215.84 232.899 0.939387 0 0 114.109 109.203 0 0.0738889 0.0527778 0 6982.83 -17.4424 0 0.577722 
