# Avida Dominant Data
# Fri Jun 15 12:58:46 2018
#  1: Update
#  2: Average Merit of the Dominant Genotype
#  3: Average Gestation Time of the Dominant Genotype
#  4: Average Fitness of the Dominant Genotype
#  5: Repro Rate?
#  6: Size of Dominant Genotype
#  7: Copied Size of Dominant Genotype
#  8: Executed Size of Dominant Genotype
#  9: Abundance of Dominant Genotype
# 10: Number of Births
# 11: Number of Dominant Breed True?
# 12: Dominant Gene Depth
# 13: Dominant Breed In
# 14: Max Fitness?
# 15: Genotype ID of Dominant Genotype
# 16: Name of the Dominant Genotype

0 0 0 0 0 100 0 0 1 0 0 0 0 2.22507e-308 1 100-aaaaa 
100 97 389 0.249357 0.00257069 100 100 0 58 0 0 0 0 0.249357 1 100-aaaaa 
200 97 389 0.249357 0.00257069 100 100 0 648 18 12 0 0 0.249357 1 100-aaaaa 
300 97 389 0.249357 0.00257069 100 100 0 240 18 15 0 0 0.249357 1 100-aaaaa 
400 97 389 0.249357 0.00257069 100 100 0 100 6 5 0 0 0.249357 1 100-aaaaa 
500 96 385 0.249351 0.0025974 99 99.192 0 24 4 3 1 0 0.249351 19 099-aaaab 
600 96 385 0.249351 0.0025974 99 99.1844 0 16 0 0 1 0 0.249351 19 099-aaaab 
700 96 385 0.249351 0.0025974 99 99.1755 0 16 0 0 1 0 0.249351 19 099-aaaab 
800 97 376 0.257979 0.00265957 100 100 0 17 3 3 12 0 0.257979 29303 100-aacko 
900 97 388 0.25 0.00257732 100 100 0 17 4 2 4 0 0.25 25362 100-aacgx 
1000 97 385 0.251948 0.0025974 100 100 0 22 6 4 7 0 0.251948 38318 100-aacvx 
1100 97 281 0.345196 0.00355872 101 101 0 16 2 2 10 0 0.345196 53181 101-aacdr 
1200 97 281 0.345196 0.00355872 101 101 0 39 1 0 10 0 0.345196 53181 101-aacdr 
1300 97 281 0.345196 0.00355872 101 101 0 49 2 2 10 0 0.345196 53181 101-aacdr 
1400 98 283 0.34629 0.00353357 101 101 0 65 8 6 11 0 0.34629 61076 101-aaclt 
1500 98 283 0.34629 0.00353357 101 101 0 60 6 4 11 0 0.34629 61076 101-aaclt 
1600 98 283 0.34629 0.00353357 101 101 0 59 4 2 11 0 0.34629 61076 101-aaclt 
1700 97 281 0.345196 0.00355872 101 101 0 27 0 0 10 0 0.345196 54443 101-aacex 
1800 99 280 0.353571 0.00357143 102 102 0 19 0 0 15 0 0.353571 91188 102-aabhm 
1900 98 281 0.348754 0.00355872 101 101 0 23 0 0 14 0 0.348754 101590 101-aaghe 
2000 98 281 0.348754 0.00355872 101 101 0 39 10 7 14 0 0.348754 101590 101-aaghe 
2100 98 247 0.396761 0.00404858 102 102 0 61 0 0 15 0 0.396761 100132 102-aabjs 
2200 98 247 0.396761 0.00404858 102 102 0 62 4 3 15 0 0.396761 100132 102-aabjs 
2300 98 247 0.396761 0.00404858 102 102 0 33 3 3 15 0 0.396761 100132 102-aabjs 
2400 96 243 0.395062 0.00411523 102 102 0 24 2 2 18 0 0.395062 135441 102-aacby 
2500 99 229 0.432314 0.00436681 103 103 0 30 4 4 21 0 0.432314 141420 103-aaams 
2600 194 243 0.798354 0.00411523 102 102 0 380 19 14 28 0 0.798354 157121 102-aaduw 
2700 194 243 0.798354 0.00411523 102 102 0 310 28 21 28 0 0.798354 157121 102-aaduw 
2800 194 243 0.798354 0.00411523 102 102 0 140 14 10 28 0 0.798354 157121 102-aaduw 
2900 194 243 0.798354 0.00411523 102 102 0 70 12 8 28 0 0.798354 157121 102-aaduw 
3000 194 241 0.804979 0.00414938 102 102 0 26 0 0 33 0 0.804979 174433 102-aafmt 
3100 196 243 0.806584 0.00411523 102 102 0 34 6 4 31 0 0.806584 176999 102-aafyq 
3200 194 243 0.798354 0.00411523 102 102 0 29 1 1 30 0 0.798354 169613 102-aafaz 
3300 194 241 0.804979 0.00414938 102 102 0 30 4 3 33 0 0.804979 210526 102-aajui 
3400 194 241 0.804979 0.00414938 102 102 0 41 4 4 33 0 0.804979 210526 102-aajui 
3500 196 243 0.806584 0.00411523 102 102 0 29 7 7 35 0 0.806584 236901 102-aamvs 
3600 196 239 0.820084 0.0041841 102 102 0 33 7 6 43 0 0.820084 231461 102-aamfj 
3700 194 242 0.801653 0.00413223 102 102 0 37 5 4 37 0 0.801653 238640 102-aanea 
3800 194 241 0.804979 0.00414938 102 102 0 20 3 3 33 0 0.804979 251812 102-aaovd 
3900 192 237 0.810127 0.00421941 102 102 0 24 2 2 37 0 0.810127 258045 102-aapks 
4000 196 241 0.813278 0.00414938 102 102 0 28 4 2 40 0 0.813278 260371 102-aappp 
4100 198 244 0.811475 0.00409836 102 102 0 36 1 1 36 0 0.811475 260460 102-aappu 
4200 198 244 0.811475 0.00409836 102 102 0 21 1 1 36 0 0.811475 260460 102-aappu 
4300 198 241 0.821577 0.00414938 102 102 0 28 3 3 44 0 0.821577 289627 102-aatdh 
4400 198 239 0.828452 0.0041841 102 102 0 20 0 0 46 0 0.828452 296095 102-aatyt 
4500 186 236 0.788136 0.00423729 102 102 0 27 1 1 49 0 0.788136 313265 102-aavss 
4600 196 241 0.813278 0.00414938 102 102 0 34 0 0 47 0 0.813278 320095 102-aawuy 
4700 198 241 0.821577 0.00414938 102 102 0 30 8 5 45 0 0.821577 311853 102-aavug 
4800 194 238 0.815126 0.00420168 102 102 0 29 6 4 55 0 0.815126 329195 102-aaxqr 
4900 198 241 0.821577 0.00414938 102 102 0 22 0 0 48 0 0.821577 348365 102-aazwu 
5000 196 237 0.827004 0.00421941 102 102 0 29 1 0 43 0 0.827004 350903 102-abaen 
5100 200 223 0.896861 0.0044843 103 103 0 31 3 2 49 0 0.896861 353313 103-aacnh 
5200 196 237 0.827004 0.00421941 102 102 0 36 6 4 43 0 0.827004 365189 102-abbsx 
5300 200 223 0.896861 0.0044843 103 103 0 30 3 1 49 0 0.896861 374919 103-aadao 
5400 202 223 0.90583 0.0044843 104 104 0 30 2 2 55 0 0.90583 383096 104-aaahk 
5500 202 223 0.90583 0.0044843 104 104 0 43 1 0 55 0 0.90583 383096 104-aaahk 
5600 200 224 0.892857 0.00446429 103 103 0 52 5 5 50 0 0.892857 392655 103-aadug 
5700 200 224 0.892857 0.00446429 103 103 0 42 4 4 50 0 0.892857 392655 103-aadug 
5800 200 225 0.888889 0.00444444 103 103 0 28 2 2 59 0 0.888889 426651 103-aagbj 
5900 200 225 0.888889 0.00444444 103 103 0 34 2 2 59 0 0.888889 426651 103-aagbj 
6000 198 223 0.887892 0.0044843 103 103 0 22 3 2 56 0 0.887892 439319 103-aahcg 
6100 200 220 0.909091 0.00454545 103 103 0 32 6 4 54 0 0.909091 423351 103-aafrw 
6200 200 224 0.892857 0.00446429 103 103 0 24 7 6 50 0 0.892857 453364 103-aaiiw 
6300 200 220 0.909091 0.00454545 103 103 0 24 4 4 54 0 0.909091 423351 103-aafrw 
6400 200 221 0.904977 0.00452489 103 103 0 30 3 3 56 0 0.904977 452916 103-aaifx 
6500 200 220 0.909091 0.00454545 103 103 0 29 1 1 57 0 0.909091 459268 103-aaiuq 
6600 200 227 0.881057 0.00440529 103 103 0 26 6 4 53 0 0.881057 480281 103-aakwx 
6700 198 221 0.895928 0.00452489 103 103 0 26 4 3 58 0 0.895928 505856 103-aamwg 
6800 200 222 0.900901 0.0045045 103 103 0 28 0 0 62 0 0.900901 517734 103-aantq 
6900 200 223 0.896861 0.0044843 103 103 0 30 2 1 65 0 0.896861 525733 103-aaoid 
7000 200 223 0.896861 0.0044843 103 103 0 25 4 4 60 0 0.896861 530400 103-aaoqo 
7100 200 219 0.913242 0.00456621 103 103 0 33 1 1 60 0 0.913242 535360 103-aapdo 
7200 200 221 0.904977 0.00452489 103 103 0 54 11 9 58 0 0.904977 531451 103-aaowk 
7300 200 221 0.904977 0.00452489 103 103 0 24 1 1 65 0 0.904977 524624 103-aaory 
7400 206 215 0.95814 0.00465116 106 106 0 37 3 3 73 0 0.95814 557336 106-aaaeb 
7500 202 210 0.961905 0.0047619 104 104 0 32 0 0 64 0 0.961905 571513 104-aafkk 
7600 202 210 0.961905 0.0047619 104 104 0 43 3 3 64 0 0.961905 571513 104-aafkk 
7700 200 220 0.909091 0.00454545 103 103 0 24 0 0 63 0 0.909091 569896 103-aarso 
7800 207.655 215.827 0.96213 0.00463335 106 106 0 27 8 6 85 0 0.962963 607414 106-aaatz 
7900 207.662 215.831 0.962147 0.00463327 106 106 0 26 3 1 85 0 0.962963 607414 106-aaatz 
8000 200 220 0.909091 0.00454545 103 103 0 25 2 2 67 0 0.909091 618014 103-aaunq 
8100 204 214 0.953271 0.0046729 105 104.963 0 25 3 2 88 0 0.953271 633660 105-aabuy 
8200 200 219 0.913242 0.00456621 103 103 0 26 1 1 68 0 0.913242 644650 103-aavcr 
8300 209.666 214.833 0.975945 0.0046548 107 107 0 30 8 6 85 0 0.976744 639659 107-aaadk 
8400 209.659 214.83 0.97593 0.00465487 107 107 0 27 3 1 85 0 0.976744 639659 107-aaadk 
8500 200 211 0.947867 0.00473934 104 104 0 20 4 4 90 0 0.947867 678224 104-aaiyn 
8600 205.415 216.707 0.947885 0.00461454 106 106 0 31 0 0 85 0 0.949309 674020 106-aaegj 
8700 208 217 0.958525 0.00460829 107 107 0 32 7 4 89 0 0.958525 680510 107-aaauo 
8800 211.679 217.839 0.971716 0.00459055 108 108 0 17 3 2 93 0 0.972477 703891 108-aaadt 
8900 204 215 0.948837 0.00465116 105 105 0 22 5 4 93 0 0.948837 695643 105-aacxm 
9000 209.656 213.828 0.980486 0.00467667 108 108 0 39 5 3 94 0 0.981308 715397 108-aaafl 
9100 209.63 213.815 0.980424 0.00467695 107 107 0 27 7 5 90 0 0.981308 701344 107-aablk 
9200 209.636 213.818 0.980437 0.00467689 107 107 0 40 4 4 90 0 0.981308 701344 107-aablk 
9300 205.662 215.831 0.952882 0.00463327 106 106 0 23 0 0 96 0 0.953704 732227 106-aahhi 
9400 207.63 214.815 0.96655 0.00465518 107 107 0 24 1 1 105 0 0.967442 759994 107-aaeny 
9500 204 214 0.953271 0.0046729 106 106 0 20 0 0 87 0 0.953271 754056 106-aahyz 
9600 209.402 216 0.969453 0.00462963 108 108 0 20 1 0 99 0 0.972222 760295 108-aabdc 
9700 209.434 213.717 0.979954 0.00467911 107 107 0 24 10 7 97 0 0.981308 773686 107-aafoh 
9800 209.382 212.691 0.984437 0.00470168 107 107 0 22 0 0 92 0 0.985915 770333 107-aafgc 
9900 210 215 0.976744 0.00465116 107 107 0 27 0 0 96 0 0.976744 781223 107-aagca 
10000 210 215 0.976744 0.00465116 107 107 0 27 4 2 96 0 0.976744 781223 107-aagca 
10100 208 218 0.954128 0.00458716 106 106 0 24 0 0 94 0 0.954128 798837 106-aajem 
10200 210 219 0.958904 0.00456621 107 107 0 18 0 0 109 0 0.958904 838112 107-aakem 
10300 206 215 0.95814 0.00465116 107 107 0 25 1 1 109 0 0.95814 845664 107-aakuz 
10400 208 212 0.981132 0.00471698 107 107 0 22 2 2 97 0 0.981132 850693 107-aaldx 
10500 207.638 216.819 0.957652 0.00461216 106 106 0 22 1 0 107 0 0.958525 835683 106-aakav 
10600 210 220 0.954545 0.00454545 108 108 0 22 5 3 117 0 0.954545 867584 108-aaerc 
10700 208 211 0.985782 0.00473934 107 107 0 33 5 4 99 0 0.985782 877490 107-aanll 
10800 210 216 0.972222 0.00462963 107 107 0 21 1 1 116 0 0.972222 892709 107-aaowp 
10900 208 226 0.920354 0.00442478 106 106 0 26 2 2 113 0 0.920354 899738 106-aalcr 
11000 210 215 0.976744 0.00465116 107 107 0 22 2 2 104 0 0.976744 895482 107-aapkc 
11100 210 214 0.981308 0.0046729 107 107 0 33 3 3 115 0 0.981308 894018 107-aapca 
11200 205.395 215.698 0.952232 0.00463614 108 108 0 26 1 1 116 0 0.953704 914221 108-aafyp 
11300 207.673 213.837 0.971174 0.00467648 107 107 0 22 6 6 106 0 0.971963 930132 107-aasos 
11400 210 217 0.967742 0.00460829 107 107 0 20 4 3 122 0 0.967742 943400 107-aatyp 
11500 208 213 0.976526 0.00469484 107 107 0 22 2 1 117 0 0.976526 945015 107-aaufu 
11600 206 216 0.953704 0.00462963 107 107 0 25 0 0 115 0 0.953704 961261 107-aavvj 
11700 208 212 0.981132 0.00471698 107 107 0 24 1 1 107 0 0.981132 977233 107-aaxnc 
11800 209.633 218.816 0.958027 0.00457006 108 108 0 28 1 0 123 0 0.958904 973492 108-aahbn 
11900 210 217 0.967742 0.00460829 107 107 0 26 3 2 114 0 0.967742 996209 107-aazry 
12000 208 212 0.981132 0.00471698 107 107 0 28 6 5 107 0 0.981132 970625 107-aawtl 
12100 208 212 0.981132 0.00471698 107 107 0 55 8 5 107 0 0.981132 970625 107-aawtl 
12200 210 214 0.981308 0.0046729 107 107 0 24 0 0 117 0 0.981308 1020791 107-abcbd 
12300 206 227 0.907489 0.00440529 117 117 0 27 0 0 112 0 0.907489 1020598 117-aaadk 
12400 206 214 0.962617 0.0046729 106 106 0 18 0 0 114 0 0.962617 1024717 106-aanfm 
12500 205.387 215.694 0.952213 0.00463623 107 107 0 24 4 4 122 0 0.953704 1046241 107-aberi 
12600 208 214 0.971963 0.0046729 107 107 0 21 4 1 117 0 0.971963 1061708 107-abgam 
12700 208 213 0.976526 0.00469484 106 106 0 18 2 2 120 0 0.976526 1077171 106-aaogt 
12800 208 215 0.967442 0.00465116 107 107 0 37 1 1 116 0 0.967442 1082521 107-abibc 
12900 208 215 0.967442 0.00465116 107 107 0 21 4 3 118 0 0.967442 1088627 107-abiry 
13000 208 214 0.971963 0.0046729 106 106 0 16 2 1 118 0 0.971963 1102103 106-aaovk 
13100 206 209 0.985646 0.00478469 107 107 0 25 3 1 121 0 0.985646 1112544 107-abkvm 
13200 206 209 0.985646 0.00478469 107 107 0 22 1 0 121 0 0.985646 1112544 107-abkvm 
13300 204 217 0.940092 0.00460829 105 105 0 28 5 5 129 0 0.940092 1119209 105-aaeog 
13400 211.987 212.994 0.995275 0.00469498 108 108 0 21 2 1 120 0 0.995305 1144719 108-aajea 
13500 208 214 0.971963 0.0046729 106 106 0 26 4 3 119 0 0.971963 1117038 106-aapfk 
13600 210 212 0.990566 0.00471698 108 108 0 24 5 4 120 0 0.990566 1156016 108-aajjv 
13700 211.824 211.912 0.999582 0.00471895 108 108 0 31 7 6 124 0 1 1164079 108-aajnc 
13800 212 218 0.972477 0.00458716 108 108 0 23 0 0 134 0 0.972477 1173250 108-aajsr 
13900 208 215 0.967442 0.00465116 107 107 0 23 3 3 127 0 0.967442 1191445 107-abqyj 
14000 204 211 0.966825 0.00473934 107 107 0 21 1 1 121 0 0.966825 1193802 107-abrbk 
14100 210 216 0.972222 0.00462963 107 107 0 22 0 0 129 0 0.972222 1209084 107-abscu 
14200 210 213 0.985915 0.00469484 108 108 0 22 1 1 125 0 0.985915 1227372 108-aalbe 
14300 210 216 0.972222 0.00462963 108 108 0 23 7 6 129 0 0.972222 1233571 108-aales 
14400 210 218 0.963303 0.00458716 107 107 0 26 0 0 128 0 0.963303 1233355 107-abtsq 
14500 210 216 0.972222 0.00462963 108 108 0 34 2 2 128 0 0.972222 1219296 108-aakxu 
14600 210 215 0.976744 0.00465116 107 107 0 35 1 1 131 0 0.976744 1255403 107-abvdw 
14700 205.615 212 0.969881 0.00471698 106 106 0 24 1 1 139 0 0.971698 1266162 106-aasyl 
14800 206 212 0.971698 0.00471698 107 107 0 36 5 4 146 0 0.971698 1285480 107-abxdb 
14900 208 218 0.954128 0.00458716 108 108 0 27 5 4 141 0 0.954128 1291464 108-aampw 
15000 206 217 0.949309 0.00460829 107 107 0 19 4 4 134 0 0.949309 1294809 107-abxul 
15100 208 213 0.976526 0.00469484 107 107 0 24 3 1 143 0 0.976526 1312800 107-abyyf 
15200 208 213 0.976526 0.00469484 107 107 0 30 0 0 143 0 0.976526 1312800 107-abyyf 
15300 206 212 0.971698 0.00471698 107 107 0 23 0 0 143 0 0.971698 1327391 107-abzzd 
15400 201.351 212.675 0.946746 0.00470203 106 106 0 19 1 1 149 0 0.948357 1334581 106-aauws 
15500 206 212 0.971698 0.00471698 107 107 0 22 1 1 143 0 0.971698 1327391 107-abzzd 
15600 210 215 0.976744 0.00465116 107 107 0 26 3 3 143 0 0.976744 1352869 107-acbmb 
15700 210 215 0.976744 0.00465116 108 108 0 25 5 2 144 0 0.976744 1359439 108-aaohp 
15800 207.651 214.826 0.966601 0.00465495 106 106 0 24 2 2 138 0 0.967442 1364235 106-aavsx 
15900 204 215 0.948837 0.00465116 106 106 0 29 1 1 137 0 0.948837 1359487 106-aavpn 
16000 202 213 0.948357 0.00469484 107 107 0 30 2 2 159 0 0.948357 1380510 107-acdla 
16100 212 215 0.986047 0.00465116 109 109 0 29 1 1 143 0 0.986047 1380875 109-aadve 
16200 212 215 0.986047 0.00465116 109 109 0 33 3 2 143 0 0.986047 1380875 109-aadve 
16300 210 214 0.981308 0.0046729 109 109 0 22 0 0 138 0 0.981308 1406615 109-aaefz 
16400 210 214 0.981308 0.0046729 109 109 0 31 4 3 138 0 0.981308 1406615 109-aaefz 
16500 208 215 0.967442 0.00465116 107 107 0 31 5 5 156 0 0.967442 1438175 107-achwf 
16600 206.339 215 0.959717 0.00465116 106 106 0 30 9 6 158 0 0.967442 1432289 106-aaxee 
16700 204 212 0.962264 0.00471698 106 106 0 27 2 2 151 0 0.962264 1461588 106-aaxri 
16800 210 215 0.976744 0.00465116 107 107 0 25 6 5 152 0 0.976744 1465357 107-ackat 
16900 208 216 0.962963 0.00462963 107 107 0 26 1 1 162 0 0.962963 1477706 107-ackvg 
17000 206 216 0.953704 0.00462963 107 107 0 28 8 6 155 0 0.953704 1437957 107-achvu 
17100 204 214 0.953271 0.0046729 106 106.017 0 25 2 2 158 0 0.953271 1501733 106-aayoh 
17200 212 219 0.968037 0.00456621 109 109 0 24 0 0 152 0 0.968037 1502661 109-aagun 
17300 210 217 0.967742 0.00460829 107 107 0 27 8 4 159 0 0.967742 1513720 107-acmzj 
17400 208 218 0.954128 0.00458716 107 107 0 25 7 6 159 0 0.954128 1521577 107-acnfl 
17500 208 217 0.958525 0.00460829 106 106 0 25 0 0 165 0 0.958525 1545928 106-aazvj 
17600 205.472 213.736 0.961313 0.00467877 107 107 0 26 4 2 165 0 0.967442 1546004 107-acons 
17700 210 220 0.954545 0.00454545 107 107 0 24 2 2 172 0 0.954545 1552893 107-acoxa 
17800 206 218 0.944954 0.00458716 109 109 0 18 5 5 165 0 0.944954 1567025 109-aairl 
17900 212 219 0.968037 0.00456621 109 109 0 26 7 5 169 0 0.968037 1580118 109-aaiym 
18000 212 221 0.959276 0.00452489 111 111 0 32 0 0 173 0 0.959276 1575680 111-aaajs 
18100 211.786 219.893 0.963129 0.00454768 109 109 0 24 5 4 162 0 0.963636 1605450 109-aajle 
18200 208 220 0.945455 0.00454545 107 107 0 22 3 2 166 0 0.945455 1585954 107-acqzi 
18300 212 218 0.972477 0.00458716 109 109 0 27 9 9 162 0 0.972477 1606707 109-aajlv 
18400 208 217 0.958525 0.00460829 107 107 0 31 3 1 174 0 0.958525 1625894 107-acuap 
18500 208 216 0.962963 0.00462963 107 107 0 21 4 1 169 0 0.962963 1605252 107-acsjb 
18600 210 219 0.958904 0.00456621 107 107 0 17 3 3 171 0 0.958904 1652462 107-acvog 
18700 210 219 0.958904 0.00456621 107 107 0 21 3 2 171 0 0.958904 1652462 107-acvog 
18800 210 218 0.963303 0.00458716 107 107 0 24 5 2 182 0 0.963303 1668230 107-acwsn 
18900 206 221 0.932127 0.00452489 107 107 0 28 5 3 181 0 0.932127 1656290 107-acvyx 
19000 208 216 0.962963 0.00462963 109 109 0 24 3 1 172 0 0.962963 1667167 109-aakoa 
19100 210 217 0.967742 0.00460829 109 109 0 36 2 2 162 0 0.967742 1690015 109-aaktb 
19200 216 222 0.972973 0.0045045 111 111 0 26 3 2 180 0 0.972973 1678318 111-aaaxq 
19300 204 217 0.940092 0.00460829 108 108 0 24 1 1 187 0 0.940092 1717609 108-aatyp 
19400 204 215 0.948837 0.00465116 107 107 0 20 2 2 183 0 0.948837 1701387 107-aczil 
19500 208 218 0.954128 0.00458716 108 108 0 29 3 2 187 0 0.954128 1728123 108-aaufh 
19600 210 217 0.967742 0.00460829 107 107 0 26 2 1 184 0 0.967742 1732757 107-adbuo 
19700 210 217 0.967742 0.00460829 107 107 0 18 1 1 184 0 0.967742 1732757 107-adbuo 
19800 218 223 0.977578 0.0044843 111 111 0 23 4 3 187 0 0.977578 1758212 111-aabkx 
19900 210 218 0.963303 0.00458716 107 107 0 32 5 5 190 0 0.963303 1762380 107-adebn 
20000 206 218 0.944954 0.00458716 106 106 0 19 3 2 189 0 0.944954 1782508 106-abftt 
20100 210 220 0.954545 0.00454545 107 107 0 25 3 0 181 0 0.954545 1786661 107-adfuy 
20200 218 225 0.968889 0.00444444 111 111 0 25 0 0 191 0 0.968889 1796879 111-aaccx 
20300 208 219 0.949772 0.00456621 108 108 0 23 3 2 199 0 0.949772 1798042 108-aavrc 
20400 210 225 0.933333 0.00444444 109 109 0 20 2 2 197 0 0.933333 1819806 109-aaltg 
20500 210 221 0.950226 0.00452489 107 107 0 22 1 0 196 0 0.950226 1824428 107-adijq 
20600 216 219 0.986301 0.00456621 111 111 0 25 3 3 196 0 0.986301 1827491 111-aacvs 
20700 216 219 0.986301 0.00456621 111 111 0 29 3 2 196 0 0.986301 1827491 111-aacvs 
20800 208 218 0.954128 0.00458716 107 107 0 23 4 2 199 0 0.954128 1853470 107-adkfm 
20900 216 225 0.96 0.00444444 111 111 0 26 1 1 200 0 0.96 1864637 111-aadxh 
21000 214 221 0.968326 0.00452489 111 111 0 25 5 3 201 0 0.968326 1870926 111-aaeff 
21100 208 217 0.958525 0.00460829 108 108 0 28 4 4 202 0 0.958525 1878843 108-aaxsw 
21200 216 220 0.981818 0.00454545 111 111 0 38 7 6 203 0 0.981818 1879647 111-aaesi 
21300 210 221 0.950226 0.00452489 107 107 0 31 0 0 200 0 0.950226 1864165 107-adkyl 
21400 208 216 0.962963 0.00462963 108 108 0 20 2 2 205 0 0.962963 1896199 108-aayad 
21500 216 219 0.986301 0.00456621 111 111 0 20 0 0 201 0 0.986301 1924481 111-aahhq 
21600 216 219 0.986301 0.00456621 111 111 0 23 2 2 201 0 0.986301 1924481 111-aahhq 
21700 208 217 0.958525 0.00460829 108 108 0 23 6 3 207 0 0.958525 1934740 108-aayuj 
21800 216 220 0.981818 0.00454545 111 111 0 39 5 5 211 0 0.981818 1944505 111-aaiog 
21900 216 220 0.981818 0.00454545 111 111 0 32 4 4 211 0 0.981818 1944505 111-aaiog 
22000 208.964 217 0.962969 0.00460829 108 108 0 24 3 2 207 0 0.967742 1965587 108-aazoa 
22100 210 221 0.950226 0.00452489 108 108 0 20 4 3 197 0 0.950226 1976007 108-aazwb 
22200 216 219 0.986301 0.00456621 111 111 0 23 3 2 203 0 0.986301 1990421 111-aalki 
22300 212 219 0.968037 0.00456621 110 110.077 0 24 3 2 204 0 0.968037 2002471 110-aadqa 
22400 210 220 0.954545 0.00454545 108 108 0 22 2 2 213 0 0.954545 1985114 108-abaco 
22500 216 220 0.981818 0.00454545 111 111 0 19 5 3 220 0 0.981818 2015027 111-aanfd 
22600 218 221 0.986425 0.00452489 112 112 0 25 5 4 223 0 0.986425 2026382 112-aaaiy 
22700 218 221 0.986425 0.00452489 112 112 0 47 3 1 223 0 0.986425 2026382 112-aaaiy 
22800 218 221 0.986425 0.00452489 112 112 0 42 3 2 223 0 0.986425 2026382 112-aaaiy 
22900 218 221 0.986425 0.00452489 112 112 0 22 4 3 223 0 0.986425 2026382 112-aaaiy 
23000 212 223 0.950673 0.0044843 110 110 0 16 0 0 219 0 0.950673 2048345 110-aaexi 
23100 216 222 0.972973 0.0045045 111 111 0 24 2 2 217 0 0.972973 2068951 111-aarcy 
23200 216 222 0.972973 0.0045045 111 111 0 31 7 4 217 0 0.972973 2073403 111-aarlz 
23300 218 222 0.981982 0.0045045 111 111 0 24 0 0 220 0 0.981982 2099102 111-aatmf 
23400 216 226 0.955752 0.00442478 111 111 0 22 4 2 219 0 0.955752 2092529 111-aatbu 
23500 216 220 0.981818 0.00454545 111 111 0 23 3 3 212 0 0.981818 2093526 111-aasxt 
23600 218 222 0.981982 0.0045045 111 111 0 26 1 0 221 0 0.981982 2112219 111-aaump 
23700 214 219 0.977169 0.00456621 111 111 0 18 2 2 216 0 0.977169 2110475 111-aaumg 
23800 210 220 0.954545 0.00454545 110 110 0 24 0 0 237 0 0.954545 2134937 110-aahhq 
23900 210 220 0.954545 0.00454545 110 110 0 22 2 1 237 0 0.954545 2134937 110-aahhq 
24000 214 224 0.955357 0.00446429 111 111 0 28 2 1 230 0 0.955357 2161332 111-aayjm 
24100 214 222 0.963964 0.0045045 113 113 0 25 0 0 236 0 0.963964 2172415 113-aaalf 
24200 218 226 0.964602 0.00442478 112 112 0 22 0 0 240 0 0.964602 2174729 112-aacpz 
24300 218 222 0.981982 0.0045045 111 111 0 41 4 4 225 0 0.981982 2126038 111-aavmy 
24400 212 218 0.972477 0.00458716 110 110 0 24 2 2 218 0 0.972477 2184300 110-aaiqb 
24500 216 220 0.981818 0.00454545 111 111 0 25 1 1 232 0 0.981818 2190186 111-abati 
24600 212 221 0.959276 0.00452489 111 111 0 24 1 1 227 0 0.959276 2221274 111-abdkv 
24700 215.699 220.85 0.976676 0.00452798 111 111 0 19 1 0 235 0 0.977376 2230533 111-abdxc 
24800 212.355 221.177 0.960108 0.00452127 111 111 0 27 5 5 225 0 0.963964 2233756 111-abeer 
24900 214 223 0.959641 0.0044843 111 111 0 23 1 1 235 0 0.959641 2245706 111-abfat 
25000 212.348 221.174 0.960091 0.00452134 111 111 0 17 2 0 234 0 0.963964 2246177 111-abfbw 
25100 212 225 0.942222 0.00444444 111 111 0 26 4 3 238 0 0.942222 2268517 111-abgtp 
25200 212 225 0.942222 0.00444444 111 111 0 22 0 0 238 0 0.942222 2268517 111-abgtp 
25300 212.365 221.182 0.960131 0.00452117 111 111 0 20 0 0 230 0 0.963964 2279957 111-abhqv 
25400 216 223 0.96861 0.0044843 111 111 0 30 1 1 237 0 0.96861 2283344 111-abhwr 
25500 215.077 223.538 0.962142 0.00447353 111 111 0 21 1 0 242 0 0.964286 2290455 111-abins 
25600 214 221 0.968326 0.00452489 109 109 0 34 2 2 245 0 0.968326 2304552 109-aapcf 
25700 212 220 0.963636 0.00454545 109 109 0 25 6 4 240 0 0.963636 2309170 109-aapdn 
25800 216 223 0.96861 0.0044843 111 111 0 28 0 0 233 0 0.96861 2305165 111-abjoo 
25900 214 219 0.977169 0.00456621 110 110 0 23 1 1 225 0 0.977169 2312466 110-aansi 
26000 212 223 0.950673 0.0044843 109 109 0 26 5 3 249 0 0.950673 2345459 109-aapru 
26100 214.381 225.19 0.951995 0.0044407 111 111 0 26 3 3 236 0 0.955752 2343667 111-ablyl 
26200 214 223 0.959641 0.0044843 111 111 0 19 1 1 236 0 0.959641 2352374 111-abmjd 
26300 216 221 0.977376 0.00452489 111 111 0 19 1 1 239 0 0.977376 2373475 111-abnhm 
26400 214 222 0.963964 0.0045045 110 110 0 25 1 1 249 0 0.963964 2381594 110-aarts 
26500 220 225 0.977778 0.00444444 112 112 0 27 2 2 248 0 0.977778 2382713 112-aaeoo 
26600 220 225 0.977778 0.00444444 112 112 0 33 1 0 248 0 0.977778 2382713 112-aaeoo 
26700 216 225 0.96 0.00444444 111 111 0 29 1 1 249 0 0.96 2396954 111-abofv 
26800 216 220 0.981818 0.00454545 110 110 0 32 7 7 238 0 0.981818 2398390 110-aasok 
26900 210 217 0.967742 0.00460829 108 108 0 34 8 7 240 0 0.967742 2425254 108-abbsl 
27000 216 220 0.981818 0.00454545 110 110 0 17 2 1 257 0 0.981818 2440761 110-aavfx 
27100 210 217 0.967742 0.00460829 108 108 0 21 3 3 242 0 0.967742 2449992 108-abbvj 
27200 218 226 0.964602 0.00442478 111 111 0 22 4 4 255 0 0.964602 2455565 111-abqdg 
27300 216 224 0.964286 0.00446429 110 110 0 23 0 0 262 0 0.964286 2470981 110-aaxei 
27400 216 219 0.986301 0.00456621 110 110 0 24 4 3 266 0 0.986301 2478310 110-aaxjl 
27500 216 223 0.96861 0.0044843 110 110 0 24 0 0 263 0 0.96861 2472478 110-aaxdj 
27600 212 217 0.976959 0.00460829 110 110 0 21 0 0 253 0 0.976959 2499200 110-aayri 
27700 212 217 0.976959 0.00460829 110 110 0 25 3 2 253 0 0.976959 2499200 110-aayri 
27800 216 222 0.972973 0.0045045 110 110 0 27 3 3 270 0 0.972973 2514717 110-aazru 
27900 216 221 0.977376 0.00452489 110 110 0 28 2 1 268 0 0.977376 2492417 110-aayib 
28000 218 225 0.968889 0.00444444 111 110.985 0 22 2 2 270 0 0.968889 2516381 111-abroo 
28100 219.598 227 0.967391 0.00440529 112 112 0 27 2 2 263 0 0.969163 2532780 112-aagci 
28200 218 224 0.973214 0.00446429 112 112 0 31 1 1 275 0 0.973214 2540965 112-aagfj 
28300 216 225 0.96 0.00444444 110 110 0 21 3 3 250 0 0.96 2555123 110-abcag 
28400 208 219 0.949772 0.00456621 109 109 0 19 0 0 248 0 0.949772 2576275 109-aavmw 
28500 214 219 0.977169 0.00456621 109 109 0 21 0 0 279 0 0.977169 2575999 109-aavll 
28600 212 222 0.954955 0.0045045 110 110 0 41 3 2 250 0 0.954955 2577287 110-abdas 
28700 216 225 0.96 0.00444444 111 111 0 19 0 0 265 0 0.96 2598060 111-abtrl 
28800 216 226 0.955752 0.00442478 110 110 0 27 3 3 254 0 0.955752 2606953 110-abecm 
28900 206 215 0.95814 0.00465116 109 109 0 21 1 1 256 0 0.95814 2623120 109-aaxbg 
29000 216 226 0.955752 0.00442478 110 110 0 30 3 3 255 0 0.955752 2632995 110-abexe 
29100 216 222 0.972973 0.0045045 110 110 0 23 0 0 280 0 0.972973 2631179 110-abevw 
29200 216 221 0.977376 0.00452489 110 110 0 20 2 1 281 0 0.977376 2626844 110-abesn 
29300 214 220 0.972727 0.00454545 109 109 0 22 0 0 253 0 0.972727 2647093 109-aayal 
29400 210 221 0.950226 0.00452489 110 110 0 25 5 4 271 0 0.950226 2663249 110-abfwz 
29500 210 219 0.958904 0.00456621 109 109 0 23 3 3 257 0 0.958904 2673183 109-aazen 
29600 220 224 0.982143 0.00446429 112 112 0 31 8 7 256 0 0.982143 2683162 112-aajay 
29700 212 222 0.954955 0.0045045 108 108 0 21 2 2 297 0 0.954955 2698217 108-abduf 
29800 220 225 0.977778 0.00444444 112 112 0 30 1 1 254 0 0.977778 2667228 112-aaitn 
29900 216 219 0.986301 0.00456621 110 110 0 22 2 2 285 0 0.986301 2696830 110-abhdt 
30000 214 221 0.968326 0.00452489 109 109 0 28 4 3 258 0 0.968326 2694633 109-abacc 
30100 210 221 0.950226 0.00452489 109 109 0 21 2 1 295 0 0.950226 2740624 109-abcit 
30200 214 219 0.977169 0.00456621 109 109 0 26 2 1 289 0 0.977169 2732768 109-abccn 
30300 214.66 223 0.962603 0.0044843 110 110 0 26 6 6 291 0 0.96861 2756301 110-abjfy 
30400 216 220 0.981818 0.00454545 110 110 0 21 3 3 288 0 0.981818 2766017 110-abjri 
30500 216 223 0.96861 0.0044843 110 110 0 23 1 1 293 0 0.96861 2772639 110-abjvw 
30600 216 219 0.986301 0.00456621 110 110 0 24 3 1 287 0 0.986301 2782140 110-abkgb 
30700 216 219 0.986301 0.00456621 110 110 0 39 8 5 287 0 0.986301 2782140 110-abkgb 
30800 214 221 0.968326 0.00452489 109 109 0 21 3 1 293 0 0.968326 2782776 109-abepn 
30900 212 229 0.925764 0.00436681 109 109 0 25 0 0 293 0 0.925764 2798156 109-abfkq 
31000 216 223 0.96861 0.0044843 110 110 0 24 1 1 291 0 0.96861 2822636 110-abmid 
31100 214.927 218 0.985904 0.00458716 110 110 0 27 4 2 294 0 0.990826 2823470 110-abmka 
31200 224 229 0.978166 0.00436681 114 113.995 0 17 0 0 304 0 0.978166 2817298 114-aaatl 
31300 214 221 0.968326 0.00452489 109 109 0 16 4 3 300 0 0.968326 2840206 109-abhan 
31400 206 217 0.949309 0.00460829 108 108 0 27 1 1 303 0 0.949309 2841958 108-abfkn 
31500 216 223 0.96861 0.0044843 110 110 0 28 3 3 298 0 0.96861 2865374 110-abozb 
31600 212 219 0.968037 0.00456621 109 109 0 25 3 3 296 0 0.968037 2867858 109-abibx 
31700 208 221 0.941176 0.00452489 109 109 0 27 2 1 305 0 0.941176 2870032 109-abiel 
31800 216 218 0.990826 0.00458716 110 110 0 25 1 1 299 0 0.990826 2888772 110-abqfu 
31900 218 220 0.990909 0.00454545 111 111 0 29 1 1 297 0 0.990909 2884926 111-abykz 
32000 208 220 0.945455 0.00454545 107 107 0 24 0 0 310 0 0.945455 2907899 107-adqnv 
32100 214 218 0.981651 0.00458716 110 110 0 52 5 5 298 0 0.981651 2904099 110-abqyd 
32200 212 220 0.963636 0.00454545 109 109.06 0 16 5 3 305 0 0.963636 2931245 109-abksi 
32300 212 219 0.968037 0.00456621 110 110 0 27 1 1 307 0 0.968037 2918399 110-abrrp 
32400 220 233 0.944206 0.00429185 113 113 0 25 2 2 319 0 0.944206 2939175 113-aacsm 
32500 210 220 0.954545 0.00454545 109 109 0 21 2 1 314 0 0.954545 2968136 109-ablyk 
32600 216 223 0.96861 0.0044843 110 110 0 25 7 5 307 0 0.96861 2972154 110-abuzz 
32700 216 225 0.96 0.00444444 110 110 0 32 2 2 303 0 0.96 2954241 110-abtyi 
32800 208 220 0.945455 0.00454545 107 107 0 23 4 3 307 0 0.945455 2980380 107-adqvl 
32900 212 218 0.972477 0.00458716 110 110 0 20 1 1 312 0 0.972477 2995085 110-abwqg 
33000 214 224 0.955357 0.00446429 109 109 0 25 3 3 313 0 0.955357 3012230 109-abnhh 
33100 216 223 0.96861 0.0044843 111 111 0 27 0 0 314 0 0.96861 3022380 111-acbmq 
33200 214 221 0.968326 0.00452489 109 109 0 22 2 2 312 0 0.968326 3000692 109-abmyf 
33300 216 224 0.964286 0.00446429 111 110.925 0 23 1 1 320 0 0.964286 3034345 111-acbvt 
33400 212 220 0.963636 0.00454545 109 109 0 17 2 2 304 0 0.963636 3038145 109-abodu 
33500 214 221 0.968326 0.00452489 110 110 0 22 1 1 315 0 0.968326 3057267 110-abzpr 
33600 214 220 0.972727 0.00454545 110 110 0 24 5 5 324 0 0.972727 3062435 110-abzwz 
33700 210 222 0.945946 0.0045045 108 108.032 0 19 0 0 318 0 0.945946 3067810 108-abhjo 
33800 214 222 0.963964 0.0045045 110 110 0 27 2 2 318 0 0.963964 3076073 110-acakz 
33900 218 224 0.973214 0.00446429 111 111 0 22 2 2 306 0 0.973214 3085274 111-acdwh 
34000 210 219 0.958904 0.00456621 109 109 0 23 1 0 323 0 0.958904 3084465 109-abpne 
34100 218 222 0.981982 0.0045045 112 112 0 25 1 1 322 0 0.981982 3101502 112-aamjj 
34200 218 220 0.990909 0.00454545 112 112 0 20 0 0 318 0 0.990909 3116331 112-aampw 
34300 214 224 0.955357 0.00446429 111 111 0 21 0 0 322 0 0.955357 3129505 111-acfmq 
34400 216 221 0.977376 0.00452489 111 111 0 23 0 0 326 0 0.977376 3137513 111-acfum 
34500 218 223 0.977578 0.0044843 111 111 0 25 0 0 314 0 0.977578 3136777 111-acfvf 
34600 210 223 0.941704 0.0044843 110 110 0 23 0 0 326 0 0.941704 3136702 110-accrp 
34700 222 225 0.986667 0.00444444 113 113 0 21 0 0 328 0 0.986667 3174597 113-aadeb 
34800 212 221 0.959276 0.00452489 110 110 0 25 4 3 324 0 0.959276 3153122 110-acdds 
34900 206.404 220.202 0.937335 0.0045413 109 109 0 23 1 1 322 0 0.941176 3184019 109-absbm 
35000 214 222 0.963964 0.0045045 110 110 0 26 2 2 331 0 0.963964 3195612 110-acekc 
35100 218 223 0.977578 0.0044843 111 111 0 33 3 3 318 0 0.977578 3194833 111-acins 
35200 218 221 0.986425 0.00452489 111 111 0 21 7 5 319 0 0.986425 3192836 111-acila 
35300 218 221 0.986425 0.00452489 111 111 0 39 9 6 319 0 0.986425 3192836 111-acila 
35400 218 224 0.973214 0.00446429 111 111 0 28 2 1 323 0 0.973214 3238419 111-ackxm 
35500 220 225 0.977778 0.00444444 112 112 0 24 3 2 325 0 0.977778 3218061 112-aaphp 
35600 220 223 0.986547 0.0044843 113 113 0 21 2 0 325 0 0.986547 3244946 113-aadly 
35700 220 223 0.986547 0.0044843 113 113 0 26 6 3 325 0 0.986547 3244946 113-aadly 
35800 218 224 0.973214 0.00446429 111 111 0 22 6 6 331 0 0.973214 3277294 111-acmxc 
35900 218 224 0.973214 0.00446429 111 111 0 26 1 1 331 0 0.973214 3277294 111-acmxc 
36000 216 224 0.964286 0.00446429 110 110 0 26 3 2 338 0 0.964286 3252255 110-acget 
36100 218 222 0.981982 0.0045045 111 111 0 22 4 3 327 0 0.981982 3291137 111-acnqo 
36200 212.382 220.191 0.964531 0.00454153 110 110 0 30 1 1 342 0 0.968326 3307807 110-acids 
36300 218 223 0.977578 0.0044843 112 112 0 24 2 1 335 0 0.977578 3309607 112-aarpb 
36400 214 221 0.968326 0.00452489 110 110 0 22 0 0 346 0 0.968326 3319675 110-aciuq 
36500 216 223 0.96861 0.0044843 111 111 0 30 9 7 343 0 0.96861 3331314 111-acpkn 
36600 216 219 0.986301 0.00456621 110 110 0 42 2 1 334 0 0.986301 3339126 110-acjpb 
36700 214 223 0.959641 0.0044843 110 110 0 31 7 6 349 0 0.959641 3356813 110-ackiy 
36800 216 221 0.977376 0.00452489 110 110 0 30 4 3 337 0 0.977376 3363120 110-ackpb 
36900 216 223 0.96861 0.0044843 112 112 0 20 0 0 345 0 0.96861 3355898 112-aasve 
37000 214 222 0.963964 0.0045045 109 109 0 26 4 3 340 0 0.963964 3379518 109-abuci 
37100 220.921 227.461 0.971246 0.00439639 113 113 0 19 0 0 345 0 0.973684 3388936 113-aafpj 
37200 218 224 0.973214 0.00446429 111 111 0 24 5 3 339 0 0.973214 3396668 111-acrxt 
37300 214 222 0.963964 0.0045045 110 110 0 23 1 0 338 0 0.963964 3399262 110-acmiu 
37400 218 225 0.968889 0.00444444 111 111 0 25 1 1 358 0 0.968889 3421489 111-acsvt 
37500 220 225 0.977778 0.00444444 113 113 0 24 1 0 355 0 0.977778 3429421 113-aagen 
37600 216 222 0.972973 0.0045045 111 111 0 18 5 3 339 0 0.972973 3430498 111-actdi 
37700 210 220 0.954545 0.00454545 109 109 0 25 2 2 338 0 0.954545 3427656 109-abuox 
37800 220 225 0.977778 0.00444444 113 113 0 22 3 3 352 0 0.977778 3445898 113-aaglg 
37900 214 221 0.968326 0.00452489 110 110 0 33 3 2 342 0 0.968326 3465590 110-acpoy 
38000 216 224 0.964286 0.00446429 112 112 0 24 6 6 346 0 0.964286 3476961 112-aavcg 
38100 212 222 0.954955 0.0045045 110 110 0 23 4 2 348 0 0.954955 3468416 110-acpsu 
38200 218 225 0.968889 0.00444444 112 111.984 0 24 3 1 363 0 0.968889 3472564 112-aavau 
38300 218 223 0.977578 0.0044843 113 113 0 41 1 0 359 0 0.977578 3494795 113-aahnu 
38400 216 225 0.96 0.00444444 110 110 0 31 0 0 365 0 0.96 3510298 110-acruh 
38500 212 218 0.972477 0.00458716 110 110 0 36 7 5 356 0 0.972477 3521447 110-acsjd 
38600 216 224 0.964286 0.00446429 110 110 0 19 0 0 363 0 0.964286 3539201 110-actcu 
38700 212 224 0.946429 0.00446429 110 110 0 26 1 1 355 0 0.946429 3550835 110-acttf 
38800 212 220 0.963636 0.00454545 110 110 0 26 7 5 350 0 0.963636 3549362 110-actry 
38900 218 221 0.986425 0.00452489 113 113 0 33 2 2 360 0 0.986425 3559440 113-aaisq 
39000 218 224 0.973214 0.00446429 113 113 0 28 3 1 364 0 0.973214 3568621 113-aaiwi 
39100 220 226 0.973451 0.00442478 113 113 0 19 0 0 364 0 0.973451 3577301 113-aajbg 
39200 222 224 0.991071 0.00446429 115 114.985 0 23 0 0 360 0 0.991071 3594656 115-aaage 
39300 220 226 0.973451 0.00442478 114 113.987 0 23 2 1 367 0 0.973451 3601709 114-aacdd 
39400 216 221 0.977376 0.00452489 113 113 0 21 5 4 367 0 0.977376 3612323 113-aajze 
39500 220 223 0.986547 0.0044843 114 114 0 22 3 3 365 0 0.986547 3603020 114-aacdk 
39600 212 221 0.959276 0.00452489 111 111.006 0 24 2 2 370 0 0.959276 3629987 111-aczfq 
39700 216 223 0.96861 0.0044843 110 110 0 22 0 0 366 0 0.96861 3640928 110-acwvt 
39800 220 222 0.990991 0.0045045 114 114 0 18 1 0 369 0 0.990991 3633924 114-aacnu 
39900 216 223 0.96861 0.0044843 110 110 0 22 1 1 366 0 0.96861 3640928 110-acwvt 
40000 220 225 0.977778 0.00444444 114 114 0 25 2 1 372 0 0.977778 3657424 114-aacyh 
40100 220 225 0.977778 0.00444444 115 114.938 0 30 2 2 369 0 0.977778 3680089 115-aaanh 
40200 214 222 0.963964 0.0045045 110 110 0 33 3 1 364 0 0.963964 3681500 110-acxzp 
40300 216 223 0.96861 0.0044843 110 110 0 43 7 7 368 0 0.96861 3686696 110-acydh 
40400 222 227 0.977974 0.00440529 114 114 0 16 4 3 367 0 0.977974 3706254 114-aadwx 
40500 216 220 0.981818 0.00454545 110 110 0 36 2 0 370 0 0.981818 3714421 110-acyvm 
40600 216 221 0.977376 0.00452489 110 110 0 25 3 2 371 0 0.977376 3715162 110-acywb 
40700 220 223 0.986547 0.0044843 112 112 0 20 5 4 376 0 0.986547 3729815 112-abbbx 
40800 218.607 220.303 0.992294 0.00453922 113 113.01 0 23 5 4 377 0 0.995475 3726031 113-aaofn 
40900 218 223 0.977578 0.0044843 113 113 0 19 2 0 382 0 0.977578 3742463 113-aaozi 
41000 218 225 0.968889 0.00444444 113 113 0 24 2 2 377 0 0.968889 3769238 113-aaqhh 
41100 218 223 0.977578 0.0044843 113 113 0 18 1 1 382 0 0.977578 3742463 113-aaozi 
41200 214 225 0.951111 0.00444444 112 112 0 20 4 4 382 0 0.951111 3770509 112-abcbj 
41300 224 230 0.973913 0.00434783 115 115 0 23 3 2 388 0 0.973913 3768028 115-aabiw 
41400 216 223 0.96861 0.0044843 110 110 0 20 3 3 381 0 0.96861 3801118 110-adbcb 
41500 212 221 0.959276 0.00452489 111 111 0 25 7 6 384 0 0.959276 3816066 111-adayl 
41600 216 222 0.972973 0.0045045 110 110 0 43 7 7 378 0 0.972973 3799285 110-adazn 
41700 218 222 0.981982 0.0045045 111 111 0 33 5 4 375 0 0.981982 3805486 111-adauh 
41800 218 222 0.981982 0.0045045 111 111 0 25 2 1 375 0 0.981982 3805486 111-adauh 
41900 218 224 0.973214 0.00446429 113 113 0 25 1 1 384 0 0.973214 3832388 113-aasvu 
42000 216 224 0.964286 0.00446429 110 110 0 31 4 4 380 0 0.964286 3834981 110-adcdi 
42100 218 220 0.990909 0.00454545 113 113 0 24 0 0 387 0 0.990909 3812535 113-aasio 
42200 218 220 0.990909 0.00454545 113 113 0 23 2 2 387 0 0.990909 3812535 113-aasio 
42300 214 222 0.963964 0.0045045 110 110 0 20 6 5 387 0 0.963964 3885340 110-addqw 
42400 224 237 0.945148 0.00421941 114 114.012 0 20 7 6 387 0 0.945148 3893123 114-aafue 
42500 213.677 221.838 0.963206 0.0045078 110 110 0 21 2 2 386 0 0.963964 3869452 110-addgy 
42600 216 225 0.96 0.00444444 113 113 0 19 0 0 386 0 0.96 3923300 113-aavdj 
42700 218 224 0.973214 0.00446429 113 113 0 38 5 4 396 0 0.973214 3916397 113-aauzm 
42800 218 224 0.973214 0.00446429 113 113 0 53 9 5 396 0 0.973214 3916397 113-aauzm 
42900 218 222 0.981982 0.0045045 112 112 0 20 4 1 409 0 0.981982 3933260 112-abfun 
43000 224 228 0.982456 0.00438596 114 114 0 30 8 5 397 0 0.982456 3951289 114-aagsj 
43100 222 227 0.977974 0.00440529 115 115 0 24 3 3 397 0 0.977974 3950188 115-aadvw 
43200 224 228 0.982456 0.00438596 114 114 0 34 0 0 397 0 0.982456 3951289 114-aagsj 
43300 216 222 0.972973 0.0045045 112 112 0 26 1 0 390 0 0.972973 3977791 112-abgln 
43400 218 224 0.973214 0.00446429 113 113 0 21 0 0 404 0 0.973214 3973795 113-aawcq 
43500 220 226 0.973451 0.00442478 114 114 0 34 0 0 406 0 0.973451 3996173 114-aahwr 
43600 222 230 0.965217 0.00434783 114 114 0 18 2 2 404 0 0.965217 3982412 114-aahmn 
43700 212 221 0.959276 0.00452489 110 110 0 23 8 7 396 0 0.959276 4018894 110-adfwz 
43800 220 223 0.986547 0.0044843 112 112 0 29 3 2 412 0 0.986547 4012518 112-abhaj 
43900 219.675 226.838 0.968423 0.00440845 115 115 0 20 0 0 392 0 0.969163 4032166 115-aafqx 
44000 219.683 226.841 0.968439 0.00440838 115 115 0 35 2 0 392 0 0.969163 4032166 115-aafqx 
44100 226 231 0.978355 0.004329 115 115 0 27 4 4 409 0 0.978355 4039107 115-aafvl 
44200 208 223 0.932735 0.0044843 111 111 0 21 0 0 422 0 0.932735 4056687 111-adfzr 
44300 222 226 0.982301 0.00442478 114 114 0 20 2 1 413 0 0.982301 4071722 114-aakcp 
44400 220 227 0.969163 0.00440529 112 112 0 23 8 7 424 0 0.969163 4088499 112-abiuj 
44500 218 223 0.977578 0.0044843 112 112 0 26 2 2 416 0 0.977578 4052829 112-abhvt 
44600 224 226 0.99115 0.00442478 114 114 0 25 6 3 420 0 0.99115 4098027 114-aaksl 
44700 222 230 0.965217 0.00434783 114 114 0 23 6 5 402 0 0.965217 4101333 114-aakvo 
44800 220 228 0.964912 0.00438596 112 112 0 19 4 3 427 0 0.964912 4122688 112-abkda 
44900 224 228 0.982456 0.00438596 115 115 0 27 7 6 414 0 0.982456 4128092 115-aahoj 
45000 220 224 0.982143 0.00446429 112 112 0 29 1 1 423 0 0.982143 4128428 112-abkmu 
45100 220 224 0.982143 0.00446429 112 112 0 18 3 3 423 0 0.982143 4128428 112-abkmu 
45200 220 226 0.973451 0.00442478 112 112 0 25 2 1 426 0 0.973451 4139333 112-abkzk 
45300 226 231 0.978355 0.004329 114 114 0 18 1 0 414 0 0.978355 4175629 114-aamlr 
45400 220 225 0.977778 0.00444444 112 112 0 17 0 0 426 0 0.977778 4174125 112-abmzf 
45500 216 221 0.977376 0.00452489 111 111 0 21 2 1 430 0 0.977376 4192971 111-adikj 
45600 218 225 0.968889 0.00444444 112 112 0 25 5 4 431 0 0.968889 4198565 112-abodl 
45700 224 226 0.99115 0.00442478 114 114 0 25 2 1 430 0 0.99115 4206381 114-aanef 
45800 224 226 0.99115 0.00442478 114 114 0 18 6 3 430 0 0.99115 4206381 114-aanef 
45900 222 230 0.965217 0.00434783 113 113 0 22 1 1 433 0 0.965217 4220331 113-aayvl 
46000 220 222 0.990991 0.0045045 112 112 0 19 4 3 434 0 0.990991 4242215 112-abpxs 
46100 218 226 0.964602 0.00442478 112 112 0 19 2 2 425 0 0.964602 4235774 112-abptd 
46200 219.42 225.71 0.972128 0.00443048 114 114 0 31 1 1 435 0 0.973451 4243305 114-aaoaw 
46300 222 230 0.965217 0.00434783 115 115 0 27 3 2 434 0 0.965217 4254792 115-aajhl 
46400 218 245 0.889796 0.00408163 126 126 0 21 4 3 437 0 0.889796 4279265 126-aaagq 
46500 219.037 227.519 0.962717 0.00439527 114 114 0 27 5 4 434 0 0.964912 4275360 114-aaoyn 
46600 224 228 0.982456 0.00438596 116 116 0 27 4 2 432 0 0.982456 4272555 116-aadnt 
46700 221.119 228.56 0.967441 0.00437525 114 114 0 23 4 3 434 0 0.969432 4309009 114-aaptn 
46800 216 224 0.964286 0.00446429 111 111 0 29 2 1 441 0 0.964286 4311967 111-adkqx 
46900 218 228 0.95614 0.00438596 112 112 0 19 0 0 444 0 0.95614 4311393 112-abslj 
47000 216 224 0.964286 0.00446429 111 111 0 25 5 4 441 0 0.964286 4300052 111-adkik 
47100 226 229 0.9869 0.00436681 117 116.997 0 26 1 1 436 0 0.9869 4334757 117-aacgm 
47200 220 225 0.977778 0.00444444 114 114 0 23 5 5 432 0 0.977778 4334443 114-aaqjw 
47300 216 224 0.964286 0.00446429 111 111 0 18 3 3 447 0 0.964286 4359279 111-adlvp 
47400 224 231 0.969697 0.004329 116 116 0 21 0 0 439 0 0.969697 4371347 116-aaeqy 
47500 222 231 0.961039 0.004329 114 114 0 28 0 0 448 0 0.961039 4376634 114-aarkc 
47600 216 226 0.955752 0.00442478 111 111.01 0 31 4 1 447 0 0.955752 4381218 111-admjd 
47700 222 229 0.969432 0.00436681 114 114 0 21 2 2 442 0 0.969432 4383753 114-aarnc 
47800 218 227 0.960352 0.00440529 111 111 0 17 4 2 450 0 0.960352 4404201 111-admvg 
47900 216 223 0.96861 0.0044843 112 112 0 22 1 0 451 0 0.96861 4405739 112-abupz 
48000 218 226 0.964602 0.00442478 112 112 0 18 3 3 444 0 0.964602 4415214 112-abuwb 
48100 221.651 226.825 0.977184 0.00440869 114 114 0 32 6 5 445 0 0.977974 4426819 114-aaswh 
48200 221.631 226.815 0.977139 0.00440888 114 114 0 51 10 5 445 0 0.977974 4426819 114-aaswh 
48300 221.636 226.818 0.97715 0.00440884 114 114 0 23 1 1 445 0 0.977974 4426819 114-aaswh 
48400 222 232 0.956897 0.00431034 116 115.977 0 26 3 1 445 0 0.956897 4445200 116-aafmq 
48500 222 232 0.956897 0.00431034 116 116 0 23 2 1 446 0 0.956897 4466398 116-aafto 
48600 220 225 0.977778 0.00444444 113 113 0 24 1 1 462 0 0.977778 4479161 113-abbzr 
48700 221.125 227.563 0.971705 0.00439442 114 114 0 29 7 4 448 0 0.973684 4464497 114-aaudg 
48800 222 227 0.977974 0.00440529 114 114 0 17 1 1 465 0 0.977974 4495314 114-aavkh 
48900 220 225 0.977778 0.00444444 113 113 0 22 1 0 462 0 0.977778 4501813 113-abcku 
49000 208 220 0.945455 0.00454545 109 109 0 23 0 0 462 0 0.945455 4517654 109-abzys 
49100 216 223 0.96861 0.0044843 112 112 0 28 2 0 465 0 0.96861 4523870 112-abxap 
49200 222 227 0.977974 0.00440529 114 114 0 29 5 3 452 0 0.977974 4526055 114-aawsz 
49300 224 228 0.982456 0.00438596 114 114 0 28 3 3 468 0 0.982456 4548191 114-aaxrz 
49400 222.337 230.169 0.965973 0.00434465 114 114 0 27 6 5 458 0 0.969697 4563563 114-aaykn 
49500 218 227 0.960352 0.00440529 113 113 0 32 1 1 466 0 0.960352 4550101 113-abdnt 
49600 218 227 0.960352 0.00440529 113 113 0 28 0 0 455 0 0.960352 4560647 113-abdtl 
49700 218 231 0.943723 0.004329 114 114 0 21 4 1 462 0 0.943723 4578222 114-aazdn 
49800 220.373 228.187 0.965756 0.00438239 115 115 0 30 4 2 452 0 0.969432 4582487 115-aaovi 
49900 223.135 227.567 0.980517 0.00439433 114 114 0 25 2 1 467 0 0.982456 4608848 114-abavg 
50000 218 226 0.964602 0.00442478 114 114 0 24 2 2 458 0 0.964602 4605461 114-abatg 
