# Avida Average Data
# Fri Jun 15 12:01:46 2018
#  1: Update
#  2: Merit
#  3: Gestation Time
#  4: Fitness
#  5: Repro Rate?
#  6: (deprecated) Size
#  7: Copied Size
#  8: Executed Size
#  9: (deprecated) Abundance
# 10: Proportion of organisms that gave birth in this update
# 11: Proportion of Breed True Organisms
# 12: (deprecated) Genotype Depth
# 13: Generation
# 14: Neutral Metric
# 15: Lineage Label
# 16: True Replication Rate (based on births/update, time-averaged)

0 97 389 0 0 0 100 97 0 1 1 0 0 0 0 0 
100 96.6174 387.67 0.249191 0 0 100.139 96.6348 0 0 0 0 6.93043 -0.153208 0 0 
200 96.7178 390.104 0.248074 0 0 100.691 96.9258 0 0.0522222 0.0325 0 14.8611 0.154828 0 0 
300 96.7728 389.711 0.248415 0 0 101.048 96.8908 0 0.0711111 0.0455556 0 22.5775 0.0386683 0 0 
400 97.4375 391.958 0.248795 0 0 101.791 97.5789 0 0.05 0.0297222 0 30.2183 0.446897 0 0 
500 98.5483 392.994 0.251868 0 0 102.796 98.7725 0 0.0483333 0.0283333 0 38.1983 -0.16418 0 0.165471 
600 98.8697 386.323 0.25885 0 0 103.07 99.1194 0 0.0483333 0.0294444 0 46.7325 -0.729012 0 0.165751 
700 98.3664 361.478 0.278764 0 0 102.663 98.5931 0 0.0594444 0.0394444 0 57.6431 -2.67879 0 0.168238 
800 97.3239 324.999 0.307273 0 0 101.557 97.3844 0 0.0577778 0.04 0 71.4261 -4.29014 0 0.173185 
900 96.6911 300.241 0.327461 0 0 101.044 96.6917 0 0.0572222 0.0358333 0 85.0889 -6.01582 0 0.180434 
1000 96.6253 292.592 0.334746 0 0 100.979 96.6703 0 0.0705556 0.0475 0 96.8808 -6.13576 0 0.18848 
1100 96.5764 287.984 0.338414 0 0 100.789 96.5764 0 0.0675 0.0480556 0 108.154 -6.68702 0 0.196829 
1200 96.4267 287.779 0.338856 0 0 100.942 96.4786 0 0.0625 0.0422222 0 119.009 -6.44532 0 0.203977 
1300 96.5081 285.867 0.339579 0 0 101.131 96.6264 0 0.0644444 0.0441667 0 129.762 -7.03727 0 0.208418 
1400 96.8033 286.869 0.340913 0 0 101.189 96.8508 0 0.0655556 0.045 0 140.776 -7.60633 0 0.210605 
1500 96.5497 285.647 0.341264 0 0 100.997 96.5581 0 0.0694444 0.0430556 0 151.571 -7.90028 0 0.211279 
1600 96.8592 284.503 0.342671 0 0 101.101 96.8722 0 0.0725 0.0463889 0 162.315 -7.96808 0 0.211625 
1700 96.7336 283.874 0.343249 0 0 101.007 96.7336 0 0.0572222 0.0411111 0 173.15 -7.33544 0 0.212128 
1800 96.5644 284.741 0.343079 0 0 100.974 96.5683 0 0.0672222 0.0469444 0 183.903 -5.74745 0 0.213062 
1900 96.7133 283.663 0.343979 0 0 101.001 96.7175 0 0.0619444 0.0422222 0 194.913 -6.36651 0 0.213482 
2000 97.0658 284.756 0.344729 0 0 101.238 97.0658 0 0.0644444 0.0469444 0 205.515 -6.86859 0 0.214439 
2100 96.9394 286.249 0.344054 0 0 101.044 96.9889 0 0.0716667 0.0491667 0 216.567 -7.31684 0 0.214919 
2200 96.7764 283.831 0.344733 0 0 101.032 96.7836 0 0.0675 0.0444444 0 227.29 -7.1893 0 0.215142 
2300 96.725 282.19 0.345708 0 0 101.055 96.7683 0 0.0722222 0.0477778 0 238.218 -8.83025 0 0.215043 
2400 96.9756 284.996 0.344927 0 0 101.489 96.9839 0 0.0644444 0.045 0 249.111 -8.82415 0 0.215282 
2500 97.1167 283.428 0.346416 0 0 101.771 97.1725 0 0.0647222 0.0458333 0 260.151 -9.38691 0 0.215482 
2600 97.035 281.93 0.347316 0 0 101.366 97.13 0 0.0655556 0.0447222 0 271.294 -9.6498 0 0.216004 
2700 97.2831 281.928 0.348213 0 0 101.605 97.4125 0 0.0691667 0.0491667 0 282.425 -8.22508 0 0.216598 
2800 96.7767 280.742 0.348013 0 0 101.208 96.7908 0 0.0669444 0.0480556 0 293.367 -8.082 0 0.21744 
2900 96.9956 281.708 0.347713 0 0 101.405 97.0661 0 0.0666667 0.045 0 304.531 -8.85902 0 0.218396 
3000 97.6372 284.99 0.348297 0 0 101.974 97.7697 0 0.0713889 0.0486111 0 315.457 -10.3722 0 0.218904 
3100 97.7469 283.474 0.348403 0 0 102.139 97.87 0 0.0547222 0.0316667 0 326.183 -10.9214 0 0.219677 
3200 97.8675 283.079 0.349423 0 0 102.354 97.9344 0 0.0705556 0.0463889 0 336.825 -11.4504 0 0.220374 
3300 98.6964 283.379 0.350276 0 0 102.884 98.7556 0 0.07 0.0430556 0 347.713 -13.1191 0 0.221553 
3400 99.5117 284.091 0.35182 0 0 103.473 99.63 0 0.0736111 0.0405556 0 358.639 -14.728 0 0.222705 
3500 99.7756 282.85 0.353731 0 0 103.698 99.9017 0 0.0666667 0.0391667 0 369.653 -15.7055 0 0.224276 
3600 100.409 284.119 0.355843 0 0 104.347 100.576 0 0.0652778 0.0383333 0 380.937 -16.4752 0 0.226016 
3700 100.928 279.397 0.363186 0 0 104.945 101.041 0 0.0647222 0.0388889 0 392.564 -15.3869 0 0.228514 
3800 101.872 273.97 0.373748 0 0 105.934 102.002 0 0.0722222 0.0436111 0 404.966 -13.9628 0 0.231521 
3900 102.793 270.353 0.38307 0 0 107.397 102.905 0 0.0727778 0.0411111 0 417.866 -9.77933 0 0.235993 
4000 103.529 265.476 0.391784 0 0 108.492 103.61 0 0.0736111 0.0411111 0 431.011 -6.92439 0 0.241032 
4100 104.179 264.123 0.396824 0 0 109.047 104.293 0 0.0711111 0.0419444 0 443.584 -5.93691 0 0.246422 
4200 103.83 260.805 0.399166 0 0 108.948 103.981 0 0.0661111 0.0441667 0 456.066 -5.71235 0 0.251616 
4300 103.855 260.386 0.400514 0 0 108.85 103.952 0 0.0758333 0.0461111 0 468.278 -5.55134 0 0.255794 
4400 104.324 262.946 0.399691 0 0 109.526 104.437 0 0.0730556 0.0436111 0 480.125 -5.92788 0 0.258063 
4500 104.171 260.734 0.401655 0 0 109.314 104.256 0 0.0683333 0.0388889 0 492.13 -5.646 0 0.259686 
4600 104.105 260.116 0.402344 0 0 108.885 104.181 0 0.0763889 0.0475 0 504.026 -4.76854 0 0.26056 
4700 103.519 259.254 0.401347 0 0 108.38 103.584 0 0.0766667 0.045 0 515.729 -3.84945 0 0.26087 
4800 103.647 258.586 0.402484 0 0 108.518 103.762 0 0.0852778 0.0591667 0 527.859 -3.80741 0 0.26064 
4900 103.733 258.946 0.402311 0 0 109.064 103.838 0 0.0822222 0.0486111 0 539.734 -3.0871 0 0.260871 
5000 104.305 260.452 0.401772 0 0 109.678 104.438 0 0.0702778 0.0427778 0 551.244 -2.20494 0 0.260927 
5100 104.69 261.635 0.402134 0 0 109.929 104.754 0 0.0733333 0.0444444 0 563.308 -1.77482 0 0.260994 
5200 104.541 260.694 0.402646 0 0 109.701 104.629 0 0.075 0.0472222 0 575.487 -1.59034 0 0.261115 
5300 104.138 259.565 0.402955 0 0 109.33 104.245 0 0.0791667 0.0452778 0 587.405 -0.172498 0 0.261568 
5400 105.181 258.872 0.408076 0 0 109.174 104.167 0 0.0713889 0.0408333 0 599.177 1.25137 0 0.261919 
5500 299.925 241.438 1.25391 0 0 103.041 96.1992 0 0.0716667 0.0511111 0 638.937 -12.7805 0 0.306192 
5600 321.18 239.856 1.35076 0 0 102.101 95.8225 0 0.0852778 0.0588889 0 668.486 -13.8104 0 0.424057 
5700 314.896 239.586 1.32539 0 0 102.238 96.2119 0 0.0772222 0.0494444 0 694.657 -14.2771 0 0.5448 
5800 327.14 239.056 1.37562 0 0 101.661 96.2267 0 0.0797222 0.0533333 0 721.763 -15.877 0 0.666354 
5900 317.033 240.469 1.33069 0 0 102.006 96.5014 0 0.0969444 0.0597222 0 749.133 -18.2802 0 0.78624 
6000 321.073 241.979 1.34391 0 0 102.566 96.5658 0 0.0797222 0.0497222 0 778.528 -21.8696 0 0.864083 
6100 327.106 239.924 1.36717 0 0 102.505 97.2736 0 0.0780556 0.0519444 0 806.985 -22.5382 0 0.867503 
6200 326.428 240.764 1.3629 0 0 102.898 97.5889 0 0.0805556 0.0555556 0 832.408 -21.732 0 0.870102 
6300 317.118 242.637 1.31697 0 0 102.785 97.835 0 0.0908333 0.0547222 0 860.881 -19.4267 0 0.869433 
6400 322.281 244.036 1.32987 0 0 103.791 98.6753 0 0.0830556 0.0536111 0 886.226 -21.8307 0 0.874538 
6500 311.279 245.961 1.27751 0 0 104.658 98.8106 0 0.0788889 0.0488889 0 915.543 -20.5185 0 0.869482 
6600 328.921 243.38 1.35513 0 0 104.235 98.6547 0 0.0838889 0.0525 0 942.433 -20.2239 0 0.870887 
6700 330.146 246.369 1.34588 0 0 104.599 99.0969 0 0.0777778 0.0513889 0 967.406 -23.0283 0 0.869798 
6800 334.897 248.26 1.36058 0 0 105.34 99.4586 0 0.0738889 0.0469444 0 994.508 -23.6873 0 0.86987 
6900 324.758 248.366 1.32109 0 0 105.219 99.3878 0 0.0833333 0.0547222 0 1018.94 -24.8338 0 0.866488 
7000 324.836 246.266 1.32359 0 0 104.628 99.0739 0 0.0777778 0.0527778 0 1047.32 -25.0846 0 0.872144 
7100 334.134 248.766 1.35753 0 0 104.844 99.6567 0 0.0830556 0.0494444 0 1068.02 -25.9385 0 0.871081 
7200 324.827 249.273 1.32007 0 0 105.021 99.9908 0 0.09 0.0586111 0 1093.62 -28.637 0 0.872025 
7300 335.69 252.189 1.34184 0 0 106.45 100.692 0 0.0716667 0.0458333 0 1122.54 -26.5666 0 0.871893 
7400 335.65 251.379 1.35053 0 0 106.253 100.499 0 0.0761111 0.0502778 0 1153.57 -27.1247 0 0.874745 
7500 331.059 248.171 1.33781 0 0 106.094 100.814 0 0.0816667 0.0536111 0 1179.01 -29.2325 0 0.877183 
7600 323.838 249.403 1.30769 0 0 106.108 100.392 0 0.0869444 0.0566667 0 1203.34 -29.9031 0 0.878505 
7700 343.934 250.616 1.38097 0 0 106.403 100.662 0 0.0802778 0.0486111 0 1227.85 -32.4868 0 0.878859 
7800 348.661 255.461 1.37852 0 0 108.304 101.829 0 0.0677778 0.0430556 0 1252.58 -39.4467 0 0.880543 
7900 343.19 255.57 1.35235 0 0 109.301 102.235 0 0.07 0.0427778 0 1283.03 -41.9 0 0.879517 
8000 334.991 257.664 1.31855 0 0 109.325 102.372 0 0.0758333 0.0455556 0 1298.87 -40.3797 0 0.880866 
8100 335.358 256.821 1.31153 0 0 109.554 102.121 0 0.0761111 0.0455556 0 1330.27 -39.9863 0 0.878554 
8200 331.096 253.606 1.31242 0 0 108.614 102.124 0 0.0736111 0.0480556 0 1362.54 -42.7375 0 0.877896 
8300 339.563 254.822 1.33394 0 0 109.038 102.873 0 0.0763889 0.0472222 0 1387.8 -45.3456 0 0.877476 
8400 337.582 258.622 1.31368 0 0 110.57 104.065 0 0.0783333 0.0508333 0 1402.16 -46.1631 0 0.876593 
8500 325.026 258.342 1.27084 0 0 109.949 103.964 0 0.0755556 0.0480556 0 1427.06 -44.0209 0 0.872448 
8600 333.784 257.839 1.30608 0 0 110.281 104.559 0 0.0794444 0.0513889 0 1450.77 -47.1718 0 0.873076 
8700 337.217 259.911 1.30103 0 0 110.857 105.673 0 0.0688889 0.0408333 0 1474.7 -46.05 0 0.876126 
8800 334.885 262.093 1.2872 0 0 111.917 106.171 0 0.0711111 0.0425 0 1506.03 -48.832 0 0.878255 
8900 346.893 261.615 1.33623 0 0 111.436 105.862 0 0.0769444 0.0511111 0 1536.16 -48.6079 0 0.876568 
9000 334.443 261.515 1.28757 0 0 111.321 106.059 0 0.0752778 0.0427778 0 1566.61 -46.4455 0 0.878265 
9100 348.454 264.697 1.32948 0 0 112.768 106.834 0 0.0802778 0.0463889 0 1588.55 -43.917 0 0.883925 
9200 352.311 267.094 1.33152 0 0 114.198 108.121 0 0.0711111 0.0419444 0 1618.63 -44.1196 0 0.879928 
9300 352.183 264.977 1.3367 0 0 113.326 107.489 0 0.0716667 0.0441667 0 1650.18 -43.6117 0 0.881864 
9400 349.772 265.942 1.32653 0 0 113.777 107.938 0 0.085 0.0569444 0 1674.29 -41.9419 0 0.888225 
9500 340.327 265.546 1.28448 0 0 113.769 108.576 0 0.0813889 0.0486111 0 1702.78 -43.4501 0 0.886984 
9600 354.236 265.237 1.34465 0 0 113.715 108.56 0 0.0675 0.0425 0 1730.62 -46.083 0 0.886583 
9700 364.796 265.436 1.38469 0 0 113.215 108.173 0 0.08 0.0475 0 1751.98 -46.0423 0 0.889549 
9800 357.079 265.605 1.35592 0 0 113.361 108.657 0 0.0811111 0.0511111 0 1777.95 -48.0511 0 0.890291 
9900 359.734 265.836 1.36464 0 0 113.163 108.781 0 0.0852778 0.0530556 0 1804.74 -50.3777 0 0.891084 
10000 362.439 264.678 1.37882 0 0 113.037 108.384 0 0.0786111 0.0486111 0 1830.89 -46.6757 0 0.898661 
