# Avida count data
# Fri Jun 15 12:01:46 2018
#  1: update
#  2: number of insts executed this update
#  3: number of organisms
#  4: number of different genotypes
#  5: number of different threshold genotypes
#  6: (deprecated) number of different species
#  7: (deprecated) number of different threshold species
#  8: (deprecated) number of different lineages
#  9: number of births in this update
# 10: number of deaths in this update
# 11: number of breed true
# 12: number of breed true organisms?
# 13: number of no-birth organisms
# 14: number of single-threaded organisms
# 15: number of multi-threaded organisms
# 16: number of modified organisms

0 30 1 1 1 0 0 0 1 0 1 1 1 1 0 0 
100 3450 115 45 9 0 0 0 0 0 0 70 60 115 0 0 
200 108000 3600 1450 345 0 0 0 188 188 117 2353 1814 3600 0 0 
300 108000 3600 1844 583 0 0 0 256 256 164 2305 1846 3600 0 0 
400 108000 3600 1952 643 0 0 0 180 180 107 2279 1858 3600 0 0 
500 108000 3600 1952 687 0 0 0 174 174 102 2295 1829 3600 0 0 
600 108000 3600 1984 654 0 0 0 174 174 106 2268 1827 3600 0 0 
700 108000 3600 1860 611 0 0 0 214 214 142 2359 1876 3600 0 0 
800 108000 3600 1821 590 0 0 0 208 208 144 2366 1900 3600 0 0 
900 108000 3600 1745 616 0 0 0 206 206 129 2472 1905 3600 0 0 
1000 108000 3600 1788 623 0 0 0 254 254 171 2428 1961 3600 0 0 
1100 108000 3600 1751 626 0 0 0 243 243 173 2483 1940 3600 0 0 
1200 108000 3600 1811 615 0 0 0 225 225 152 2399 1962 3600 0 0 
1300 108000 3600 1824 636 0 0 0 232 232 159 2429 1901 3600 0 0 
1400 108000 3600 1774 625 0 0 0 236 236 162 2461 1951 3600 0 0 
1500 108000 3600 1789 638 0 0 0 250 250 155 2443 1937 3600 0 0 
1600 108000 3600 1750 613 0 0 0 261 261 167 2488 1917 3600 0 0 
1700 108000 3600 1716 623 0 0 0 206 206 148 2539 1948 3600 0 0 
1800 108000 3600 1718 611 0 0 0 242 242 169 2516 1936 3600 0 0 
1900 108000 3600 1753 632 0 0 0 223 223 152 2505 1943 3600 0 0 
2000 108000 3600 1696 600 0 0 0 232 232 169 2542 1929 3600 0 0 
2100 108000 3600 1696 617 0 0 0 258 258 177 2540 1899 3600 0 0 
2200 108000 3600 1798 618 0 0 0 243 243 160 2431 1944 3600 0 0 
2300 108000 3600 1711 613 0 0 0 260 260 172 2493 1912 3600 0 0 
2400 108000 3600 1762 649 0 0 0 232 232 162 2510 1920 3600 0 0 
2500 108000 3600 1756 635 0 0 0 233 233 165 2505 1906 3600 0 0 
2600 108000 3600 1721 609 0 0 0 236 236 161 2504 1896 3600 0 0 
2700 108000 3600 1784 609 0 0 0 249 249 177 2438 1917 3600 0 0 
2800 108000 3600 1763 620 0 0 0 241 241 173 2478 1900 3600 0 0 
2900 108000 3600 1770 629 0 0 0 240 240 162 2483 1880 3600 0 0 
3000 108000 3600 1871 635 0 0 0 257 257 175 2372 1906 3600 0 0 
3100 108000 3600 1939 633 0 0 0 197 197 114 2316 1937 3600 0 0 
3200 108000 3600 1901 640 0 0 0 254 254 167 2343 1914 3600 0 0 
3300 108000 3600 1961 638 0 0 0 252 252 155 2262 1900 3600 0 0 
3400 108000 3600 1988 615 0 0 0 265 265 146 2222 1899 3600 0 0 
3500 108000 3600 1986 616 0 0 0 240 240 141 2231 1881 3600 0 0 
3600 108000 3600 2018 607 0 0 0 235 235 138 2178 1888 3600 0 0 
3700 108000 3600 2032 640 0 0 0 233 233 140 2175 1871 3600 0 0 
3800 108000 3600 2047 605 0 0 0 260 260 157 2134 1870 3600 0 0 
3900 108000 3600 2069 629 0 0 0 262 262 148 2128 1869 3600 0 0 
4000 108000 3600 2070 621 0 0 0 265 265 148 2139 1874 3600 0 0 
4100 108000 3600 2043 604 0 0 0 256 256 151 2157 1863 3600 0 0 
4200 108000 3600 2049 658 0 0 0 238 238 159 2211 1875 3600 0 0 
4300 108000 3600 2083 635 0 0 0 273 273 166 2146 1827 3600 0 0 
4400 108000 3600 2056 627 0 0 0 263 263 157 2116 1885 3600 0 0 
4500 108000 3600 2066 604 0 0 0 246 246 140 2109 1847 3600 0 0 
4600 108000 3600 2038 639 0 0 0 275 275 171 2181 1898 3600 0 0 
4700 108000 3600 2048 610 0 0 0 276 276 162 2177 1873 3600 0 0 
4800 108000 3600 1950 626 0 0 0 307 307 213 2281 1855 3600 0 0 
4900 108000 3600 2056 622 0 0 0 296 296 175 2201 1886 3600 0 0 
5000 108000 3600 2063 640 0 0 0 253 253 154 2181 1865 3600 0 0 
5100 108000 3600 2015 609 0 0 0 264 264 160 2184 1884 3600 0 0 
5200 108000 3600 2085 630 0 0 0 270 270 170 2166 1886 3600 0 0 
5300 108000 3600 2080 617 0 0 0 285 285 163 2134 1842 3600 0 0 
5400 108000 3600 2100 632 0 0 0 257 257 147 2114 1871 3600 0 0 
5500 108000 3600 1600 312 0 0 0 258 258 184 2297 1896 3600 0 0 
5600 108000 3600 1498 333 0 0 0 307 307 212 2435 1839 3600 0 0 
5700 108000 3600 1550 326 0 0 0 278 278 178 2360 1862 3600 0 0 
5800 108000 3600 1548 342 0 0 0 287 287 192 2388 1878 3600 0 0 
5900 108000 3600 1633 353 0 0 0 349 349 215 2325 1891 3600 0 0 
6000 108000 3600 1638 345 0 0 0 287 287 179 2314 1911 3600 0 0 
6100 108000 3600 1581 333 0 0 0 281 281 187 2365 1886 3600 0 0 
6200 108000 3600 1564 337 0 0 0 290 290 200 2377 1863 3600 0 0 
6300 108000 3600 1621 345 0 0 0 327 327 197 2319 1853 3600 0 0 
6400 108000 3600 1665 372 0 0 0 299 299 193 2316 1903 3600 0 0 
6500 108000 3600 1677 362 0 0 0 284 284 176 2258 1877 3600 0 0 
6600 108000 3600 1678 376 0 0 0 302 302 189 2303 1871 3600 0 0 
6700 108000 3600 1663 383 0 0 0 280 280 185 2299 1870 3600 0 0 
6800 108000 3600 1667 351 0 0 0 266 266 169 2268 1860 3600 0 0 
6900 108000 3600 1624 371 0 0 0 300 300 197 2310 1882 3600 0 0 
7000 108000 3600 1573 339 0 0 0 280 280 190 2360 1882 3600 0 0 
7100 108000 3600 1689 342 0 0 0 299 299 178 2257 1881 3600 0 0 
7200 108000 3600 1631 337 0 0 0 324 324 211 2290 1857 3600 0 0 
7300 108000 3600 1689 368 0 0 0 258 258 165 2277 1864 3600 0 0 
7400 108000 3600 1623 340 0 0 0 274 274 181 2316 1872 3600 0 0 
7500 108000 3600 1607 345 0 0 0 294 294 193 2372 1871 3600 0 0 
7600 108000 3600 1653 345 0 0 0 313 313 204 2294 1862 3600 0 0 
7700 108000 3600 1660 378 0 0 0 289 289 175 2304 1877 3600 0 0 
7800 108000 3600 1628 386 0 0 0 244 244 155 2329 1847 3600 0 0 
7900 108000 3600 1659 352 0 0 0 252 252 154 2293 1860 3600 0 0 
8000 108000 3600 1698 376 0 0 0 273 273 164 2259 1845 3600 0 0 
8100 108000 3600 1714 354 0 0 0 274 274 164 2248 1853 3600 0 0 
8200 108000 3600 1723 376 0 0 0 265 265 173 2226 1856 3600 0 0 
8300 108000 3600 1688 375 0 0 0 275 275 170 2278 1855 3600 0 0 
8400 108000 3600 1705 368 0 0 0 282 282 183 2252 1821 3600 0 0 
8500 108000 3600 1722 366 0 0 0 272 272 173 2259 1864 3600 0 0 
8600 108000 3600 1680 383 0 0 0 286 286 185 2252 1846 3600 0 0 
8700 108000 3600 1672 355 0 0 0 248 248 147 2273 1874 3600 0 0 
8800 108000 3600 1739 378 0 0 0 256 256 153 2256 1876 3600 0 0 
8900 108000 3600 1676 355 0 0 0 277 277 184 2245 1846 3600 0 0 
9000 108000 3600 1719 353 0 0 0 271 271 154 2227 1847 3600 0 0 
9100 108000 3600 1737 370 0 0 0 289 289 167 2198 1855 3600 0 0 
9200 108000 3600 1754 388 0 0 0 256 256 151 2219 1858 3600 0 0 
9300 108000 3600 1767 404 0 0 0 258 258 159 2211 1830 3600 0 0 
9400 108000 3600 1713 369 0 0 0 306 306 205 2231 1847 3600 0 0 
9500 108000 3600 1680 356 0 0 0 293 293 175 2253 1890 3600 0 0 
9600 108000 3600 1708 384 0 0 0 243 243 153 2253 1857 3600 0 0 
9700 108000 3600 1784 362 0 0 0 288 288 171 2158 1878 3600 0 0 
9800 108000 3600 1748 374 0 0 0 292 292 184 2142 1856 3600 0 0 
9900 108000 3600 1729 387 0 0 0 307 307 191 2243 1835 3600 0 0 
10000 108000 3600 1714 350 0 0 0 283 283 175 2227 1871 3600 0 0 
