# Avida tasks data
# Tue May 29 13:46:55 2018
# First column gives the current update, next columns give the number
# of organisms that have the particular task as a component of their merit
#  1: Update
#  2: Not
#  3: Nand
#  4: And
#  5: OrNot
#  6: Or
#  7: AndNot
#  8: Nor
#  9: Xor
# 10: Equals

-1 0 0 0 0 0 0 0 0 0 
26 0 0 0 0 0 0 0 0 0 
49 0 0 0 0 0 0 0 0 0 
72 0 0 0 0 0 0 0 0 0 
94 0 0 0 0 0 0 0 0 0 
115 0 0 0 0 0 0 0 0 0 
135 0 0 0 0 0 0 0 0 0 
155 0 0 0 0 0 0 0 0 0 
173 0 0 0 0 0 0 0 0 0 
189 0 0 0 0 0 0 0 0 0 
205 0 0 0 0 0 0 0 0 0 
220 0 0 0 0 0 0 0 0 0 
235 0 0 0 0 0 0 0 0 0 
250 0 0 0 0 0 0 0 0 0 
265 0 0 0 0 0 0 0 0 0 
280 0 0 0 0 0 0 0 0 0 
294 0 0 0 0 0 0 0 0 0 
309 0 0 0 0 0 0 0 0 0 
324 0 0 0 0 0 0 0 0 0 
338 0 0 0 0 0 0 0 0 0 
354 0 0 0 0 0 0 0 0 0 
370 0 0 0 0 0 0 0 0 0 
385 0 0 0 0 0 0 0 0 0 
402 0 0 0 0 0 0 0 0 0 
418 0 0 0 0 0 0 0 0 0 
433 0 0 0 0 0 0 0 0 0 
449 0 0 0 0 0 0 0 0 0 
464 0 0 0 0 0 0 0 0 0 
479 0 0 0 0 0 0 0 0 0 
495 0 0 0 0 0 0 0 0 0 
509 0 0 0 0 0 0 0 0 0 
524 0 0 0 0 0 0 0 0 0 
538 0 0 0 0 0 0 0 0 0 
552 0 0 0 0 0 0 0 0 0 
568 0 0 0 0 0 0 0 0 0 
583 0 0 0 0 0 0 0 0 0 
598 0 0 0 0 0 0 0 0 0 
612 0 0 0 0 0 0 0 0 0 
626 0 0 0 0 0 0 0 0 0 
641 0 0 0 0 0 0 0 0 0 
654 0 0 0 0 0 0 0 0 0 
668 0 0 0 0 0 0 0 0 0 
682 0 0 0 0 0 0 0 0 0 
695 0 0 0 0 0 0 0 0 0 
708 0 0 0 0 0 0 0 0 0 
721 0 0 0 0 0 0 0 0 0 
734 0 0 0 0 0 0 0 0 0 
746 0 0 0 0 0 0 0 0 0 
758 0 0 0 0 0 0 0 0 0 
770 0 0 0 0 0 0 0 0 0 
782 0 0 0 0 0 0 0 0 0 
793 0 0 0 0 0 0 0 0 0 
805 0 0 0 0 0 0 0 0 0 
816 0 0 0 0 0 0 0 0 0 
827 0 0 0 0 0 0 0 0 0 
838 0 0 0 0 0 0 0 0 0 
848 0 0 0 0 0 0 0 0 0 
860 0 0 0 0 0 0 0 0 0 
872 0 0 0 0 0 0 0 0 0 
884 0 0 0 0 0 0 0 0 0 
894 0 0 0 0 0 0 0 0 0 
906 0 0 0 0 0 0 0 0 0 
917 0 0 0 0 0 0 0 0 0 
927 0 0 0 0 0 0 0 0 0 
938 0 0 0 0 0 0 0 0 0 
949 0 0 0 0 0 0 0 0 0 
960 0 0 0 0 0 0 0 0 0 
970 0 0 0 0 0 0 0 0 0 
981 0 0 0 0 0 0 0 0 0 
993 0 0 0 0 0 0 0 0 0 
1003 0 0 0 0 0 0 0 0 0 
1014 0 0 0 0 0 0 0 0 0 
1024 0 0 0 0 0 0 0 0 0 
1036 0 0 0 0 0 0 0 0 0 
1046 0 0 0 0 0 0 0 0 0 
1057 0 0 0 0 0 0 0 0 0 
1068 0 0 0 0 0 0 0 0 0 
1079 0 0 0 0 0 0 0 0 0 
1090 0 0 0 0 0 0 0 0 0 
1101 0 0 0 0 0 0 0 0 0 
1112 0 0 0 0 0 0 0 0 0 
1122 0 0 0 0 0 0 0 0 0 
1133 0 0 0 0 0 0 0 0 0 
1144 0 0 0 0 0 0 0 0 0 
1154 0 0 0 0 0 0 0 0 0 
1164 0 0 0 0 0 0 0 0 0 
1175 0 0 0 0 0 0 0 0 0 
1185 0 0 0 0 0 0 0 0 0 
1195 0 0 0 0 0 0 0 0 0 
1205 0 0 0 0 0 0 0 0 0 
1215 0 0 0 0 0 0 0 0 0 
1225 0 0 0 0 0 0 0 0 0 
1236 0 0 0 0 0 0 0 0 0 
1247 0 0 0 0 0 0 0 0 0 
1258 0 0 0 0 0 0 0 0 0 
1268 0 0 0 0 0 0 0 0 0 
1279 0 0 0 0 0 0 0 0 0 
1290 0 0 0 0 0 0 0 0 0 
1300 0 0 0 0 0 0 0 0 0 
1310 0 0 0 0 0 0 0 0 0 
1320 0 0 0 0 0 0 0 0 0 
1331 0 0 0 0 0 0 0 0 0 
1341 0 0 0 0 0 0 0 0 0 
1352 0 0 0 0 0 0 0 0 0 
1361 0 0 0 0 0 0 0 0 0 
1372 0 0 0 0 0 0 0 0 0 
1382 0 0 0 0 0 0 0 0 0 
1392 0 0 0 0 0 0 0 0 0 
1402 0 0 0 0 0 0 0 0 0 
1412 0 0 0 0 0 0 0 0 0 
1422 0 0 0 0 0 0 0 0 0 
1433 0 0 0 0 0 0 0 0 0 
1443 0 0 0 0 0 0 0 0 0 
1453 0 0 0 0 0 0 0 0 0 
1463 0 0 0 0 0 0 0 0 0 
1473 0 0 0 0 0 0 0 0 0 
1484 0 0 0 0 0 0 0 0 0 
1494 0 0 0 0 0 0 0 0 0 
1504 0 0 0 0 0 0 0 0 0 
1515 0 0 0 0 0 0 0 0 0 
1526 0 0 0 0 0 0 0 0 0 
1536 0 0 0 0 0 0 0 0 0 
1546 0 0 0 0 0 0 0 0 0 
1557 0 0 0 0 0 0 0 0 0 
1567 0 0 0 0 0 0 0 0 0 
1578 0 0 0 0 0 0 0 0 0 
1588 0 0 0 0 0 0 0 0 0 
1599 0 0 0 0 0 0 0 0 0 
1609 0 0 0 0 0 0 0 0 0 
1620 0 0 0 0 0 0 0 0 0 
1630 0 0 0 0 0 0 0 0 0 
1641 0 0 0 0 0 0 0 0 0 
1652 0 0 0 0 0 0 0 0 0 
1662 0 0 0 0 0 0 0 0 0 
1673 0 0 0 0 0 0 0 0 0 
1684 0 0 0 0 0 0 0 0 0 
1695 0 0 0 0 0 0 0 0 0 
1706 0 0 0 0 0 0 0 0 0 
1716 0 0 0 0 0 0 0 0 0 
1727 0 0 0 0 0 0 0 0 0 
1738 0 0 0 0 0 0 0 0 0 
1748 0 0 0 0 0 0 0 0 0 
1759 0 0 0 0 0 0 0 0 0 
1770 0 0 0 0 0 0 0 0 0 
1780 0 0 0 0 0 0 0 0 0 
1791 0 0 0 0 0 0 0 0 0 
1801 0 0 0 0 0 0 0 0 0 
1811 0 0 0 0 0 0 0 0 0 
1822 0 0 0 0 0 0 0 0 0 
1833 0 0 0 0 0 0 0 0 0 
1843 0 0 0 0 0 0 0 0 0 
1854 0 0 0 0 0 0 0 0 0 
1864 0 0 0 0 0 0 0 0 0 
1874 0 0 0 0 0 0 0 0 0 
1885 0 0 0 0 0 0 0 0 0 
1895 0 0 0 0 0 0 0 0 0 
1905 0 0 0 0 0 0 0 0 0 
1916 0 0 0 0 0 0 0 0 0 
1926 0 0 0 0 0 0 0 0 0 
1937 0 0 0 0 0 0 0 0 0 
1947 0 0 0 0 0 0 0 0 0 
1958 0 0 0 0 0 0 0 0 0 
1969 0 0 0 0 0 0 0 0 0 
1980 0 0 0 0 0 0 0 0 0 
1991 0 0 0 0 0 0 0 0 0 
2002 0 0 0 0 0 0 0 0 0 
2013 0 0 0 0 0 0 0 0 0 
2024 0 0 0 0 0 0 0 0 0 
2035 0 0 0 0 0 0 0 0 0 
2044 0 0 0 0 0 0 0 0 0 
2055 0 0 0 0 0 0 0 0 0 
2065 0 0 0 0 0 0 0 0 0 
2075 0 0 0 0 0 0 0 0 0 
2086 0 0 0 0 0 0 0 0 0 
2096 0 0 0 0 0 0 0 0 0 
2106 0 0 0 0 0 0 0 0 0 
2117 0 0 0 0 0 0 0 0 0 
2128 0 0 0 0 0 0 0 0 0 
2139 0 0 0 0 0 0 0 0 0 
2150 0 0 0 0 0 0 0 0 0 
2161 0 0 0 0 0 0 0 0 0 
2172 0 0 0 0 0 0 0 0 0 
2183 0 0 0 0 0 0 0 0 0 
2193 0 0 0 0 0 0 0 0 0 
2204 0 0 0 0 0 0 0 0 0 
2214 0 0 0 0 0 0 0 0 0 
2225 0 0 0 0 0 0 0 0 0 
2236 0 0 0 0 0 0 0 0 0 
2247 0 0 0 0 0 0 0 0 0 
2259 0 0 0 0 0 0 0 0 0 
2269 0 0 0 0 0 0 0 0 0 
2280 0 0 0 0 0 0 0 0 0 
2290 0 0 0 0 0 0 0 0 0 
2301 0 0 0 0 0 0 0 0 0 
2311 0 0 0 0 0 0 0 0 0 
2322 0 0 0 0 0 0 0 0 0 
2333 0 0 0 0 0 0 0 0 0 
2344 0 0 0 0 0 0 0 0 0 
2354 0 0 0 0 0 0 0 0 0 
2365 0 0 0 0 0 0 0 0 0 
2375 0 0 0 0 0 0 0 0 0 
2386 0 0 0 0 0 0 0 0 0 
2396 0 0 0 0 0 0 0 0 0 
2407 0 0 0 0 0 0 0 0 0 
2418 0 0 0 0 0 0 0 0 0 
2428 0 0 0 0 0 0 0 0 0 
2439 0 0 0 0 0 0 0 0 0 
2450 0 0 0 0 0 0 0 0 0 
2460 0 0 0 0 0 0 0 0 0 
2472 0 0 0 0 0 0 0 0 0 
2482 0 0 0 0 0 0 0 0 0 
2492 0 0 0 0 0 0 0 0 0 
2503 0 0 0 0 0 0 0 0 0 
2513 0 0 0 0 0 0 0 0 0 
2524 0 0 0 0 0 0 0 0 0 
2535 0 0 0 0 0 0 0 0 0 
2546 0 0 0 0 0 0 0 0 0 
2557 0 0 0 0 0 0 0 0 0 
2568 0 0 0 0 0 0 0 0 0 
2578 0 0 0 0 0 0 0 0 0 
2589 0 0 0 0 0 0 0 0 0 
2599 0 0 0 0 0 0 0 0 0 
2610 0 0 0 0 0 0 0 0 0 
2621 0 0 0 0 0 0 0 0 0 
2631 97 0 0 97 0 0 0 0 0 
2641 553 0 0 550 0 0 0 0 0 
2649 992 0 0 988 0 0 0 0 0 
2658 1471 3 0 1468 0 0 0 0 0 
2666 1874 0 0 1857 0 0 0 0 0 
2674 2220 4 0 2209 0 0 1 0 0 
2683 2532 1 0 2526 2 0 0 0 0 
2694 2711 2 0 2702 1 0 0 0 0 
2706 2788 2 0 2860 97 0 0 0 0 
2717 2591 4 0 3014 430 0 0 0 0 
2727 2298 8 0 3095 798 0 0 0 0 
2735 2004 14 0 3120 1131 0 0 0 0 
2743 1707 10 0 3182 1471 0 0 0 0 
2752 1429 11 0 3219 1764 0 0 0 0 
2760 1220 27 0 3249 2016 0 0 0 0 
2768 1015 11 0 3309 2263 0 0 0 0 
2777 813 12 0 3313 2467 0 0 0 0 
2788 661 8 0 3352 2646 0 0 0 0 
2799 487 6 0 3362 2807 0 0 0 0 
2812 394 12 0 3385 2959 0 0 0 0 
2826 279 5 0 3385 3029 0 0 0 0 
2840 224 7 0 3375 3083 0 0 0 0 
2856 166 17 0 3360 3144 0 2 0 0 
2875 159 15 0 3371 3166 0 0 0 0 
2894 144 11 0 3391 3189 0 0 0 0 
2913 139 12 0 3411 3202 0 0 0 0 
2932 117 6 0 3389 3192 0 0 0 0 
2952 141 19 0 3392 3180 4 0 0 0 
2971 189 6 0 3374 3119 0 0 0 0 
2990 152 16 0 3360 3136 1 0 0 0 
3009 159 21 0 3391 3131 0 0 0 0 
3028 196 21 0 3350 3106 0 0 0 0 
3047 131 13 0 3410 3208 0 0 0 0 
3066 149 24 0 3414 3192 0 0 0 0 
3086 165 18 0 3388 3166 0 4 0 0 
3105 157 10 0 3391 3167 0 2 0 0 
3124 137 15 0 3401 3189 0 0 0 0 
3143 140 13 0 3374 3163 0 0 0 0 
3163 174 16 0 3392 3194 0 0 0 0 
3182 244 47 0 3366 3126 0 0 0 0 
3201 383 147 0 3366 3134 0 0 0 0 
3220 654 332 0 3358 3124 5 0 0 0 
3239 951 564 0 3301 3086 0 0 0 0 
3258 1263 792 0 3252 3032 2 0 0 0 
3278 1525 1004 0 3210 2951 0 0 0 0 
3298 1738 1220 0 3193 2992 2 0 0 0 
3319 1999 1440 0 3168 2898 0 0 0 0 
3340 2207 1665 0 3158 2933 0 0 0 0 
3361 2323 1828 0 3108 2866 0 4 0 0 
3382 2577 2060 0 3119 2818 3 0 0 0 
3403 2743 2316 0 3133 2914 1 0 0 0 
3424 2882 2514 2 3129 2882 3 0 0 0 
3448 2994 2630 0 3068 2814 1 0 0 0 
3472 3127 2812 0 3086 2882 0 0 0 0 
3499 3176 2895 0 3040 2811 3 0 0 0 
3525 3257 2985 0 3051 2775 2 0 0 0 
3556 3284 3074 0 3053 2768 1 0 0 0 
3588 3289 3122 0 3065 2789 0 0 0 0 
3623 3324 3168 0 3095 2826 0 0 0 0 
3657 3315 3177 2 3068 2824 1 0 0 0 
3694 3316 3164 0 3110 2816 3 1 0 0 
3730 3299 3145 0 3106 2774 1 0 0 0 
3765 3308 3219 2 3121 2858 1 0 0 0 
3799 3307 3198 0 3092 2834 2 0 0 0 
3835 3292 3151 0 3078 2769 2 0 0 0 
3870 3280 3139 0 3072 2751 3 3 0 0 
3907 3318 3180 0 3132 2821 4 2 0 0 
3943 3236 3105 0 3044 2770 1 2 0 0 
3978 3306 3167 0 3109 2815 1 0 0 0 
4015 3292 3161 0 3096 2791 3 3 0 0 
4049 3310 3176 0 3110 2830 4 0 0 0 
4085 3327 3188 0 3132 2809 6 1 0 0 
4122 3293 3164 0 3075 2765 0 0 0 0 
4158 3309 3199 2 3102 2831 2 0 0 0 
4194 3291 3160 1 3116 2793 7 7 0 0 
4230 3325 3162 2 3100 2784 48 46 0 0 
4261 3262 2866 249 2822 2483 265 271 0 0 
4283 3204 2347 692 2307 1905 724 728 0 0 
4303 3084 1856 1057 1822 1392 1090 1095 0 0 
4321 3030 1482 1371 1439 1056 1413 1437 0 0 
4340 2945 1154 1553 1135 750 1642 1666 0 0 
4359 2918 847 1804 822 515 1896 1959 0 0 
4377 2898 636 1998 601 354 2112 2150 0 0 
4396 2958 435 2281 394 217 2380 2448 0 0 
4419 2846 267 2324 253 118 2462 2507 0 0 
4443 2932 144 2550 130 51 2682 2746 0 0 
4473 2946 66 2628 81 25 2730 2842 0 0 
4511 3011 20 2676 50 10 2809 2928 0 0 
4554 3015 18 2678 82 8 2794 2924 0 0 
4601 2926 6 2596 66 11 2792 2859 0 0 
4648 2961 15 2622 35 11 2782 2888 0 0 
4695 2976 10 2680 41 7 2802 2928 0 0 
4743 2979 10 2659 47 12 2817 2903 0 0 
4791 2969 13 2680 40 17 2812 2908 0 0 
4840 2990 9 2665 54 11 2800 2901 0 0 
4888 2975 13 2630 49 18 2785 2901 0 0 
4936 2938 8 2603 45 16 2749 2893 0 0 
4983 3006 8 2713 30 8 2849 2951 0 0 
5031 2996 11 2677 27 20 2803 2939 0 0 
5080 2986 12 2695 33 12 2852 2928 0 0 
5128 2963 9 2618 40 20 2762 2897 0 0 
5175 3049 9 2709 43 5 2878 2990 0 0 
5224 2957 10 2655 35 9 2796 2907 0 0 
5272 3009 10 2688 36 10 2833 2954 0 0 
5322 2982 12 2662 42 10 2820 2912 0 0 
5369 3012 14 2622 54 5 2771 2916 0 0 
5419 2985 9 2648 34 7 2825 2929 0 0 
5467 2961 19 2633 55 11 2772 2889 0 0 
5516 2944 12 2638 47 6 2794 2884 0 0 
5564 2955 13 2680 35 15 2815 2912 0 0 
5613 2967 10 2640 32 12 2801 2918 0 0 
5662 2930 15 2609 55 6 2781 2851 0 0 
5710 2980 6 2631 39 16 2798 2898 0 0 
5759 2958 4 2596 51 9 2768 2873 0 0 
5808 2969 10 2665 43 3 2834 2922 0 0 
5856 2982 9 2667 39 10 2828 2909 0 0 
5907 2931 10 2681 49 15 2819 2870 0 0 
5956 2948 11 2623 40 17 2818 2885 0 0 
6004 2973 6 2616 56 14 2769 2895 0 0 
6053 2955 7 2603 41 6 2759 2876 0 0 
6101 2945 16 2572 44 6 2744 2878 0 0 
6148 2951 4 2637 36 10 2774 2889 0 0 
6195 2956 10 2634 39 16 2744 2874 0 0 
6244 2997 8 2635 42 19 2783 2913 0 0 
6292 2984 5 2630 39 21 2788 2918 0 0 
6340 2977 3 2657 30 13 2792 2927 0 0 
6390 2985 6 2666 32 12 2793 2934 0 0 
6440 2996 15 2680 44 23 2776 2934 0 0 
6489 2954 23 2593 56 10 2758 2887 0 0 
6538 2951 15 2635 40 20 2762 2910 0 0 
6586 3005 12 2656 36 17 2810 2960 0 0 
6636 3000 3 2637 38 9 2787 2919 0 0 
6686 2967 10 2615 42 12 2757 2888 0 0 
6736 2942 7 2560 33 15 2732 2887 0 0 
6784 2972 8 2614 45 15 2757 2920 0 0 
6833 2937 11 2578 52 7 2732 2854 0 0 
6881 2970 13 2635 56 13 2806 2904 0 0 
6928 2973 8 2640 43 9 2789 2895 0 0 
6976 2988 12 2641 35 14 2786 2930 0 0 
7024 2976 7 2611 40 13 2737 2908 0 0 
7072 2952 8 2617 38 14 2762 2878 0 0 
7121 2981 11 2650 43 2 2777 2915 0 0 
7171 2890 7 2578 49 6 2694 2817 0 0 
7220 2969 12 2632 58 9 2757 2891 0 0 
7267 2964 10 2647 43 9 2788 2900 0 0 
7316 3006 6 2687 40 13 2816 2929 0 0 
7365 2996 7 2692 46 12 2805 2940 0 0 
7414 3007 11 2691 36 17 2830 2968 0 0 
7462 2975 9 2643 34 17 2783 2926 0 0 
7511 2979 4 2648 42 11 2765 2914 0 0 
7560 2969 15 2609 37 13 2757 2908 0 0 
7608 3014 14 2641 39 9 2787 2944 0 0 
7657 2956 8 2616 48 8 2772 2894 0 0 
7704 2986 14 2670 37 8 2786 2937 0 0 
7752 3035 6 2650 48 7 2807 2958 0 0 
7799 2983 3 2652 37 17 2757 2919 0 0 
7848 3040 5 2712 33 19 2830 2957 0 0 
7896 3008 12 2675 43 18 2820 2967 0 0 
7943 3005 23 2625 57 12 2787 2930 0 0 
7992 3006 11 2659 45 5 2785 2941 0 0 
8038 3008 4 2669 45 6 2777 2937 0 0 
8087 2987 6 2628 52 7 2768 2907 0 0 
8134 2935 10 2625 49 16 2755 2880 0 0 
8182 2973 11 2655 45 17 2789 2924 0 0 
8230 2976 8 2592 29 13 2716 2918 0 0 
8276 3019 14 2672 42 10 2817 2968 0 0 
8324 3015 5 2710 27 19 2834 2954 0 0 
8370 3008 3 2639 49 8 2805 2926 0 0 
8419 2947 9 2649 42 8 2740 2906 0 0 
8467 2901 10 2582 36 5 2706 2845 0 0 
8515 2963 10 2671 46 17 2786 2909 0 0 
8562 2960 13 2605 45 5 2764 2904 0 0 
8608 3036 13 2720 46 11 2832 2960 0 0 
8657 2971 6 2660 45 10 2814 2921 0 0 
8705 2985 6 2666 44 8 2786 2943 0 0 
8753 3010 12 2649 57 5 2786 2911 0 0 
8798 3050 15 2708 50 11 2830 2980 0 0 
8845 2991 10 2656 39 8 2810 2938 0 0 
8894 2972 4 2650 34 14 2800 2925 0 0 
8941 2956 11 2640 37 9 2773 2892 0 0 
8988 2943 9 2604 41 14 2754 2902 0 0 
9035 2996 10 2685 31 19 2816 2957 0 0 
9082 2975 14 2700 47 12 2806 2938 0 0 
9132 3014 11 2667 38 14 2817 2935 0 0 
9179 2981 6 2659 35 11 2807 2920 0 0 
9228 2926 10 2596 46 13 2708 2855 0 0 
9278 3066 5 2722 33 16 2858 3020 0 0 
9327 3007 5 2687 35 2 2817 2936 0 0 
9375 2985 8 2658 39 8 2760 2923 0 0 
9421 3001 15 2659 38 4 2792 2943 0 0 
9469 2969 8 2603 39 13 2734 2892 0 0 
9517 3024 4 2702 26 4 2824 2978 0 0 
9566 2983 10 2624 37 12 2770 2921 0 0 
9612 2932 5 2609 54 7 2732 2872 0 0 
9660 3049 13 2727 27 10 2858 2994 0 0 
9709 2945 4 2623 41 8 2763 2895 0 0 
9759 3006 4 2656 28 9 2790 2945 0 0 
9806 2978 13 2608 30 7 2780 2935 0 0 
9852 2976 8 2604 49 8 2740 2914 0 0 
9899 2959 18 2645 39 8 2793 2905 0 0 
9947 3025 14 2656 43 14 2815 2958 0 0 
9993 3011 12 2699 38 9 2829 2938 0 0 
10040 2984 12 2637 39 16 2759 2936 0 0 
10088 3024 5 2678 25 16 2801 2972 0 0 
10135 3026 8 2705 25 6 2841 2982 0 0 
10184 2965 10 2596 52 12 2738 2888 0 0 
10231 2995 11 2672 49 16 2806 2929 0 0 
10275 3081 13 2755 40 10 2870 3027 0 0 
10322 2958 7 2647 40 12 2749 2904 0 0 
10368 2975 10 2636 50 10 2764 2904 0 0 
10414 3016 12 2689 35 15 2856 2974 0 0 
10460 3012 4 2686 32 14 2850 2950 0 0 
10507 2952 7 2655 57 12 2799 2893 0 0 
10552 2980 8 2661 39 10 2803 2917 0 0 
10597 2988 6 2627 25 12 2785 2924 0 0 
10641 2995 7 2681 34 4 2820 2943 0 0 
10688 3051 8 2684 43 5 2775 2974 0 0 
10734 3021 4 2679 31 7 2796 2954 0 0 
10782 3029 5 2730 28 12 2858 3000 0 0 
10828 2963 14 2641 53 10 2757 2895 0 0 
10873 2987 4 2684 24 9 2814 2936 0 0 
10918 3036 8 2660 43 13 2817 2981 0 0 
10965 3045 10 2711 36 6 2815 2984 0 0 
11011 2997 13 2726 36 12 2822 2947 0 0 
11056 2990 7 2649 46 10 2772 2902 0 0 
11101 3022 21 2679 44 6 2819 2944 0 0 
11146 2997 7 2668 36 13 2808 2951 0 0 
11192 3000 8 2668 44 10 2765 2950 0 0 
11240 3005 1 2690 43 12 2808 2950 0 0 
11287 3023 6 2692 19 17 2854 2979 0 0 
11332 3056 6 2709 37 6 2843 2970 0 0 
11378 3040 5 2756 32 7 2849 2990 0 0 
11424 3017 11 2663 32 12 2800 2973 0 0 
11470 2999 11 2643 47 14 2791 2944 0 0 
11516 2989 7 2670 29 18 2830 2938 0 0 
11561 3009 9 2686 32 11 2810 2965 0 0 
11607 3057 13 2720 50 6 2835 2999 0 0 
11653 3020 8 2713 37 10 2834 2987 0 0 
11699 3005 6 2645 33 14 2806 2942 0 0 
11745 2996 17 2675 29 13 2818 2942 0 0 
11791 2986 9 2673 39 14 2765 2912 0 0 
11834 2987 17 2620 52 11 2763 2926 0 0 
11878 2987 9 2638 42 4 2802 2936 0 0 
11925 2981 10 2634 46 12 2786 2915 0 0 
11971 2980 3 2703 38 5 2850 2937 0 0 
12017 3025 9 2703 27 14 2818 2986 0 0 
12063 3009 10 2655 35 13 2787 2948 0 0 
12108 2947 14 2620 49 8 2746 2879 0 0 
12155 3063 13 2684 43 11 2835 3005 0 0 
12201 3029 13 2672 44 8 2801 2970 0 0 
12248 3079 7 2750 33 8 2870 3030 0 0 
12296 3038 8 2681 32 13 2817 2984 0 0 
12343 3043 12 2687 28 8 2807 2979 0 0 
12390 3013 18 2688 45 13 2797 2944 0 0 
12436 2967 10 2622 45 18 2778 2897 0 0 
12484 3019 12 2710 35 9 2828 2973 0 0 
12529 2956 7 2647 31 18 2801 2929 0 0 
12573 2998 11 2669 43 6 2832 2954 0 0 
12619 3018 3 2702 44 8 2823 2952 0 0 
12666 3033 3 2753 32 13 2855 2974 0 0 
12713 3048 5 2726 21 8 2847 3005 0 0 
12760 3035 7 2705 37 9 2839 2999 0 0 
12806 2969 11 2622 44 13 2761 2926 0 0 
12853 2993 9 2643 29 19 2791 2946 0 0 
12898 3029 8 2693 29 20 2808 2982 0 0 
12944 3039 9 2649 48 10 2789 2951 0 0 
12991 2994 3 2641 61 20 2746 2927 0 0 
13039 3021 4 2708 46 13 2807 2943 0 0 
13082 3002 7 2656 39 8 2816 2939 0 0 
13128 3015 5 2693 36 10 2835 2963 0 0 
13176 2985 9 2619 40 8 2744 2918 0 0 
13223 3042 9 2713 40 16 2827 2969 0 0 
13268 3024 7 2706 37 15 2821 2961 0 0 
13313 2954 9 2619 46 11 2748 2895 0 0 
13359 3072 17 2710 38 8 2867 3013 0 0 
13403 3054 13 2751 34 18 2864 2999 0 0 
13451 3018 17 2730 30 8 2870 2985 0 0 
13498 2965 15 2621 72 6 2760 2903 0 0 
13543 2997 8 2657 35 4 2801 2962 0 0 
13588 3013 7 2762 34 12 2849 2960 0 0 
13635 3006 9 2712 35 16 2833 2960 0 0 
13683 3061 10 2704 45 11 2812 3011 0 0 
13731 3016 13 2682 35 20 2779 2951 0 0 
13780 2960 15 2641 38 8 2782 2911 0 0 
13825 3106 14 2765 42 20 2915 3057 0 0 
13872 3019 8 2705 41 10 2824 2954 0 0 
13922 2978 6 2671 41 11 2788 2919 0 0 
13965 3082 5 2730 38 15 2839 3033 0 0 
14013 3016 6 2741 30 7 2862 2983 0 0 
14060 2941 10 2610 57 6 2747 2868 0 0 
14109 3024 13 2696 30 19 2829 2958 0 0 
14156 3042 6 2666 40 10 2824 2983 0 0 
14205 3015 4 2673 29 14 2822 2936 0 0 
14253 3028 4 2685 42 12 2825 2947 0 0 
14300 3030 8 2701 30 10 2847 2983 0 0 
14346 2995 8 2694 20 20 2821 2951 0 0 
14392 3044 13 2722 40 9 2846 2989 0 0 
14440 3074 5 2720 33 10 2851 3004 0 0 
14485 3033 10 2677 39 14 2825 2973 0 0 
14530 3012 3 2683 26 13 2828 2955 0 0 
14575 3008 9 2677 20 13 2839 2957 0 0 
14623 3024 13 2691 36 11 2820 2973 0 0 
14669 3032 8 2724 42 11 2853 2973 0 0 
14716 3075 8 2750 46 9 2878 3020 0 0 
14762 2992 14 2674 41 19 2814 2944 0 0 
14807 3069 7 2724 46 13 2874 3023 0 0 
14853 3031 11 2731 39 12 2874 2969 0 0 
14899 3052 8 2744 36 10 2886 2997 0 0 
14945 3033 6 2681 42 7 2846 2979 0 0 
14989 2975 9 2664 37 12 2812 2925 0 0 
15034 2976 6 2651 34 6 2797 2916 0 0 
15078 3043 7 2735 40 8 2853 2964 0 0 
15125 3024 7 2691 43 7 2820 2965 0 0 
15171 3042 3 2738 33 13 2864 2974 0 0 
15217 3038 10 2714 34 13 2863 2975 0 0 
15259 3007 6 2669 42 12 2818 2963 0 0 
15304 3034 5 2675 27 14 2810 2986 0 0 
15348 2993 9 2691 54 5 2838 2926 0 0 
15392 3043 7 2737 43 9 2865 2977 0 0 
15438 3027 4 2689 37 13 2829 2965 0 0 
15481 3060 11 2706 45 9 2862 2994 0 0 
15527 3040 6 2687 27 7 2838 2977 0 0 
15573 3013 8 2658 47 8 2821 2940 0 0 
15620 2980 5 2635 39 7 2778 2931 0 0 
15665 3032 7 2658 32 8 2831 2978 0 0 
15710 3031 2 2700 34 20 2854 2961 0 0 
15755 2986 9 2654 29 15 2795 2921 0 0 
15799 3022 8 2705 28 2 2863 2984 0 0 
15845 3042 7 2708 39 11 2832 2987 0 0 
15891 3017 7 2694 39 6 2848 2967 0 0 
15938 2990 6 2659 45 10 2785 2926 0 0 
15982 3011 11 2668 65 11 2811 2937 0 0 
16029 3019 7 2676 35 11 2802 2962 0 0 
16074 3033 9 2736 40 3 2838 2990 0 0 
16119 3006 3 2684 40 6 2825 2975 0 0 
16164 2982 4 2667 45 14 2815 2912 0 0 
16212 2985 8 2652 29 4 2772 2911 0 0 
16259 2983 12 2626 41 18 2786 2920 0 0 
16308 3028 9 2703 46 7 2826 2969 0 0 
16358 2985 6 2672 35 11 2797 2939 0 0 
16405 3012 8 2675 30 16 2818 2981 0 0 
16452 3037 9 2703 41 11 2833 2979 0 0 
16499 3055 9 2704 51 2 2819 2983 0 0 
16542 2991 10 2707 29 9 2825 2950 0 0 
16589 3024 11 2686 25 7 2832 2972 0 0 
16634 3046 9 2712 28 16 2846 2989 0 0 
16680 3064 10 2732 33 8 2883 3011 0 0 
16726 2987 7 2655 39 9 2798 2930 0 0 
16775 3023 5 2710 23 11 2833 2961 0 0 
16819 3071 13 2721 44 14 2852 3003 0 0 
16867 2990 10 2644 47 10 2765 2929 0 0 
16915 3018 6 2683 33 9 2810 2953 0 0 
16959 3014 8 2704 52 7 2778 2962 0 0 
17005 3034 7 2686 36 14 2861 2986 0 0 
17052 3050 7 2679 32 13 2817 2999 0 0 
17099 3007 7 2683 24 13 2826 2974 0 0 
17145 2991 10 2681 35 25 2809 2938 0 0 
17191 3013 13 2681 33 12 2809 2949 0 0 
17238 3046 8 2724 38 7 2866 2998 0 0 
17282 3006 13 2666 37 10 2816 2961 0 0 
17326 3008 8 2663 32 13 2803 2961 0 0 
17372 3038 11 2689 37 7 2833 2980 0 0 
17420 3027 8 2677 32 12 2786 2988 0 0 
17465 2992 6 2640 48 28 2807 2921 0 0 
17510 3030 5 2671 41 10 2810 2980 0 0 
17556 3014 6 2657 34 7 2800 2949 0 0 
17601 3017 8 2657 51 5 2791 2961 0 0 
17646 3006 10 2672 35 8 2776 2948 0 0 
17696 2958 8 2581 40 18 2719 2888 0 0 
17745 3024 9 2740 41 12 2844 2984 0 0 
17791 2936 4 2602 41 8 2707 2886 0 0 
17838 3014 14 2675 41 11 2806 2956 0 0 
17883 2966 11 2619 51 13 2723 2930 0 0 
17932 3010 7 2663 44 6 2788 2965 0 0 
17977 3074 6 2745 23 7 2876 3038 0 0 
18025 3043 9 2676 32 6 2792 2997 0 0 
18073 2997 8 2674 43 8 2757 2946 0 0 
18120 2976 7 2619 51 16 2734 2906 0 0 
18166 3022 6 2645 41 11 2785 2966 0 0 
18214 3051 8 2702 47 15 2841 3010 0 0 
18260 3055 13 2738 40 7 2854 3015 0 0 
18305 3043 5 2698 37 14 2825 2995 0 0 
18352 3013 4 2707 38 10 2805 2952 0 0 
18398 2996 10 2678 44 6 2800 2942 0 0 
18443 3022 8 2654 30 11 2783 2967 0 0 
18489 3044 10 2673 42 10 2806 2991 0 0 
18535 3045 9 2692 43 23 2838 2994 0 0 
18581 3035 9 2669 41 10 2786 2959 0 0 
18628 2996 8 2707 22 6 2833 2953 0 0 
18672 2997 6 2664 38 9 2789 2948 0 0 
18719 2988 9 2643 22 7 2775 2938 0 0 
18765 2998 10 2691 37 11 2798 2965 0 0 
18812 3017 17 2663 42 5 2784 2964 0 0 
18860 3023 15 2662 44 5 2799 2986 0 0 
18908 2939 19 2612 27 10 2748 2900 0 0 
18953 3039 8 2667 49 12 2791 2991 0 0 
19001 3001 9 2639 49 7 2735 2949 0 0 
19052 2978 5 2693 48 26 2804 2935 0 0 
19100 2966 13 2644 37 16 2761 2923 0 0 
19148 2993 8 2634 34 14 2777 2945 0 0 
19196 2994 6 2640 37 17 2771 2967 0 0 
19246 3012 13 2704 33 12 2828 2979 0 0 
19299 2979 9 2699 33 8 2785 2940 0 0 
19346 3033 10 2689 43 12 2839 2992 0 0 
19392 3046 9 2687 42 7 2814 3004 0 0 
19438 3009 9 2622 43 17 2764 2952 0 0 
19483 3014 9 2683 41 5 2806 2968 0 0 
19530 2968 1 2637 43 8 2762 2925 0 0 
19575 3021 9 2693 42 13 2816 2971 0 0 
19622 2990 13 2667 33 13 2783 2952 0 0 
19668 3042 7 2752 40 10 2877 2994 0 0 
19713 3035 1 2691 41 7 2802 2994 0 0 
19759 3022 2 2691 37 19 2815 2991 0 0 
19806 3075 8 2746 28 7 2856 3013 0 0 
19854 3037 11 2703 26 4 2810 2984 0 0 
19900 3027 10 2702 39 14 2825 2979 0 0 
19948 3044 6 2698 32 5 2795 2996 0 0 
19994 2942 12 2631 37 11 2746 2881 0 0 
20041 3028 8 2640 60 15 2789 2966 0 0 
20085 3061 22 2721 45 13 2837 2996 0 0 
20131 2966 10 2662 27 14 2781 2919 0 0 
20174 3035 9 2688 40 12 2825 2969 0 0 
20219 2980 12 2669 40 19 2763 2938 0 0 
20267 3078 5 2760 35 12 2860 3029 0 0 
20313 3011 10 2652 29 13 2789 2952 0 0 
20359 3028 6 2663 33 18 2813 2956 0 0 
20404 3011 12 2701 29 16 2830 2966 0 0 
20449 2992 5 2663 32 9 2828 2944 0 0 
20495 2977 13 2617 50 9 2757 2895 0 0 
20540 3042 12 2705 33 16 2845 2989 0 0 
20590 3032 8 2731 36 9 2867 2984 0 0 
20638 3038 14 2705 58 9 2848 2978 0 0 
20684 3040 4 2723 30 11 2845 2990 0 0 
20733 3005 11 2691 49 5 2795 2946 0 0 
20781 3058 9 2705 22 17 2828 3021 0 0 
20829 3023 12 2713 31 19 2793 2970 0 0 
20876 3017 10 2665 33 8 2789 2959 0 0 
20922 2991 9 2669 37 11 2796 2930 0 0 
20968 2986 12 2642 29 17 2765 2937 0 0 
21013 3046 9 2685 42 18 2838 2992 0 0 
21059 3026 7 2714 32 6 2835 2987 0 0 
21107 2999 9 2695 38 26 2801 2951 0 0 
21153 2996 12 2696 42 19 2830 2926 0 0 
21202 3028 12 2690 38 17 2836 2957 0 0 
21249 3055 4 2682 38 10 2825 2991 0 0 
21299 3060 11 2712 61 13 2854 2990 0 0 
21348 2971 15 2631 36 8 2807 2948 0 0 
21392 3002 14 2672 35 12 2814 2938 0 0 
21439 3043 11 2695 43 10 2833 2975 0 0 
21483 3011 13 2726 34 4 2853 2960 0 0 
21530 3020 12 2668 50 22 2820 2954 0 0 
21574 3102 19 2741 46 6 2884 3049 0 0 
21618 3052 8 2678 39 10 2832 2984 0 0 
21664 3063 11 2719 36 9 2870 2996 0 0 
21711 3008 9 2677 35 10 2828 2962 0 0 
21761 2997 12 2666 40 6 2817 2950 0 0 
21809 3025 17 2687 43 13 2820 2963 0 0 
21855 2989 13 2644 32 15 2780 2932 0 0 
21903 2983 12 2661 42 3 2810 2926 0 0 
21951 2971 4 2638 25 16 2758 2917 0 0 
21996 3045 10 2658 41 14 2815 2981 0 0 
22046 3011 12 2628 34 10 2802 2962 0 0 
22093 2983 8 2626 33 9 2799 2922 0 0 
22141 2970 7 2643 39 17 2781 2919 0 0 
22190 2985 7 2640 38 14 2786 2937 0 0 
22234 2957 7 2649 36 3 2773 2924 0 0 
22278 2961 17 2632 49 10 2740 2913 0 0 
22322 3041 9 2650 33 14 2810 2972 0 0 
22369 2990 5 2692 33 14 2800 2949 0 0 
22416 3010 8 2699 35 14 2804 2982 0 0 
22464 3011 13 2682 39 9 2779 2968 0 0 
22516 3003 12 2680 30 17 2791 2948 0 0 
22566 3045 5 2691 37 22 2835 2999 0 0 
22611 2941 10 2605 39 15 2728 2889 0 0 
22655 2981 12 2648 40 8 2774 2938 0 0 
22695 2992 11 2660 27 14 2769 2935 0 0 
22731 2987 12 2630 38 15 2779 2930 0 0 
22761 3032 13 2656 38 9 2805 2968 0 0 
22791 3049 6 2671 42 23 2808 3002 0 0 
22821 3050 8 2641 55 11 2791 2972 0 0 
22847 3055 9 2635 27 15 2818 2989 0 0 
22871 3073 7 2682 24 12 2863 3020 0 0 
22894 3068 12 2662 155 11 2833 3003 0 0 
22914 3044 22 2603 404 10 2802 2990 0 0 
22932 2987 10 2482 692 7 2717 2919 0 0 
22949 2902 20 2364 950 10 2600 2814 0 0 
22964 2909 35 2341 1169 9 2577 2818 0 0 
22977 2857 26 2287 1332 11 2528 2770 0 0 
22990 2861 47 2317 1542 9 2541 2764 0 0 
23002 2891 46 2370 1706 6 2591 2809 0 0 
23014 2897 55 2406 1856 6 2623 2834 0 0 
23026 2898 56 2461 1969 14 2643 2826 0 0 
23038 2910 74 2474 2006 9 2681 2838 0 0 
23052 3019 67 2583 2114 7 2802 2943 0 0 
23068 2997 72 2606 2202 6 2793 2929 0 0 
23085 3058 72 2661 2302 9 2872 2993 0 0 
23104 3136 60 2720 2389 4 2955 3074 0 0 
23129 3196 62 2772 2507 4 2995 3151 0 0 
23154 3233 66 2846 2500 5 3049 3180 0 0 
23186 3233 68 2808 2437 7 3064 3176 0 0 
23222 3217 62 2806 2470 7 3034 3147 0 0 
23259 3182 66 2751 2456 15 2985 3118 0 0 
23296 3215 57 2805 2536 7 3031 3141 0 0 
23333 3250 65 2818 2518 8 3053 3180 0 0 
23370 3258 75 2877 2496 9 3093 3206 0 0 
23408 3199 75 2808 2470 15 3010 3130 0 0 
23445 3239 67 2876 2489 6 3103 3179 0 0 
23482 3243 90 2868 2527 7 3070 3166 0 0 
23519 3252 74 2850 2530 7 3045 3175 0 0 
23557 3241 54 2838 2522 10 3068 3171 0 0 
23595 3237 87 2869 2459 11 3063 3171 0 0 
23633 3256 69 2848 2479 7 3083 3206 0 0 
23671 3241 66 2797 2481 4 3046 3173 0 0 
23707 3225 58 2824 2472 6 3040 3141 0 0 
23743 3251 54 2822 2464 7 3080 3183 0 0 
23780 3227 64 2797 2473 4 3008 3158 0 0 
23817 3241 60 2849 2495 9 3048 3167 0 0 
23854 3245 65 2820 2480 11 3029 3147 0 0 
23891 3256 52 2875 2578 7 3087 3191 0 0 
23927 3234 84 2879 2513 7 3062 3188 0 0 
23965 3191 79 2777 2436 15 3016 3145 0 0 
24002 3201 48 2819 2448 10 3024 3152 0 0 
24039 3201 71 2812 2513 12 3025 3143 0 0 
24077 3225 69 2832 2462 4 3049 3167 0 0 
24115 3250 68 2803 2481 7 3054 3176 0 0 
24150 3214 136 2826 2474 10 3062 3147 0 0 
24185 3210 207 2810 2435 11 3024 3158 0 0 
24216 3273 376 2884 2502 11 3085 3208 0 0 
24245 3272 544 2831 2448 9 3084 3200 0 0 
24271 3266 713 2799 2477 5 3045 3185 0 0 
24296 3239 907 2824 2497 13 3081 3169 0 0 
24317 3247 1090 2829 2495 15 3065 3184 0 0 
24340 3239 1209 2774 2486 7 3041 3170 0 0 
24362 3204 1291 2734 2453 6 3002 3125 0 0 
24382 3187 1438 2709 2401 7 2987 3096 0 0 
24400 3193 1561 2739 2427 11 2976 3095 0 0 
24420 3263 1686 2823 2535 11 3048 3180 0 0 
24441 3212 1833 2783 2528 17 2999 3128 0 0 
24461 3237 1945 2815 2610 9 3019 3140 0 0 
24483 3256 1972 2806 2558 13 3056 3178 0 0 
24506 3248 2036 2829 2557 10 3040 3162 0 0 
24530 3249 2100 2846 2635 8 3065 3155 0 0 
24559 3245 2129 2855 2601 15 3032 3151 0 0 
24588 3271 2133 2828 2591 8 3050 3160 0 0 
24619 3285 2115 2852 2583 4 3060 3168 0 0 
24652 3242 2149 2909 2663 8 3079 3168 0 0 
24685 3273 2115 2887 2632 7 3074 3187 0 0 
24719 3246 2127 2825 2609 8 3005 3146 0 0 
24753 3250 2120 2823 2601 9 3038 3147 0 0 
24786 3276 2042 2806 2556 9 3015 3156 0 0 
24819 3310 2173 2880 2649 9 3097 3232 0 0 
24854 3298 2167 2900 2599 8 3088 3203 0 0 
24888 3282 2194 2919 2623 13 3098 3187 0 0 
24923 3297 2226 2872 2658 15 3082 3190 0 0 
24957 3283 2172 2894 2659 6 3070 3197 0 0 
24990 3300 2124 2846 2605 7 3083 3197 0 0 
25023 3297 2147 2888 2601 10 3096 3215 0 0 
25057 3283 2179 2874 2644 9 3083 3189 0 0 
25091 3264 2168 2820 2589 11 3040 3161 0 0 
25124 3314 2164 2887 2606 10 3094 3222 0 0 
25158 3277 2138 2820 2604 12 3058 3187 0 0 
25191 3273 2193 2831 2627 13 3052 3186 0 0 
25225 3266 2192 2844 2618 6 3031 3177 0 0 
25259 3326 2141 2876 2660 10 3101 3235 0 0 
25293 3286 2174 2870 2625 7 3070 3191 0 0 
25327 3286 2174 2891 2632 9 3103 3188 0 0 
25361 3314 2095 2878 2641 7 3105 3208 0 0 
25394 3327 2190 2921 2658 8 3135 3240 0 0 
25427 3298 2106 2844 2602 17 3057 3182 0 0 
25461 3279 2170 2879 2647 15 3095 3190 0 0 
25494 3324 2152 2893 2639 6 3123 3234 0 0 
25528 3301 2175 2912 2613 8 3110 3209 0 0 
25563 3309 2201 2885 2678 9 3123 3224 0 0 
25598 3306 2302 2906 2702 6 3092 3183 0 0 
25632 3314 2180 2912 2652 9 3101 3223 0 0 
25667 3328 2206 2948 2665 9 3135 3242 0 0 
25702 3300 2160 2864 2616 8 3066 3186 0 0 
25736 3309 2111 2851 2588 6 3097 3222 0 0 
25769 3302 2104 2893 2640 14 3067 3200 0 0 
25802 3294 2114 2890 2655 11 3074 3217 0 0 
25835 3317 2228 2869 2592 8 3089 3205 0 0 
25870 3290 2169 2856 2639 7 3093 3201 0 0 
25904 3350 2197 2926 2692 15 3116 3240 0 0 
25939 3356 2227 2944 2711 11 3149 3259 0 0 
25972 3318 2140 2877 2649 9 3115 3213 0 0 
26006 3312 2119 2865 2595 10 3084 3200 0 0 
26038 3328 2191 2900 2640 4 3129 3236 0 0 
26071 3319 2213 2900 2676 12 3120 3224 0 0 
26107 3329 2195 2921 2676 10 3100 3225 0 0 
26140 3322 2140 2895 2646 13 3102 3229 0 0 
26175 3321 2117 2916 2625 26 3134 3247 0 0 
26209 3349 2173 2903 2652 31 3134 3251 0 0 
26243 3296 2166 2900 2642 19 3107 3208 0 0 
26277 3305 2156 2922 2624 12 3119 3222 0 0 
26311 3322 2129 2883 2665 12 3094 3227 0 0 
26345 3317 2130 2909 2625 10 3113 3235 0 0 
26378 3322 2119 2910 2684 15 3099 3241 0 0 
26411 3320 2161 2942 2606 16 3116 3242 0 0 
26446 3289 2120 2845 2612 4 3057 3173 0 0 
26480 3314 2079 2888 2631 8 3098 3208 0 0 
26513 3295 2126 2853 2612 12 3073 3219 0 0 
26547 3366 2245 2945 2710 5 3150 3280 0 0 
26580 3332 2169 2926 2643 14 3146 3246 0 0 
26615 3313 2302 2928 2698 11 3111 3220 0 0 
26650 3294 2212 2929 2688 13 3111 3223 0 0 
26685 3310 2268 2934 2645 11 3147 3238 0 0 
26719 3335 2211 2928 2629 11 3158 3251 0 0 
26753 3276 2129 2884 2662 6 3066 3185 0 0 
26787 3323 2160 2900 2653 5 3112 3220 0 0 
26820 3303 2167 2917 2641 3 3115 3223 0 0 
26855 3361 2215 2971 2712 11 3165 3282 0 0 
26889 3344 2183 2948 2680 8 3144 3263 0 0 
26921 3329 2127 2875 2638 10 3104 3238 0 0 
26953 3284 2135 2833 2584 19 3055 3168 0 0 
26986 3321 2196 2892 2683 17 3124 3222 0 0 
27021 3339 2171 2928 2706 11 3141 3250 0 0 
27054 3342 2212 2961 2731 15 3165 3271 0 0 
27089 3336 2137 2911 2654 48 3137 3259 0 0 
27124 3343 1978 2893 2583 162 3147 3268 0 0 
27156 3314 1746 2865 2555 352 3106 3233 0 0 
27182 3284 1356 2728 2411 568 3011 3195 0 0 
27203 3219 1040 2643 2343 773 2943 3118 0 0 
27220 3119 843 2525 2235 928 2837 3024 0 0 
27237 3096 657 2500 2231 1116 2801 3000 0 0 
27251 3092 520 2517 2269 1261 2803 3007 0 0 
27264 3118 411 2561 2328 1438 2844 3039 0 0 
27277 3112 335 2527 2290 1571 2787 3026 0 0 
27291 3141 254 2609 2402 1770 2831 3057 0 0 
27306 3157 220 2630 2388 1835 2842 3074 0 0 
27320 3211 169 2736 2518 2003 2923 3137 0 0 
27335 3238 128 2774 2550 2093 2925 3184 0 0 
27352 3234 115 2789 2582 2125 2930 3182 0 0 
27372 3293 103 2853 2626 2201 2963 3234 0 0 
27397 3296 92 2896 2682 2241 2996 3235 0 0 
27425 3296 86 2921 2693 2229 2995 3246 0 0 
27455 3284 95 2879 2698 2218 2982 3247 0 0 
27488 3311 94 2903 2677 2255 3019 3265 0 0 
27519 3313 87 2917 2622 2272 3006 3272 0 0 
27551 3290 68 2891 2682 2220 2959 3235 0 0 
27584 3313 81 2905 2715 2258 3003 3274 0 0 
27617 3252 86 2882 2652 2206 2940 3213 0 0 
27646 3274 75 2872 2634 2226 2952 3218 0 0 
27680 3307 82 2918 2724 2293 2999 3263 0 0 
27713 3269 86 2863 2642 2272 2929 3236 0 0 
27746 3262 89 2859 2609 2280 2950 3205 0 0 
27780 3306 87 2901 2692 2336 2979 3252 0 0 
27813 3305 73 2902 2665 2354 3000 3269 0 0 
27843 3312 64 2911 2727 2354 3032 3283 0 0 
27875 3285 70 2920 2650 2364 3026 3236 0 0 
27910 3290 75 2858 2641 2318 2940 3240 0 0 
27941 3235 78 2832 2673 2318 2924 3193 0 0 
27973 3282 78 2894 2635 2343 2976 3248 0 0 
28007 3270 89 2865 2661 2408 2950 3231 0 0 
28040 3255 89 2845 2674 2436 2943 3216 0 0 
28074 3268 101 2894 2705 2385 2980 3230 0 0 
28108 3283 83 2912 2680 2360 2989 3251 0 0 
28141 3289 91 2908 2638 2401 2976 3251 0 0 
28177 3245 82 2869 2653 2356 2949 3207 0 0 
28213 3281 86 2863 2663 2355 2972 3245 0 0 
28245 3271 78 2913 2686 2411 2972 3225 0 0 
28279 3279 90 2864 2693 2416 2949 3227 0 0 
28310 3249 94 2850 2639 2365 2942 3214 0 0 
28342 3279 92 2890 2685 2411 2976 3244 0 0 
28377 3222 102 2883 2655 2381 2933 3191 0 0 
28410 3267 100 2885 2671 2401 2908 3235 0 0 
28444 3275 88 2877 2594 2357 2957 3244 0 0 
28481 3301 66 2928 2715 2421 2972 3257 0 0 
28515 3271 84 2825 2584 2373 2891 3230 0 0 
28549 3289 68 2890 2656 2429 2974 3252 0 0 
28582 3293 64 2907 2703 2450 2989 3261 0 0 
28614 3312 67 2931 2683 2502 3004 3287 0 0 
28648 3288 67 2930 2732 2533 3016 3257 0 0 
28681 3266 69 2888 2698 2456 2978 3237 0 0 
28714 3327 73 2892 2688 2428 2965 3279 0 0 
28747 3279 86 2907 2690 2502 3018 3269 0 0 
28781 3327 77 2938 2727 2554 2990 3280 0 0 
28818 3256 91 2870 2625 2445 2955 3247 0 0 
28854 3301 80 2926 2679 2459 3014 3267 0 0 
28887 3318 72 2950 2690 2496 3011 3285 0 0 
28922 3292 63 2882 2692 2487 2971 3258 0 0 
28957 3293 90 2938 2663 2447 3020 3259 0 0 
28991 3308 75 2904 2667 2499 2988 3269 0 0 
29023 3290 100 2891 2648 2454 2975 3266 0 0 
29058 3298 111 2922 2726 2528 3030 3273 0 0 
29092 3243 299 2871 2641 2461 2961 3215 0 0 
29124 3222 463 2832 2622 2465 2911 3187 0 0 
29153 3180 770 2765 2577 2371 2856 3144 0 0 
29178 3239 1016 2822 2590 2456 2909 3198 0 0 
29205 3234 1301 2796 2599 2387 2894 3193 0 0 
29231 3226 1511 2804 2537 2396 2905 3192 0 0 
29253 3256 1750 2839 2607 2433 2924 3217 0 0 
29275 3268 2011 2869 2615 2414 2940 3217 0 0 
29298 3221 2256 2819 2514 2365 2868 3172 0 0 
29319 3204 2408 2816 2529 2410 2895 3173 0 0 
29340 3219 2589 2882 2597 2446 2963 3201 0 0 
29362 3258 2761 2839 2609 2512 2941 3222 0 0 
29384 3256 2976 2894 2661 2482 2977 3217 0 0 
29411 3269 2990 2888 2656 2530 2979 3243 0 0 
29440 3263 3026 2881 2631 2472 2949 3230 0 0 
29471 3268 3096 2877 2660 2515 2968 3248 0 0 
29504 3253 3087 2850 2632 2527 2927 3224 0 0 
29537 3253 2990 2824 2610 2545 2954 3236 0 0 
29569 3259 3060 2856 2687 2562 2942 3214 0 0 
29602 3281 3035 2862 2653 2521 2956 3249 0 0 
29635 3240 3020 2837 2642 2516 2916 3221 0 0 
29668 3251 3050 2845 2670 2527 2949 3219 0 0 
29700 3275 3073 2855 2643 2535 2938 3239 0 0 
29732 3270 3097 2867 2698 2547 2929 3225 0 0 
29765 3286 3093 2891 2718 2626 2971 3261 0 0 
29799 3282 3066 2902 2691 2531 2982 3263 0 0 
29833 3263 3018 2861 2658 2537 2945 3220 0 0 
29866 3288 3010 2876 2684 2531 2958 3227 0 0 
29899 3283 3013 2880 2679 2516 2954 3237 0 0 
29931 3265 3056 2878 2715 2573 2971 3239 0 0 
29964 3289 3102 2908 2712 2558 2971 3240 0 0 
29998 3324 3030 2938 2756 2573 2998 3290 0 0 
30032 3282 2994 2880 2671 2586 2974 3241 0 0 
30066 3271 3056 2793 2650 2458 2916 3219 0 0 
30098 3302 3013 2939 2671 2552 3005 3277 0 0 
30131 3234 3024 2889 2629 2517 2964 3192 0 0 
30163 3270 3055 2893 2639 2550 2978 3218 0 0 
30196 3288 3040 2861 2658 2508 2938 3233 0 0 
30229 3320 3068 2915 2668 2590 2998 3274 0 0 
30261 3295 3074 2910 2651 2616 2993 3249 0 0 
30295 3306 3019 2935 2636 2591 3019 3271 0 0 
30328 3287 3074 2931 2630 2561 3011 3259 0 0 
30362 3317 3035 2900 2675 2594 2975 3267 0 0 
30395 3324 3077 2906 2652 2628 2984 3276 0 0 
30429 3283 3032 2895 2647 2517 2961 3252 0 0 
30461 3294 3021 2902 2662 2522 2985 3250 0 0 
30496 3290 3023 2884 2614 2526 2967 3245 0 0 
30529 3319 3087 2917 2669 2533 3014 3285 0 0 
30562 3322 3057 2963 2745 2647 3052 3294 0 0 
30596 3280 3044 2872 2637 2515 2944 3244 0 0 
30628 3276 3027 2890 2658 2550 2951 3249 0 0 
30662 3294 3064 2933 2685 2651 2973 3257 0 0 
30694 3281 3041 2912 2648 2506 2967 3255 0 0 
30729 3312 3032 2925 2693 2626 2991 3280 0 0 
30761 3308 3018 2912 2651 2574 2969 3262 0 0 
30794 3296 2963 2913 2683 2580 2984 3262 0 0 
30826 3259 2944 2828 2628 2561 2909 3213 0 0 
30859 3340 3053 2921 2766 2659 2998 3293 0 0 
30894 3348 3052 2976 2689 2616 3043 3297 0 0 
30928 3264 3056 2875 2685 2557 2965 3220 0 0 
30961 3325 3021 2925 2715 2636 3016 3285 0 0 
30994 3297 3017 2917 2698 2594 3003 3254 0 0 
31027 3285 3106 2909 2715 2624 2971 3230 0 0 
31060 3324 3044 2931 2684 2588 3009 3279 0 0 
31094 3299 2977 2879 2648 2533 2983 3264 0 0 
31127 3283 3031 2882 2681 2603 2974 3231 0 0 
31159 3337 3090 2888 2640 2548 2976 3277 0 0 
31191 3307 3053 2903 2710 2542 2998 3262 0 0 
31224 3300 3065 2876 2702 2532 2952 3266 0 0 
31259 3318 3051 2953 2718 2529 2992 3277 0 0 
31293 3350 2988 2969 2745 2596 3025 3316 0 0 
31325 3351 3034 2975 2741 2646 3040 3310 0 0 
31357 3323 3016 2908 2704 2551 3002 3291 0 0 
31390 3294 3006 2897 2731 2657 2993 3257 0 0 
31422 3305 2994 2900 2715 2645 2950 3264 0 0 
31457 3284 2952 2885 2721 2620 2954 3220 0 0 
31489 3320 3033 2947 2723 2552 3003 3278 0 0 
31523 3368 3049 2972 2732 2582 3067 3334 0 0 
31556 3290 3065 2916 2724 2590 2970 3252 0 0 
31589 3329 3039 2953 2762 2596 3042 3286 0 0 
31622 3329 3022 2973 2772 2593 3055 3297 0 0 
31656 3332 3020 2933 2715 2577 3014 3282 0 0 
31687 3286 3012 2875 2715 2611 2972 3254 0 0 
31720 3307 3064 2935 2670 2626 3005 3270 0 0 
31753 3338 3026 2942 2732 2634 3013 3316 0 0 
31787 3353 3031 2955 2764 2609 3031 3306 0 0 
31820 3340 2996 2874 2701 2570 2967 3295 0 0 
31856 3338 3038 2919 2753 2586 2995 3305 0 0 
31893 3348 3059 3008 2741 2671 3073 3311 0 0 
31926 3312 3039 2914 2748 2593 2984 3276 0 0 
31959 3326 3083 2953 2755 2612 3017 3292 0 0 
31994 3302 3015 2964 2716 2584 3028 3265 0 0 
32028 3323 2947 2960 2701 2519 3033 3286 0 0 
32061 3348 2968 2984 2682 2561 3048 3318 0 0 
32094 3325 3011 2951 2657 2574 3037 3293 0 0 
32128 3346 3044 2972 2728 2594 3035 3319 0 0 
32162 3343 3093 2924 2726 2660 3018 3306 0 0 
32196 3347 2991 2886 2650 2556 2998 3308 0 0 
32230 3317 3053 2925 2662 2621 2992 3287 0 0 
32264 3331 3075 2970 2775 2643 3030 3300 0 0 
32299 3336 3051 2957 2747 2594 3014 3296 0 0 
32332 3343 3000 2954 2720 2607 3021 3285 0 0 
32366 3333 3009 2917 2688 2639 3003 3299 0 0 
32400 3321 3026 2907 2654 2601 3006 3290 0 0 
32433 3309 3006 2957 2711 2599 3048 3284 0 0 
32467 3343 3010 2947 2746 2657 3025 3304 0 0 
32502 3344 3015 2942 2713 2596 3050 3294 0 0 
32535 3345 2971 2968 2678 2599 3043 3307 0 0 
32569 3341 3023 2941 2739 2705 3031 3300 0 0 
32603 3335 3080 2974 2786 2696 3064 3303 0 0 
32637 3317 3050 2931 2760 2634 3022 3292 0 0 
32672 3343 3046 2965 2755 2615 3031 3305 0 0 
32706 3328 3110 2972 2742 2575 3057 3306 0 0 
32737 3352 3018 2947 2732 2637 3025 3311 0 0 
32772 3327 3055 2942 2733 2561 3026 3280 0 0 
32807 3337 3080 2925 2752 2616 3011 3291 0 0 
32839 3326 2986 2878 2613 2529 2968 3283 0 0 
32873 3337 3044 2963 2678 2559 3041 3313 0 0 
32905 3340 3031 2957 2735 2608 3031 3295 0 0 
32939 3324 2974 2902 2658 2581 3016 3292 0 0 
32972 3333 2994 2987 2791 2632 3069 3309 0 0 
33005 3362 2930 2963 2746 2578 3037 3329 0 0 
33039 3318 2933 2905 2708 2566 3015 3300 0 0 
33073 3344 2977 2940 2772 2652 3048 3318 0 0 
33107 3330 3015 2924 2767 2647 3005 3304 0 0 
33143 3348 3049 2904 2748 2571 2958 3295 0 0 
33178 3337 2993 2900 2729 2615 2987 3293 0 0 
33213 3353 3020 2935 2728 2574 3018 3300 0 0 
33243 3333 3039 2906 2723 2572 2988 3293 0 0 
33277 3322 2998 2912 2748 2600 2976 3274 0 0 
33312 3336 3055 2923 2731 2630 3011 3301 0 0 
33346 3344 3039 2943 2716 2578 3024 3307 0 0 
33381 3330 2975 2903 2641 2557 2974 3275 0 0 
33416 3309 3040 2955 2771 2688 3004 3268 0 0 
33450 3324 3044 2933 2753 2642 3027 3286 0 0 
33485 3371 3027 2959 2719 2667 3040 3339 0 0 
33518 3333 2997 2914 2753 2639 2997 3297 0 0 
33551 3340 2907 2940 2705 2597 3005 3301 0 0 
33584 3359 3000 2950 2769 2642 2996 3321 0 0 
33616 3351 2978 2921 2734 2634 2998 3319 0 0 
33647 3339 2986 2912 2712 2636 3007 3290 0 0 
33676 3362 3063 2982 2735 2656 3072 3333 0 0 
33709 3345 3021 2935 2693 2609 3013 3308 0 0 
33741 3343 3078 2990 2742 2588 3051 3311 0 0 
33774 3338 3047 2944 2703 2565 3036 3308 0 0 
33806 3289 3019 2883 2670 2540 2964 3248 0 0 
33839 3338 2997 2952 2696 2589 3012 3294 0 0 
33873 3317 2972 2930 2678 2615 3012 3292 0 0 
33905 3337 2998 2948 2736 2613 3005 3300 0 0 
33938 3339 3066 2949 2771 2572 3023 3296 0 0 
33969 3318 3130 2951 2780 2601 3003 3300 0 0 
34003 3355 3095 2925 2699 2648 2984 3329 0 0 
34038 3360 2980 2909 2717 2639 3004 3300 0 0 
34073 3274 3063 2861 2693 2528 2941 3241 0 0 
34107 3316 3072 2935 2710 2611 3026 3286 0 0 
34139 3361 3049 2992 2767 2621 3054 3327 0 0 
34175 3322 3085 2950 2754 2649 3009 3266 0 0 
34215 3345 3028 2975 2743 2568 3015 3308 0 0 
34249 3348 3086 2939 2706 2654 2998 3307 0 0 
34280 3363 3032 2951 2772 2603 3013 3313 0 0 
34312 3346 3087 2983 2762 2648 3053 3324 0 0 
34345 3369 3040 2975 2733 2654 3049 3330 0 0 
34379 3351 3027 2955 2755 2608 3020 3311 0 0 
34411 3328 3089 2973 2751 2667 3049 3309 0 0 
34446 3320 3065 2960 2798 2591 3039 3289 0 0 
34479 3309 3020 2950 2730 2605 3029 3279 0 0 
34514 3349 2999 2952 2732 2596 3056 3317 0 0 
34549 3347 3006 2942 2738 2642 3050 3322 0 0 
34583 3310 3069 2951 2729 2605 3023 3283 0 0 
34617 3342 3077 2994 2731 2604 3076 3310 0 0 
34650 3352 3068 3007 2756 2631 3075 3323 0 0 
34685 3329 3060 2955 2763 2617 3038 3306 0 0 
34720 3316 3038 2869 2673 2557 2966 3287 0 0 
34754 3335 3088 2974 2751 2663 3031 3304 0 0 
34786 3324 3043 2952 2733 2622 3025 3293 0 0 
34819 3360 2997 2985 2773 2692 3049 3324 0 0 
34854 3362 3051 2961 2742 2618 3055 3326 0 0 
34886 3348 3079 2976 2753 2650 3026 3317 0 0 
34922 3348 3065 2944 2732 2640 3043 3315 0 0 
34957 3309 3089 2948 2795 2625 3041 3292 0 0 
34991 3358 3089 3001 2771 2668 3036 3323 0 0 
35025 3343 3040 2968 2796 2597 3026 3302 0 0 
35059 3338 3040 2958 2716 2615 3050 3299 0 0 
35091 3337 3031 2931 2735 2583 2993 3295 0 0 
35122 3351 3034 2993 2755 2594 3075 3328 0 0 
35156 3354 3064 3006 2730 2641 3094 3333 0 0 
35190 3316 3048 2954 2714 2583 3005 3298 0 0 
35224 3355 2990 2987 2735 2632 3041 3313 0 0 
35260 3357 2980 2975 2696 2608 3054 3336 0 0 
35292 3305 2986 2895 2650 2552 2981 3272 0 0 
35325 3316 3028 2918 2713 2588 3018 3280 0 0 
35357 3345 2990 2937 2744 2626 3043 3308 0 0 
35389 3328 3002 2903 2739 2625 3021 3280 0 0 
35423 3323 3051 2896 2670 2646 3011 3280 0 0 
35455 3321 3070 2953 2722 2605 3037 3277 0 0 
35490 3353 3055 2982 2776 2671 3064 3303 0 0 
35525 3324 3005 2970 2684 2631 3067 3297 0 0 
35559 3325 3039 2961 2704 2641 3022 3289 0 0 
35593 3342 3055 2952 2776 2627 3045 3312 0 0 
35627 3313 2975 2927 2692 2575 3011 3287 0 0 
35659 3310 3012 2935 2714 2638 3034 3278 0 0 
35691 3313 3011 2940 2740 2568 3034 3281 0 0 
35724 3348 3044 2997 2767 2661 3091 3311 0 0 
35758 3332 3085 2964 2761 2673 3022 3299 0 0 
35791 3315 3067 2965 2745 2659 3038 3292 0 0 
35827 3328 3114 2933 2740 2630 3017 3286 0 0 
35862 3277 2997 2893 2703 2574 2985 3239 0 0 
35893 3362 3043 2984 2789 2652 3083 3325 0 0 
35929 3305 3047 2931 2716 2593 3025 3255 0 0 
35961 3343 3054 2957 2680 2583 3028 3310 0 0 
35995 3336 3098 2933 2709 2569 2994 3295 0 0 
36028 3328 3077 2933 2737 2641 3016 3268 0 0 
36065 3321 2992 2963 2732 2649 3057 3285 0 0 
36100 3340 3044 2983 2785 2623 3066 3317 0 0 
36135 3304 2972 2929 2762 2542 3000 3259 0 0 
36168 3334 3019 2959 2741 2594 3034 3302 0 0 
36203 3321 3049 2922 2729 2606 3001 3259 0 0 
36237 3329 3063 2920 2721 2601 3001 3278 0 0 
36269 3332 2984 2954 2727 2592 3030 3285 0 0 
36303 3334 2987 2944 2756 2692 3036 3299 0 0 
36337 3316 2951 2936 2693 2620 3008 3271 0 0 
36376 3319 2990 2924 2701 2575 3008 3289 0 0 
36411 3349 2999 2955 2719 2666 3037 3300 0 0 
36444 3330 3023 2923 2705 2666 3037 3305 0 0 
36479 3348 2995 2922 2684 2569 3017 3306 0 0 
36510 3343 2996 2961 2738 2629 3042 3307 0 0 
36543 3336 3068 2937 2729 2613 3022 3307 0 0 
36579 3332 3006 2930 2731 2634 3035 3309 0 0 
36613 3371 3040 2974 2750 2605 3052 3309 0 0 
36652 3318 3058 2959 2695 2543 3007 3267 0 0 
36687 3355 3019 2934 2721 2575 3036 3297 0 0 
36716 3354 2997 2981 2757 2609 3066 3311 0 0 
36749 3354 3043 2939 2714 2569 3039 3300 0 0 
36783 3321 3004 2917 2699 2596 3002 3266 0 0 
36816 3337 3045 2947 2667 2635 3044 3290 0 0 
36850 3294 3021 2898 2717 2624 2988 3255 0 0 
36882 3351 3059 2921 2708 2577 3030 3314 0 0 
36915 3311 3057 2894 2693 2580 2986 3271 0 0 
36948 3356 3017 2963 2739 2561 3043 3316 0 0 
36980 3348 3041 2912 2686 2555 3033 3300 0 0 
37010 3306 3030 2889 2697 2602 2996 3263 0 0 
37042 3334 3042 2915 2716 2573 3039 3290 0 0 
37074 3311 3017 2889 2669 2618 3024 3277 0 0 
37107 3351 3060 2974 2707 2574 3058 3302 0 0 
37139 3342 3047 2944 2728 2589 3042 3294 0 0 
37171 3350 2972 2954 2696 2592 3051 3301 0 0 
37202 3321 3007 2935 2701 2595 3022 3293 0 0 
37235 3332 3044 2953 2722 2651 3038 3311 0 0 
37269 3340 3059 2953 2710 2620 3040 3314 0 0 
37300 3340 3058 2998 2787 2674 3077 3304 0 0 
37334 3369 3054 2983 2729 2613 3063 3320 0 0 
37369 3373 3076 3011 2728 2619 3054 3332 0 0 
37401 3361 3052 2926 2717 2628 3029 3312 0 0 
37435 3343 3029 2928 2741 2637 3018 3302 0 0 
37470 3307 3072 2947 2720 2601 3028 3251 0 0 
37503 3303 3063 2918 2709 2623 3023 3259 0 0 
37535 3324 3059 2945 2744 2631 3053 3282 0 0 
37571 3343 3043 2953 2746 2604 3049 3300 0 0 
37605 3337 3018 2982 2762 2672 3075 3301 0 0 
37639 3350 3071 2967 2752 2644 3065 3303 0 0 
37672 3338 3045 2960 2706 2623 3044 3302 0 0 
37707 3337 2979 2966 2782 2586 3077 3305 0 0 
37739 3329 2956 2944 2755 2664 3037 3292 0 0 
37772 3311 2945 2932 2653 2599 3039 3282 0 0 
37805 3362 3035 2924 2705 2579 3042 3317 0 0 
37840 3318 3036 2960 2741 2644 3055 3279 0 0 
37871 3317 2946 2893 2668 2596 3017 3271 0 0 
37905 3359 3075 3008 2759 2575 3074 3310 0 0 
37940 3326 3066 2936 2756 2612 3020 3291 0 0 
37973 3292 3051 2860 2707 2573 2991 3263 0 0 
38009 3343 3023 2901 2717 2608 3019 3302 0 0 
38040 3321 3021 2935 2734 2673 3028 3282 0 0 
38074 3346 3085 2978 2745 2594 3049 3299 0 0 
38107 3312 3050 2950 2714 2597 3046 3277 0 0 
38145 3300 3072 2957 2720 2616 3047 3268 0 0 
38183 3293 3033 2931 2699 2609 3005 3256 0 0 
38219 3375 3005 2961 2710 2583 3086 3326 0 0 
38254 3361 3035 2978 2746 2640 3080 3311 0 0 
38288 3348 3084 2941 2700 2668 3041 3317 0 0 
38318 3353 3120 2966 2715 2647 3060 3319 0 0 
38349 3358 3073 2985 2778 2675 3100 3325 0 0 
38385 3338 3031 2945 2761 2639 3035 3278 0 0 
38424 3304 3008 2912 2702 2647 2999 3253 0 0 
38457 3324 3038 2964 2761 2642 3047 3286 0 0 
38492 3334 3067 2959 2757 2585 3056 3297 0 0 
38525 3328 3071 2943 2696 2599 3034 3279 0 0 
38559 3320 3053 2964 2706 2631 3035 3304 0 0 
38592 3357 3083 2943 2675 2612 3064 3322 0 0 
38626 3348 3064 2945 2711 2632 3005 3308 0 0 
38660 3314 3024 2905 2666 2583 3005 3265 0 0 
38695 3327 3053 2941 2739 2622 3020 3297 0 0 
38728 3305 3027 2927 2668 2629 3002 3271 0 0 
38762 3320 3031 2909 2666 2578 3024 3268 0 0 
38795 3333 3033 2940 2715 2587 3019 3290 0 0 
38826 3320 3064 2966 2697 2601 3032 3287 0 0 
38858 3336 3048 2948 2691 2618 3054 3300 0 0 
38892 3338 3047 2955 2671 2575 3038 3289 0 0 
38925 3323 3057 2905 2676 2618 3022 3271 0 0 
38957 3308 3022 2928 2680 2622 3031 3279 0 0 
38989 3364 3007 3004 2768 2666 3107 3328 0 0 
39022 3326 3103 2962 2783 2623 3094 3284 0 0 
39058 3338 3082 2936 2714 2603 3017 3285 0 0 
39094 3330 3042 2943 2755 2629 3042 3277 0 0 
39128 3325 3086 2899 2751 2641 3018 3266 0 0 
39162 3312 3026 2924 2710 2641 3001 3271 0 0 
39197 3359 3056 2995 2712 2587 3059 3323 0 0 
39232 3328 3062 2951 2773 2630 3048 3275 0 0 
39265 3317 3083 2953 2752 2630 3043 3272 0 0 
39301 3346 3063 2985 2771 2562 3088 3320 0 0 
39334 3345 3056 2935 2690 2565 3047 3281 0 0 
39368 3358 2998 2922 2714 2648 3033 3321 0 0 
39403 3355 3076 3018 2740 2645 3095 3327 0 0 
39437 3357 3104 2939 2753 2624 3063 3315 0 0 
39472 3344 3037 2970 2724 2629 3063 3315 0 0 
39506 3350 3032 2946 2749 2635 3053 3332 0 0 
39540 3358 3048 2978 2796 2646 3087 3317 0 0 
39573 3332 3035 2948 2699 2627 3045 3291 0 0 
39611 3324 2982 2912 2654 2621 2984 3263 0 0 
39648 3347 3003 2956 2708 2650 3049 3295 0 0 
39679 3341 2972 2915 2640 2630 3005 3306 0 0 
39710 3320 2991 2942 2647 2598 3041 3291 0 0 
39741 3333 3005 2950 2673 2564 3054 3306 0 0 
39777 3329 3003 2941 2685 2597 3031 3286 0 0 
39811 3364 3041 2954 2679 2612 3023 3315 0 0 
39845 3351 3030 2949 2680 2609 3035 3319 0 0 
39878 3328 3050 2900 2627 2525 2967 3279 0 0 
39908 3351 3116 2965 2710 2628 3083 3321 0 0 
39941 3351 3071 2980 2739 2622 3070 3324 0 0 
39975 3380 3003 3012 2687 2600 3088 3350 0 0 
40010 3361 3073 2978 2711 2572 3056 3324 0 0 
40041 3351 3087 2929 2719 2558 3030 3310 0 0 
40072 3298 3082 2920 2654 2556 2986 3247 0 0 
40105 3333 3024 2956 2729 2616 3053 3294 0 0 
40137 3332 3019 2937 2697 2641 3071 3292 0 0 
40171 3356 3037 2977 2772 2672 3074 3319 0 0 
40207 3367 3037 2959 2720 2629 3082 3335 0 0 
40245 3343 3018 2916 2674 2610 3049 3304 0 0 
40280 3376 3008 2949 2667 2545 3042 3319 0 0 
40315 3333 3035 2897 2684 2594 2988 3288 0 0 
40345 3330 3034 2895 2659 2545 3017 3281 0 0 
40378 3352 3023 2962 2730 2602 3065 3299 0 0 
40409 3358 3060 2963 2721 2613 3056 3332 0 0 
40438 3358 3054 2892 2652 2595 3004 3319 0 0 
40467 3317 3137 2914 2714 2561 3031 3285 0 0 
40501 3316 3087 2936 2732 2652 3026 3277 0 0 
40534 3333 3084 2942 2714 2627 3034 3286 0 0 
40568 3301 3066 2929 2678 2555 3015 3265 0 0 
40600 3368 3063 2956 2743 2600 3063 3325 0 0 
40635 3341 3009 2919 2745 2640 3044 3291 0 0 
40664 3323 3056 2914 2687 2617 3010 3286 0 0 
40697 3331 3086 2956 2760 2655 3032 3282 0 0 
40728 3327 3039 2935 2733 2626 3037 3293 0 0 
40764 3338 3043 2880 2661 2586 3012 3279 0 0 
40798 3320 3126 2943 2729 2656 3044 3289 0 0 
40834 3338 3092 2936 2725 2617 3033 3280 0 0 
40868 3315 3078 2908 2665 2578 3058 3269 0 0 
40901 3347 3012 2965 2690 2619 3090 3316 0 0 
40934 3327 3013 2933 2691 2584 3055 3279 0 0 
40971 3360 3024 2975 2745 2627 3107 3326 0 0 
41006 3318 3011 2912 2672 2594 3042 3281 0 0 
41037 3351 3092 2978 2755 2633 3046 3292 0 0 
41072 3318 3081 2914 2721 2645 3031 3271 0 0 
41107 3308 3062 2915 2711 2612 3026 3252 0 0 
41143 3311 3096 2945 2729 2679 3061 3257 0 0 
41173 3332 3084 2949 2690 2582 3049 3270 0 0 
41208 3303 3103 2896 2679 2613 3032 3262 0 0 
41242 3336 3048 2949 2727 2624 3045 3286 0 0 
41273 3287 3076 2908 2689 2595 3036 3256 0 0 
41306 3348 3008 2943 2731 2577 3038 3296 0 0 
41337 3330 3030 2937 2731 2617 3053 3274 0 0 
41367 3332 3018 2936 2694 2567 3055 3291 0 0 
41397 3354 3036 2923 2684 2555 3047 3306 0 0 
41428 3310 3069 2881 2676 2588 3011 3261 0 0 
41460 3327 3082 2933 2657 2604 3063 3295 0 0 
41496 3329 3080 2938 2669 2608 3067 3276 0 0 
41527 3301 3073 2924 2669 2526 3047 3259 0 0 
41562 3335 3121 2946 2673 2647 3061 3298 0 0 
41599 3300 3007 2912 2670 2560 3010 3249 0 0 
41632 3287 3019 2890 2700 2564 3035 3252 0 0 
41671 3332 3065 2914 2710 2610 3037 3296 0 0 
41707 3315 3031 2918 2682 2611 3057 3259 0 0 
41738 3312 3129 2982 2724 2733 3090 3256 0 0 
41770 3340 3083 2969 2755 2647 3109 3274 0 0 
41808 3344 3074 2965 2766 2637 3124 3304 0 0 
41847 3305 3016 2931 2695 2616 3070 3269 0 0 
41881 3320 3028 2988 2721 2626 3127 3287 0 0 
41916 3328 3083 2968 2627 2545 3079 3290 0 0 
41949 3343 3090 2970 2680 2582 3086 3310 0 0 
41980 3314 3075 2958 2708 2581 3067 3281 0 0 
42012 3274 3026 2885 2646 2644 2975 3224 0 0 
42044 3346 3043 2971 2707 2638 3090 3311 0 0 
42077 3322 3040 2950 2712 2549 3084 3265 0 0 
42110 3348 3084 2993 2766 2654 3118 3299 0 0 
42142 3306 3115 2951 2643 2541 3074 3257 0 0 
42171 3318 3101 2952 2687 2603 3086 3273 0 0 
42207 3344 3071 2947 2682 2580 3081 3293 0 0 
42246 3357 3000 2956 2759 2628 3093 3298 0 0 
42283 3324 2982 2936 2745 2648 3059 3282 0 0 
42320 3306 3040 2877 2636 2563 3014 3253 0 0 
42361 3324 3046 2940 2701 2576 3074 3290 0 0 
42397 3307 3057 2938 2707 2630 3058 3264 0 0 
42433 3322 3082 2928 2665 2579 3054 3278 0 0 
42468 3298 3027 2910 2682 2595 3028 3259 0 0 
42498 3315 3100 2969 2638 2551 3068 3271 0 0 
42528 3350 3082 2989 2686 2607 3098 3288 0 0 
42563 3370 3026 3004 2707 2632 3122 3326 0 0 
42598 3321 2982 2918 2638 2534 3059 3282 0 0 
42633 3299 3014 2916 2623 2584 3022 3257 0 0 
42671 3325 2993 2934 2669 2573 3047 3276 0 0 
42701 3325 3066 2886 2641 2627 3011 3269 0 0 
42730 3350 3049 2933 2701 2585 3093 3307 0 0 
42754 3344 3108 2947 2705 2607 3070 3301 0 0 
42780 3347 3053 2971 2664 2635 3078 3302 0 0 
42811 3338 3006 2949 2669 2587 3110 3298 0 0 
42843 3328 3039 2931 2723 2584 3043 3257 0 0 
42877 3343 3004 2965 2716 2612 3093 3290 0 0 
42907 3319 3027 2929 2669 2585 3081 3276 0 0 
42941 3346 2984 2972 2705 2568 3100 3301 0 0 
42972 3349 2977 2932 2714 2695 3081 3300 0 0 
43000 3319 3013 2951 2686 2600 3078 3267 0 0 
43033 3318 3040 2902 2702 2640 3043 3254 0 0 
43066 3346 3067 2936 2720 2638 3082 3293 0 0 
43097 3332 3060 2960 2698 2626 3099 3303 0 0 
43128 3330 3039 2930 2643 2614 3081 3298 0 0 
43162 3347 3095 2978 2685 2639 3123 3308 0 0 
43192 3326 3085 2941 2667 2644 3077 3285 0 0 
43227 3352 3012 2954 2711 2585 3103 3309 0 0 
43259 3323 3035 2957 2686 2584 3088 3262 0 0 
43285 3338 3004 2977 2756 2580 3110 3290 0 0 
43311 3337 3012 2915 2677 2601 3079 3271 0 0 
43339 3295 2963 2927 2668 2639 3071 3257 0 0 
43366 3316 2977 2918 2711 2577 3067 3279 0 0 
43399 3309 3053 2955 2675 2627 3088 3271 0 0 
43429 3310 3097 2911 2699 2635 3078 3259 0 0 
43462 3342 3103 2956 2710 2643 3100 3276 0 0 
43492 3349 3069 2947 2745 2627 3104 3287 0 0 
43520 3324 3016 2932 2704 2610 3082 3274 0 0 
43552 3355 3000 2959 2719 2613 3099 3309 0 0 
43582 3288 3001 2898 2720 2547 3035 3248 0 0 
43615 3317 3101 2893 2705 2546 3063 3284 0 0 
43645 3324 3064 2949 2760 2626 3082 3276 0 0 
43675 3345 3083 2963 2717 2688 3119 3291 0 0 
43710 3331 3024 2955 2718 2677 3103 3286 0 0 
43743 3310 3033 2900 2697 2623 3072 3256 0 0 
43775 3309 2999 2895 2656 2592 3048 3247 0 0 
43810 3294 3001 2901 2686 2617 3033 3232 0 0 
43850 3320 3018 2966 2696 2673 3101 3290 0 0 
43884 3339 3013 2964 2685 2647 3141 3303 0 0 
43918 3321 2992 2954 2700 2614 3099 3295 0 0 
43952 3309 3051 2961 2763 2638 3081 3273 0 0 
43991 3313 2993 2922 2710 2592 3080 3265 0 0 
44020 3329 2996 2915 2685 2599 3047 3288 0 0 
44056 3351 3064 2936 2689 2642 3068 3296 0 0 
44088 3359 3045 3000 2716 2558 3111 3313 0 0 
44121 3352 3034 2930 2674 2582 3082 3292 0 0 
44148 3311 3048 2917 2666 2612 3068 3269 0 0 
44176 3339 3038 2935 2685 2597 3080 3298 0 0 
44205 3324 3054 2932 2673 2514 3064 3275 0 0 
44240 3329 3091 2904 2681 2649 3062 3267 0 0 
44270 3292 3038 2909 2692 2664 3027 3249 0 0 
44296 3355 3072 2962 2713 2616 3102 3300 0 0 
44330 3328 3099 2955 2680 2642 3108 3292 0 0 
44361 3341 3089 2971 2755 2679 3086 3293 0 0 
44390 3350 3112 2987 2710 2637 3114 3285 0 0 
44430 3331 3060 2925 2645 2623 3076 3284 0 0 
44474 3327 3091 2925 2696 2606 3095 3284 0 0 
44512 3311 3050 2878 2674 2619 3075 3258 0 0 
44545 3381 2998 2943 2703 2622 3113 3327 0 0 
44583 3311 3026 2907 2649 2617 3052 3262 0 0 
44614 3287 3022 2853 2667 2567 2999 3227 0 0 
44646 3305 3052 2891 2594 2620 3041 3240 0 0 
44681 3314 3123 2955 2709 2628 3107 3275 0 0 
44712 3331 3114 2957 2713 2592 3095 3281 0 0 
44754 3337 3059 2963 2693 2591 3129 3295 0 0 
44784 3347 3031 2940 2701 2609 3101 3305 0 0 
44819 3328 3064 2963 2696 2643 3095 3297 0 0 
44853 3310 3015 2910 2635 2570 3075 3272 0 0 
44883 3325 3039 2947 2648 2540 3094 3287 0 0 
44909 3333 3101 2940 2674 2569 3058 3265 0 0 
44949 3355 3108 2953 2682 2616 3103 3301 0 0 
44983 3350 3076 2938 2773 2623 3088 3291 0 0 
45020 3337 3055 2948 2693 2639 3077 3274 0 0 
45059 3332 3033 2928 2698 2633 3064 3287 0 0 
45097 3325 3015 2921 2706 2590 3063 3280 0 0 
45125 3327 3043 2875 2661 2570 3064 3286 0 0 
45156 3321 3017 2945 2727 2654 3079 3280 0 0 
45189 3333 3073 2944 2734 2704 3067 3284 0 0 
45221 3330 3051 2912 2698 2613 3036 3280 0 0 
45259 3337 3085 2954 2726 2598 3064 3289 0 0 
45294 3305 3036 2923 2693 2613 3088 3275 0 0 
45330 3312 3089 2928 2695 2593 3066 3261 0 0 
45369 3314 3109 2916 2648 2554 3047 3271 0 0 
45404 3346 3120 2992 2721 2627 3089 3308 0 0 
45453 3340 3048 2914 2643 2580 3024 3291 0 0 
45490 3345 3038 2913 2703 2616 3046 3286 0 0 
45528 3359 3046 2951 2741 2654 3076 3306 0 0 
45559 3334 3051 2921 2714 2598 3040 3279 0 0 
45595 3332 3025 2948 2683 2607 3064 3289 0 0 
45625 3336 3049 2942 2739 2615 3038 3297 0 0 
45654 3323 3076 2933 2724 2624 3044 3283 0 0 
45687 3336 3054 2955 2668 2584 3082 3305 0 0 
45716 3330 3014 2955 2722 2600 3063 3275 0 0 
45746 3316 3043 2924 2736 2597 3020 3278 0 0 
45774 3309 3052 2940 2731 2568 3063 3265 0 0 
45810 3311 3032 2930 2730 2589 3047 3279 0 0 
45843 3319 3096 2909 2659 2550 3034 3273 0 0 
45875 3327 3081 2937 2724 2646 3017 3288 0 0 
45904 3320 3055 2947 2682 2573 3047 3289 0 0 
45933 3370 3063 2926 2689 2549 3046 3318 0 0 
45966 3336 3064 2947 2721 2643 3052 3297 0 0 
45994 3355 3081 2959 2723 2628 3053 3309 0 0 
46027 3350 3043 2937 2708 2619 3075 3320 0 0 
46062 3343 3059 2954 2704 2618 3060 3302 0 0 
46096 3367 3025 2986 2775 2689 3065 3316 0 0 
46128 3338 3019 2937 2728 2582 3052 3304 0 0 
46159 3354 3046 2954 2757 2616 3064 3303 0 0 
46189 3348 3033 2947 2761 2634 3043 3302 0 0 
46220 3349 3020 2955 2746 2648 3081 3315 0 0 
46255 3340 3054 2920 2728 2579 3010 3301 0 0 
46305 3329 3057 2956 2764 2619 3043 3288 0 0 
46335 3331 3016 2935 2704 2589 3016 3286 0 0 
46361 3323 3039 2970 2678 2583 3038 3288 0 0 
46389 3367 3035 3002 2768 2606 3105 3327 0 0 
46426 3323 3023 2927 2697 2534 3055 3285 0 0 
46473 3351 3089 2937 2722 2622 3030 3309 0 0 
46508 3320 3077 2923 2730 2624 3049 3281 0 0 
46538 3321 3071 2941 2726 2639 3004 3273 0 0 
46573 3313 2987 2926 2710 2580 3028 3270 0 0 
46613 3333 3069 2916 2703 2621 3022 3298 0 0 
46642 3343 3007 2926 2675 2603 3023 3305 0 0 
46675 3351 3005 2959 2769 2602 3064 3302 0 0 
46709 3338 3057 2912 2713 2555 3000 3297 0 0 
46754 3358 3025 2968 2720 2641 3053 3318 0 0 
46789 3300 3017 2903 2703 2609 2986 3276 0 0 
46825 3325 3032 2939 2687 2583 3012 3278 0 0 
46859 3327 3101 2923 2729 2604 2985 3285 0 0 
46895 3338 3096 2938 2691 2587 3026 3314 0 0 
46929 3336 3065 2956 2781 2623 3055 3304 0 0 
46963 3338 3076 2928 2754 2646 3024 3288 0 0 
46989 3357 3052 2929 2728 2628 3034 3303 0 0 
47021 3321 3039 2906 2690 2631 3043 3295 0 0 
47062 3350 3092 2959 2729 2638 3043 3312 0 0 
47102 3356 3058 2968 2763 2603 3092 3313 0 0 
47140 3342 3006 2919 2669 2557 3020 3292 0 0 
47184 3317 3017 2943 2747 2655 3025 3281 0 0 
47210 3332 2965 2965 2750 2629 3075 3295 0 0 
47239 3347 2981 2932 2718 2628 3059 3308 0 0 
47269 3339 3025 2933 2716 2587 3028 3296 0 0 
47306 3322 3052 2940 2728 2626 3019 3286 0 0 
47353 3327 3044 2945 2756 2643 3025 3296 0 0 
47397 3328 3082 2931 2724 2596 3035 3281 0 0 
47431 3337 3079 2991 2736 2635 3074 3291 0 0 
47459 3338 3051 2934 2701 2644 3062 3297 0 0 
47493 3313 3019 2950 2722 2662 3058 3265 0 0 
47535 3354 3042 2979 2753 2674 3076 3318 0 0 
47592 3338 3025 2951 2722 2615 3074 3301 0 0 
47633 3313 2931 2924 2715 2607 3012 3263 0 0 
47670 3344 3070 3007 2773 2635 3050 3311 0 0 
47704 3345 2976 2958 2716 2602 3043 3305 0 0 
47740 3311 3034 2927 2699 2577 3020 3276 0 0 
47774 3338 3041 2959 2692 2670 3066 3312 0 0 
47815 3305 3016 2920 2689 2637 3044 3278 0 0 
47850 3347 3030 2977 2698 2655 3095 3329 0 0 
47888 3345 3052 2892 2692 2613 3019 3298 0 0 
47929 3332 2995 2966 2673 2608 3054 3290 0 0 
47961 3324 3019 2955 2706 2632 3044 3297 0 0 
47996 3330 3039 2937 2734 2620 3021 3306 0 0 
48027 3351 3054 2972 2706 2617 3043 3312 0 0 
48060 3316 3019 2927 2735 2649 3013 3271 0 0 
48095 3341 3069 2973 2748 2663 3079 3307 0 0 
48132 3339 3109 2976 2718 2600 3055 3301 0 0 
48164 3358 3154 2978 2716 2623 3085 3294 0 0 
48203 3343 3069 2964 2705 2622 3049 3294 0 0 
48237 3366 3020 2935 2716 2602 3064 3318 0 0 
48263 3309 3034 2917 2731 2645 3060 3271 0 0 
48291 3331 2986 2953 2690 2563 3062 3299 0 0 
48325 3311 3054 2894 2706 2609 3017 3279 0 0 
48361 3322 3028 2925 2659 2602 3023 3296 0 0 
48391 3341 3004 2946 2671 2604 3026 3302 0 0 
48423 3377 2963 2979 2742 2620 3083 3343 0 0 
48457 3337 3064 2910 2713 2582 3002 3296 0 0 
48480 3361 3079 2954 2729 2656 3082 3337 0 0 
48511 3296 3040 2910 2693 2643 3004 3258 0 0 
48540 3341 3101 2922 2727 2583 3061 3295 0 0 
48577 3305 3032 2914 2643 2601 3052 3267 0 0 
48607 3358 3067 2960 2692 2615 3087 3324 0 0 
48641 3305 3038 2904 2710 2575 3025 3262 0 0 
48672 3363 3058 2985 2691 2586 3085 3324 0 0 
48704 3325 3016 2958 2711 2559 3036 3285 0 0 
48746 3295 3011 2898 2637 2578 2997 3270 0 0 
48784 3316 3110 2929 2745 2573 3019 3285 0 0 
48811 3331 3093 2940 2723 2579 3006 3285 0 0 
48844 3309 3111 2929 2681 2543 3033 3268 0 0 
48876 3325 3096 2947 2703 2611 3034 3271 0 0 
48917 3353 3073 2980 2702 2647 3070 3307 0 0 
48952 3359 3032 2925 2672 2585 3040 3292 0 0 
48983 3334 2956 2934 2704 2597 3051 3298 0 0 
49011 3332 3007 2926 2645 2556 3032 3293 0 0 
49041 3289 3027 2906 2655 2577 3020 3244 0 0 
49075 3331 3057 2923 2712 2612 3041 3292 0 0 
49110 3303 3023 2907 2738 2638 3008 3262 0 0 
49139 3282 3025 2889 2672 2566 3009 3239 0 0 
49175 3317 3053 2931 2664 2584 3069 3279 0 0 
49205 3314 3001 2907 2637 2602 3043 3280 0 0 
49235 3314 3050 2945 2633 2533 3057 3282 0 0 
49260 3356 3068 2987 2723 2692 3074 3321 0 0 
49291 3331 3061 2954 2705 2593 3069 3285 0 0 
49317 3314 3038 2918 2664 2580 3025 3263 0 0 
49346 3323 3049 2884 2662 2622 3006 3272 0 0 
49377 3370 3079 2963 2727 2686 3097 3319 0 0 
49413 3346 3089 2980 2719 2605 3082 3304 0 0 
49446 3328 3101 2956 2691 2636 3041 3291 0 0 
49475 3365 3069 2979 2723 2603 3080 3333 0 0 
49508 3309 3078 2979 2734 2622 3064 3281 0 0 
49543 3332 3067 2928 2666 2620 3041 3292 0 0 
49576 3340 3095 2972 2720 2638 3059 3307 0 0 
49608 3340 3037 2954 2703 2606 3059 3289 0 0 
49643 3333 3047 2949 2718 2601 3074 3300 0 0 
49679 3308 3017 2962 2707 2684 3078 3273 0 0 
49713 3299 3054 2932 2695 2633 3037 3261 0 0 
49749 3326 3095 2960 2698 2610 3080 3286 0 0 
49780 3340 3079 2938 2663 2634 3055 3304 0 0 
49817 3343 3074 2947 2717 2605 3077 3288 0 0 
49849 3293 3041 2887 2646 2514 2993 3248 0 0 
49883 3293 3063 2907 2668 2585 3023 3252 0 0 
49921 3319 2971 2924 2674 2584 3026 3267 0 0 
49955 3352 3031 3009 2715 2644 3101 3316 0 0 
49991 3353 3014 3028 2713 2571 3124 3316 0 0 
50022 3319 3034 2953 2704 2596 3063 3279 0 0 
50052 3335 3013 2961 2683 2646 3075 3296 0 0 
50086 3350 3112 2999 2717 2647 3084 3321 0 0 
50120 3314 3028 2956 2702 2614 3043 3282 0 0 
50149 3341 3112 2946 2769 2672 3052 3304 0 0 
50183 3332 3065 2969 2695 2555 3069 3292 0 0 
50217 3343 3027 2956 2700 2621 3060 3293 0 0 
50247 3325 3037 2985 2718 2586 3078 3295 0 0 
50275 3328 3045 2941 2678 2584 3038 3289 0 0 
50303 3328 3058 2952 2695 2599 3066 3304 0 0 
50331 3305 3089 2938 2688 2559 3042 3281 0 0 
50364 3310 3090 2910 2698 2633 3026 3286 0 0 
50395 3337 3072 2931 2714 2590 3045 3310 0 0 
50431 3307 3005 2907 2698 2510 3003 3262 0 0 
50463 3307 3061 2975 2698 2604 3061 3276 0 0 
50497 3313 3035 2853 2699 2573 3008 3262 0 0 
50528 3334 3026 2955 2693 2566 3090 3308 0 0 
50564 3310 3001 2917 2664 2561 3019 3279 0 0 
50595 3348 3103 2941 2716 2617 3055 3291 0 0 
50625 3290 3050 2928 2718 2545 3012 3253 0 0 
50656 3298 3052 2894 2708 2628 2971 3253 0 0 
50693 3328 3023 3004 2783 2601 3070 3289 0 0 
50726 3292 3038 2906 2643 2597 3023 3241 0 0 
50758 3309 3102 2963 2731 2596 3030 3266 0 0 
50789 3289 3096 2932 2668 2604 3010 3239 0 0 
50824 3327 3052 2926 2671 2622 3013 3283 0 0 
50857 3354 3028 2971 2742 2641 3089 3314 0 0 
50896 3304 3055 2901 2708 2567 3002 3258 0 0 
50931 3346 3007 2915 2680 2590 3045 3313 0 0 
50965 3309 3069 2901 2696 2625 3000 3271 0 0 
50993 3316 3016 2918 2671 2568 3021 3291 0 0 
51021 3303 3023 2911 2659 2498 2998 3265 0 0 
51050 3355 3061 2985 2727 2629 3106 3320 0 0 
51084 3340 3040 2928 2739 2632 3032 3293 0 0 
51112 3334 3043 2919 2688 2593 3033 3286 0 0 
51145 3302 3000 2885 2684 2598 2992 3254 0 0 
51180 3321 2942 2955 2706 2595 3057 3283 0 0 
51212 3315 3029 2928 2746 2662 3020 3277 0 0 
51245 3322 3058 2964 2719 2598 3037 3286 0 0 
51277 3336 2995 2974 2713 2613 3073 3290 0 0 
51311 3366 3017 2990 2739 2649 3104 3336 0 0 
51341 3336 3031 2980 2721 2562 3083 3311 0 0 
51376 3313 3024 2942 2697 2571 3028 3270 0 0 
51408 3339 3068 2963 2735 2588 3066 3301 0 0 
51442 3342 3039 2952 2712 2611 3049 3298 0 0 
51478 3323 3014 2958 2696 2607 3058 3282 0 0 
51510 3335 3063 2989 2727 2589 3072 3289 0 0 
51536 3306 3008 2918 2655 2565 3010 3275 0 0 
51572 3335 3105 2948 2683 2578 3054 3299 0 0 
51606 3336 3109 2966 2758 2589 3056 3289 0 0 
51640 3340 3044 2945 2772 2657 3050 3299 0 0 
51671 3360 3096 2969 2768 2665 3057 3307 0 0 
51701 3348 2953 2961 2646 2591 3041 3286 0 0 
51733 3315 2958 2937 2698 2549 3028 3282 0 0 
51764 3349 3065 2951 2691 2527 3068 3311 0 0 
51794 3368 3068 3008 2727 2642 3123 3336 0 0 
51826 3340 3010 2949 2749 2686 3057 3304 0 0 
51858 3337 3039 2949 2720 2572 3050 3292 0 0 
51893 3363 3140 2986 2721 2596 3049 3331 0 0 
51930 3339 3136 2966 2711 2613 3052 3309 0 0 
51967 3335 3059 2927 2731 2639 3037 3290 0 0 
52004 3342 3009 2989 2773 2626 3069 3305 0 0 
52044 3323 3032 2982 2727 2607 3070 3304 0 0 
52088 3351 3028 2980 2676 2575 3068 3312 0 0 
52125 3337 3017 2957 2644 2578 3040 3288 0 0 
52158 3317 3058 2915 2671 2595 2998 3282 0 0 
52192 3349 3113 2938 2758 2597 3043 3299 0 0 
52223 3337 3078 2945 2681 2614 3057 3308 0 0 
52258 3322 3037 2938 2720 2629 3046 3288 0 0 
52290 3288 3020 2899 2643 2557 2998 3251 0 0 
52322 3326 2990 2941 2645 2592 3027 3289 0 0 
52358 3354 3003 2969 2710 2612 3065 3316 0 0 
52394 3312 3062 2890 2687 2593 2994 3265 0 0 
52433 3318 3033 2959 2687 2585 3032 3281 0 0 
52475 3303 3093 2957 2718 2620 3041 3273 0 0 
52513 3297 3013 2925 2735 2592 3012 3278 0 0 
52551 3353 3030 2969 2705 2581 3026 3308 0 0 
52587 3308 3059 2929 2669 2573 3016 3250 0 0 
52626 3342 3023 2905 2731 2601 3017 3295 0 0 
52655 3324 2995 2903 2693 2563 3019 3293 0 0 
52685 3306 3019 2910 2735 2596 3014 3268 0 0 
52717 3327 3036 2953 2773 2624 3035 3276 0 0 
52750 3318 3060 2912 2737 2562 3005 3258 0 0 
52792 3334 2971 2979 2703 2625 3042 3283 0 0 
52830 3325 2935 2947 2656 2560 3018 3284 0 0 
52861 3331 2964 2965 2716 2550 3037 3290 0 0 
52894 3326 3014 2891 2723 2567 2995 3279 0 0 
52924 3356 3042 2944 2765 2651 3060 3323 0 0 
52954 3363 3089 3001 2784 2655 3058 3327 0 0 
52988 3325 3039 2929 2721 2632 3016 3279 0 0 
53024 3322 3061 2927 2718 2598 3021 3280 0 0 
53061 3303 3070 2933 2737 2608 3025 3269 0 0 
53102 3273 3008 2888 2674 2610 2975 3240 0 0 
53135 3341 3063 2957 2701 2619 3032 3307 0 0 
53165 3304 3009 2937 2723 2567 2996 3266 0 0 
53196 3335 3048 2975 2733 2609 3064 3290 0 0 
53227 3359 3052 2996 2726 2657 3087 3319 0 0 
53259 3330 3047 2920 2669 2576 3027 3276 0 0 
53292 3338 3021 2930 2671 2600 3042 3288 0 0 
53335 3329 3032 2946 2739 2636 3034 3275 0 0 
53374 3338 3017 2977 2721 2545 3060 3305 0 0 
53406 3335 3002 2958 2739 2621 3065 3298 0 0 
53443 3312 3127 2935 2703 2540 3023 3283 0 0 
53475 3343 3077 2972 2753 2583 3069 3309 0 0 
53502 3310 3059 2931 2728 2541 3018 3264 0 0 
53533 3258 2976 2856 2641 2520 2924 3218 0 0 
53563 3280 3018 2895 2696 2589 2985 3234 0 0 
53598 3296 3041 2946 2694 2573 3031 3270 0 0 
53627 3292 2964 2906 2715 2584 2990 3253 0 0 
53659 3345 3040 2959 2688 2626 3068 3301 0 0 
53687 3336 2969 2979 2709 2616 3060 3307 0 0 
53717 3336 2988 2939 2714 2600 3026 3314 0 0 
53751 3316 3060 2963 2735 2601 3037 3270 0 0 
53780 3327 3018 2952 2696 2607 3073 3287 0 0 
53816 3335 3068 2929 2654 2563 3052 3303 0 0 
53844 3319 3104 2918 2730 2574 3020 3272 0 0 
53869 3302 3093 2907 2707 2576 3022 3268 0 0 
53899 3364 3044 3008 2760 2640 3089 3338 0 0 
53929 3349 3016 2959 2729 2641 3034 3303 0 0 
53961 3334 3049 2933 2672 2623 3022 3316 0 0 
53993 3351 3071 2979 2721 2586 3050 3315 0 0 
54023 3372 3091 2990 2714 2626 3078 3339 0 0 
54056 3347 3021 2950 2696 2635 3071 3307 0 0 
54088 3340 3057 2922 2682 2659 3037 3284 0 0 
54120 3341 3039 2909 2714 2579 3005 3295 0 0 
54149 3318 3039 2868 2699 2605 2967 3278 0 0 
54180 3314 3002 2921 2749 2645 3001 3267 0 0 
54214 3325 3083 2956 2691 2599 3058 3297 0 0 
54247 3373 3125 3026 2763 2586 3096 3340 0 0 
54279 3341 3068 2988 2737 2650 3065 3297 0 0 
54313 3309 3020 2941 2711 2566 3050 3268 0 0 
54344 3338 3050 2963 2679 2642 3050 3300 0 0 
54377 3337 3002 2958 2696 2575 3067 3300 0 0 
54412 3344 3035 2999 2703 2609 3077 3314 0 0 
54448 3322 3024 2925 2718 2605 3016 3278 0 0 
54477 3301 2966 2895 2720 2609 3001 3268 0 0 
54514 3284 2997 2916 2634 2572 2973 3238 0 0 
54544 3339 3004 2970 2710 2608 3059 3292 0 0 
54575 3316 3052 2911 2677 2568 2994 3266 0 0 
54608 3325 2971 2921 2652 2601 3017 3291 0 0 
54636 3351 3018 2943 2653 2558 3053 3315 0 0 
54666 3345 3053 2931 2706 2598 3063 3312 0 0 
54697 3320 3049 2980 2752 2622 3075 3279 0 0 
54730 3375 3032 3018 2797 2595 3110 3338 0 0 
54765 3331 2995 2973 2761 2642 3050 3302 0 0 
54797 3325 3052 2922 2704 2594 3028 3285 0 0 
54829 3365 3053 2956 2728 2585 3051 3336 0 0 
54862 3333 3053 2998 2763 2649 3089 3299 0 0 
54895 3332 3017 2946 2687 2571 3044 3280 0 0 
54926 3360 3006 2952 2653 2587 3050 3309 0 0 
54959 3319 3004 2950 2732 2617 3028 3277 0 0 
54991 3302 2981 2902 2694 2609 3026 3259 0 0 
55023 3364 3040 2962 2753 2616 3046 3322 0 0 
55059 3345 2996 2937 2705 2538 3039 3299 0 0 
55091 3332 3052 2946 2737 2597 3058 3307 0 0 
55121 3302 3069 2900 2711 2565 3005 3266 0 0 
55152 3321 3027 2901 2665 2559 2993 3278 0 0 
55183 3362 3067 2944 2690 2652 3062 3308 0 0 
55214 3344 3026 2966 2658 2560 3083 3288 0 0 
55243 3372 3032 3014 2794 2625 3127 3335 0 0 
55277 3311 3015 2937 2655 2584 3044 3260 0 0 
55309 3346 3045 2948 2711 2572 3077 3305 0 0 
55343 3349 3015 2974 2742 2601 3062 3305 0 0 
55376 3347 3007 2973 2743 2635 3082 3297 0 0 
55411 3342 3070 2979 2757 2613 3062 3300 0 0 
55449 3290 3037 2924 2722 2592 3061 3265 0 0 
55480 3341 3029 3003 2777 2631 3096 3304 0 0 
55515 3337 3002 2951 2720 2556 3076 3289 0 0 
55549 3319 2979 2915 2680 2574 3029 3279 0 0 
55579 3311 3067 2918 2664 2610 3026 3269 0 0 
55610 3339 3068 2953 2705 2667 3079 3281 0 0 
55644 3308 3065 2897 2699 2590 3003 3256 0 0 
55677 3342 3139 2947 2735 2630 3066 3297 0 0 
55713 3326 3027 2919 2713 2626 3036 3278 0 0 
55746 3320 3032 2944 2694 2601 3058 3270 0 0 
55784 3337 3006 2942 2700 2589 3068 3286 0 0 
55817 3348 3055 2957 2724 2613 3073 3306 0 0 
55850 3345 3062 2964 2662 2632 3100 3304 0 0 
55887 3320 3022 2915 2692 2565 3044 3282 0 0 
55920 3321 2949 2937 2667 2579 3056 3295 0 0 
55954 3329 3010 2956 2722 2644 3071 3293 0 0 
55995 3348 2963 2923 2701 2635 3031 3292 0 0 
56030 3335 3053 2940 2723 2611 3052 3286 0 0 
56067 3351 3054 3007 2724 2666 3118 3316 0 0 
56104 3319 3057 2945 2719 2615 3045 3276 0 0 
56141 3374 3055 3013 2789 2652 3109 3334 0 0 
56175 3344 3043 3005 2773 2680 3092 3300 0 0 
56212 3355 3117 2977 2757 2635 3074 3293 0 0 
56250 3333 3050 2953 2681 2620 3034 3280 0 0 
56284 3367 3078 2987 2763 2672 3076 3310 0 0 
56317 3360 3128 3019 2777 2619 3107 3319 0 0 
56352 3330 3078 2933 2760 2613 3062 3276 0 0 
56385 3317 3000 2896 2663 2532 3011 3271 0 0 
56419 3360 3088 2962 2730 2637 3050 3334 0 0 
56455 3368 3099 3002 2764 2637 3070 3323 0 0 
56489 3335 3063 2967 2771 2626 3015 3286 0 0 
56521 3339 3043 2982 2730 2651 3060 3290 0 0 
56554 3322 3049 2978 2695 2594 3060 3280 0 0 
56587 3330 3045 2965 2669 2524 3064 3301 0 0 
56624 3339 3045 2931 2723 2632 3059 3296 0 0 
56657 3342 3048 2948 2681 2562 3047 3291 0 0 
56693 3311 3069 2951 2703 2593 3064 3271 0 0 
56730 3289 2975 2886 2650 2540 2998 3244 0 0 
56765 3324 3053 2963 2695 2578 3057 3290 0 0 
56801 3346 3075 2932 2708 2628 3038 3287 0 0 
56833 3335 3032 2941 2658 2605 3044 3279 0 0 
56864 3342 3034 2994 2699 2656 3121 3310 0 0 
56897 3291 3071 2881 2665 2558 2966 3243 0 0 
56928 3306 3041 2948 2668 2556 3051 3271 0 0 
56963 3331 3033 2933 2720 2622 3040 3290 0 0 
56999 3322 3028 2982 2769 2639 3047 3269 0 0 
57032 3309 3029 2926 2689 2575 3042 3270 0 0 
57064 3300 3058 2868 2665 2595 2973 3262 0 0 
57098 3335 3032 2905 2703 2585 3037 3284 0 0 
57132 3316 2975 2886 2642 2560 3010 3277 0 0 
57164 3368 3010 2958 2746 2643 3063 3318 0 0 
57196 3330 3050 2914 2706 2590 3036 3300 0 0 
57228 3320 3094 2925 2774 2577 3014 3278 0 0 
57261 3356 3118 2964 2758 2672 3070 3300 0 0 
57295 3313 3072 2911 2706 2595 3032 3263 0 0 
57330 3346 3072 3024 2740 2548 3091 3296 0 0 
57363 3344 3040 2949 2678 2587 3089 3306 0 0 
57395 3345 3097 2979 2740 2623 3085 3295 0 0 
57427 3337 3117 2972 2664 2600 3062 3302 0 0 
57455 3377 3135 3014 2726 2624 3113 3336 0 0 
57485 3313 3103 2926 2668 2562 3039 3253 0 0 
57518 3321 3060 2977 2799 2649 3079 3274 0 0 
57553 3355 3062 2992 2675 2547 3072 3282 0 0 
57585 3336 3033 2954 2684 2536 3052 3294 0 0 
57616 3361 3082 2970 2759 2651 3054 3309 0 0 
57651 3358 3096 2995 2731 2625 3123 3304 0 0 
57685 3300 3055 2907 2617 2601 3032 3266 0 0 
57719 3288 3077 2904 2715 2625 3031 3237 0 0 
57751 3325 3093 2963 2737 2612 3095 3292 0 0 
57785 3338 3070 2934 2695 2648 3058 3300 0 0 
57822 3324 3075 2926 2688 2560 3036 3283 0 0 
57858 3355 3065 2975 2720 2623 3075 3320 0 0 
57896 3313 2988 2951 2691 2585 3029 3260 0 0 
57931 3361 3001 2958 2711 2618 3059 3322 0 0 
57964 3319 3006 2955 2707 2588 3046 3288 0 0 
57999 3362 3072 2949 2718 2563 3079 3320 0 0 
58034 3374 3044 2967 2708 2605 3082 3330 0 0 
58066 3336 3073 2921 2696 2575 3027 3296 0 0 
58101 3328 3054 2941 2699 2613 3056 3273 0 0 
58137 3354 3122 2963 2730 2644 3058 3293 0 0 
58169 3333 3055 2938 2697 2580 3043 3273 0 0 
58204 3336 3053 2947 2687 2519 3086 3289 0 0 
58234 3320 3056 2954 2711 2588 3076 3280 0 0 
58268 3333 2998 2954 2694 2616 3050 3277 0 0 
58300 3316 2981 2936 2632 2581 3059 3267 0 0 
58335 3325 3044 2938 2703 2622 3060 3269 0 0 
58365 3331 3067 2941 2697 2682 3059 3275 0 0 
58399 3314 3056 2952 2719 2605 3073 3270 0 0 
58434 3340 3008 2919 2618 2585 3067 3294 0 0 
58470 3286 3032 2916 2656 2569 3021 3249 0 0 
58502 3318 2983 2934 2693 2589 3057 3256 0 0 
58533 3288 3036 2913 2658 2594 3021 3236 0 0 
58568 3311 3056 2923 2663 2598 3083 3291 0 0 
58599 3324 3032 2929 2713 2685 3072 3294 0 0 
58633 3326 3145 2942 2689 2626 3061 3278 0 0 
58669 3335 3105 2957 2700 2589 3102 3292 0 0 
58700 3325 3107 2934 2630 2578 3046 3271 0 0 
58734 3301 3093 2919 2667 2602 3059 3247 0 0 
58767 3319 3057 2956 2724 2588 3080 3285 0 0 
58802 3348 3029 3010 2761 2673 3126 3301 0 0 
58841 3300 3017 2865 2685 2621 3036 3274 0 0 
58867 3312 3001 2901 2660 2582 3047 3270 0 0 
58903 3315 3022 2879 2654 2576 3045 3273 0 0 
58939 3297 3054 2950 2717 2616 3044 3249 0 0 
58974 3320 3080 2938 2701 2630 3057 3282 0 0 
59014 3312 3065 2913 2686 2630 3007 3260 0 0 
59048 3327 3068 2891 2683 2560 3010 3263 0 0 
59079 3344 3076 2951 2735 2624 3071 3295 0 0 
59114 3318 3021 2955 2746 2655 3033 3277 0 0 
59146 3331 3030 2941 2709 2662 3060 3268 0 0 
59177 3301 3021 2905 2677 2631 3008 3235 0 0 
59212 3304 3017 2897 2661 2561 2993 3238 0 0 
59244 3312 3004 2919 2694 2584 3022 3250 0 0 
59281 3322 3040 2970 2696 2606 3082 3275 0 0 
59318 3294 3070 2884 2698 2578 3008 3251 0 0 
59353 3340 3087 2924 2715 2673 3048 3288 0 0 
59391 3336 3065 2974 2683 2621 3100 3280 0 0 
59425 3330 3039 2997 2711 2587 3081 3298 0 0 
59457 3318 3008 2895 2696 2571 3046 3281 0 0 
59486 3294 3052 2900 2686 2634 3030 3247 0 0 
59518 3370 3114 2955 2768 2628 3077 3314 0 0 
59551 3321 3085 2929 2756 2624 3033 3288 0 0 
59581 3327 3060 2957 2752 2615 3068 3269 0 0 
59612 3331 3099 2923 2746 2610 3047 3276 0 0 
59646 3338 2999 2940 2713 2600 3069 3304 0 0 
59675 3354 3074 2995 2776 2617 3093 3315 0 0 
59709 3347 3002 2935 2652 2572 3068 3301 0 0 
59740 3337 3068 2904 2644 2578 3015 3297 0 0 
59773 3309 3062 2939 2728 2616 3062 3279 0 0 
59807 3366 3061 3002 2738 2698 3106 3301 0 0 
59838 3330 3079 2995 2657 2590 3090 3293 0 0 
59870 3311 3099 2937 2661 2612 3017 3257 0 0 
59907 3271 3022 2916 2652 2594 3013 3234 0 0 
59946 3324 3027 2954 2693 2581 3071 3280 0 0 
59979 3303 3077 2913 2673 2584 3043 3256 0 0 
60014 3284 3064 2941 2671 2535 3039 3253 0 0 
60047 3330 3055 2937 2694 2546 3046 3301 0 0 
60080 3364 3049 2990 2748 2670 3106 3320 0 0 
60111 3343 3069 2992 2762 2638 3118 3314 0 0 
60148 3320 3042 2931 2699 2559 3055 3253 0 0 
60177 3346 3021 2957 2698 2609 3108 3293 0 0 
60208 3351 3046 2958 2694 2596 3080 3315 0 0 
60243 3327 3024 2919 2703 2647 3055 3274 0 0 
60276 3329 3055 2902 2662 2618 3053 3286 0 0 
60314 3335 3050 2960 2671 2545 3082 3287 0 0 
60346 3335 3030 3003 2762 2655 3093 3288 0 0 
60376 3323 3021 2910 2691 2544 3026 3267 0 0 
60409 3310 3007 2929 2655 2538 3054 3267 0 0 
60448 3317 3096 2934 2687 2549 3074 3277 0 0 
60482 3312 3037 2911 2657 2561 3053 3255 0 0 
60511 3274 3016 2912 2647 2568 3027 3246 0 0 
60545 3299 3054 2907 2721 2629 3048 3249 0 0 
60577 3318 3006 2931 2675 2558 3059 3256 0 0 
60607 3338 3048 2973 2705 2670 3081 3283 0 0 
60642 3308 3038 2917 2750 2610 3025 3268 0 0 
60675 3328 3057 2947 2724 2658 3078 3295 0 0 
60710 3337 3005 2921 2698 2576 3049 3292 0 0 
60743 3350 3015 2961 2742 2626 3093 3302 0 0 
60776 3333 3030 2940 2653 2625 3051 3281 0 0 
60813 3304 3029 2923 2616 2576 3056 3265 0 0 
60844 3363 3097 2964 2697 2672 3085 3319 0 0 
60878 3317 3019 2924 2738 2619 3056 3269 0 0 
60909 3342 3061 2938 2736 2667 3071 3288 0 0 
60940 3303 3015 2904 2653 2616 3041 3235 0 0 
60973 3290 3007 2890 2654 2618 3044 3248 0 0 
61003 3302 3034 2901 2678 2649 3039 3262 0 0 
61030 3322 3099 2926 2690 2599 3068 3298 0 0 
61064 3357 3093 2970 2691 2597 3076 3310 0 0 
61102 3321 3074 2920 2642 2619 3057 3266 0 0 
61135 3321 3038 2910 2678 2641 3070 3278 0 0 
61170 3320 2985 2947 2669 2616 3103 3289 0 0 
61203 3311 2974 2922 2703 2586 3063 3272 0 0 
61232 3328 3020 2943 2649 2542 3105 3283 0 0 
61262 3355 3050 2942 2657 2601 3113 3317 0 0 
61296 3361 3075 2961 2703 2664 3110 3308 0 0 
61329 3357 3046 2972 2723 2661 3118 3313 0 0 
61364 3346 2988 2973 2694 2621 3075 3304 0 0 
61401 3309 3019 2906 2707 2655 3043 3266 0 0 
61436 3288 3044 2886 2657 2630 3028 3248 0 0 
61469 3328 3023 2965 2690 2652 3098 3275 0 0 
61502 3299 3056 2942 2750 2640 3072 3249 0 0 
61532 3323 3083 2942 2701 2592 3077 3267 0 0 
61567 3346 3074 2934 2655 2642 3098 3308 0 0 
61609 3325 3035 2916 2667 2618 3069 3296 0 0 
61641 3325 3110 2967 2764 2617 3074 3284 0 0 
61676 3338 3095 2995 2705 2569 3093 3291 0 0 
61711 3325 3073 2953 2724 2634 3070 3286 0 0 
61745 3342 3044 2981 2697 2591 3060 3297 0 0 
61778 3324 3027 2960 2674 2646 3073 3288 0 0 
61812 3285 3045 2957 2665 2586 3055 3258 0 0 
61843 3369 3092 3001 2738 2662 3121 3346 0 0 
61877 3321 3012 2934 2703 2651 3046 3285 0 0 
61907 3347 3055 2992 2731 2590 3064 3302 0 0 
61937 3366 3028 3014 2742 2656 3131 3318 0 0 
61972 3312 3023 2964 2712 2552 3092 3285 0 0 
62007 3343 3030 2930 2655 2620 3092 3311 0 0 
62042 3358 3046 2998 2710 2629 3112 3315 0 0 
62079 3317 3042 2918 2703 2616 3032 3265 0 0 
62111 3308 3084 2954 2710 2583 3051 3263 0 0 
62145 3299 3047 2924 2686 2555 3023 3247 0 0 
62175 3302 2971 2916 2663 2578 3031 3250 0 0 
62209 3291 3029 2939 2679 2603 3028 3257 0 0 
62244 3334 3139 2946 2690 2674 3060 3286 0 0 
62284 3303 3038 2942 2703 2645 3067 3249 0 0 
62325 3305 3011 2931 2697 2613 3038 3286 0 0 
62358 3330 3019 2894 2665 2548 3055 3274 0 0 
62392 3317 3021 2912 2648 2625 3059 3281 0 0 
62424 3373 2997 3003 2677 2618 3092 3335 0 0 
62455 3331 2983 2982 2697 2602 3086 3285 0 0 
62492 3314 2987 2927 2697 2634 3060 3255 0 0 
62528 3325 3017 2931 2681 2525 3048 3257 0 0 
62561 3306 3060 2912 2694 2559 3018 3242 0 0 
62595 3317 3037 2897 2731 2638 3014 3272 0 0 
62626 3341 3100 2986 2728 2687 3071 3297 0 0 
62660 3336 3027 2924 2670 2556 3069 3299 0 0 
62699 3342 3041 2930 2669 2582 3072 3287 0 0 
62731 3335 3039 2931 2668 2539 3056 3294 0 0 
62763 3331 3049 2945 2718 2589 3062 3286 0 0 
62796 3283 3067 2936 2691 2651 3043 3246 0 0 
62832 3297 3105 2933 2719 2553 3059 3255 0 0 
62865 3310 3058 2891 2703 2622 3015 3252 0 0 
62900 3312 3029 2889 2708 2614 3001 3270 0 0 
62931 3318 3081 2884 2700 2639 2990 3250 0 0 
62965 3344 3070 2973 2727 2640 3082 3307 0 0 
62997 3329 3060 2940 2713 2638 3068 3276 0 0 
63025 3312 3016 2930 2709 2575 3040 3264 0 0 
63054 3324 3043 2918 2663 2574 3059 3289 0 0 
63088 3297 3068 2937 2663 2584 3053 3244 0 0 
63126 3298 3049 2924 2716 2634 3023 3251 0 0 
63160 3305 3057 2961 2715 2603 3068 3275 0 0 
63190 3309 3105 2936 2700 2584 3069 3265 0 0 
63221 3281 3086 2907 2703 2618 3029 3248 0 0 
63250 3310 3139 2943 2665 2565 3030 3286 0 0 
63280 3301 3101 2898 2697 2566 3014 3252 0 0 
63314 3338 3081 2913 2657 2567 3015 3290 0 0 
63344 3364 3013 2945 2709 2575 3055 3305 0 0 
63379 3314 3028 2940 2776 2634 3044 3273 0 0 
63420 3338 3040 2942 2726 2596 3041 3287 0 0 
63456 3309 3055 2929 2700 2587 3022 3262 0 0 
63486 3308 3035 2932 2667 2563 3035 3270 0 0 
63524 3323 2999 2914 2721 2589 3030 3275 0 0 
63552 3309 2989 2922 2644 2524 3026 3271 0 0 
63582 3304 3064 2923 2663 2584 3025 3260 0 0 
63617 3317 3037 2955 2719 2611 3057 3278 0 0 
63647 3312 2992 2900 2641 2574 3029 3262 0 0 
63678 3332 3050 2928 2685 2586 3055 3293 0 0 
63716 3314 3028 2910 2665 2538 3041 3273 0 0 
63753 3304 3045 2886 2656 2543 3002 3260 0 0 
63783 3348 3064 2959 2752 2613 3044 3296 0 0 
63817 3307 3092 2931 2711 2623 3018 3273 0 0 
63850 3357 2984 2951 2718 2627 3075 3311 0 0 
63882 3303 3039 2898 2661 2580 3013 3278 0 0 
63914 3341 3043 2958 2702 2599 3052 3288 0 0 
63942 3341 3021 2920 2693 2650 3079 3304 0 0 
63973 3344 3053 2938 2701 2603 3052 3302 0 0 
64012 3344 3020 2958 2719 2636 3102 3295 0 0 
64046 3354 3120 2919 2718 2708 3061 3324 0 0 
64077 3370 3073 2992 2730 2608 3098 3327 0 0 
64112 3358 3023 2976 2714 2634 3106 3315 0 0 
64154 3319 3026 2938 2696 2582 3049 3256 0 0 
64190 3338 3009 2948 2732 2648 3084 3294 0 0 
64223 3380 3058 3053 2771 2700 3146 3341 0 0 
64262 3327 3033 2951 2708 2584 3038 3277 0 0 
64295 3315 3071 2979 2747 2619 3081 3270 0 0 
64326 3313 3016 2941 2657 2558 3078 3272 0 0 
64357 3353 3081 3046 2761 2663 3131 3325 0 0 
64390 3346 3062 2985 2726 2629 3087 3313 0 0 
64421 3328 3103 2930 2710 2579 3040 3270 0 0 
64455 3336 3084 3008 2729 2653 3103 3294 0 0 
64493 3299 3025 2921 2720 2605 3052 3252 0 0 
64528 3351 3048 2960 2747 2635 3065 3308 0 0 
64562 3322 3021 2976 2665 2583 3061 3298 0 0 
64593 3335 3110 2954 2714 2638 3067 3280 0 0 
64628 3322 3034 2900 2673 2590 2991 3279 0 0 
64662 3340 3093 2961 2702 2658 3053 3296 0 0 
64694 3328 3026 2970 2675 2591 3063 3281 0 0 
64732 3351 3001 2946 2660 2599 3061 3312 0 0 
64765 3328 3088 2978 2707 2574 3080 3323 0 0 
64800 3328 3090 2994 2783 2647 3086 3292 0 0 
64839 3333 3048 2952 2684 2575 3069 3281 0 2 
64870 3356 3064 2973 2720 2620 3080 3323 0 0 
64910 3305 2969 2928 2622 2520 3030 3279 0 0 
64940 3341 3030 2967 2689 2609 3076 3310 0 0 
64972 3348 3026 2922 2722 2634 3032 3302 0 0 
65006 3335 3043 2958 2740 2668 3085 3284 0 0 
65037 3321 2978 2923 2668 2650 3054 3277 0 0 
65077 3328 2952 2918 2670 2628 3050 3281 0 0 
65115 3359 2999 2955 2719 2650 3044 3282 0 0 
65146 3353 3004 2951 2705 2585 3048 3315 0 0 
65181 3316 3038 2895 2651 2584 3003 3283 0 0 
65213 3348 3038 2946 2701 2600 3042 3292 0 0 
65253 3363 3046 3021 2741 2646 3109 3337 0 0 
65283 3341 3041 2945 2739 2641 3044 3289 0 0 
65316 3359 3077 2967 2771 2618 3099 3321 0 0 
65350 3335 3019 2939 2736 2630 3057 3292 0 0 
65387 3355 3018 2983 2753 2674 3095 3307 0 0 
65421 3306 3019 2970 2745 2599 3066 3257 0 0 
65452 3333 3011 2935 2746 2650 3035 3276 0 0 
65485 3332 3081 2951 2736 2621 3045 3288 0 0 
65519 3341 3016 2968 2686 2587 3059 3301 0 0 
65555 3317 2975 2946 2702 2600 3051 3281 0 0 
65583 3314 3072 2920 2712 2658 3046 3285 0 0 
65612 3355 3032 2943 2711 2660 3072 3316 0 0 
65647 3350 3054 3005 2715 2609 3113 3324 0 0 
65684 3364 3043 2944 2776 2610 3050 3337 0 0 
65717 3343 3051 2962 2687 2588 3058 3308 0 0 
65748 3323 3025 2939 2666 2588 3064 3295 0 0 
65776 3300 3067 2968 2681 2579 3040 3265 0 0 
65824 3299 3043 2947 2665 2590 3018 3254 0 0 
65868 3358 3012 2984 2692 2602 3078 3314 0 0 
65903 3354 2971 2990 2712 2592 3076 3320 0 0 
65936 3330 3023 2965 2734 2637 3065 3299 0 0 
65972 3344 3040 2953 2697 2644 3026 3294 0 0 
66001 3337 3092 2922 2705 2579 3029 3286 0 0 
66031 3324 3077 2960 2707 2597 3082 3275 0 0 
66063 3342 3022 2945 2705 2675 3044 3303 0 0 
66096 3341 3064 2958 2761 2639 3057 3309 0 0 
66130 3326 3099 2959 2746 2602 3023 3289 0 0 
66170 3351 3035 3003 2792 2646 3078 3305 0 0 
66199 3330 3044 2972 2797 2651 3066 3305 0 0 
66229 3342 2994 2899 2714 2659 3014 3313 0 0 
66268 3313 2997 2960 2708 2539 3014 3282 0 0 
66295 3319 3064 2901 2686 2568 3025 3289 0 0 
66324 3337 3085 2952 2706 2599 3087 3304 0 0 
66357 3318 3031 2973 2738 2586 3074 3291 0 0 
66397 3309 2998 2974 2720 2489 3061 3280 0 0 
66424 3319 2993 2893 2683 2526 2983 3272 0 0 
66457 3337 3022 2907 2638 2573 3025 3299 0 0 
66486 3333 3027 2896 2690 2620 3022 3272 0 0 
66515 3314 3043 2899 2706 2576 3004 3265 0 0 
66542 3323 3028 2960 2714 2575 3051 3280 0 0 
66583 3335 3042 2942 2731 2613 3025 3306 0 0 
66619 3330 3085 2951 2672 2558 3033 3304 0 0 
66651 3327 3110 2960 2701 2609 3046 3293 0 0 
66681 3328 3058 2983 2699 2621 3061 3283 0 0 
66716 3331 3047 2949 2715 2645 3075 3285 0 0 
66757 3297 3034 2947 2707 2592 3045 3256 0 0 
66797 3308 3035 2948 2722 2625 3035 3254 0 0 
66839 3282 3023 2882 2675 2585 2999 3242 0 0 
66884 3318 3057 2945 2728 2638 3047 3282 0 0 
66920 3317 3067 2950 2748 2650 3032 3289 0 0 
66948 3360 3096 2983 2743 2627 3079 3304 0 0 
66978 3317 3076 2959 2714 2522 3022 3276 0 0 
67015 3332 3047 2945 2706 2643 3011 3289 0 0 
67051 3323 3035 2875 2688 2542 2998 3285 0 0 
67094 3334 3069 2942 2716 2565 3029 3291 0 0 
67130 3381 3056 3036 2744 2672 3112 3336 0 0 
67162 3335 3047 2980 2714 2614 3054 3305 0 0 
67192 3327 3039 2898 2722 2620 2969 3289 0 0 
67231 3327 3007 2950 2766 2621 3042 3290 0 0 
67268 3343 2971 2975 2717 2612 3056 3305 0 0 
67308 3315 3027 2975 2744 2631 3051 3295 0 0 
67338 3321 3040 2920 2740 2652 3014 3299 0 0 
67370 3345 2987 2983 2684 2589 3049 3302 0 0 
67416 3388 3046 3016 2791 2680 3090 3353 0 0 
67454 3355 3039 2926 2681 2618 3015 3308 0 0 
67491 3362 2976 2947 2765 2626 3042 3326 0 0 
67517 3340 3009 2966 2717 2610 3026 3310 0 0 
67548 3327 3008 2951 2710 2666 3039 3308 0 0 
67580 3311 3016 2942 2737 2621 3014 3283 0 0 
67615 3364 3051 3012 2716 2605 3102 3319 0 0 
67651 3307 2959 2897 2689 2620 2985 3269 0 0 
67688 3380 3028 2990 2774 2644 3081 3335 0 0 
67726 3350 3007 2955 2747 2669 3021 3317 0 0 
67765 3340 3044 2937 2750 2684 3033 3306 0 0 
67800 3344 3106 2968 2704 2649 3063 3310 0 0 
67835 3330 3035 2940 2727 2616 3004 3294 0 0 
67870 3358 2989 2944 2694 2595 3059 3320 0 0 
67903 3346 3064 2957 2703 2636 3041 3307 0 0 
67937 3324 3028 2906 2707 2583 2998 3277 0 0 
67969 3320 3109 2954 2767 2633 3037 3284 0 0 
67998 3338 3059 2954 2743 2603 3028 3301 0 0 
68032 3330 2977 2900 2679 2605 2981 3297 0 0 
68060 3330 3011 2942 2733 2623 3033 3281 0 0 
68090 3334 3044 2961 2743 2611 3028 3296 0 0 
68121 3345 3069 2970 2753 2617 3032 3311 0 0 
68154 3356 2993 2949 2727 2621 3036 3325 0 0 
68187 3356 2989 2954 2768 2606 3027 3318 0 0 
68219 3331 3044 2935 2756 2595 3016 3285 0 0 
68256 3326 3070 2911 2668 2591 3014 3274 0 0 
68290 3350 3016 2920 2730 2598 3017 3302 0 0 
68324 3344 3026 2911 2717 2625 2985 3299 0 0 
68358 3341 3041 2953 2721 2575 3046 3309 0 0 
68390 3346 3096 2947 2796 2633 3025 3306 0 0 
68415 3338 3036 2941 2772 2588 3050 3300 0 0 
68450 3353 3005 2950 2772 2614 3046 3301 0 0 
68484 3305 3057 2923 2699 2607 2994 3273 0 0 
68516 3324 3069 2947 2727 2649 3030 3300 0 0 
68556 3363 3089 2985 2735 2648 3064 3306 0 0 
68594 3310 2995 2872 2705 2576 2984 3272 0 0 
68635 3319 3038 2936 2724 2612 2998 3282 0 0 
68670 3361 3117 2969 2738 2603 3029 3333 0 0 
68706 3306 3006 2909 2642 2530 2957 3264 0 0 
68739 3348 3029 3028 2709 2647 3053 3316 0 0 
68772 3336 3008 2952 2658 2597 3017 3306 0 0 
68806 3350 3031 2991 2750 2623 3044 3311 0 0 
68843 3340 3058 2912 2736 2596 3002 3279 0 0 
68878 3345 3022 2934 2756 2608 3024 3300 0 0 
68911 3340 3025 2899 2660 2575 2978 3297 0 0 
68942 3357 3024 2926 2700 2605 2987 3310 0 0 
68974 3329 3003 2899 2702 2633 2975 3285 0 0 
69004 3299 3032 2889 2680 2598 2967 3252 0 0 
69033 3310 2979 2950 2716 2562 3016 3283 0 0 
69064 3325 3027 2975 2739 2643 3018 3288 0 0 
69099 3341 3003 2970 2758 2604 3014 3306 0 0 
69133 3331 2999 2964 2752 2619 3034 3284 0 0 
69165 3367 3000 2992 2754 2640 3056 3317 0 0 
69200 3356 3095 2969 2744 2609 3050 3321 0 0 
69237 3312 3085 2927 2745 2604 3007 3266 0 0 
69271 3327 3012 2915 2698 2620 2981 3283 0 0 
69306 3368 3018 2974 2740 2686 3043 3342 0 0 
69339 3371 3132 2988 2785 2704 3053 3317 0 0 
69374 3345 3106 2951 2750 2620 3016 3303 0 0 
69407 3321 3071 2944 2729 2623 3018 3267 0 0 
69442 3309 3002 2934 2680 2696 3055 3289 0 0 
69480 3328 3045 2950 2735 2597 3027 3279 0 0 
69514 3388 3083 2976 2747 2652 3054 3347 0 0 
69550 3328 3030 2979 2779 2631 3048 3304 0 0 
69586 3339 2978 2939 2758 2652 3030 3285 0 0 
69622 3332 3034 2953 2719 2670 3014 3284 0 0 
69657 3375 3062 3002 2772 2657 3092 3347 0 0 
69690 3332 3062 2917 2690 2633 3009 3308 0 0 
69722 3356 3071 2953 2688 2605 3004 3324 0 0 
69753 3331 3070 2956 2764 2702 3050 3295 0 0 
69789 3351 3014 2981 2770 2673 3065 3318 0 0 
69826 3302 3061 2927 2713 2607 2988 3255 0 0 
69862 3326 3035 2915 2687 2629 3017 3293 0 0 
69896 3341 3062 2938 2796 2616 3015 3296 0 0 
69929 3330 3011 2913 2684 2577 2995 3296 0 0 
69963 3358 2981 2935 2736 2614 3032 3313 0 0 
69997 3355 3037 2944 2764 2641 3044 3308 0 0 
70031 3313 3051 2872 2665 2596 2990 3272 0 0 
70065 3332 3073 2953 2712 2605 3006 3293 0 0 
70097 3350 3109 2980 2807 2683 3031 3311 0 0 
70130 3345 3041 2996 2755 2681 3069 3320 0 0 
70165 3349 3031 2979 2753 2647 3074 3318 0 0 
70196 3350 3028 2950 2773 2649 3059 3323 0 0 
70229 3343 3026 2964 2721 2648 3049 3313 0 0 
70262 3329 3048 2967 2699 2678 3099 3302 0 0 
70294 3361 3074 2980 2755 2623 3070 3321 0 0 
70326 3332 3059 2987 2705 2600 3067 3304 0 0 
70362 3364 3091 2985 2720 2633 3060 3322 0 0 
70398 3336 3145 2956 2726 2612 3043 3302 0 0 
70431 3337 3071 2929 2711 2575 3036 3300 0 0 
70465 3296 2988 2856 2669 2535 2926 3236 0 0 
70497 3343 3039 2949 2761 2670 3050 3315 0 0 
70529 3340 3047 2951 2706 2590 3033 3303 0 0 
70563 3342 2988 2923 2703 2602 2995 3301 0 0 
70597 3324 3068 2929 2709 2570 3009 3280 0 0 
70631 3298 2990 2915 2671 2593 3021 3260 0 0 
70664 3333 3062 2948 2729 2615 3045 3297 0 0 
70696 3333 3080 2954 2774 2655 3043 3288 0 0 
70730 3362 3046 2973 2769 2572 3045 3318 0 0 
70762 3328 3059 2961 2771 2580 3051 3291 0 0 
70796 3326 3030 2925 2677 2512 3002 3286 0 0 
70827 3330 3047 2923 2671 2575 3013 3291 0 0 
70858 3282 3055 2877 2720 2549 2972 3247 0 0 
70889 3348 3027 2950 2744 2634 3043 3314 0 0 
70920 3352 3032 2945 2751 2627 3052 3317 0 0 
70953 3315 3080 2945 2709 2611 3037 3289 0 0 
70988 3318 2985 2942 2713 2583 3038 3286 0 0 
71023 3330 3025 2955 2741 2588 3076 3306 0 0 
71056 3347 3042 3007 2712 2644 3077 3315 0 0 
71089 3321 3049 2889 2673 2584 3022 3279 0 0 
71122 3352 3092 2967 2747 2611 3077 3295 0 0 
71158 3308 3069 2935 2752 2620 3039 3284 0 0 
71191 3312 3042 2920 2704 2603 3021 3283 0 0 
71224 3306 3022 2936 2731 2623 3038 3274 0 0 
71258 3380 3043 2973 2725 2642 3081 3342 0 0 
71292 3382 3057 3010 2733 2632 3109 3344 0 0 
71327 3366 3037 2958 2722 2634 3092 3318 0 0 
71360 3344 3013 2936 2670 2572 3068 3308 0 0 
71399 3353 3047 3004 2777 2652 3119 3314 0 0 
71439 3325 3074 2920 2717 2608 3026 3279 0 0 
71474 3319 3066 2923 2705 2618 3035 3287 0 0 
71512 3346 3114 2967 2730 2607 3072 3309 0 0 
71547 3364 3039 2998 2775 2574 3071 3319 0 0 
71582 3322 3024 2928 2714 2570 3029 3266 0 0 
71615 3326 2988 2954 2710 2646 3044 3301 0 0 
71651 3360 3007 2961 2738 2623 3066 3321 0 0 
71686 3313 3049 2893 2656 2565 2992 3261 0 0 
71718 3325 3019 2957 2736 2640 3031 3281 0 0 
71748 3297 2930 2909 2724 2578 3011 3268 0 0 
71778 3350 3032 2957 2713 2649 3054 3314 0 0 
71809 3334 3003 2965 2746 2619 3066 3302 0 0 
71837 3354 3028 2968 2714 2588 3064 3314 0 0 
71867 3333 2998 2942 2747 2609 3047 3290 0 0 
71898 3329 3003 2927 2729 2625 3037 3292 0 0 
71930 3360 2979 2935 2739 2657 3037 3322 0 0 
71963 3315 3007 2941 2711 2645 3016 3276 0 0 
71996 3350 3030 2943 2738 2590 3057 3321 0 0 
72026 3326 3032 2946 2723 2599 3013 3286 0 0 
72056 3325 3002 2964 2678 2593 3073 3277 0 0 
72087 3340 3043 2970 2702 2604 3082 3297 0 0 
72118 3312 3031 2874 2642 2565 2995 3277 0 0 
72148 3371 3079 2983 2731 2687 3096 3323 0 0 
72181 3352 3079 2963 2704 2642 3067 3307 0 0 
72219 3313 3059 2938 2680 2576 3052 3281 0 0 
72254 3327 3096 2931 2663 2612 3033 3288 0 0 
72286 3377 3079 2955 2703 2616 3077 3330 0 0 
72320 3320 3033 2925 2712 2648 3061 3278 0 0 
72354 3332 3044 2982 2728 2610 3102 3310 0 0 
72389 3328 3031 2937 2709 2613 3028 3286 0 0 
72423 3299 3038 2917 2773 2635 3025 3256 0 0 
72456 3359 3023 2960 2752 2642 3103 3333 0 0 
72488 3337 3051 2934 2736 2542 3005 3285 0 0 
72522 3320 3061 2909 2722 2553 3019 3274 0 0 
72555 3339 3082 2904 2727 2570 3036 3282 0 0 
72587 3320 3068 2961 2786 2635 3049 3284 0 0 
72621 3326 3063 2933 2694 2585 3047 3281 0 0 
72654 3344 3049 2925 2762 2660 3050 3302 0 0 
72686 3354 3036 2971 2717 2619 3072 3330 0 0 
72719 3356 3061 2968 2740 2642 3077 3334 0 0 
72752 3313 2968 2885 2705 2591 3019 3274 0 0 
72783 3332 3050 2949 2714 2601 3053 3299 0 0 
72817 3339 3043 2973 2708 2629 3079 3306 0 0 
72850 3325 3115 2921 2701 2633 3027 3283 0 0 
72885 3293 3033 2904 2687 2550 2964 3247 0 0 
72920 3348 3034 2915 2725 2602 3036 3298 0 0 
72954 3325 2980 2929 2684 2586 3015 3278 0 0 
72988 3350 3061 2952 2728 2612 3056 3298 0 0 
73020 3323 3089 2926 2672 2597 3049 3292 0 0 
73054 3336 3068 2948 2726 2614 3062 3300 0 0 
73091 3332 3102 2980 2718 2613 3084 3303 0 0 
73126 3313 2981 2909 2700 2619 3025 3284 0 0 
73160 3356 3062 2972 2720 2608 3078 3320 0 0 
73192 3336 3008 2968 2763 2647 3051 3309 0 0 
73221 3334 2986 2968 2743 2621 3050 3298 0 0 
73253 3300 3067 2894 2681 2601 2990 3260 0 0 
73284 3298 3063 2902 2719 2637 2997 3259 0 0 
73314 3334 3070 2973 2735 2601 3047 3296 0 0 
73345 3336 2975 2953 2693 2578 3044 3289 0 0 
73376 3294 2954 2950 2698 2526 3023 3244 0 0 
73408 3316 2981 2929 2712 2566 3029 3288 0 0 
73445 3347 3064 2978 2713 2660 3072 3315 0 0 
73478 3299 2974 2926 2716 2650 3032 3252 0 0 
73513 3313 3042 2938 2669 2612 3026 3280 0 0 
73547 3312 3088 2921 2706 2603 3023 3278 0 0 
73582 3290 3025 2946 2710 2581 2983 3262 0 0 
73613 3333 3011 2942 2718 2600 3030 3292 0 0 
73645 3361 3033 2972 2736 2656 3084 3327 0 0 
73679 3353 2973 2925 2679 2613 3051 3307 0 0 
73711 3346 3037 2961 2706 2616 3059 3320 0 0 
73743 3339 2989 2977 2752 2589 3070 3307 0 0 
73775 3330 3034 2916 2733 2653 3032 3285 0 0 
73808 3340 3011 2963 2712 2595 3064 3312 0 0 
73842 3305 2991 2913 2660 2551 3018 3276 0 0 
73874 3293 3035 2880 2688 2633 2985 3257 0 0 
73905 3339 3039 3013 2754 2668 3111 3305 0 0 
73937 3338 3060 2954 2721 2597 3078 3298 0 0 
73968 3333 3023 2896 2730 2634 3024 3294 0 0 
74001 3333 3018 2942 2736 2666 3068 3297 0 0 
74034 3336 2989 2946 2700 2612 3076 3294 0 0 
74064 3289 3022 2931 2688 2580 3059 3248 0 0 
74101 3302 3019 2916 2665 2566 3030 3261 0 0 
74135 3297 3031 2924 2753 2588 3032 3273 0 0 
74170 3320 3028 2941 2766 2621 3071 3285 0 0 
74203 3338 3079 2969 2743 2628 3109 3297 0 0 
74234 3322 3037 2981 2701 2628 3079 3282 0 0 
74266 3354 3054 2976 2707 2615 3090 3312 0 0 
74301 3292 3041 2924 2688 2582 3035 3248 0 0 
74337 3344 3023 2991 2690 2587 3090 3305 0 0 
74369 3331 3068 2997 2769 2614 3076 3286 0 0 
74403 3314 3059 2920 2725 2660 3044 3275 0 0 
74435 3310 3086 2944 2689 2615 3068 3286 0 0 
74467 3341 3059 2973 2693 2648 3074 3301 0 0 
74501 3307 3052 2975 2706 2631 3074 3295 0 0 
74535 3377 3087 3023 2779 2653 3135 3355 0 0 
74571 3334 3008 2937 2690 2561 3027 3296 0 0 
74605 3325 3020 2903 2722 2668 3035 3295 0 0 
74639 3375 3078 2976 2754 2699 3083 3318 0 0 
74671 3366 3110 3008 2749 2627 3113 3333 0 0 
74704 3344 3082 2977 2708 2628 3082 3296 0 0 
74739 3327 3022 2935 2734 2618 3075 3292 0 0 
74774 3330 3082 2989 2745 2574 3080 3295 0 0 
74811 3328 3045 2966 2726 2613 3066 3298 0 0 
74845 3358 3060 2963 2696 2623 3082 3328 0 0 
74881 3346 3082 2962 2750 2627 3087 3296 0 0 
74915 3349 3054 2944 2730 2619 3061 3305 0 0 
74950 3338 3008 2966 2748 2657 3070 3297 0 0 
74982 3314 3022 2920 2712 2634 3055 3255 0 0 
75016 3305 3028 2944 2676 2546 3044 3270 0 0 
75050 3322 3041 2954 2712 2612 3072 3286 0 0 
75086 3335 3053 2966 2750 2620 3067 3299 0 0 
75116 3337 3026 2949 2691 2567 3079 3291 0 0 
75147 3318 3031 2917 2666 2576 3032 3280 0 0 
75177 3282 2985 2927 2667 2559 3011 3237 0 0 
75210 3305 3085 2947 2762 2607 3072 3271 0 0 
75244 3318 3055 2971 2718 2601 3078 3278 0 0 
75279 3365 3058 3003 2742 2642 3118 3323 0 0 
75311 3349 3008 3000 2700 2595 3113 3299 0 0 
75342 3333 3070 2938 2645 2622 3051 3291 0 0 
75375 3364 3103 2987 2773 2620 3099 3316 0 0 
75408 3319 3064 2936 2692 2596 3080 3282 0 0 
75443 3345 3069 2958 2737 2663 3077 3281 0 0 
75478 3320 3033 2983 2768 2673 3101 3296 0 0 
75511 3316 3057 2951 2712 2613 3067 3276 0 0 
75548 3339 3101 2971 2746 2637 3092 3288 0 0 
75577 3286 3041 2929 2678 2581 3029 3244 0 0 
75613 3339 3028 2967 2708 2609 3087 3309 0 0 
75644 3302 3000 2929 2729 2613 3038 3272 0 0 
75681 3309 2970 2912 2659 2598 3028 3251 0 0 
75714 3304 3032 2906 2671 2588 3059 3250 0 0 
75750 3328 2957 2935 2659 2585 3054 3283 0 0 
75783 3370 3025 2959 2732 2569 3079 3310 0 0 
75815 3334 3023 2955 2736 2628 3057 3283 0 0 
75847 3353 3116 3012 2758 2630 3115 3301 0 0 
75880 3367 3049 2962 2707 2570 3091 3313 0 0 
75909 3336 3045 2983 2747 2593 3085 3285 0 0 
75941 3326 3057 2959 2718 2556 3056 3278 0 0 
75969 3332 3068 2949 2708 2611 3062 3297 0 0 
76001 3336 3014 2995 2760 2648 3094 3278 0 0 
76031 3311 3027 2918 2702 2583 3031 3265 0 0 
76060 3312 3067 2939 2702 2617 3050 3260 0 0 
76090 3327 3052 2938 2677 2625 3076 3296 0 0 
76123 3334 3044 2959 2689 2565 3093 3299 0 0 
76154 3301 3005 2920 2674 2573 3046 3259 0 0 
76184 3313 3075 2949 2722 2643 3071 3266 0 0 
76215 3322 3041 2955 2679 2637 3069 3280 0 0 
76249 3348 3013 2982 2735 2631 3120 3312 0 0 
76283 3311 3022 2964 2661 2607 3097 3284 0 0 
76318 3332 3052 2936 2712 2635 3075 3281 0 0 
76347 3324 3015 2878 2610 2602 3008 3264 0 0 
76386 3346 3007 2968 2681 2611 3111 3293 0 0 
76422 3328 3038 2900 2684 2572 3042 3274 0 0 
76456 3320 3006 2944 2670 2614 3077 3263 0 0 
76492 3313 3086 2957 2717 2594 3099 3269 0 0 
76523 3327 3076 2981 2715 2588 3104 3296 0 0 
76556 3325 3051 2947 2716 2573 3083 3284 0 0 
76590 3343 3049 2979 2742 2629 3119 3292 0 0 
76626 3316 3085 2947 2699 2646 3077 3263 0 0 
76659 3323 3056 3012 2759 2653 3089 3281 0 0 
76693 3331 3133 2971 2740 2618 3101 3289 0 0 
76728 3340 3083 2944 2698 2616 3095 3300 0 0 
76762 3368 3003 2998 2734 2659 3152 3312 0 0 
76799 3345 3043 2945 2649 2655 3111 3283 0 0 
76834 3339 3047 2960 2689 2640 3115 3288 0 0 
76866 3363 3083 2951 2751 2674 3094 3302 0 0 
76897 3374 3087 3021 2692 2596 3168 3326 0 0 
76931 3354 3066 2976 2688 2654 3140 3288 0 0 
76965 3308 3085 2974 2698 2613 3080 3274 0 0 
76995 3327 3035 2958 2703 2600 3107 3274 0 0 
77019 3317 3040 2901 2683 2609 3078 3266 0 0 
77050 3361 3091 2922 2671 2595 3114 3325 0 0 
77088 3344 3056 2988 2687 2634 3130 3292 0 0 
77120 3333 3028 2979 2751 2672 3121 3280 0 0 
77154 3320 3028 2973 2687 2629 3103 3270 0 0 
77184 3325 3051 2964 2738 2605 3117 3271 0 0 
77219 3331 2997 2950 2708 2553 3088 3270 0 0 
77255 3321 3063 2953 2724 2638 3096 3259 0 0 
77292 3334 3117 2928 2765 2630 3074 3276 0 0 
77328 3334 3084 2951 2677 2586 3086 3282 0 0 
77360 3318 3038 2947 2684 2656 3078 3269 0 0 
77399 3306 3035 2933 2699 2637 3104 3270 0 0 
77435 3355 3080 3001 2761 2709 3150 3317 0 0 
77470 3329 3031 2972 2709 2630 3117 3295 0 0 
77504 3316 2976 2913 2627 2587 3087 3264 0 0 
77536 3311 3030 2937 2686 2660 3104 3254 0 0 
77567 3351 3019 3010 2727 2651 3140 3300 0 0 
77603 3307 2995 2917 2704 2636 3085 3257 0 0 
77636 3334 3063 2959 2674 2682 3102 3284 0 0 
77666 3299 3092 2931 2675 2617 3093 3240 0 0 
77696 3334 3047 3007 2727 2595 3132 3279 0 0 
77728 3318 3034 2993 2678 2625 3126 3268 0 0 
77763 3339 3108 2955 2679 2653 3131 3282 0 0 
77798 3335 3111 2974 2699 2596 3133 3271 0 0 
77830 3335 3107 2914 2683 2596 3109 3280 0 0 
77863 3293 3041 2967 2676 2656 3128 3247 0 0 
77896 3333 3087 2969 2700 2616 3154 3297 0 0 
