# Avida time data
# Tue May 29 13:46:55 2018
#  1: update
#  2: avida time
#  3: average generation
#  4: num_executed?

-1 0 0 0 
26 1.53183 10.2299 4800 
49 2.903 20.0834 22350 
72 4.271 30.206 55170 
94 5.57721 40.2155 97080 
115 6.81933 50.1983 107880 
135 7.99029 60.2586 107850 
155 9.15005 70.4736 107820 
173 10.1867 80.5136 107880 
189 11.097 90.0437 107910 
205 11.9983 100.139 107880 
220 12.8293 110.038 107970 
235 13.651 120.331 107910 
250 14.4647 130.125 107940 
265 15.2591 140.071 107970 
280 16.035 150.13 107970 
294 16.7669 160.284 107970 
309 17.5618 170.593 107940 
324 18.3673 180.533 107970 
338 19.1241 190.026 107940 
354 19.9952 200.385 107880 
370 20.8624 210.486 108000 
385 21.6709 220.075 107970 
402 22.5868 230.55 107940 
418 23.4414 240.544 108000 
433 24.2388 250.325 107970 
449 25.0883 260.35 107970 
464 25.8821 270.127 107880 
479 26.671 280.049 108000 
495 27.5093 290.53 108000 
509 28.2424 300.309 107970 
524 29.023 310.633 107970 
538 29.7483 320.606 108000 
552 30.4706 330.082 107910 
568 31.2949 340.586 108000 
583 32.0667 350.63 107940 
598 32.8415 360.748 107940 
612 33.5604 370.62 108000 
626 34.2815 380.231 108000 
641 35.0577 390.596 108000 
654 35.7319 400.238 107970 
668 36.4563 410.262 108000 
682 37.1794 420.467 108000 
695 37.8519 430.308 108000 
708 38.5271 440.072 107970 
721 39.2042 450.055 107940 
734 39.8848 460.437 108000 
746 40.5175 470.09 107940 
758 41.154 480.235 108000 
770 41.7918 490.071 108000 
782 42.4315 500.448 108000 
793 43.0196 510.311 107970 
805 43.6652 520.672 108000 
816 44.2566 530.6 108000 
827 44.8504 540.351 108000 
838 45.4466 550.751 107970 
848 45.9899 560.12 108000 
860 46.6435 570.61 108000 
872 47.2989 580.184 108000 
884 47.9533 590.716 108000 
894 48.4992 600.28 107970 
906 49.1554 610.801 108000 
917 49.7568 620.829 108000 
927 50.3036 630.327 108000 
938 50.906 640.194 108000 
949 51.5093 650.201 108000 
960 52.1119 660.362 108000 
970 52.6603 670.095 108000 
981 53.2612 680.616 108000 
993 53.915 690.699 108000 
1003 54.4608 700.103 108000 
1014 55.059 710.59 108000 
1024 55.6013 720.103 108000 
1036 56.2515 730.735 108000 
1046 56.7937 740.479 108000 
1057 57.3904 750.471 107940 
1068 57.9855 760.592 108000 
1079 58.5816 770.702 107970 
1090 59.177 780.116 107970 
1101 59.7728 790.391 108000 
1112 60.3672 800.384 108000 
1122 60.906 810.018 108000 
1133 61.4994 820.514 108000 
1144 62.0931 830.58 108000 
1154 62.6322 840.59 107970 
1164 63.1695 850.25 108000 
1175 63.7613 860.929 107970 
1185 64.2968 870.706 108000 
1195 64.8318 880.592 108000 
1205 65.3671 890.539 108000 
1215 65.9023 900.33 108000 
1225 66.4367 910.132 108000 
1236 67.0246 920.214 108000 
1247 67.6129 930.434 107970 
1258 68.2019 940.494 108000 
1268 68.7368 950.058 108000 
1279 69.325 960.595 108000 
1290 69.9122 970.709 108000 
1300 70.4462 980.475 107940 
1310 70.9811 990.554 107970 
1320 71.5147 1000.15 108000 
1331 72.1022 1010.96 108000 
1341 72.6355 1020.59 108000 
1352 73.2222 1030.91 108000 
1361 73.7032 1040.18 108000 
1372 74.2893 1050.75 108000 
1382 74.8218 1060.7 108000 
1392 75.3532 1070.4 108000 
1402 75.8861 1080.4 108000 
1412 76.4167 1090.1 107970 
1422 76.9484 1100.13 108000 
1433 77.5327 1110.56 108000 
1443 78.0644 1120.33 108000 
1453 78.5952 1130.44 108000 
1463 79.1278 1140.94 108000 
1473 79.6592 1150.07 108000 
1484 80.2441 1160.15 108000 
1494 80.7753 1170.72 108000 
1504 81.306 1180.32 107970 
1515 81.8917 1190.68 108000 
1526 82.477 1201.01 108000 
1536 83.0083 1210.51 108000 
1546 83.5394 1220.24 108000 
1557 84.1224 1230.78 108000 
1567 84.6519 1240.25 108000 
1578 85.235 1250.87 108000 
1588 85.7646 1260.12 108000 
1599 86.3471 1270.83 108000 
1609 86.8764 1280.26 107970 
1620 87.4586 1290.71 108000 
1630 87.9868 1300.19 108000 
1641 88.5669 1310.39 107970 
1652 89.1451 1320.92 108000 
1662 89.6724 1330.11 108000 
1673 90.2524 1340.04 108000 
1684 90.8313 1350.24 107970 
1695 91.4097 1360.15 107970 
1706 91.9865 1370.88 108000 
1716 92.5114 1380.27 108000 
1727 93.0886 1390.58 108000 
1738 93.6651 1400.95 108000 
1748 94.1903 1410.37 108000 
1759 94.7679 1420.4 108000 
1770 95.3431 1430.61 108000 
1780 95.8677 1440 108000 
1791 96.4445 1450.36 108000 
1801 96.9682 1460.46 108000 
1811 97.4917 1470.1 108000 
1822 98.0674 1480.24 108000 
1833 98.6437 1490.73 108000 
1843 99.1666 1500.11 108000 
1854 99.7411 1510.61 108000 
1864 100.264 1520.38 108000 
1874 100.787 1530.13 108000 
1885 101.361 1540.5 108000 
1895 101.881 1550.39 108000 
1905 102.402 1560.12 108000 
1916 102.974 1570.26 108000 
1926 103.495 1580.08 108000 
1937 104.066 1590.49 108000 
1947 104.586 1600.19 108000 
1958 105.157 1610.2 108000 
1969 105.729 1620.82 108000 
1980 106.301 1630.89 108000 
1991 106.872 1640.62 108000 
2002 107.444 1650.7 108000 
2013 108.016 1660.55 108000 
2024 108.589 1670.53 108000 
2035 109.163 1680.98 108000 
2044 109.632 1690.23 108000 
2055 110.204 1700.64 108000 
2065 110.725 1710.44 108000 
2075 111.246 1720.05 108000 
2086 111.819 1730.74 108000 
2096 112.34 1740.23 108000 
2106 112.862 1750.19 108000 
2117 113.436 1760.13 108000 
2128 114.01 1770.25 108000 
2139 114.583 1780.47 108000 
2150 115.156 1790.88 108000 
2161 115.732 1800.39 108000 
2172 116.308 1810.33 107970 
2183 116.884 1820.52 108000 
2193 117.406 1830.19 108000 
2204 117.981 1840.79 108000 
2214 118.503 1850.12 108000 
2225 119.076 1860.6 108000 
2236 119.649 1870.49 108000 
2247 120.223 1880.14 108000 
2259 120.85 1890.79 108000 
2269 121.372 1900.25 108000 
2280 121.946 1910.78 108000 
2290 122.467 1920.03 108000 
2301 123.039 1930.74 108000 
2311 123.559 1940.17 108000 
2322 124.133 1950.52 108000 
2333 124.707 1960.4 108000 
2344 125.282 1970.44 108000 
2354 125.807 1980.39 108000 
2365 126.381 1990.96 107970 
2375 126.904 2000.06 108000 
2386 127.479 2010.66 108000 
2396 128.001 2020.42 108000 
2407 128.574 2030.69 108000 
2418 129.147 2040.52 107970 
2428 129.669 2050.15 108000 
2439 130.243 2060.29 108000 
2450 130.815 2070.89 108000 
2460 131.335 2080.13 108000 
2472 131.96 2091.07 108000 
2482 132.481 2100.68 108000 
2492 133 2110.04 108000 
2503 133.572 2121.06 107970 
2513 134.09 2130.5 108000 
2524 134.66 2140.74 108000 
2535 135.228 2151.04 108000 
2546 135.799 2160.93 108000 
2557 136.369 2170.97 108000 
2568 136.939 2180.72 108000 
2578 137.457 2190.35 108000 
2589 138.025 2200.42 108000 
2599 138.543 2210.07 108000 
2610 139.113 2220.2 107970 
2621 139.681 2231.06 108000 
2631 140.186 2240.71 108000 
2641 140.528 2251.12 107940 
2649 140.696 2260.14 108000 
2658 140.834 2270.73 107970 
2666 140.931 2280.55 107940 
2674 141.014 2290.38 107940 
2683 141.096 2300.43 107940 
2694 141.189 2310.39 107970 
2706 141.281 2320.7 107970 
2717 141.35 2330.64 107940 
2727 141.397 2340.97 107940 
2735 141.428 2350.32 107880 
2743 141.453 2360.22 107880 
2752 141.478 2371.08 107850 
2760 141.499 2380.63 107760 
2768 141.517 2390.59 107790 
2777 141.537 2400.2 107760 
2788 141.559 2410.71 107970 
2799 141.581 2420.69 107940 
2812 141.606 2430.15 107820 
2826 141.631 2440.52 107940 
2840 141.657 2450.38 107970 
2856 141.685 2460.04 107820 
2875 141.718 2470.23 107730 
2894 141.752 2480.14 107820 
2913 141.785 2490.11 107820 
2932 141.818 2500 107940 
2952 141.853 2510.44 107850 
2971 141.887 2520.36 107880 
2990 141.92 2530.33 107850 
3009 141.954 2540.35 107850 
3028 141.988 2550.26 107910 
3047 142.021 2560.17 107760 
3066 142.054 2570.05 107940 
3086 142.089 2580.44 107790 
3105 142.122 2590.29 107790 
3124 142.156 2600.21 107970 
3143 142.189 2610.03 107910 
3163 142.224 2620.45 107880 
3182 142.256 2630.27 108000 
3201 142.287 2640.26 107820 
3220 142.315 2650.35 107700 
3239 142.339 2660.39 107820 
3258 142.36 2670.33 107820 
3278 142.38 2680.22 107490 
3298 142.398 2690.02 107520 
3319 142.415 2700.04 107400 
3340 142.432 2710.38 107490 
3361 142.447 2720.22 107220 
3382 142.461 2730.17 107250 
3403 142.475 2740.58 107310 
3424 142.488 2750.29 107430 
3448 142.502 2760.07 107370 
3472 142.515 2770.04 107220 
3499 142.53 2780.23 107250 
3525 142.544 2790.01 107130 
3556 142.561 2800.3 107040 
3588 142.577 2810.03 106830 
3623 142.595 2820.12 107130 
3657 142.613 2830.07 107010 
3694 142.632 2840.1 107100 
3730 142.65 2850.14 106890 
3765 142.668 2860.23 107340 
3799 142.685 2870.14 107190 
3835 142.704 2880.09 107040 
3870 142.721 2890.16 107160 
3907 142.74 2900.24 107160 
3943 142.759 2910.25 106950 
3978 142.777 2920 107040 
4015 142.796 2930.24 107190 
4049 142.813 2940.01 107160 
4085 142.831 2950.06 107340 
4122 142.85 2960.11 106980 
4158 142.869 2970.06 107040 
4194 142.887 2980.2 106890 
4230 142.905 2990.27 107310 
4261 142.919 3000.13 107280 
4283 142.924 3010.53 106800 
4303 142.927 3020.25 105540 
4321 142.929 3030.18 104730 
4340 142.931 3040.16 104490 
4359 142.933 3050.65 104130 
4377 142.935 3060.05 103650 
4396 142.936 3070.5 104850 
4419 142.938 3080.22 104790 
4443 142.939 3090.11 104700 
4473 142.941 3100.04 106110 
4511 142.944 3110.2 106320 
4554 142.946 3120.17 107010 
4601 142.949 3130.02 105810 
4648 142.952 3140.2 106170 
4695 142.955 3150.06 106050 
4743 142.958 3160.06 106350 
4791 142.961 3170.08 105750 
4840 142.964 3180.07 106110 
4888 142.967 3190.14 105720 
4936 142.97 3200.08 106170 
4983 142.973 3210 105810 
5031 142.976 3220.05 105810 
5080 142.979 3230.12 106200 
5128 142.982 3240.12 105450 
5175 142.985 3250.13 106170 
5224 142.988 3260.24 105960 
5272 142.991 3270.1 105810 
5322 142.994 3280.15 105750 
5369 142.996 3290.01 105930 
5419 143 3300.13 105960 
5467 143.002 3310.02 106080 
5516 143.005 3320.03 106170 
5564 143.008 3330.04 105900 
5613 143.011 3340.01 105420 
5662 143.014 3350.07 106020 
5710 143.017 3360.01 105870 
5759 143.02 3370.04 106110 
5808 143.023 3380.14 105300 
5856 143.026 3390.02 105960 
5907 143.029 3400.06 105720 
5956 143.032 3410.03 106110 
6004 143.035 3420.01 105960 
6053 143.038 3430.18 105780 
6101 143.041 3440.01 105990 
6148 143.044 3450.13 106110 
6195 143.047 3460.13 105900 
6244 143.05 3470.2 106170 
6292 143.053 3480.12 106260 
6340 143.056 3490.1 105750 
6390 143.059 3500.01 106260 
6440 143.062 3510.09 106440 
6489 143.065 3520.15 105480 
6538 143.068 3530.17 105630 
6586 143.071 3540.04 105900 
6636 143.074 3550.03 105480 
6686 143.077 3560.22 105420 
6736 143.08 3570.12 105330 
6784 143.083 3580.05 105750 
6833 143.086 3590.02 105090 
6881 143.089 3600.19 106440 
6928 143.092 3610.15 105870 
6976 143.095 3620.13 105900 
7024 143.098 3630.03 105870 
7072 143.101 3640.03 105660 
7121 143.104 3650.05 106290 
7171 143.107 3660.09 105600 
7220 143.11 3670.15 105960 
7267 143.112 3680.11 105990 
7316 143.115 3690.25 106200 
7365 143.118 3700.19 105480 
7414 143.121 3710.18 105840 
7462 143.124 3720.12 105960 
7511 143.127 3730.03 105390 
7560 143.13 3740.07 105540 
7608 143.133 3750.13 105990 
7657 143.136 3760.06 105600 
7704 143.139 3770.04 106320 
7752 143.142 3780.08 106080 
7799 143.145 3790.04 106230 
7848 143.148 3800.13 106050 
7896 143.151 3810.15 106200 
7943 143.154 3820.03 105750 
7992 143.157 3830.12 105390 
8038 143.16 3840 105960 
8087 143.163 3850.09 105450 
8134 143.166 3860.1 106500 
8182 143.169 3870.2 106230 
8230 143.172 3880.09 106260 
8276 143.175 3890.12 105870 
8324 143.178 3900.16 106470 
8370 143.18 3910.03 105660 
8419 143.184 3920.03 105990 
8467 143.186 3930.08 106140 
8515 143.189 3940.21 105780 
8562 143.192 3950.05 105900 
8608 143.195 3960.02 106170 
8657 143.198 3970.05 106170 
8705 143.201 3980.04 106050 
8753 143.204 3990.2 106110 
8798 143.207 4000.02 105840 
8845 143.21 4010.12 106260 
8894 143.213 4020.08 106350 
8941 143.216 4030.08 106050 
8988 143.219 4040.15 106020 
9035 143.222 4050.12 105780 
9082 143.225 4060.2 105690 
9132 143.228 4070.21 106200 
9179 143.231 4080.16 105750 
9228 143.234 4090.07 105420 
9278 143.237 4100.1 106260 
9327 143.24 4110.16 105840 
9375 143.243 4120.11 105810 
9421 143.245 4130.16 106140 
9469 143.248 4140.14 105810 
9517 143.251 4150.09 106020 
9566 143.254 4160.03 106230 
9612 143.257 4170.02 105300 
9660 143.26 4180.07 105840 
9709 143.263 4190.04 105840 
9759 143.266 4200.17 105840 
9806 143.269 4210.08 105750 
9852 143.272 4220.16 105930 
9899 143.275 4230.11 105990 
9947 143.278 4240.16 106020 
9993 143.281 4250.22 106260 
10040 143.284 4260.05 105480 
10088 143.287 4270.16 106290 
10135 143.29 4280.12 106050 
10184 143.293 4290.12 106020 
10231 143.296 4300.23 105450 
10275 143.299 4310.07 105840 
10322 143.302 4320.17 105810 
10368 143.304 4330.13 105810 
10414 143.307 4340.07 106230 
10460 143.31 4350.15 106500 
10507 143.313 4360.14 105690 
10552 143.316 4370.01 105690 
10597 143.319 4380.16 105960 
10641 143.322 4390.04 105840 
10688 143.325 4400.14 105450 
10734 143.328 4410.19 105660 
10782 143.331 4420.18 105960 
10828 143.334 4430.07 105360 
10873 143.337 4440.12 105930 
10918 143.34 4450.11 106200 
10965 143.343 4460.19 106290 
11011 143.346 4470.12 105660 
11056 143.348 4480.18 106170 
11101 143.351 4490.02 106590 
11146 143.354 4500.1 106350 
11192 143.357 4510.04 106290 
11240 143.36 4520.06 106350 
11287 143.363 4530.17 106050 
11332 143.366 4540.06 106050 
11378 143.369 4550.11 106110 
11424 143.372 4560.11 105900 
11470 143.375 4570.26 105900 
11516 143.378 4580.24 106080 
11561 143.381 4590.09 106290 
11607 143.384 4600.06 106080 
11653 143.387 4610.17 105870 
11699 143.39 4620.17 105840 
11745 143.393 4630.08 106020 
11791 143.396 4640.17 105570 
11834 143.398 4650.05 106050 
11878 143.401 4660.11 106140 
11925 143.404 4670.16 106230 
11971 143.407 4680.08 105720 
12017 143.41 4690.12 106440 
12063 143.413 4700.04 105840 
12108 143.416 4710.04 106020 
12155 143.419 4720.08 106830 
12201 143.422 4730.04 106170 
12248 143.425 4740.03 106320 
12296 143.428 4750.04 105750 
12343 143.431 4760.18 106410 
12390 143.434 4770.13 105870 
12436 143.437 4780.14 105570 
12484 143.44 4790.23 106110 
12529 143.442 4800.2 106020 
12573 143.445 4810.02 105840 
12619 143.448 4820.04 106170 
12666 143.451 4830.02 106020 
12713 143.454 4840 106080 
12760 143.457 4850 106380 
12806 143.46 4860.09 105930 
12853 143.463 4870.11 106110 
12898 143.466 4880.08 106020 
12944 143.469 4890.05 105870 
12991 143.472 4900.05 106050 
13039 143.475 4910.27 106230 
13082 143.478 4920 105810 
13128 143.481 4930.03 106230 
13176 143.484 4940 105750 
13223 143.487 4950.01 105990 
13268 143.49 4960.02 106230 
13313 143.493 4970.04 106110 
13359 143.496 4980.12 106260 
13403 143.498 4990.01 106530 
13451 143.501 5000.14 105840 
13498 143.504 5010.07 106260 
13543 143.507 5020.02 106080 
13588 143.51 5030.1 105990 
13635 143.513 5040.11 106410 
13683 143.516 5050.02 105930 
13731 143.519 5060 105960 
13780 143.522 5070.3 106230 
13825 143.525 5080.17 105810 
13872 143.528 5090.12 105600 
13922 143.532 5100.08 105270 
13965 143.534 5110.14 106020 
14013 143.537 5120.1 106080 
14060 143.54 5130.13 106050 
14109 143.544 5140.05 106290 
14156 143.547 5150.09 106530 
14205 143.55 5160.23 105780 
14253 143.553 5170.06 105990 
14300 143.556 5180.03 105930 
14346 143.559 5190.04 105810 
14392 143.562 5200.14 106320 
14440 143.565 5210.04 105960 
14485 143.568 5220.08 105630 
14530 143.571 5230.18 106110 
14575 143.574 5240.1 105720 
14623 143.577 5250.29 105780 
14669 143.58 5260.16 105900 
14716 143.583 5270.11 106440 
14762 143.586 5280.19 106320 
14807 143.589 5290.23 105900 
14853 143.592 5300.03 106200 
14899 143.595 5310.15 106350 
14945 143.598 5320.16 106440 
14989 143.601 5330.04 105990 
15034 143.603 5340.19 106140 
15078 143.606 5350.11 105720 
15125 143.609 5360.02 105840 
15171 143.612 5370.15 106380 
15217 143.615 5380.09 106170 
15259 143.618 5390.06 106320 
15304 143.621 5400.2 105840 
15348 143.624 5410.22 106050 
15392 143.627 5420.16 105900 
15438 143.629 5430.27 105720 
15481 143.632 5440.01 105690 
15527 143.635 5450.18 106080 
15573 143.638 5460.08 105900 
15620 143.641 5470.14 106080 
15665 143.644 5480.11 105450 
15710 143.647 5490.21 105750 
15755 143.65 5500.07 105930 
15799 143.653 5510.03 106110 
15845 143.656 5520.2 106200 
15891 143.659 5530.11 106230 
15938 143.662 5540.04 105540 
15982 143.664 5550.01 106170 
16029 143.667 5560.04 105720 
16074 143.67 5570.08 105930 
16119 143.673 5580.06 106020 
16164 143.676 5590.14 106170 
16212 143.679 5600.05 105750 
16259 143.682 5610.18 106020 
16308 143.685 5620.14 106290 
16358 143.689 5630.14 106200 
16405 143.692 5640.18 106230 
16452 143.695 5650.13 105870 
16499 143.698 5660.28 106350 
16542 143.7 5670.11 106200 
16589 143.704 5680.2 106140 
16634 143.706 5690.12 105930 
16680 143.709 5700.16 106020 
16726 143.712 5710.11 105600 
16775 143.715 5720.13 105990 
16819 143.718 5730.08 106350 
16867 143.721 5740 105810 
16915 143.724 5750.24 106260 
16959 143.727 5760.09 106530 
17005 143.73 5770.12 106230 
17052 143.733 5780.07 106320 
17099 143.736 5790.18 106080 
17145 143.739 5800.02 106500 
17191 143.742 5810.14 106020 
17238 143.745 5820.05 106200 
17282 143.748 5830.13 105960 
17326 143.751 5840 106500 
17372 143.754 5850.05 106230 
17420 143.757 5860.15 105810 
17465 143.76 5870.01 106260 
17510 143.763 5880.01 106050 
17556 143.766 5890.07 105990 
17601 143.769 5900.03 105390 
17646 143.771 5910.05 106110 
17696 143.775 5920.1 105960 
17745 143.778 5930.14 106080 
17791 143.781 5940.21 105870 
17838 143.784 5950.08 105660 
17883 143.787 5960 105720 
17932 143.79 5970.14 106020 
17977 143.793 5980.05 106380 
18025 143.796 5990.01 106500 
18073 143.799 6000.05 105780 
18120 143.802 6010.17 105690 
18166 143.805 6020.18 106050 
18214 143.808 6030.14 106680 
18260 143.811 6040.17 105900 
18305 143.813 6050.03 106050 
18352 143.816 6060.17 105810 
18398 143.819 6070.1 106350 
18443 143.822 6080.02 105180 
18489 143.825 6090.08 105630 
18535 143.828 6100.28 105750 
18581 143.831 6110.18 105390 
18628 143.834 6120.13 106350 
18672 143.837 6130.17 106260 
18719 143.84 6140.1 106020 
18765 143.843 6150.06 106350 
18812 143.846 6160.06 105990 
18860 143.849 6170.01 106020 
18908 143.852 6180.17 105450 
18953 143.855 6190.03 105750 
19001 143.858 6200.03 105780 
19052 143.861 6210.17 106050 
19100 143.864 6220.1 105570 
19148 143.867 6230.01 105330 
19196 143.87 6240.17 106230 
19246 143.873 6250.03 106320 
19299 143.877 6260.05 106020 
19346 143.88 6270.09 105990 
19392 143.883 6280.15 106110 
19438 143.886 6290.19 106290 
19483 143.889 6300.09 106170 
19530 143.892 6310.13 106080 
19575 143.895 6320.04 106470 
19622 143.898 6330.17 106470 
19668 143.901 6340.24 106620 
19713 143.903 6350.23 105870 
19759 143.906 6360.21 106110 
19806 143.909 6370.21 106470 
19854 143.912 6380.04 105900 
19900 143.915 6390.02 106440 
19948 143.918 6400.29 106260 
19994 143.921 6410.02 105570 
20041 143.924 6420.14 105300 
20085 143.927 6430.24 106440 
20131 143.93 6440.1 105930 
20174 143.933 6450 106320 
20219 143.936 6460.04 105450 
20267 143.939 6470.12 106560 
20313 143.942 6480.18 105600 
20359 143.945 6490.12 106230 
20404 143.948 6500.08 106110 
20449 143.951 6510.09 105210 
20495 143.954 6520.14 106050 
20540 143.957 6530.17 106470 
20590 143.96 6540.13 106590 
20638 143.963 6550.19 105960 
20684 143.966 6560.16 106200 
20733 143.969 6570.26 105780 
20781 143.972 6580.1 106140 
20829 143.975 6590 105900 
20876 143.978 6600.14 105810 
20922 143.981 6610.12 106020 
20968 143.984 6620.19 106350 
21013 143.987 6630.08 105960 
21059 143.99 6640.04 105810 
21107 143.993 6650.23 106230 
21153 143.996 6660.01 105450 
21202 143.999 6670.34 106110 
21249 144.002 6680.16 106290 
21299 144.005 6690.23 106350 
21348 144.008 6700.17 105840 
21392 144.011 6710.08 105630 
21439 144.014 6720.19 106500 
21483 144.016 6730.08 106230 
21530 144.019 6740.21 106050 
21574 144.022 6750 105630 
21618 144.025 6760.01 105960 
21664 144.028 6770.09 106290 
21711 144.031 6780.04 106140 
21761 144.034 6790.08 106080 
21809 144.037 6800.18 106110 
21855 144.04 6810.13 105960 
21903 144.043 6820.09 105660 
21951 144.046 6830.15 105810 
21996 144.048 6840.16 106260 
22046 144.052 6850.14 105990 
22093 144.055 6860.05 105540 
22141 144.057 6870 105840 
22190 144.061 6880.06 105990 
22234 144.063 6890.17 106260 
22278 144.066 6900.07 105660 
22322 144.069 6910.18 105960 
22369 144.072 6920.16 106320 
22416 144.075 6930.13 105900 
22464 144.077 6940.13 105840 
22516 144.081 6950.16 106440 
22566 144.084 6960.14 106410 
22611 144.086 6970.04 105660 
22655 144.089 6980.21 105480 
22695 144.092 6990.06 105960 
22731 144.094 7000.25 105690 
22761 144.095 7010.15 106110 
22791 144.097 7020.11 105960 
22821 144.099 7030.15 106440 
22847 144.1 7040.13 106230 
22871 144.101 7050.2 106680 
22894 144.103 7060.28 106530 
22914 144.103 7070.11 105990 
22932 144.104 7080.33 105150 
22949 144.104 7090.57 104310 
22964 144.105 7100.51 104460 
22977 144.105 7110.34 103860 
22990 144.105 7120.44 103620 
23002 144.105 7130.42 103680 
23014 144.106 7140.64 104310 
23026 144.106 7150.77 104130 
23038 144.106 7160.34 103620 
23052 144.106 7170.28 104010 
23068 144.106 7180.17 103920 
23085 144.107 7190.25 104460 
23104 144.107 7200.08 105510 
23129 144.107 7210.33 105900 
23154 144.107 7220.05 106350 
23186 144.108 7230.16 106140 
23222 144.108 7240.13 106830 
23259 144.109 7250.12 106650 
23296 144.109 7260.08 106680 
23333 144.11 7270.15 106860 
23370 144.11 7280.05 106710 
23408 144.111 7290.1 106950 
23445 144.111 7300.11 106830 
23482 144.111 7310.14 106770 
23519 144.112 7320.1 106650 
23557 144.112 7330 106920 
23595 144.113 7340.1 106740 
23633 144.113 7350.06 107070 
23671 144.114 7360.16 106440 
23707 144.114 7370.1 106650 
23743 144.115 7380.11 106320 
23780 144.115 7390.04 106590 
23817 144.115 7400.13 106860 
23854 144.116 7410.28 106680 
23891 144.116 7420.28 106620 
23927 144.117 7430.06 106620 
23965 144.117 7440.12 106380 
24002 144.118 7450.1 106590 
24039 144.118 7460.07 106740 
24077 144.119 7470.14 106530 
24115 144.119 7480.28 106860 
24150 144.119 7490.13 106650 
24185 144.12 7500.08 106110 
24216 144.12 7510.22 106770 
24245 144.121 7520.14 106380 
24271 144.121 7530.1 106440 
24296 144.121 7540.27 106500 
24317 144.121 7550.05 106710 
24340 144.121 7560.16 106410 
24362 144.122 7570.11 106020 
24382 144.122 7580.09 105960 
24400 144.122 7590.15 106110 
24420 144.122 7600.45 106590 
24441 144.122 7610.31 106290 
24461 144.122 7620.31 106650 
24483 144.123 7630.41 106710 
24506 144.123 7640.04 106500 
24530 144.123 7650.16 106440 
24559 144.123 7660.15 106050 
24588 144.123 7670.09 106320 
24619 144.123 7680.03 106680 
24652 144.124 7690.27 106740 
24685 144.124 7700.24 106440 
24719 144.124 7710.08 106380 
24753 144.124 7720.24 106890 
24786 144.125 7730.11 106440 
24819 144.125 7740.2 106920 
24854 144.125 7750.23 106590 
24888 144.125 7760.07 106530 
24923 144.125 7770.26 106950 
24957 144.126 7780.18 106890 
24990 144.126 7790.11 106890 
25023 144.126 7800.14 106710 
25057 144.126 7810.19 106710 
25091 144.127 7820.16 106710 
25124 144.127 7830.12 106680 
25158 144.127 7840.24 106590 
25191 144.127 7850.2 106710 
25225 144.127 7860.26 106350 
25259 144.128 7870.13 107040 
25293 144.128 7880.17 106140 
25327 144.128 7890.26 106650 
25361 144.128 7900.3 106860 
25394 144.129 7910.07 106920 
25427 144.129 7920.06 106590 
25461 144.129 7930.03 106380 
25494 144.129 7940.06 106140 
25528 144.129 7950.05 106800 
25563 144.13 7960.14 106740 
25598 144.13 7970.07 106860 
25632 144.13 7980.05 107070 
25667 144.13 7990.09 106770 
25702 144.131 8000.11 106230 
25736 144.131 8010.17 106710 
25769 144.131 8020.08 106950 
25802 144.131 8030.04 106920 
25835 144.132 8040.18 107100 
25870 144.132 8050.14 106470 
25904 144.132 8060.08 106890 
25939 144.132 8070.32 106830 
25972 144.132 8080.1 106650 
26006 144.133 8090.33 106680 
26038 144.133 8100.25 106890 
26071 144.133 8110.1 106710 
26107 144.133 8120.23 106680 
26140 144.134 8130.03 106650 
26175 144.134 8140.18 106530 
26209 144.134 8150.09 106620 
26243 144.134 8160.12 106620 
26277 144.134 8170.25 106470 
26311 144.135 8180.11 106650 
26345 144.135 8190.23 106230 
26378 144.135 8200.25 106530 
26411 144.135 8210.06 106620 
26446 144.136 8220.15 106650 
26480 144.136 8230.23 106440 
26513 144.136 8240.01 106500 
26547 144.136 8250.15 107160 
26580 144.136 8260.02 106920 
26615 144.137 8270.05 106680 
26650 144.137 8280.16 106800 
26685 144.137 8290.12 106830 
26719 144.137 8300.17 106590 
26753 144.138 8310.21 106560 
26787 144.138 8320.23 106590 
26820 144.138 8330.01 106410 
26855 144.138 8340.24 106890 
26889 144.138 8350.25 106320 
26921 144.139 8360.15 106380 
26953 144.139 8370.32 106260 
26986 144.139 8380.18 106590 
27021 144.139 8390.28 106500 
27054 144.14 8400.17 106830 
27089 144.14 8410.16 105900 
27124 144.14 8420.07 106290 
27156 144.14 8430.06 105960 
27182 144.14 8440.27 105600 
27203 144.14 8450.28 104400 
27220 144.14 8460.07 103980 
27237 144.14 8470.57 103440 
27251 144.14 8480.74 103470 
27264 144.14 8490.11 103890 
27277 144.141 8500.28 103290 
27291 144.141 8510.56 103830 
27306 144.141 8520.5 104580 
27320 144.141 8530.57 104880 
27335 144.141 8540.65 105570 
27352 144.141 8550.51 105690 
27372 144.141 8560.13 106170 
27397 144.141 8570.17 106440 
27425 144.141 8580.27 106560 
27455 144.141 8590.08 106890 
27488 144.141 8600.13 106770 
27519 144.141 8610.01 106560 
27551 144.141 8620.01 106770 
27584 144.141 8630.02 107040 
27617 144.141 8640.3 106500 
27646 144.141 8650.09 106530 
27680 144.141 8660.29 107010 
27713 144.141 8670.04 106440 
27746 144.141 8680.11 106620 
27780 144.141 8690.21 106500 
27813 144.141 8700.27 107070 
27843 144.142 8710.14 106890 
27875 144.142 8720.19 106710 
27910 144.142 8730.13 106410 
27941 144.142 8740.14 106080 
27973 144.142 8750.02 106710 
28007 144.142 8760.18 106920 
28040 144.142 8770.16 106980 
28074 144.142 8780.14 106530 
28108 144.142 8790.36 106410 
28141 144.142 8800.09 106830 
28177 144.142 8810.27 106890 
28213 144.142 8820.3 106410 
28245 144.142 8830.04 106590 
28279 144.142 8840.24 106110 
28310 144.142 8850.01 106290 
28342 144.142 8860.13 106560 
28377 144.142 8870.25 106200 
28410 144.143 8880.12 106680 
28444 144.143 8890.02 106590 
28481 144.143 8900.32 106500 
28515 144.143 8910.02 106380 
28549 144.143 8920.15 106140 
28582 144.143 8930.26 106530 
28614 144.143 8940.16 106500 
28648 144.143 8950.28 106590 
28681 144.143 8960.17 106620 
28714 144.143 8970.08 106350 
28747 144.143 8980.12 106920 
28781 144.143 8990.02 106530 
28818 144.143 9000.01 106050 
28854 144.143 9010.3 106830 
28887 144.143 9020.05 107010 
28922 144.143 9030.01 106740 
28957 144.143 9040.25 106650 
28991 144.143 9050.23 106890 
29023 144.144 9060.02 106380 
29058 144.144 9070.1 106950 
29092 144.144 9080.05 106020 
29124 144.144 9090.13 106230 
29153 144.144 9100.34 105810 
29178 144.144 9110.01 106440 
29205 144.144 9120.32 106230 
29231 144.144 9130.34 106080 
29253 144.144 9140.01 106500 
29275 144.144 9150.1 106410 
29298 144.144 9160.35 106200 
29319 144.144 9170.15 105450 
29340 144.144 9180.27 105390 
29362 144.144 9190.36 106500 
29384 144.144 9200.1 106560 
29411 144.144 9210.13 106710 
29440 144.144 9220.12 106680 
29471 144.144 9230.02 106470 
29504 144.144 9240.16 106380 
29537 144.144 9250.23 106890 
29569 144.144 9260.08 107070 
29602 144.144 9270.09 106740 
29635 144.144 9280.15 106290 
29668 144.144 9290.29 106620 
29700 144.144 9300.14 106650 
29732 144.144 9310.12 106500 
29765 144.144 9320.07 106410 
29799 144.144 9330.05 106890 
29833 144.144 9340.13 106740 
29866 144.144 9350.15 106710 
29899 144.144 9360.25 106500 
29931 144.144 9370.05 106620 
29964 144.145 9380.08 106440 
29998 144.145 9390.23 107040 
30032 144.145 9400.06 106530 
30066 144.145 9410.31 106530 
30098 144.145 9420.17 106620 
30131 144.145 9430.25 106380 
30163 144.145 9440.02 106320 
30196 144.145 9450.04 106500 
30229 144.145 9460.22 106710 
30261 144.145 9470.11 106440 
30295 144.145 9480.28 106470 
30328 144.145 9490.24 106080 
30362 144.145 9500.3 107010 
30395 144.145 9510.03 106710 
30429 144.145 9520.24 106680 
30461 144.145 9530.11 106200 
30496 144.145 9540.23 106410 
30529 144.145 9550.21 106680 
30562 144.145 9560.01 106860 
30596 144.145 9570.07 106590 
30628 144.145 9580.04 106110 
30662 144.145 9590.33 106530 
30694 144.145 9600.09 105810 
30729 144.145 9610.17 106530 
30761 144.145 9620.03 106110 
30794 144.145 9630.2 106170 
30826 144.145 9640.06 106080 
30859 144.145 9650.27 106500 
30894 144.145 9660.28 106110 
30928 144.145 9670.1 106350 
30961 144.145 9680.15 106650 
30994 144.145 9690.07 106740 
31027 144.145 9700.11 106740 
31060 144.145 9710.02 106800 
31094 144.146 9720.08 106020 
31127 144.146 9730.07 106320 
31159 144.146 9740.21 105870 
31191 144.146 9750.23 106020 
31224 144.146 9760.06 106620 
31259 144.146 9770.09 106410 
31293 144.146 9780.29 106800 
31325 144.146 9790.19 106530 
31357 144.146 9800.05 106620 
31390 144.146 9810.26 106560 
31422 144.146 9820.2 106290 
31457 144.146 9830.2 106350 
31489 144.146 9840.03 106200 
31523 144.146 9850.26 106470 
31556 144.146 9860.13 106740 
31589 144.146 9870.06 106920 
31622 144.146 9880.2 106590 
31656 144.146 9890.18 106500 
31687 144.146 9900.01 106380 
31720 144.146 9910.15 106470 
31753 144.146 9920.04 106800 
31787 144.146 9930.25 106830 
31820 144.146 9940.19 106230 
31856 144.146 9950.28 106290 
31893 144.146 9960.29 106470 
31926 144.146 9970.14 106650 
31959 144.146 9980.16 106140 
31994 144.146 9990.3 106230 
32028 144.146 10000.2 106140 
32061 144.146 10010 106200 
32094 144.146 10020.2 106350 
32128 144.146 10030.2 106890 
32162 144.146 10040.2 106740 
32196 144.146 10050.1 106620 
32230 144.147 10060.3 106350 
32264 144.147 10070.2 106380 
32299 144.147 10080.2 106200 
32332 144.147 10090.2 106140 
32366 144.147 10100.1 106470 
32400 144.147 10110 106410 
32433 144.147 10120 106380 
32467 144.147 10130 106260 
32502 144.147 10140.1 106200 
32535 144.147 10150 106680 
32569 144.147 10160 106650 
32603 144.147 10170.1 106650 
32637 144.147 10180.1 106110 
32672 144.147 10190.1 106590 
32706 144.147 10200.1 106470 
32737 144.147 10210.2 106710 
32772 144.147 10220 106320 
32807 144.147 10230.3 106680 
32839 144.147 10240 106350 
32873 144.147 10250.2 106740 
32905 144.147 10260.1 106140 
32939 144.147 10270.2 106230 
32972 144.147 10280.3 106500 
33005 144.147 10290.2 106500 
33039 144.147 10300.1 106170 
33073 144.147 10310.2 106530 
33107 144.147 10320.1 106680 
33143 144.147 10330 106350 
33178 144.147 10340.2 105990 
33213 144.147 10350.2 106410 
33243 144.147 10360.1 106650 
33277 144.147 10370.1 106380 
33312 144.147 10380.1 106200 
33346 144.147 10390.1 106770 
33381 144.148 10400.1 106410 
33416 144.148 10410.1 105840 
33450 144.148 10420 106470 
33485 144.148 10430.3 106470 
33518 144.148 10440.3 106200 
33551 144.148 10450.1 106500 
33584 144.148 10460 106590 
33616 144.148 10470 106620 
33647 144.148 10480.1 106200 
33676 144.148 10490 106800 
33709 144.148 10500.1 106050 
33741 144.148 10510.1 106350 
33774 144.148 10520.2 106050 
33806 144.148 10530.1 105810 
33839 144.148 10540.1 106230 
33873 144.148 10550.1 106590 
33905 144.148 10560.2 106590 
33938 144.148 10570.2 106410 
33969 144.148 10580.1 106710 
34003 144.148 10590.2 106230 
34038 144.148 10600.1 106530 
34073 144.148 10610.1 106320 
34107 144.148 10620.1 106740 
34139 144.148 10630.1 106170 
34175 144.148 10640 106410 
34215 144.148 10650.4 106800 
34249 144.148 10660.2 106830 
34280 144.148 10670.2 106800 
34312 144.148 10680.3 106230 
34345 144.148 10690.1 106470 
34379 144.148 10700 106830 
34411 144.148 10710.1 106380 
34446 144.148 10720.1 105990 
34479 144.148 10730.1 106320 
34514 144.148 10740.2 106710 
34549 144.149 10750.2 106410 
34583 144.149 10760.2 106890 
34617 144.149 10770.1 106230 
34650 144.149 10780.2 106410 
34685 144.149 10790.3 106500 
34720 144.149 10800 106230 
34754 144.149 10810.2 106350 
34786 144.149 10820 106350 
34819 144.149 10830 106530 
34854 144.149 10840.1 106320 
34886 144.149 10850.3 106650 
34922 144.149 10860.1 106260 
34957 144.149 10870.1 106230 
34991 144.149 10880.3 106500 
35025 144.149 10890.2 105720 
35059 144.149 10900.2 106050 
35091 144.149 10910.2 106140 
35122 144.149 10920.1 106380 
35156 144.149 10930.1 106620 
35190 144.149 10940 106650 
35224 144.149 10950 106590 
35260 144.149 10960.5 106110 
35292 144.149 10970.1 106350 
35325 144.149 10980.2 106680 
35357 144.149 10990 106110 
35389 144.149 11000.1 106620 
35423 144.149 11010.4 106590 
35455 144.149 11020 106530 
35490 144.149 11030.1 106710 
35525 144.149 11040 106320 
35559 144.149 11050 106440 
35593 144.149 11060 106830 
35627 144.149 11070.1 106800 
35659 144.149 11080.2 105990 
35691 144.149 11090.1 106140 
35724 144.15 11100.1 106440 
35758 144.15 11110.3 106260 
35791 144.15 11120.1 106710 
35827 144.15 11130.2 106140 
35862 144.15 11140.2 106140 
35893 144.15 11150.3 106680 
35929 144.15 11160.3 106380 
35961 144.15 11170.3 106530 
35995 144.15 11180.1 106560 
36028 144.15 11190.1 106500 
36065 144.15 11200.1 105690 
36100 144.15 11210.1 106770 
36135 144.15 11220.1 105960 
36168 144.15 11230 106470 
36203 144.15 11240.3 106380 
36237 144.15 11250.1 106410 
36269 144.15 11260.2 106290 
36303 144.15 11270 106470 
36337 144.15 11280 106320 
36376 144.15 11290.1 106290 
36411 144.15 11300.4 106470 
36444 144.15 11310.1 106140 
36479 144.15 11320.3 105990 
36510 144.15 11330.2 106320 
36543 144.15 11340.1 106650 
36579 144.15 11350 106380 
36613 144.15 11360.2 106680 
36652 144.15 11370.2 106710 
36687 144.15 11380.5 106410 
36716 144.15 11390.1 106290 
36749 144.15 11400.1 106320 
36783 144.15 11410.1 106110 
36816 144.15 11420 106380 
36850 144.15 11430.3 106230 
36882 144.151 11440 106620 
36915 144.151 11450 105840 
36948 144.151 11460.1 106080 
36980 144.151 11470.3 106050 
37010 144.151 11480.3 105990 
37042 144.151 11490.1 106290 
37074 144.151 11500.2 106650 
37107 144.151 11510.1 106200 
37139 144.151 11520.2 106320 
37171 144.151 11530.2 106590 
37202 144.151 11540.1 106080 
37235 144.151 11550.1 105990 
37269 144.151 11560.1 106650 
37300 144.151 11570.1 106710 
37334 144.151 11580.1 106590 
37369 144.151 11590.2 106770 
37401 144.151 11600.2 106140 
37435 144.151 11610.3 106410 
37470 144.151 11620.3 106170 
37503 144.151 11630.1 105870 
37535 144.151 11640.1 106140 
37571 144.151 11650.4 106410 
37605 144.151 11660 106830 
37639 144.151 11670.2 106200 
37672 144.151 11680.1 106650 
37707 144.151 11690.1 106290 
37739 144.151 11700 106410 
37772 144.151 11710.2 106230 
37805 144.151 11720.3 106500 
37840 144.151 11730.2 106680 
37871 144.151 11740.1 106410 
37905 144.151 11750.1 106200 
37940 144.151 11760 106560 
37973 144.151 11770.1 106020 
38009 144.151 11780.4 105870 
38040 144.152 11790.2 106500 
38074 144.152 11800.3 106710 
38107 144.152 11810.1 106440 
38145 144.152 11820.2 106200 
38183 144.152 11830.1 105960 
38219 144.152 11840.1 105930 
38254 144.152 11850.2 106500 
38288 144.152 11860.3 106740 
38318 144.152 11870.2 106650 
38349 144.152 11880.3 106560 
38385 144.152 11890 106470 
38424 144.152 11900.1 105870 
38457 144.152 11910.1 106560 
38492 144.152 11920.2 106320 
38525 144.152 11930 105990 
38559 144.152 11940.2 106260 
38592 144.152 11950.2 106530 
38626 144.152 11960.1 106440 
38660 144.152 11970.1 106680 
38695 144.152 11980.3 106260 
38728 144.152 11990.2 106620 
38762 144.152 12000.2 106620 
38795 144.152 12010 106350 
38826 144.152 12020.1 105990 
38858 144.152 12030.1 106530 
38892 144.152 12040.1 106470 
38925 144.152 12050.3 106500 
38957 144.152 12060.1 106740 
38989 144.152 12070.1 106620 
39022 144.152 12080.3 106440 
39058 144.152 12090.1 106740 
39094 144.152 12100.2 105900 
39128 144.152 12110.1 106290 
39162 144.152 12120.3 105900 
39197 144.153 12130 106530 
39232 144.153 12140.3 106560 
39265 144.153 12150.2 106380 
39301 144.153 12160.1 106170 
39334 144.153 12170 106590 
39368 144.153 12180.1 106710 
39403 144.153 12190.4 106290 
39437 144.153 12200.2 106350 
39472 144.153 12210.2 106440 
39506 144.153 12220.1 107220 
39540 144.153 12230.1 106470 
39573 144.153 12240.1 106020 
39611 144.153 12250.3 105750 
39648 144.153 12260.3 106410 
39679 144.153 12270.1 106470 
39710 144.153 12280.1 106290 
39741 144.153 12290 106080 
39777 144.153 12300.1 106350 
39811 144.153 12310.4 106080 
39845 144.153 12320.1 106560 
39878 144.153 12330.2 106740 
39908 144.153 12340.2 106290 
39941 144.153 12350 106530 
39975 144.153 12360.1 106140 
40010 144.153 12370.1 106770 
40041 144.153 12380.1 106410 
40072 144.153 12390 106110 
40105 144.153 12400.3 106050 
40137 144.153 12410.2 106470 
40171 144.153 12420.1 106620 
40207 144.153 12430.1 106560 
40245 144.153 12440.3 106530 
40280 144.153 12450 105960 
40315 144.153 12460.1 106440 
40345 144.154 12470 106200 
40378 144.154 12480.3 106320 
40409 144.154 12490.3 106800 
40438 144.154 12500.2 106680 
40467 144.154 12510.3 106500 
40501 144.154 12520 106290 
40534 144.154 12530 106620 
40568 144.154 12540 105930 
40600 144.154 12550.1 106380 
40635 144.154 12560.1 106380 
40664 144.154 12570.2 106200 
40697 144.154 12580.1 107070 
40728 144.154 12590.1 106680 
40764 144.154 12600.3 106170 
40798 144.154 12610.4 106170 
40834 144.154 12620 106320 
40868 144.154 12630.2 106260 
40901 144.154 12640 106290 
40934 144.154 12650 106260 
40971 144.154 12660.2 106770 
41006 144.154 12670.3 106080 
41037 144.154 12680.3 106650 
41072 144.154 12690.1 106740 
41107 144.154 12700.1 106410 
41143 144.154 12710.4 106440 
41173 144.154 12720.1 106800 
41208 144.154 12730.2 106410 
41242 144.154 12740.2 106290 
41273 144.154 12750 106050 
41306 144.154 12760.2 106170 
41337 144.154 12770.3 106110 
41367 144.154 12780.1 106020 
41397 144.154 12790.1 106260 
41428 144.154 12800.1 106530 
41460 144.154 12810.4 106560 
41496 144.154 12820.4 106080 
41527 144.155 12830.2 106470 
41562 144.155 12840.2 106770 
41599 144.155 12850.3 105870 
41632 144.155 12860.2 105960 
41671 144.155 12870.1 106560 
41707 144.155 12880.3 106290 
41738 144.155 12890 106650 
41770 144.155 12900.2 106440 
41808 144.155 12910.2 106290 
41847 144.155 12920.3 106530 
41881 144.155 12930.1 106620 
41916 144.155 12940.1 105810 
41949 144.155 12950.4 106230 
41980 144.155 12960.2 106320 
42012 144.155 12970.3 105630 
42044 144.155 12980.1 106500 
42077 144.155 12990 106560 
42110 144.155 13000.2 106770 
42142 144.155 13010.1 106290 
42171 144.155 13020.1 106650 
42207 144.155 13030.1 106410 
42246 144.155 13040.1 106680 
42283 144.155 13050.4 106860 
42320 144.155 13060.1 106410 
42361 144.155 13070.4 106740 
42397 144.155 13080.1 106050 
42433 144.155 13090 106140 
42468 144.155 13100 106230 
42498 144.155 13110 106590 
42528 144.155 13120.3 106590 
42563 144.155 13130 106620 
42598 144.155 13140.3 105960 
42633 144.155 13150.1 106260 
42671 144.155 13160 105900 
42701 144.156 13170.2 106320 
42730 144.156 13180.1 106650 
42754 144.156 13190.2 106200 
42780 144.156 13200.1 106080 
42811 144.156 13210.4 106200 
42843 144.156 13220.3 106440 
42877 144.156 13230.1 106650 
42907 144.156 13240.1 106470 
42941 144.156 13250.3 106290 
42972 144.156 13260.4 106290 
43000 144.156 13270.2 106350 
43033 144.156 13280.2 106380 
43066 144.156 13290.1 106380 
43097 144.156 13300 105900 
43128 144.156 13310.1 106320 
43162 144.156 13320.3 106500 
43192 144.156 13330.1 106350 
43227 144.156 13340.2 106470 
43259 144.156 13350.1 106170 
43285 144.156 13360 106380 
43311 144.156 13370 106290 
43339 144.156 13380.3 106170 
43366 144.156 13390.1 106440 
43399 144.156 13400.4 106320 
43429 144.156 13410.2 106470 
43462 144.156 13420.1 106260 
43492 144.156 13430.1 106680 
43520 144.156 13440 106230 
43552 144.156 13450.3 106170 
43582 144.156 13460.4 106500 
43615 144.156 13470.5 106560 
43645 144.156 13480.2 106620 
43675 144.156 13490.1 106710 
43710 144.156 13500.3 106350 
43743 144.156 13510.2 106260 
43775 144.156 13520.2 106380 
43810 144.156 13530.1 106500 
43850 144.156 13540.3 106620 
43884 144.157 13550 106410 
43918 144.157 13560.5 106500 
43952 144.157 13570.1 106620 
43991 144.157 13580.6 106290 
44020 144.157 13590.3 106230 
44056 144.157 13600.4 106410 
44088 144.157 13610.1 107070 
44121 144.157 13620 106320 
44148 144.157 13630.1 105870 
44176 144.157 13640.6 105930 
44205 144.157 13650.2 106230 
44240 144.157 13660.2 106470 
44270 144.157 13670.4 106080 
44296 144.157 13680.1 106530 
44330 144.157 13690.1 106620 
44361 144.157 13700.4 106080 
44390 144.157 13710.1 106320 
44430 144.157 13720.2 106710 
44474 144.157 13730.1 106740 
44512 144.157 13740.2 106080 
44545 144.157 13750.1 106920 
44583 144.157 13760 106110 
44614 144.157 13770.5 106320 
44646 144.157 13780 106320 
44681 144.157 13790 106620 
44712 144.157 13800 106290 
44754 144.157 13810.1 106530 
44784 144.157 13820 106560 
44819 144.157 13830.4 106170 
44853 144.157 13840.4 106440 
44883 144.157 13850.2 105930 
44909 144.157 13860 106500 
44949 144.157 13870 106560 
44983 144.157 13880 106530 
45020 144.157 13890 106590 
45059 144.158 13900.1 106470 
45097 144.158 13910.1 105960 
45125 144.158 13920 106350 
45156 144.158 13930.3 106290 
45189 144.158 13940.3 106890 
45221 144.158 13950.1 106140 
45259 144.158 13960.1 106560 
45294 144.158 13970.3 106140 
45330 144.158 13980.1 106260 
45369 144.158 13990.2 106500 
45404 144.158 14000.1 106410 
45453 144.158 14010.1 106590 
45490 144.158 14020 106500 
45528 144.158 14030.1 106860 
45559 144.158 14040.3 106290 
45595 144.158 14050.2 106590 
45625 144.158 14060.2 106290 
45654 144.158 14070.2 106620 
45687 144.158 14080.4 106500 
45716 144.158 14090.1 106200 
45746 144.158 14100.1 106350 
45774 144.158 14110.1 106440 
45810 144.158 14120.4 105960 
45843 144.158 14130.2 105990 
45875 144.158 14140.3 106560 
45904 144.158 14150.1 106470 
45933 144.158 14160.1 106410 
45966 144.158 14170.2 106860 
45994 144.158 14180.4 106410 
46027 144.158 14190.1 106350 
46062 144.158 14200.3 106800 
46096 144.158 14210.2 106530 
46128 144.158 14220.2 106200 
46159 144.158 14230.4 106590 
46189 144.158 14240.4 106320 
46220 144.159 14250.5 106440 
46255 144.159 14260.2 106140 
46305 144.159 14270.2 106740 
46335 144.159 14280.5 106470 
46361 144.159 14290.1 105870 
46389 144.159 14300.1 106830 
46426 144.159 14310.1 106020 
46473 144.159 14320.2 106710 
46508 144.159 14330 106380 
46538 144.159 14340.7 106350 
46573 144.159 14350 106380 
46613 144.159 14360.1 106560 
46642 144.159 14370.1 106890 
46675 144.159 14380.1 106410 
46709 144.159 14390.1 106380 
46754 144.159 14400.1 106620 
46789 144.159 14410.1 106170 
46825 144.159 14420.1 106350 
46859 144.159 14430 106410 
46895 144.159 14440.2 106530 
46929 144.159 14450.2 106380 
46963 144.159 14460.2 106500 
46989 144.159 14470 106530 
47021 144.159 14480.1 106200 
47062 144.159 14490 106320 
47102 144.159 14500.3 106260 
47140 144.159 14510.2 106440 
47184 144.159 14520.1 106290 
47210 144.159 14530 106500 
47239 144.159 14540 106500 
47269 144.159 14550.1 106800 
47306 144.159 14560.1 106020 
47353 144.159 14570.1 106440 
47397 144.16 14580 106440 
47431 144.16 14590.2 106740 
47459 144.16 14600.1 106350 
47493 144.16 14610.1 105900 
47535 144.16 14620 106320 
47592 144.16 14630.4 106260 
47633 144.16 14640 106290 
47670 144.16 14650.1 106680 
47704 144.16 14660.1 106230 
47740 144.16 14670.1 106380 
47774 144.16 14680.4 106410 
47815 144.16 14690.3 106260 
47850 144.16 14700.1 106830 
47888 144.16 14710.2 106350 
47929 144.16 14720.1 106500 
47961 144.16 14730.1 106320 
47996 144.16 14740.1 106590 
48027 144.16 14750.5 106170 
48060 144.16 14760.3 106590 
48095 144.16 14770.3 106650 
48132 144.16 14780.3 106980 
48164 144.16 14790 106650 
48203 144.16 14800 106470 
48237 144.16 14810.5 106050 
48263 144.16 14820.3 106740 
48291 144.16 14830.2 106110 
48325 144.16 14840 105780 
48361 144.16 14850.3 106440 
48391 144.16 14860.1 105990 
48423 144.16 14870.1 106500 
48457 144.16 14880.5 105960 
48480 144.16 14890.1 106710 
48511 144.16 14900.3 106110 
48540 144.16 14910.5 106650 
48577 144.161 14920.2 106200 
48607 144.161 14930.1 106410 
48641 144.161 14940 106620 
48672 144.161 14950.5 106680 
48704 144.161 14960.1 106050 
48746 144.161 14970.2 105840 
48784 144.161 14980.7 106530 
48811 144.161 14990.2 106920 
48844 144.161 15000.3 106080 
48876 144.161 15010 106140 
48917 144.161 15020.1 106230 
48952 144.161 15030.5 106410 
48983 144.161 15040.1 106200 
49011 144.161 15050.3 106410 
49041 144.161 15060.2 106230 
49075 144.161 15070.1 106620 
49110 144.161 15080.4 106110 
49139 144.161 15090.1 106170 
49175 144.161 15100.3 106170 
49205 144.161 15110.2 106410 
49235 144.161 15120.6 106230 
49260 144.161 15130.1 106560 
49291 144.161 15140.4 106470 
49317 144.161 15150.2 106200 
49346 144.161 15160.4 106530 
49377 144.161 15170.2 106770 
49413 144.161 15180.3 106140 
49446 144.161 15190.1 106560 
49475 144.161 15200.1 106200 
49508 144.161 15210.2 106530 
49543 144.161 15220.1 106290 
49576 144.161 15230.5 106650 
49608 144.161 15240.2 106230 
49643 144.161 15250.1 106860 
49679 144.161 15260 106830 
49713 144.162 15270.2 106350 
49749 144.162 15280.2 106590 
49780 144.162 15290 106500 
49817 144.162 15300.3 106080 
49849 144.162 15310.2 105900 
49883 144.162 15320.1 106050 
49921 144.162 15330.2 106350 
49955 144.162 15340.2 106740 
49991 144.162 15350.3 106350 
50022 144.162 15360.2 106410 
50052 144.162 15370.4 106650 
50086 144.162 15380.1 107100 
50120 144.162 15390.1 106080 
50149 144.162 15400 106650 
50183 144.162 15410.1 106350 
50217 144.162 15420.2 106890 
50247 144.162 15430.1 106440 
50275 144.162 15440 106350 
50303 144.162 15450.1 106410 
50331 144.162 15460.1 106200 
50364 144.162 15470.1 106500 
50395 144.162 15480 106320 
50431 144.162 15490.2 106320 
50463 144.162 15500.1 106620 
50497 144.162 15510 106530 
50528 144.162 15520.1 106710 
50564 144.162 15530.2 106260 
50595 144.162 15540.3 106380 
50625 144.162 15550.3 106530 
50656 144.162 15560 106500 
50693 144.162 15570.2 106440 
50726 144.162 15580 106170 
50758 144.162 15590.1 107100 
50789 144.162 15600.1 106470 
50824 144.162 15610.1 106380 
50857 144.162 15620.1 106470 
50896 144.163 15630.1 106620 
50931 144.163 15640.4 106140 
50965 144.163 15650.2 106590 
50993 144.163 15660.4 106590 
51021 144.163 15670.4 106050 
51050 144.163 15680.1 106680 
51084 144.163 15690.1 106440 
51112 144.163 15700.1 106770 
51145 144.163 15710.2 106680 
51180 144.163 15720.4 106230 
51212 144.163 15730.3 106530 
51245 144.163 15740 106320 
51277 144.163 15750.3 106290 
51311 144.163 15760.4 106770 
51341 144.163 15770.5 105990 
51376 144.163 15780.3 106350 
51408 144.163 15790.1 106530 
51442 144.163 15800.2 106680 
51478 144.163 15810.2 106710 
51510 144.163 15820.3 106740 
51536 144.163 15830.1 106200 
51572 144.163 15840.1 106740 
51606 144.163 15850.2 106590 
51640 144.163 15860 106320 
51671 144.163 15870.3 106620 
51701 144.163 15880.1 105840 
51733 144.163 15890.1 106170 
51764 144.163 15900 106020 
51794 144.163 15910.2 106890 
51826 144.163 15920.1 106440 
51858 144.163 15930 106020 
51893 144.163 15940.1 106710 
51930 144.163 15950.1 106200 
51967 144.163 15960.1 106500 
52004 144.163 15970.1 106380 
52044 144.164 15980.2 106290 
52088 144.164 15990.1 106320 
52125 144.164 16000.3 106620 
52158 144.164 16010.3 106860 
52192 144.164 16020.1 106410 
52223 144.164 16030.3 105960 
52258 144.164 16040.3 106410 
52290 144.164 16050 106590 
52322 144.164 16060.1 106110 
52358 144.164 16070 106440 
52394 144.164 16080.4 106890 
52433 144.164 16090 106350 
52475 144.164 16100.2 106470 
52513 144.164 16110.2 106740 
52551 144.164 16120.2 106170 
52587 144.164 16130.2 106290 
52626 144.164 16140 106650 
52655 144.164 16150.1 105960 
52685 144.164 16160.2 105870 
52717 144.164 16170.1 106650 
52750 144.164 16180 106350 
52792 144.164 16190 106170 
52830 144.164 16200.2 106110 
52861 144.164 16210.2 106260 
52894 144.164 16220 106470 
52924 144.164 16230 106440 
52954 144.164 16240.2 106290 
52988 144.164 16250.1 106800 
53024 144.164 16260.1 106320 
53061 144.164 16270.3 106170 
53102 144.164 16280.1 106320 
53135 144.164 16290.1 106200 
53165 144.164 16300.2 106530 
53196 144.165 16310.2 106260 
53227 144.165 16320.2 106740 
53259 144.165 16330.2 106080 
53292 144.165 16340 106560 
53335 144.165 16350.3 106560 
53374 144.165 16360.2 107070 
53406 144.165 16370.2 106410 
53443 144.165 16380 106440 
53475 144.165 16390.3 106560 
53502 144.165 16400.3 106470 
53533 144.165 16410.3 106110 
53563 144.165 16420.2 106200 
53598 144.165 16430.2 106530 
53627 144.165 16440.1 105960 
53659 144.165 16450.1 106260 
53687 144.165 16460 106140 
53717 144.165 16470 106170 
53751 144.165 16480.1 106050 
53780 144.165 16490.4 106440 
53816 144.165 16500.2 106560 
53844 144.165 16510.4 106530 
53869 144.165 16520.2 106200 
53899 144.165 16530.2 106620 
53929 144.165 16540 106680 
53961 144.165 16550.3 106500 
53993 144.165 16560.1 106380 
54023 144.165 16570.1 106650 
54056 144.165 16580.1 106470 
54088 144.165 16590.3 106260 
54120 144.165 16600.1 106710 
54149 144.165 16610.2 106650 
54180 144.165 16620 106920 
54214 144.165 16630 106590 
54247 144.165 16640.1 106680 
54279 144.165 16650 106560 
54313 144.165 16660.1 106290 
54344 144.166 16670.1 106290 
54377 144.166 16680.2 106470 
54412 144.166 16690 106470 
54448 144.166 16700.1 106650 
54477 144.166 16710.1 106530 
54514 144.166 16720.2 106530 
54544 144.166 16730.3 106500 
54575 144.166 16740.1 106260 
54608 144.166 16750.4 106050 
54636 144.166 16760.1 106710 
54666 144.166 16770.3 106560 
54697 144.166 16780.2 105990 
54730 144.166 16790.2 106680 
54765 144.166 16800.2 105810 
54797 144.166 16810.2 106230 
54829 144.166 16820.1 106620 
54862 144.166 16830 106590 
54895 144.166 16840.2 106530 
54926 144.166 16850 106440 
54959 144.166 16860.1 106260 
54991 144.166 16870.2 106260 
55023 144.166 16880 106830 
55059 144.166 16890.3 106380 
55091 144.166 16900.2 106200 
55121 144.166 16910.1 106470 
55152 144.166 16920.2 106320 
55183 144.166 16930.2 106680 
55214 144.166 16940.1 106260 
55243 144.166 16950.2 106860 
55277 144.166 16960.2 106050 
55309 144.166 16970.1 106470 
55343 144.166 16980.2 106680 
55376 144.166 16990.2 106380 
55411 144.166 17000.1 106050 
55449 144.166 17010.2 106320 
55480 144.166 17020.2 106770 
55515 144.167 17030.1 106140 
55549 144.167 17040.4 106410 
55579 144.167 17050.1 106110 
55610 144.167 17060 106440 
55644 144.167 17070.1 106410 
55677 144.167 17080 106590 
55713 144.167 17090.2 106110 
55746 144.167 17100 106710 
55784 144.167 17110.1 106380 
55817 144.167 17120.1 106200 
55850 144.167 17130.3 106470 
55887 144.167 17140.3 106170 
55920 144.167 17150.1 106350 
55954 144.167 17160.2 106770 
55995 144.167 17170.2 106560 
56030 144.167 17180.2 106290 
56067 144.167 17190.2 106560 
56104 144.167 17200.5 106290 
56141 144.167 17210.2 106470 
56175 144.167 17220.2 106500 
56212 144.167 17230 106680 
56250 144.167 17240.2 105990 
56284 144.167 17250.2 106710 
56317 144.167 17260 106650 
56352 144.167 17270.1 106440 
56385 144.167 17280.2 106440 
56419 144.167 17290.2 106860 
56455 144.167 17300.2 106680 
56489 144.167 17310.3 106230 
56521 144.167 17320.1 106620 
56554 144.167 17330.1 106620 
56587 144.167 17340.1 106290 
56624 144.167 17350.1 106530 
56657 144.167 17360.1 106470 
56693 144.168 17370.1 105960 
56730 144.168 17380.2 105900 
56765 144.168 17390.1 106380 
56801 144.168 17400.1 106830 
56833 144.168 17410 106080 
56864 144.168 17420.1 106530 
56897 144.168 17430.1 105600 
56928 144.168 17440.3 106140 
56963 144.168 17450.4 106650 
56999 144.168 17460 106290 
57032 144.168 17470 106410 
57064 144.168 17480.2 106170 
57098 144.168 17490.3 106590 
57132 144.168 17500.3 106200 
57164 144.168 17510.1 106890 
57196 144.168 17520.2 106590 
57228 144.168 17530.3 106500 
57261 144.168 17540 106710 
57295 144.168 17550.2 106170 
57330 144.168 17560.3 106830 
57363 144.168 17570.3 106380 
57395 144.168 17580 106260 
57427 144.168 17590.2 106560 
57455 144.168 17600.1 106770 
57485 144.168 17610.2 106920 
57518 144.168 17620 106290 
57553 144.168 17630.3 106110 
57585 144.168 17640.4 106470 
57616 144.168 17650.2 106590 
57651 144.168 17660.1 106950 
57685 144.168 17670.2 106650 
57719 144.168 17680.2 106620 
57751 144.168 17690.3 106200 
57785 144.168 17700.4 106260 
57822 144.168 17710.2 106260 
57858 144.169 17720 106260 
57896 144.169 17730.2 106140 
57931 144.169 17740.4 106650 
57964 144.169 17750.3 105450 
57999 144.169 17760.1 106950 
58034 144.169 17770.2 106920 
58066 144.169 17780.1 106350 
58101 144.169 17790.3 106470 
58137 144.169 17800.3 105960 
58169 144.169 17810 106050 
58204 144.169 17820.3 106200 
58234 144.169 17830 106410 
58268 144.169 17840.2 106140 
58300 144.169 17850.3 106230 
58335 144.169 17860.2 106740 
58365 144.169 17870.1 106530 
58399 144.169 17880.2 106200 
58434 144.169 17890.3 106470 
58470 144.169 17900.3 106110 
58502 144.169 17910.1 106320 
58533 144.169 17920.1 106740 
58568 144.169 17930 106170 
58599 144.169 17940.1 106620 
58633 144.169 17950.2 106740 
58669 144.169 17960.1 106590 
58700 144.169 17970.1 106710 
58734 144.169 17980.3 106380 
58767 144.169 17990.3 106140 
58802 144.169 18000.1 106800 
58841 144.169 18010.1 106080 
58867 144.169 18020 105930 
58903 144.169 18030.1 106080 
58939 144.169 18040.1 106530 
58974 144.169 18050 106230 
59014 144.17 18060.2 106470 
59048 144.17 18070.1 106200 
59079 144.17 18080.3 106320 
59114 144.17 18090.1 106320 
59146 144.17 18100.2 106440 
59177 144.17 18110 105990 
59212 144.17 18120.3 105990 
59244 144.17 18130 106380 
59281 144.17 18140.1 106710 
59318 144.17 18150.1 106500 
59353 144.17 18160.1 106830 
59391 144.17 18170.2 106470 
59425 144.17 18180.1 106590 
59457 144.17 18190.1 106050 
59486 144.17 18200.1 105930 
59518 144.17 18210 106650 
59551 144.17 18220.1 106740 
59581 144.17 18230.1 106350 
59612 144.17 18240.2 106290 
59646 144.17 18250.1 106860 
59675 144.17 18260.1 106770 
59709 144.17 18270.2 106500 
59740 144.17 18280.3 106410 
59773 144.17 18290.1 106380 
59807 144.17 18300 106230 
59838 144.17 18310.2 106530 
59870 144.17 18320 107070 
59907 144.17 18330.2 106500 
59946 144.17 18340.2 106770 
59979 144.17 18350.1 106710 
60014 144.17 18360.3 106590 
60047 144.17 18370.2 106410 
60080 144.17 18380.3 106500 
60111 144.17 18390.3 106860 
60148 144.17 18400.2 105930 
60177 144.17 18410.2 106110 
60208 144.171 18420 106320 
60243 144.171 18430.1 106230 
60276 144.171 18440.2 105720 
60314 144.171 18450 106380 
60346 144.171 18460.1 106140 
60376 144.171 18470.4 106350 
60409 144.171 18480.1 106200 
60448 144.171 18490.1 106050 
60482 144.171 18500.3 106230 
60511 144.171 18510.3 106110 
60545 144.171 18520.1 106500 
60577 144.171 18530.4 106740 
60607 144.171 18540.2 106710 
60642 144.171 18550.1 106500 
60675 144.171 18560.1 106380 
60710 144.171 18570.1 106620 
60743 144.171 18580 106260 
60776 144.171 18590.1 106170 
60813 144.171 18600.2 105840 
60844 144.171 18610.2 106680 
60878 144.171 18620.1 106320 
60909 144.171 18630.2 107010 
60940 144.171 18640.2 106020 
60973 144.171 18650.1 106410 
61003 144.171 18660.5 106290 
61030 144.171 18670.3 106230 
61064 144.171 18680 106260 
61102 144.171 18690.2 106590 
61135 144.171 18700.2 106500 
61170 144.171 18710.1 106470 
61203 144.171 18720 106110 
61232 144.171 18730.4 105630 
61262 144.171 18740.1 106350 
61296 144.171 18750.2 106710 
61329 144.171 18760.1 106230 
61364 144.172 18770.1 106500 
61401 144.172 18780.2 106440 
61436 144.172 18790.2 106020 
61469 144.172 18800.2 106800 
61502 144.172 18810.1 106320 
61532 144.172 18820.3 106710 
61567 144.172 18830 106440 
61609 144.172 18840 106530 
61641 144.172 18850.1 106920 
61676 144.172 18860.1 105990 
61711 144.172 18870.1 106560 
61745 144.172 18880 106710 
61778 144.172 18890.3 106290 
61812 144.172 18900.2 106350 
61843 144.172 18910 106770 
61877 144.172 18920.3 106590 
61907 144.172 18930.2 106470 
61937 144.172 18940.2 106830 
61972 144.172 18950.3 105960 
62007 144.172 18960.1 106410 
62042 144.172 18970.2 106710 
62079 144.172 18980.2 105930 
62111 144.172 18990.1 106050 
62145 144.172 19000.1 106500 
62175 144.172 19010.1 106800 
62209 144.172 19020.2 106170 
62244 144.172 19030.4 106530 
62284 144.172 19040.1 106140 
62325 144.172 19050.3 105930 
62358 144.172 19060.1 105930 
62392 144.172 19070.2 106320 
62424 144.172 19080.3 105990 
62455 144.172 19090.1 106590 
62492 144.172 19100.2 107010 
62528 144.172 19110.2 106080 
62561 144.173 19120 106110 
62595 144.173 19130 106590 
62626 144.173 19140.2 106470 
62660 144.173 19150.2 106080 
62699 144.173 19160.1 106680 
62731 144.173 19170.4 106440 
62763 144.173 19180.1 106530 
62796 144.173 19190.1 106500 
62832 144.173 19200 106800 
62865 144.173 19210.1 106530 
62900 144.173 19220.2 106500 
62931 144.173 19230.1 106410 
62965 144.173 19240.2 106620 
62997 144.173 19250.1 106800 
63025 144.173 19260.2 106080 
63054 144.173 19270.2 105990 
63088 144.173 19280.1 106290 
63126 144.173 19290.1 106140 
63160 144.173 19300.1 106290 
63190 144.173 19310.3 106230 
63221 144.173 19320.1 106350 
63250 144.173 19330.2 106470 
63280 144.173 19340 106380 
63314 144.173 19350.3 106470 
63344 144.173 19360.3 106860 
63379 144.173 19370.3 106620 
63420 144.173 19380.1 106470 
63456 144.173 19390.2 106020 
63486 144.173 19400 106410 
63524 144.173 19410.2 106530 
63552 144.173 19420.3 106470 
63582 144.173 19430 106110 
63617 144.173 19440.4 106620 
63647 144.173 19450.1 105840 
63678 144.173 19460.2 106230 
63716 144.174 19470.1 106560 
63753 144.174 19480.1 106290 
63783 144.174 19490.2 106830 
63817 144.174 19500.1 106680 
63850 144.174 19510 106440 
63882 144.174 19520.1 106140 
63914 144.174 19530.3 106440 
63942 144.174 19540 106710 
63973 144.174 19550 106260 
64012 144.174 19560.2 106140 
64046 144.174 19570.1 106440 
64077 144.174 19580.3 106440 
64112 144.174 19590 106530 
64154 144.174 19600.2 106770 
64190 144.174 19610.2 106830 
64223 144.174 19620.2 106620 
64262 144.174 19630.2 106350 
64295 144.174 19640.3 106680 
64326 144.174 19650.1 106020 
64357 144.174 19660.2 107010 
64390 144.174 19670.3 106350 
64421 144.174 19680.3 106620 
64455 144.174 19690 106350 
64493 144.174 19700.2 106170 
64528 144.174 19710.2 106800 
64562 144.174 19720.4 106590 
64593 144.174 19730 106410 
64628 144.174 19740.2 106470 
64662 144.174 19750.3 106740 
64694 144.174 19760.1 106020 
64732 144.174 19770.2 106110 
64765 144.174 19780.4 106260 
64800 144.174 19790.2 106860 
64839 144.174 19800.5 106110 
64870 144.175 19810 106680 
64910 144.175 19820 106080 
64940 144.175 19830.1 106680 
64972 144.175 19840.2 106470 
65006 144.175 19850.6 106680 
65037 144.175 19860.1 106110 
65077 144.175 19870.4 106110 
65115 144.175 19880 106560 
65146 144.175 19890.2 106290 
65181 144.175 19900 106020 
65213 144.175 19910.7 106560 
65253 144.175 19920.1 106590 
65283 144.175 19930 106200 
65316 144.175 19940.2 106590 
65350 144.175 19950.1 106200 
65387 144.175 19960.3 106680 
65421 144.175 19970.2 106440 
65452 144.175 19980 106740 
65485 144.175 19990.1 105990 
65519 144.175 20000.2 106650 
65555 144.175 20010.4 106380 
65583 144.175 20020.4 106590 
65612 144.175 20030.1 106560 
65647 144.175 20040.3 106620 
65684 144.175 20050.2 106350 
65717 144.175 20060.1 106800 
65748 144.175 20070.4 106050 
65776 144.175 20080.3 106560 
65824 144.175 20090.2 106110 
65868 144.175 20100.2 106710 
65903 144.175 20110.2 106380 
65936 144.175 20120.3 106380 
65972 144.175 20130.1 106410 
66001 144.175 20140.3 106260 
66031 144.176 20150.2 106170 
66063 144.176 20160.4 106500 
66096 144.176 20170.1 106590 
66130 144.176 20180.2 106470 
66170 144.176 20190.4 106380 
66199 144.176 20200.1 106770 
66229 144.176 20210.1 106560 
66268 144.176 20220.4 106170 
66295 144.176 20230.1 106470 
66324 144.176 20240.4 106950 
66357 144.176 20250.1 106410 
66397 144.176 20260.1 106140 
66424 144.176 20270.3 106470 
66457 144.176 20280 106200 
66486 144.176 20290.2 106410 
66515 144.176 20300 106890 
66542 144.176 20310.3 106320 
66583 144.176 20320 106740 
66619 144.176 20330 106260 
66651 144.176 20340.4 106470 
66681 144.176 20350.1 106350 
66716 144.176 20360 106350 
66757 144.176 20370 106260 
66797 144.176 20380.2 106080 
66839 144.176 20390.1 106350 
66884 144.176 20400.3 105960 
66920 144.176 20410.3 106560 
66948 144.176 20420.4 106050 
66978 144.176 20430 106560 
67015 144.176 20440.3 106350 
67051 144.176 20450.5 106440 
67094 144.176 20460.4 106080 
67130 144.176 20470.3 106950 
67162 144.176 20480.1 106590 
67192 144.177 20490 106290 
67231 144.177 20500 106530 
67268 144.177 20510.2 106200 
67308 144.177 20520 106740 
67338 144.177 20530.4 106440 
67370 144.177 20540 106320 
67416 144.177 20550.4 106620 
67454 144.177 20560.1 106350 
67491 144.177 20570.1 106590 
67517 144.177 20580 106890 
67548 144.177 20590.1 106410 
67580 144.177 20600.3 106140 
67615 144.177 20610.1 106740 
67651 144.177 20620 106020 
67688 144.177 20630.5 106200 
67726 144.177 20640.1 106290 
67765 144.177 20650.2 106860 
67800 144.177 20660.1 106350 
67835 144.177 20670.2 106500 
67870 144.177 20680.3 106530 
67903 144.177 20690.4 106110 
67937 144.177 20700.1 105960 
67969 144.177 20710.3 106740 
67998 144.177 20720.3 106440 
68032 144.177 20730.4 106350 
68060 144.177 20740 106590 
68090 144.177 20750.1 106350 
68121 144.177 20760.1 106440 
68154 144.177 20770.1 106380 
68187 144.177 20780.2 106770 
68219 144.177 20790.2 106470 
68256 144.177 20800.3 106470 
68290 144.177 20810.1 106440 
68324 144.177 20820.1 106260 
68358 144.178 20830.4 106620 
68390 144.178 20840.4 106500 
68415 144.178 20850 106470 
68450 144.178 20860.2 106350 
68484 144.178 20870.3 106620 
68516 144.178 20880.2 106770 
68556 144.178 20890.1 106590 
68594 144.178 20900.2 105810 
68635 144.178 20910.4 106290 
68670 144.178 20920.1 106830 
68706 144.178 20930.2 106350 
68739 144.178 20940.1 106110 
68772 144.178 20950.1 106200 
68806 144.178 20960.2 106440 
68843 144.178 20970.3 106500 
68878 144.178 20980 106140 
68911 144.178 20990 106590 
68942 144.178 21000.2 106560 
68974 144.178 21010.2 105990 
69004 144.178 21020.1 106200 
69033 144.178 21030.1 106500 
69064 144.178 21040.1 106410 
69099 144.178 21050.1 106410 
69133 144.178 21060.1 106410 
69165 144.178 21070.2 106530 
69200 144.178 21080.1 106650 
69237 144.178 21090.1 106470 
69271 144.178 21100.2 106650 
69306 144.178 21110.2 106860 
69339 144.178 21120.4 106470 
69374 144.178 21130.2 106620 
69407 144.178 21140 106200 
69442 144.178 21150.1 106290 
69480 144.178 21160.1 106470 
69514 144.179 21170.2 106710 
69550 144.179 21180 106170 
69586 144.179 21190.2 106290 
69622 144.179 21200 106440 
69657 144.179 21210.1 106290 
69690 144.179 21220.3 106380 
69722 144.179 21230.2 105960 
69753 144.179 21240 106890 
69789 144.179 21250.1 106770 
69826 144.179 21260.3 106260 
69862 144.179 21270.1 106710 
69896 144.179 21280.1 106920 
69929 144.179 21290.1 106230 
69963 144.179 21300.1 106470 
69997 144.179 21310.2 106380 
70031 144.179 21320.2 106500 
70065 144.179 21330.1 106740 
70097 144.179 21340 106860 
70130 144.179 21350.2 106560 
70165 144.179 21360.1 106140 
70196 144.179 21370.1 106380 
70229 144.179 21380.3 106290 
70262 144.179 21390.2 106650 
70294 144.179 21400.4 106710 
70326 144.179 21410.2 106410 
70362 144.179 21420 106620 
70398 144.179 21430.4 106440 
70431 144.179 21440.2 105840 
70465 144.179 21450.1 105960 
70497 144.179 21460.2 106080 
70529 144.179 21470.2 106650 
70563 144.179 21480 105930 
70597 144.179 21490.1 106350 
70631 144.179 21500 106170 
70664 144.179 21510.1 106710 
70696 144.18 21520 106410 
70730 144.18 21530.4 106920 
70762 144.18 21540.2 106440 
70796 144.18 21550.1 106470 
70827 144.18 21560.1 106230 
70858 144.18 21570.1 106320 
70889 144.18 21580.1 106440 
70920 144.18 21590.2 106500 
70953 144.18 21600.1 106440 
70988 144.18 21610.2 106530 
71023 144.18 21620 106590 
71056 144.18 21630 106560 
71089 144.18 21640.2 106080 
71122 144.18 21650.1 106050 
71158 144.18 21660.1 106230 
71191 144.18 21670.3 105930 
71224 144.18 21680.2 106230 
71258 144.18 21690.1 106890 
71292 144.18 21700.1 106650 
71327 144.18 21710.1 106680 
71360 144.18 21720.1 107010 
71399 144.18 21730.2 106200 
71439 144.18 21740.1 106260 
71474 144.18 21750.1 106470 
71512 144.18 21760.2 106290 
71547 144.18 21770 106170 
71582 144.18 21780.3 106020 
71615 144.18 21790.3 106560 
71651 144.18 21800.2 106530 
71686 144.18 21810.1 106260 
71718 144.18 21820.2 106590 
71748 144.18 21830.1 105900 
71778 144.18 21840.2 106350 
71809 144.18 21850.1 106350 
71837 144.181 21860.1 106650 
71867 144.181 21870.1 106710 
71898 144.181 21880.1 106440 
71930 144.181 21890 106590 
71963 144.181 21900.2 106110 
71996 144.181 21910 106590 
72026 144.181 21920.3 106260 
72056 144.181 21930.1 106380 
72087 144.181 21940.1 106680 
72118 144.181 21950.1 106410 
72148 144.181 21960.2 106920 
72181 144.181 21970 106800 
72219 144.181 21980.1 105930 
72254 144.181 21990.3 106200 
72286 144.181 22000.2 106590 
72320 144.181 22010.1 106320 
72354 144.181 22020.2 106410 
72389 144.181 22030.2 106170 
72423 144.181 22040.1 106440 
72456 144.181 22050.3 106290 
72488 144.181 22060.1 106260 
72522 144.181 22070.1 106740 
72555 144.181 22080.3 106530 
72587 144.181 22090.2 106020 
72621 144.181 22100 106530 
72654 144.181 22110.1 106680 
72686 144.181 22120.1 106590 
72719 144.181 22130.3 106260 
72752 144.181 22140.1 106140 
72783 144.181 22150 106380 
72817 144.181 22160.2 106260 
72850 144.181 22170.1 106620 
72885 144.181 22180 105930 
72920 144.181 22190.1 106380 
72954 144.181 22200.1 106350 
72988 144.181 22210.1 106590 
73020 144.182 22220 106440 
73054 144.182 22230 106710 
73091 144.182 22240.1 106260 
73126 144.182 22250.3 106050 
73160 144.182 22260.1 106320 
73192 144.182 22270.1 106440 
73221 144.182 22280.2 106320 
73253 144.182 22290.1 106410 
73284 144.182 22300.3 106050 
73314 144.182 22310.1 106410 
73345 144.182 22320 106170 
73376 144.182 22330.1 105660 
73408 144.182 22340 105690 
73445 144.182 22350.2 106260 
73478 144.182 22360.4 106470 
73513 144.182 22370.1 106560 
73547 144.182 22380 106110 
73582 144.182 22390.1 105930 
73613 144.182 22400.2 106290 
73645 144.182 22410 106200 
73679 144.182 22420.3 106170 
73711 144.182 22430.2 106080 
73743 144.182 22440.1 106200 
73775 144.182 22450 106050 
73808 144.182 22460 106830 
73842 144.182 22470 106260 
73874 144.182 22480.2 106350 
73905 144.182 22490.2 106980 
73937 144.182 22500.2 106320 
73968 144.182 22510.3 106230 
74001 144.182 22520.3 105810 
74034 144.182 22530.3 106710 
74064 144.182 22540.1 106440 
74101 144.182 22550.2 105810 
74135 144.182 22560.1 106530 
74170 144.183 22570.3 106590 
74203 144.183 22580.3 106650 
74234 144.183 22590 106410 
74266 144.183 22600.3 106800 
74301 144.183 22610.3 106260 
74337 144.183 22620.2 106200 
74369 144.183 22630.3 106410 
74403 144.183 22640.1 105780 
74435 144.183 22650.1 106620 
74467 144.183 22660.1 106860 
74501 144.183 22670.2 106380 
74535 144.183 22680.4 106590 
74571 144.183 22690.2 106260 
74605 144.183 22700.3 106380 
74639 144.183 22710.1 106470 
74671 144.183 22720.1 106530 
74704 144.183 22730.1 106380 
74739 144.183 22740.3 106260 
74774 144.183 22750.3 106350 
74811 144.183 22760.3 106410 
74845 144.183 22770.2 106980 
74881 144.183 22780.2 106080 
74915 144.183 22790.2 106560 
74950 144.183 22800.1 106290 
74982 144.183 22810.2 106620 
75016 144.183 22820 106410 
75050 144.183 22830.1 106320 
75086 144.183 22840.4 106800 
75116 144.183 22850.1 106650 
75147 144.183 22860.2 106140 
75177 144.183 22870.1 106080 
75210 144.183 22880.3 106770 
75244 144.183 22890.1 106380 
75279 144.183 22900.1 106500 
75311 144.183 22910.3 106530 
75342 144.184 22920.3 106320 
75375 144.184 22930.2 106470 
75408 144.184 22940.1 106230 
75443 144.184 22950 106140 
75478 144.184 22960.1 106650 
75511 144.184 22970.1 106800 
75548 144.184 22980.3 106650 
75577 144.184 22990.1 105990 
75613 144.184 23000.1 106770 
75644 144.184 23010.2 106350 
75681 144.184 23020.3 106020 
75714 144.184 23030.2 106230 
75750 144.184 23040.2 106290 
75783 144.184 23050.2 106320 
75815 144.184 23060 106710 
75847 144.184 23070.1 106650 
75880 144.184 23080.1 106380 
75909 144.184 23090 106980 
75941 144.184 23100 106230 
75969 144.184 23110.2 106710 
76001 144.184 23120.1 106140 
76031 144.184 23130.1 106260 
76060 144.184 23140.2 106290 
76090 144.184 23150.1 106620 
76123 144.184 23160.1 106290 
76154 144.184 23170.2 105660 
76184 144.184 23180.2 106200 
76215 144.184 23190.1 106440 
76249 144.184 23200.2 106260 
76283 144.184 23210.2 106230 
76318 144.184 23220.2 106410 
76347 144.184 23230.2 106260 
76386 144.184 23240.1 106170 
76422 144.184 23250.1 105990 
76456 144.184 23260.2 106140 
76492 144.184 23270.3 106200 
76523 144.185 23280.2 106590 
76556 144.185 23290.2 106590 
76590 144.185 23300.1 106530 
76626 144.185 23310.1 106410 
76659 144.185 23320.1 106980 
76693 144.185 23330 106560 
76728 144.185 23340.3 106140 
76762 144.185 23350.1 105990 
76799 144.185 23360.2 106860 
76834 144.185 23370 106380 
76866 144.185 23380 106770 
76897 144.185 23390.5 106590 
76931 144.185 23400.4 106320 
76965 144.185 23410.1 106770 
76995 144.185 23420.2 106590 
77019 144.185 23430.3 106590 
77050 144.185 23440.2 106620 
77088 144.185 23450.2 106350 
77120 144.185 23460.4 106860 
77154 144.185 23470 106530 
77184 144.185 23480.1 106770 
77219 144.185 23490.2 106170 
77255 144.185 23500.1 106260 
77292 144.185 23510.2 106410 
77328 144.185 23520 106410 
77360 144.185 23530 106710 
77399 144.185 23540.1 106380 
77435 144.185 23550.1 106800 
77470 144.185 23560.1 106710 
77504 144.185 23570.1 106200 
77536 144.185 23580.1 106470 
77567 144.185 23590 106440 
77603 144.185 23600.2 105570 
77636 144.185 23610.1 106800 
77666 144.185 23620.1 106470 
77696 144.186 23630.3 106740 
77728 144.186 23640.2 105930 
77763 144.186 23650 106590 
77798 144.186 23660.2 106500 
77830 144.186 23670.2 106680 
77863 144.186 23680 106440 
77896 144.186 23690.1 106380 
