# Avida Average Data
# Fri Jun 15 12:58:45 2018
#  1: Update
#  2: Merit
#  3: Gestation Time
#  4: Fitness
#  5: Repro Rate?
#  6: (deprecated) Size
#  7: Copied Size
#  8: Executed Size
#  9: (deprecated) Abundance
# 10: Proportion of organisms that gave birth in this update
# 11: Proportion of Breed True Organisms
# 12: (deprecated) Genotype Depth
# 13: Generation
# 14: Neutral Metric
# 15: Lineage Label
# 16: True Replication Rate (based on births/update, time-averaged)

0 97 389 0 0 0 100 97 0 1 1 0 0 0 0 0 
100 96.8583 388.969 0.248985 0 0 100.433 96.8583 0 0 0 0 6.99213 1.96227 0 0 
200 96.5636 388.761 0.248307 0 0 100.407 96.5658 0 0.0308333 0.0211111 0 14.8897 1.79569 0 0 
300 96.5367 388.931 0.248092 0 0 100.666 96.5386 0 0.0813889 0.05 0 22.6219 2.08185 0 0 
400 96.6533 389.751 0.247957 0 0 100.976 96.7078 0 0.0616667 0.04 0 30.3269 2.23563 0 0 
500 96.8114 388.532 0.249463 0 0 101.302 96.895 0 0.0430556 0.0294444 0 38.0697 2.74967 0 0.166088 
600 98.2072 389.039 0.253994 0 0 102.603 98.3489 0 0.0519444 0.0283333 0 46.1789 3.14893 0 0.165786 
700 98.5822 376.084 0.266633 0 0 103.231 98.9353 0 0.0558333 0.0377778 0 55.3853 2.67522 0 0.167289 
800 98.6306 349.564 0.289678 0 0 103.096 98.8617 0 0.0516667 0.0311111 0 66.7881 1.85829 0 0.170536 
900 98.6619 322.251 0.312321 0 0 103.305 98.7433 0 0.0580556 0.0358333 0 79.4239 0.870119 0 0.176188 
1000 99.0756 307.92 0.326836 0 0 103.669 99.1872 0 0.06 0.0408333 0 92.055 0.873438 0 0.183192 
1100 99.1275 301.485 0.33303 0 0 103.891 99.23 0 0.0744444 0.0483333 0 103.567 0.721788 0 0.191125 
1200 99.3956 302.933 0.333805 0 0 104.105 99.4981 0 0.0597222 0.0361111 0 114.035 0.972781 0 0.19828 
1300 101.059 305.906 0.335852 0 0 105.412 101.06 0 0.0763889 0.0527778 0 124.431 1.0975 0 0.203938 
1400 101.314 305.601 0.336851 0 0 105.937 101.445 0 0.0675 0.0475 0 134.833 -0.143282 0 0.207618 
1500 101.209 303.765 0.337159 0 0 105.868 101.236 0 0.0491667 0.0330556 0 145.099 0.36934 0 0.209435 
1600 100.022 298.561 0.338734 0 0 104.61 100.108 0 0.0575 0.0375 0 155.432 -0.48852 0 0.210248 
1700 98.4428 295.089 0.337967 0 0 103.201 98.4428 0 0.0647222 0.0452778 0 165.951 -1.04938 0 0.21112 
1800 98.925 296.296 0.339229 0 0 103.449 98.9256 0 0.0672222 0.0427778 0 176.435 -1.70311 0 0.211573 
1900 99.5211 295.129 0.341022 0 0 103.839 99.5344 0 0.0661111 0.0461111 0 186.881 -0.0743333 0 0.21199 
2000 100.277 298.145 0.340546 0 0 104.821 100.329 0 0.0605556 0.04 0 197.295 0.274614 0 0.21234 
2100 99.7733 297.158 0.341135 0 0 104.116 99.7733 0 0.0647222 0.0436111 0 207.749 1.14099 0 0.212764 
2200 100.118 297.891 0.34124 0 0 104.535 100.312 0 0.0622222 0.0444444 0 218.133 1.03858 0 0.212803 
2300 99.2433 293.23 0.342537 0 0 103.72 99.2969 0 0.06 0.0391667 0 228.679 1.20649 0 0.213599 
2400 101.494 296.558 0.348605 0 0 104.09 99.635 0 0.0711111 0.0463889 0 239.521 2.97466 0 0.213539 
2500 163.507 283.976 0.582869 0 0 101.722 97.9786 0 0.0672222 0.0458333 0 258.696 2.35166 0 0.226397 
2600 184.046 280.36 0.660287 0 0 100.779 97.1186 0 0.0608333 0.0416667 0 273.717 2.95487 0 0.26295 
2700 185.452 281.407 0.664815 0 0 100.819 97.1597 0 0.0586111 0.0430556 0 285.356 3.69612 0 0.302623 
2800 186.233 280.979 0.668002 0 0 100.859 97.2908 0 0.0655556 0.045 0 296.904 3.55692 0 0.342442 
2900 184.526 282.773 0.661209 0 0 100.781 97.0111 0 0.0736111 0.0513889 0 308.266 3.7057 0 0.381758 
3000 186.599 280.184 0.670956 0 0 100.803 97.0019 0 0.0666667 0.0463889 0 319.818 3.83263 0 0.410165 
3100 185.331 280.941 0.666172 0 0 100.832 96.8764 0 0.0691667 0.0427778 0 331.009 6.34865 0 0.414084 
3200 185.859 281.977 0.66547 0 0 101.092 97.3047 0 0.0538889 0.0377778 0 342.28 7.69902 0 0.415108 
3300 185.855 282.624 0.665575 0 0 101.271 97.3353 0 0.0694444 0.0466667 0 353.633 7.56013 0 0.415151 
3400 185.345 281.789 0.665813 0 0 101 97.0611 0 0.0605556 0.0419444 0 364.907 8.68056 0 0.416491 
3500 185.696 284.049 0.665939 0 0 101.056 97.025 0 0.0711111 0.0527778 0 376.327 9.64336 0 0.416035 
3600 186.225 279.192 0.672164 0 0 101.132 97.2328 0 0.0602778 0.0422222 0 387.783 12.3817 0 0.417319 
3700 185.89 281.334 0.670256 0 0 101.237 97.3378 0 0.0752778 0.0525 0 399.16 13.8931 0 0.418242 
3800 186.441 281.877 0.671589 0 0 101.416 97.3339 0 0.0644444 0.0455556 0 410.499 14.8631 0 0.420213 
3900 186.614 283.834 0.670515 0 0 101.418 97.4686 0 0.0694444 0.045 0 421.74 18.4691 0 0.421054 
4000 188.008 283.756 0.6756 0 0 101.634 97.8467 0 0.0683333 0.0433333 0 433.18 18.8097 0 0.42227 
4100 187.594 286.026 0.67315 0 0 101.62 97.7294 0 0.0691667 0.0505556 0 444.493 21.3429 0 0.422474 
4200 188.749 284.913 0.67723 0 0 101.814 97.8472 0 0.0680556 0.0469444 0 455.868 23.9742 0 0.422981 
4300 188.443 285.695 0.675467 0 0 101.893 98.0408 0 0.0636111 0.0466667 0 467.161 25.8336 0 0.423079 
4400 189.02 284.09 0.678927 0 0 101.956 98.0319 0 0.0622222 0.0430556 0 478.322 26.5544 0 0.423765 
4500 190.072 283.405 0.683462 0 0 102.167 98.2792 0 0.0625 0.0438889 0 489.664 28.7889 0 0.424786 
4600 187.536 284.469 0.674676 0 0 102.069 98.0556 0 0.0677778 0.045 0 500.984 31.8128 0 0.426268 
4700 190.789 279.358 0.690678 0 0 102.217 98.2589 0 0.0791667 0.0563889 0 512.193 36.2684 0 0.427131 
4800 191.05 280.533 0.692621 0 0 102.295 98.2953 0 0.0744444 0.0533333 0 523.704 36.8608 0 0.429163 
4900 191.158 282.765 0.69526 0 0 102.447 98.6042 0 0.0655556 0.0447222 0 535.596 40.3322 0 0.431003 
5000 193.002 276.157 0.718088 0 0 102.619 98.8164 0 0.0708333 0.0491667 0 548.37 42.6264 0 0.434381 
5100 192.451 264.345 0.746519 0 0 102.707 98.7642 0 0.0675 0.0452778 0 563.131 47.2089 0 0.439257 
5200 192.191 251.887 0.778066 0 0 102.765 98.9397 0 0.0769444 0.0569444 0 579.078 52.1732 0 0.448066 
5300 192.739 244.07 0.799829 0 0 102.857 99.0267 0 0.0822222 0.0569444 0 594.344 55.4287 0 0.459365 
5400 194.632 237.837 0.821678 0 0 103.131 99.3589 0 0.08 0.0572222 0 609.225 58.3131 0 0.472661 
5500 192.945 237.554 0.819164 0 0 103.215 99.3078 0 0.0741667 0.0502778 0 622.966 59.9596 0 0.485464 
5600 194.235 235.224 0.831338 0 0 103.334 99.5736 0 0.0797222 0.0594444 0 637.249 61.0527 0 0.497136 
5700 193.448 233.576 0.835045 0 0 103.484 99.5792 0 0.0855556 0.0583333 0 651.562 62.8911 0 0.505836 
5800 193.976 230.975 0.847929 0 0 103.76 99.7056 0 0.0866667 0.0597222 0 666.403 66.7815 0 0.512741 
5900 194.135 230.476 0.853343 0 0 104.129 99.8614 0 0.085 0.0594444 0 681.336 68.097 0 0.518468 
6000 194.996 228.821 0.860543 0 0 104.204 100.012 0 0.0775 0.055 0 695.759 70.2484 0 0.523598 
6100 194.419 227.35 0.862871 0 0 104.409 100.074 0 0.0891667 0.0633333 0 710.403 69.895 0 0.527963 
6200 194.793 227.051 0.865501 0 0 104.414 100.166 0 0.0836111 0.0594444 0 724.527 71.0758 0 0.532271 
6300 194.093 226.867 0.863199 0 0 104.327 99.9167 0 0.0858333 0.0613889 0 738.384 73.2816 0 0.534364 
6400 195.016 226.935 0.868023 0 0 104.313 99.9444 0 0.0705556 0.0461111 0 752.564 72.5005 0 0.536827 
6500 195.209 226.971 0.869323 0 0 104.516 100.208 0 0.08 0.0566667 0 766.609 73.1812 0 0.537448 
6600 194.889 227.384 0.867903 0 0 104.474 100.14 0 0.0752778 0.0516667 0 780.7 71.3941 0 0.538312 
6700 195.096 230.012 0.865067 0 0 104.308 99.9764 0 0.0794444 0.0572222 0 794.878 70.6471 0 0.538422 
6800 195.842 226.399 0.873518 0 0 104.362 100.179 0 0.0791667 0.055 0 809.206 69.888 0 0.538996 
6900 194.806 227.073 0.868182 0 0 104.384 100.2 0 0.0794444 0.0544444 0 823.655 69.7416 0 0.539385 
7000 194.327 226.29 0.868111 0 0 104.329 100.152 0 0.0808333 0.0608333 0 837.874 68.3852 0 0.53947 
7100 195.573 225.61 0.87511 0 0 104.481 100.302 0 0.0780556 0.0541667 0 852.508 69.76 0 0.539997 
7200 195.137 226.513 0.872344 0 0 104.532 100.31 0 0.0936111 0.0663889 0 866.654 69.3917 0 0.541199 
7300 193.538 226.331 0.865719 0 0 104.557 100.331 0 0.0861111 0.0594444 0 881.087 68.0025 0 0.542195 
7400 195.037 226.078 0.872932 0 0 104.446 100.218 0 0.0791667 0.0558333 0 895.461 68.2125 0 0.542081 
7500 195.012 224.616 0.874617 0 0 104.566 100.415 0 0.0875 0.0641667 0 909.794 70.5183 0 0.542921 
7600 195.688 224.365 0.878084 0 0 104.608 100.362 0 0.075 0.055 0 924.088 69.5321 0 0.543397 
7700 194.792 223.353 0.875722 0 0 104.562 100.31 0 0.0725 0.0502778 0 938.345 70.9375 0 0.54313 
7800 195.381 225.478 0.8777 0 0 104.537 100.136 0 0.0711111 0.0494444 0 952.416 70.2001 0 0.543082 
7900 195.366 225.244 0.878052 0 0 104.459 99.9494 0 0.0875 0.0633333 0 966.811 70.2998 0 0.542636 
8000 195.46 225.684 0.878221 0 0 104.512 100.126 0 0.0911111 0.0619444 0 980.933 71.5147 0 0.542399 
8100 195.314 224.849 0.879778 0 0 104.448 99.935 0 0.0802778 0.0558333 0 995.249 68.3413 0 0.542072 
8200 194.985 224.512 0.878048 0 0 104.357 99.8289 0 0.0913889 0.0622222 0 1009.56 68.5931 0 0.542745 
8300 195.71 224.306 0.881111 0 0 104.364 100.047 0 0.0713889 0.0519444 0 1023.76 68.3192 0 0.543234 
8400 195.797 224.773 0.880752 0 0 104.376 100.062 0 0.0825 0.0577778 0 1038.47 65.9008 0 0.544872 
8500 196.046 224.413 0.882096 0 0 104.41 100.023 0 0.0902778 0.0644444 0 1052.61 64.2217 0 0.545476 
8600 196.287 225.24 0.882 0 0 104.531 100.15 0 0.0830556 0.0569444 0 1066.72 64.2223 0 0.545985 
8700 195.034 227.421 0.875026 0 0 104.43 99.9294 0 0.0902778 0.0566667 0 1080.78 61.5393 0 0.545701 
8800 195.601 225.397 0.879343 0 0 104.562 100.148 0 0.0855556 0.0580556 0 1095.2 59.4435 0 0.544429 
8900 195.842 226.248 0.880521 0 0 104.489 100.168 0 0.0747222 0.0497222 0 1109.39 59.0205 0 0.543788 
9000 195.546 226.706 0.878072 0 0 104.359 100.229 0 0.0825 0.0555556 0 1123.83 58.1987 0 0.544085 
9100 195.928 224.028 0.884565 0 0 104.563 100.087 0 0.0836111 0.0588889 0 1137.83 59.2697 0 0.544094 
9200 195.99 224.984 0.884669 0 0 104.578 100.052 0 0.0855556 0.0591667 0 1151.95 61.7476 0 0.54527 
9300 194.265 224.974 0.876398 0 0 104.481 99.9228 0 0.0775 0.0533333 0 1165.96 60.9362 0 0.54732 
9400 196.072 225.216 0.883946 0 0 104.57 100.023 0 0.0944444 0.0638889 0 1180.08 63.2588 0 0.547655 
9500 195.312 222.672 0.884706 0 0 104.607 99.9906 0 0.0819444 0.0552778 0 1193.87 66.2925 0 0.548461 
9600 194.702 224.654 0.879494 0 0 104.687 99.8025 0 0.0827778 0.0536111 0 1207.84 67.3633 0 0.548866 
9700 195.563 225.691 0.883003 0 0 104.845 100.08 0 0.0766667 0.0544444 0 1221.88 70.9561 0 0.548197 
9800 195.222 222.265 0.884567 0 0 104.783 99.8208 0 0.0675 0.0458333 0 1236 73.4202 0 0.547946 
9900 194.994 225.158 0.881805 0 0 105.065 100.002 0 0.08 0.0527778 0 1250.22 76.7157 0 0.548138 
10000 195.608 221.947 0.888469 0 0 104.998 100.022 0 0.0894444 0.0605556 0 1264.39 77.4493 0 0.548187 
10100 195.491 221.64 0.889671 0 0 104.953 99.8494 0 0.0952778 0.0663889 0 1278.52 79.6869 0 0.548404 
10200 194.918 223.666 0.885359 0 0 105.126 99.9808 0 0.0808333 0.0533333 0 1292.27 79.4775 0 0.549392 
10300 196.065 225.249 0.891526 0 0 105.251 100.077 0 0.0869444 0.0566667 0 1306.53 80.7673 0 0.550189 
10400 195.364 220.042 0.891822 0 0 105.298 99.8033 0 0.0802778 0.0555556 0 1320.57 81.7574 0 0.550297 
10500 196.189 223.544 0.894014 0 0 105.458 99.9261 0 0.0852778 0.0608333 0 1334.7 83.0723 0 0.55063 
10600 195.119 219.65 0.89237 0 0 105.29 99.8197 0 0.0919444 0.0658333 0 1348.96 84.3328 0 0.551935 
10700 194.696 220.516 0.891522 0 0 105.333 99.615 0 0.0875 0.0605556 0 1363.19 83.9339 0 0.551772 
10800 194.998 219.964 0.893335 0 0 105.489 99.8586 0 0.0863889 0.0577778 0 1377.79 86.0983 0 0.551393 
10900 194.984 220.473 0.89359 0 0 105.413 99.5586 0 0.1 0.0708333 0 1392.22 87.9224 0 0.552218 
11000 195.656 218.531 0.898874 0 0 105.509 99.7278 0 0.0794444 0.0522222 0 1406.38 88.0447 0 0.552599 
11100 194.087 219.097 0.891669 0 0 105.562 99.6883 0 0.085 0.0569444 0 1420.49 88.7324 0 0.552102 
11200 193.597 220.113 0.889937 0 0 105.489 99.5797 0 0.0905556 0.0602778 0 1435.12 88.188 0 0.553188 
11300 196.098 218.581 0.903326 0 0 105.558 99.7397 0 0.0961111 0.0658333 0 1449.67 87.2084 0 0.554438 
11400 196.471 217.614 0.905231 0 0 105.511 99.9144 0 0.0777778 0.0511111 0 1464.18 85.5808 0 0.555838 
11500 196.102 220.877 0.901488 0 0 105.541 99.9747 0 0.0897222 0.0641667 0 1478.82 82.6267 0 0.556646 
11600 196.606 219.319 0.905516 0 0 105.541 100.017 0 0.0927778 0.0669444 0 1493.86 81.2239 0 0.557915 
11700 196.24 219.269 0.90413 0 0 105.542 99.9925 0 0.0866667 0.0622222 0 1508.53 79.9839 0 0.558477 
11800 196.384 219.379 0.90363 0 0 105.673 100.272 0 0.0788889 0.0558333 0 1523.17 77.0774 0 0.559381 
11900 196.695 218.446 0.906605 0 0 105.616 100.375 0 0.0783333 0.0538889 0 1538.33 74.308 0 0.559328 
12000 196.964 217.816 0.91228 0 0 105.581 100.287 0 0.0891667 0.0597222 0 1553.85 72.7089 0 0.560253 
12100 197.779 217.236 0.916739 0 0 105.55 100.392 0 0.0858333 0.0619444 0 1568.98 69.7082 0 0.562236 
12200 196.462 217.369 0.91275 0 0 105.597 100.513 0 0.0908333 0.0627778 0 1584.05 67.525 0 0.562758 
12300 197.587 219.149 0.915816 0 0 105.739 100.674 0 0.0866667 0.0591667 0 1598.99 67.0216 0 0.563605 
12400 198.214 216.692 0.922449 0 0 105.642 100.722 0 0.101667 0.0691667 0 1614.21 63.252 0 0.565196 
12500 198.388 216.762 0.923988 0 0 105.664 100.767 0 0.0780556 0.0538889 0 1629.39 60.8128 0 0.567305 
12600 197.049 217.454 0.916219 0 0 105.804 101.064 0 0.085 0.0561111 0 1644.26 59.2047 0 0.567 
12700 198.079 216.636 0.922871 0 0 105.745 101.013 0 0.0875 0.0611111 0 1659.27 58.6436 0 0.568408 
12800 199.082 215.873 0.928275 0 0 105.78 100.943 0 0.0902778 0.0627778 0 1674.28 56.1042 0 0.569818 
12900 198.681 216.392 0.925291 0 0 105.744 100.984 0 0.0927778 0.0641667 0 1688.85 57.2659 0 0.56981 
13000 198.104 217.564 0.920559 0 0 105.778 101.091 0 0.0836111 0.0561111 0 1704.03 56.1384 0 0.569554 
13100 198.678 220.404 0.920243 0 0 105.753 101.114 0 0.0875 0.0586111 0 1718.55 55.2803 0 0.570009 
13200 198.07 218.216 0.91966 0 0 105.816 101.062 0 0.08 0.0566667 0 1733.15 50.1665 0 0.570198 
13300 199.154 217.556 0.924947 0 0 105.788 100.983 0 0.0866667 0.0572222 0 1748.02 47.658 0 0.569138 
13400 198.461 220.307 0.920552 0 0 105.636 100.835 0 0.0819444 0.0583333 0 1762.86 50.6368 0 0.569645 
13500 198.882 218.898 0.924292 0 0 105.821 101.178 0 0.0863889 0.0605556 0 1777.59 52.888 0 0.569624 
13600 197.881 217.445 0.920828 0 0 105.755 100.975 0 0.0936111 0.0672222 0 1791.82 53.8516 0 0.570479 
13700 199.157 218.877 0.92402 0 0 105.819 101.403 0 0.0888889 0.0636111 0 1807.31 56.5198 0 0.570818 
13800 199.983 218.433 0.928159 0 0 105.82 101.37 0 0.0786111 0.0538889 0 1821.89 58.9125 0 0.572508 
13900 198.932 216.879 0.924712 0 0 105.829 101.257 0 0.0788889 0.0577778 0 1836.7 58.8599 0 0.572802 
14000 199.286 219.582 0.922855 0 0 105.856 101.38 0 0.0925 0.0655556 0 1851.19 56.7145 0 0.572759 
14100 199.162 219.328 0.923491 0 0 105.793 101.353 0 0.0794444 0.0533333 0 1865.96 56.0686 0 0.57181 
14200 198.274 218.755 0.920482 0 0 105.805 101.137 0 0.0841667 0.0608333 0 1880.59 58.9588 0 0.572027 
14300 199.267 219.253 0.922515 0 0 105.757 101.156 0 0.0838889 0.0575 0 1895.07 61.4625 0 0.570718 
14400 198.133 219.219 0.916913 0 0 105.769 101.299 0 0.0913889 0.0625 0 1909.41 66.1083 0 0.570728 
14500 198.739 220.532 0.919203 0 0 105.776 101.392 0 0.0880556 0.0647222 0 1924.06 67.346 0 0.570418 
14600 198.552 221.212 0.917438 0 0 105.87 101.154 0 0.0808333 0.0544444 0 1938.34 68.843 0 0.57065 
14700 199.416 220.167 0.920972 0 0 105.901 101.536 0 0.0741667 0.0511111 0 1953.24 66.9607 0 0.570378 
14800 200.396 219.289 0.925268 0 0 105.971 101.676 0 0.0986111 0.0691667 0 1967.96 68.291 0 0.570001 
14900 199.519 218.841 0.921281 0 0 105.985 101.725 0 0.0877778 0.065 0 1982.28 70.4616 0 0.569965 
15000 198.54 219.333 0.91586 0 0 105.956 101.659 0 0.0730556 0.0483333 0 1996.66 73.0676 0 0.570218 
15100 199.673 220.82 0.920167 0 0 105.889 101.485 0 0.0894444 0.0638889 0 2011.18 73.093 0 0.569567 
15200 199.269 218.959 0.922039 0 0 105.92 101.687 0 0.0905556 0.0602778 0 2025.72 70.8052 0 0.569515 
15300 199.251 221.151 0.919112 0 0 105.789 101.564 0 0.0972222 0.0688889 0 2040.12 70.3963 0 0.570434 
15400 199.873 219.737 0.922973 0 0 105.959 101.573 0 0.0936111 0.0616667 0 2054.62 73.6963 0 0.570117 
15500 199.373 219.805 0.921203 0 0 105.989 101.695 0 0.095 0.0677778 0 2069.66 75.5552 0 0.569833 
15600 199.607 219.614 0.922046 0 0 105.98 101.567 0 0.0869444 0.0591667 0 2084.02 77.5668 0 0.571319 
15700 199.111 220.044 0.918074 0 0 105.827 101.401 0 0.0847222 0.0605556 0 2098.41 81.2017 0 0.570885 
15800 199.258 220.646 0.918138 0 0 105.877 101.708 0 0.0958333 0.0727778 0 2112.35 78.5161 0 0.570906 
15900 199.441 222.423 0.917053 0 0 105.882 101.512 0 0.0844444 0.0552778 0 2126.92 77.7526 0 0.571357 
16000 199.663 219.83 0.919856 0 0 105.895 101.69 0 0.0847222 0.0552778 0 2141.22 80.2463 0 0.571695 
16100 199.724 223.011 0.91649 0 0 105.878 101.869 0 0.0763889 0.0533333 0 2155.68 81.9588 0 0.570937 
16200 199.832 222.977 0.916913 0 0 105.949 101.831 0 0.0861111 0.0594444 0 2170.43 82.5868 0 0.570594 
16300 199.558 223.59 0.916264 0 0 105.867 101.811 0 0.0766667 0.0525 0 2184.64 83.1708 0 0.570642 
16400 200.643 221.751 0.923814 0 0 105.777 101.801 0 0.0861111 0.0597222 0 2199.72 87.2928 0 0.57052 
16500 200.759 221.106 0.924513 0 0 105.777 101.902 0 0.0833333 0.0561111 0 2214.4 93.2196 0 0.571015 
16600 200.393 222.686 0.921566 0 0 105.646 101.873 0 0.0908333 0.0608333 0 2229.14 93.4411 0 0.571257 
16700 200.695 221.972 0.921262 0 0 105.786 102.078 0 0.0761111 0.0552778 0 2243.47 93.8472 0 0.572248 
16800 200.937 224.543 0.921836 0 0 105.826 102.074 0 0.0938889 0.0647222 0 2258.36 95.5185 0 0.570973 
16900 200.629 220.728 0.922558 0 0 105.859 102.278 0 0.0888889 0.0619444 0 2272.93 95.9722 0 0.571595 
17000 200.714 223.218 0.919246 0 0 105.932 102.181 0 0.0761111 0.0513889 0 2287.32 96.8497 0 0.571641 
17100 200.054 220.771 0.917441 0 0 105.903 102.002 0 0.0669444 0.045 0 2301.6 101.46 0 0.572142 
17200 200.891 222.595 0.920678 0 0 105.846 102.106 0 0.0733333 0.0475 0 2316.42 105.932 0 0.572398 
17300 201.167 222.141 0.922202 0 0 105.987 102.359 0 0.0913889 0.0630556 0 2331.29 109.818 0 0.573146 
17400 201.574 220.095 0.926385 0 0 106.075 102.454 0 0.0830556 0.0577778 0 2345.82 109.936 0 0.572997 
17500 202.021 221.054 0.928954 0 0 106.187 102.611 0 0.101667 0.0694444 0 2360.48 114.487 0 0.573466 
17600 202.011 223.861 0.925663 0 0 106.268 102.555 0 0.0825 0.0555556 0 2374.91 115.387 0 0.573087 
17700 201.439 223.606 0.922605 0 0 106.164 102.487 0 0.0783333 0.0544444 0 2389.51 118.753 0 0.572588 
17800 202.289 223.904 0.926429 0 0 106.341 102.823 0 0.0822222 0.0572222 0 2403.92 121.859 0 0.572539 
17900 202.192 221.743 0.926432 0 0 106.352 102.882 0 0.0819444 0.0566667 0 2418.58 124.337 0 0.572554 
18000 202.15 224.539 0.923869 0 0 106.331 102.889 0 0.0947222 0.0594444 0 2432.94 127.614 0 0.572041 
18100 202.299 222.052 0.927028 0 0 106.293 102.859 0 0.0852778 0.0575 0 2447.39 129.841 0 0.572401 
18200 203.277 220.598 0.931795 0 0 106.573 103.247 0 0.0819444 0.0580556 0 2462.18 132.653 0 0.573506 
18300 202.993 224.924 0.925099 0 0 106.503 103.157 0 0.0805556 0.0525 0 2476.66 134.751 0 0.574662 
18400 202.536 223.948 0.924073 0 0 106.543 103.078 0 0.0872222 0.0663889 0 2491.03 137.701 0 0.57446 
18500 203.184 225.451 0.92645 0 0 106.575 103.013 0 0.0913889 0.0608333 0 2505.31 140.324 0 0.574869 
18600 202.374 224.029 0.923757 0 0 106.519 103.021 0 0.0730556 0.0505556 0 2519.69 144.217 0 0.574305 
18700 202.213 224.11 0.924378 0 0 106.31 102.762 0 0.0891667 0.0611111 0 2534.17 147.884 0 0.573577 
18800 202.055 224.108 0.922678 0 0 106.257 102.881 0 0.0825 0.0580556 0 2547.93 147.47 0 0.573489 
18900 202.958 223.661 0.926707 0 0 106.314 102.918 0 0.0738889 0.0480556 0 2562.1 146.934 0 0.573822 
19000 202.747 223.341 0.926461 0 0 106.445 102.957 0 0.0966667 0.0647222 0 2576.75 148.38 0 0.573147 
19100 201.704 222.301 0.924134 0 0 106.554 102.955 0 0.0794444 0.0497222 0 2591.48 152.155 0 0.573898 
19200 201.948 223.438 0.924241 0 0 106.441 102.837 0 0.0813889 0.0586111 0 2606.27 155.858 0 0.574131 
19300 202.096 225.468 0.921974 0 0 106.521 102.927 0 0.0783333 0.0541667 0 2620.91 157.375 0 0.573691 
19400 201.898 222.269 0.925766 0 0 106.598 102.989 0 0.0786111 0.0533333 0 2635.68 158.876 0 0.57372 
19500 202.435 224.108 0.927377 0 0 106.679 103.17 0 0.0933333 0.0652778 0 2650.34 159.737 0 0.574213 
19600 202.323 222.869 0.928971 0 0 106.371 102.785 0 0.0794444 0.0558333 0 2665.08 162.972 0 0.574648 
19700 202.388 220.432 0.93079 0 0 106.585 103 0 0.0833333 0.0583333 0 2679.91 165.127 0 0.57531 
19800 202.284 222.593 0.926908 0 0 106.609 103.204 0 0.0877778 0.0563889 0 2694.61 169.706 0 0.575614 
19900 202.686 222.449 0.92784 0 0 106.424 102.998 0 0.0886111 0.0630556 0 2708.73 168.803 0 0.575482 
20000 202.142 223.26 0.925414 0 0 106.556 103.103 0 0.0761111 0.0536111 0 2723.35 170.569 0 0.575083 
20100 202.28 225.646 0.922081 0 0 106.558 103.215 0 0.0836111 0.0569444 0 2737.78 171.97 0 0.57408 
20200 202.261 224.33 0.923579 0 0 106.562 103.188 0 0.0866667 0.0613889 0 2752.17 171.887 0 0.573572 
20300 202.407 225.392 0.922682 0 0 106.549 103.279 0 0.0997222 0.0663889 0 2766.59 169.453 0 0.574222 
20400 201.748 223.048 0.924086 0 0 106.489 103.216 0 0.0925 0.0644444 0 2781 167.139 0 0.574401 
20500 202.494 222.869 0.927131 0 0 106.589 103.421 0 0.0830556 0.0536111 0 2795.91 168.048 0 0.575255 
20600 202.54 223.906 0.925581 0 0 106.582 103.355 0 0.0875 0.06 0 2810.85 170.379 0 0.575771 
20700 202.527 224.539 0.924657 0 0 106.761 103.418 0 0.085 0.0555556 0 2825.72 173.363 0 0.575931 
20800 202.78 226.016 0.926333 0 0 106.676 103.189 0 0.0911111 0.0572222 0 2840.36 173.618 0 0.575282 
20900 202.488 226.816 0.922033 0 0 106.704 103.438 0 0.0811111 0.055 0 2855.05 173.619 0 0.575781 
21000 203.435 224.705 0.927918 0 0 106.681 103.399 0 0.0761111 0.0527778 0 2869.47 172.978 0 0.575854 
21100 202.474 227.76 0.918904 0 0 106.838 103.366 0 0.085 0.0577778 0 2883.66 172.388 0 0.575625 
21200 202.765 225.256 0.924147 0 0 106.65 103.294 0 0.0763889 0.0547222 0 2897.99 173.04 0 0.575448 
21300 203.287 224.687 0.926205 0 0 106.691 103.218 0 0.0872222 0.0558333 0 2912.45 173.306 0 0.575192 
21400 203.746 224.241 0.928419 0 0 106.732 103.309 0 0.0716667 0.0525 0 2926.69 171.185 0 0.575083 
21500 202.841 224.708 0.924788 0 0 106.831 103.341 0 0.0825 0.0594444 0 2940.5 168.936 0 0.57464 
21600 203.281 226.556 0.924728 0 0 106.864 103.335 0 0.09 0.0591667 0 2954.8 170.299 0 0.574347 
21700 203.479 225.128 0.925957 0 0 106.795 103.377 0 0.0825 0.0575 0 2969.46 170.154 0 0.574205 
21800 202.711 224.518 0.924357 0 0 106.584 103.096 0 0.0916667 0.0616667 0 2983.83 170.617 0 0.574907 
21900 202.296 224.48 0.920075 0 0 106.848 103.549 0 0.0913889 0.0622222 0 2998.45 166.442 0 0.574078 
22000 202.008 226.013 0.918308 0 0 106.914 103.348 0 0.0786111 0.0561111 0 3013.15 166.505 0 0.573563 
22100 202.126 225.871 0.918612 0 0 106.802 103.435 0 0.0855556 0.0566667 0 3027.32 164.353 0 0.573556 
22200 203.599 228.352 0.922497 0 0 106.946 103.457 0 0.0775 0.0538889 0 3042.37 166.818 0 0.573109 
22300 202.034 224.773 0.920753 0 0 106.83 103.207 0 0.0833333 0.0575 0 3057.06 170.24 0 0.572129 
22400 202.194 225.182 0.922003 0 0 106.868 103.308 0 0.0908333 0.0625 0 3071.62 169.654 0 0.572631 
22500 203.157 227.144 0.922872 0 0 106.911 103.583 0 0.0869444 0.0594444 0 3086.29 169.296 0 0.572998 
22600 202.614 224.851 0.92283 0 0 106.854 103.419 0 0.0797222 0.0536111 0 3100.89 172.094 0 0.574456 
22700 202.558 224.348 0.923816 0 0 106.753 103.242 0 0.0836111 0.0575 0 3115.18 171.607 0 0.575224 
22800 203.692 225.684 0.924799 0 0 107.023 103.676 0 0.0952778 0.0686111 0 3129.97 172.488 0 0.575906 
22900 204.338 225.077 0.928006 0 0 106.946 103.653 0 0.0772222 0.0511111 0 3144.69 172.44 0 0.576412 
23000 203.519 225.355 0.926352 0 0 106.85 103.389 0 0.0863889 0.0591667 0 3159.78 175.375 0 0.577007 
23100 204.535 224.641 0.931191 0 0 106.997 103.66 0 0.0805556 0.0547222 0 3173.8 174.089 0 0.576324 
23200 203.93 222.936 0.929557 0 0 106.931 103.556 0 0.0902778 0.0641667 0 3187.92 173.529 0 0.576736 
23300 203.083 223.922 0.925576 0 0 106.891 103.37 0 0.0725 0.05 0 3202.91 176.262 0 0.576912 
23400 203.549 225.874 0.924712 0 0 107.123 103.802 0 0.0886111 0.0661111 0 3217.37 175.991 0 0.575772 
23500 205.04 224.645 0.932955 0 0 107.174 103.869 0 0.0869444 0.0591667 0 3231.93 175.719 0 0.575106 
23600 203.986 226.276 0.926815 0 0 107.165 103.869 0 0.0866667 0.06 0 3246.43 176.683 0 0.574971 
23700 203.739 228.116 0.925108 0 0 107.191 103.684 0 0.0808333 0.0566667 0 3261.22 177.213 0 0.574536 
23800 204.057 223.704 0.929841 0 0 107.183 103.713 0 0.0788889 0.0497222 0 3275.84 176.989 0 0.574637 
23900 203.217 225.891 0.923356 0 0 107.389 103.82 0 0.0836111 0.0591667 0 3289.7 177.937 0 0.575065 
24000 204.337 225.452 0.92883 0 0 107.414 103.571 0 0.0894444 0.06 0 3304.67 179.403 0 0.574792 
24100 204.052 223.53 0.92983 0 0 107.476 103.779 0 0.0883333 0.0633333 0 3319.32 178.398 0 0.574816 
24200 204.819 223.037 0.933194 0 0 107.682 103.96 0 0.0786111 0.0538889 0 3334.03 179.454 0 0.575226 
24300 205.319 224.587 0.932935 0 0 107.821 104.066 0 0.0797222 0.0580556 0 3349.5 180.978 0 0.575522 
24400 204.619 226.309 0.928418 0 0 107.66 103.964 0 0.0844444 0.0566667 0 3364.04 181.613 0 0.575882 
24500 205.34 222.744 0.934505 0 0 107.857 104.222 0 0.0736111 0.0502778 0 3378.99 183.926 0 0.577286 
24600 204.72 223.52 0.933355 0 0 107.703 103.89 0 0.0797222 0.0536111 0 3393.91 184.261 0 0.578146 
24700 205.433 222.101 0.936854 0 0 107.877 104.27 0 0.0872222 0.0622222 0 3408.06 185.89 0 0.578804 
24800 205.424 224.796 0.932725 0 0 107.957 104.344 0 0.0875 0.0594444 0 3423 186.31 0 0.579525 
24900 204.995 221.891 0.93603 0 0 107.916 104.054 0 0.0861111 0.0608333 0 3436.98 186.002 0 0.580467 
25000 205.983 223.227 0.937529 0 0 108.147 104.361 0 0.0863889 0.0586111 0 3451.54 187.164 0 0.580263 
25100 204.781 223.111 0.932399 0 0 107.978 104.271 0 0.0794444 0.0586111 0 3465.72 188.75 0 0.580192 
25200 206.306 224.149 0.938419 0 0 108.184 104.479 0 0.0869444 0.0580556 0 3480.32 191.201 0 0.579613 
25300 206.094 227.899 0.930375 0 0 108.387 104.719 0 0.0908333 0.0658333 0 3493.88 190.976 0 0.578733 
25400 206.388 222.733 0.936309 0 0 108.289 104.557 0 0.0947222 0.0619444 0 3508.43 190.17 0 0.577853 
25500 205.68 228.189 0.931542 0 0 108.073 104.375 0 0.0927778 0.0655556 0 3522.44 192.361 0 0.577878 
25600 205.76 224.548 0.93487 0 0 107.86 104.196 0 0.0838889 0.0583333 0 3536.72 192.85 0 0.577718 
25700 205.201 224.236 0.930727 0 0 107.825 104.228 0 0.0836111 0.0572222 0 3550.81 191.646 0 0.578161 
25800 205.868 224.801 0.934214 0 0 108.023 104.322 0 0.0894444 0.0663889 0 3565.2 191.151 0 0.578045 
25900 205.628 224.593 0.932169 0 0 108.078 104.377 0 0.0852778 0.0588889 0 3579.29 192.795 0 0.578876 
26000 204.533 221.627 0.932025 0 0 107.998 104.169 0 0.0791667 0.0555556 0 3593.44 196.409 0 0.578681 
26100 205.133 223.294 0.933439 0 0 107.999 104.156 0 0.0780556 0.055 0 3607.9 194.112 0 0.578025 
26200 205.537 223.885 0.934956 0 0 108.01 104.143 0 0.0786111 0.0530556 0 3622.36 193.727 0 0.577787 
26300 205.306 224.443 0.934591 0 0 107.951 103.968 0 0.0841667 0.0622222 0 3637 195.027 0 0.577756 
26400 204.053 224.623 0.929115 0 0 107.831 103.669 0 0.0977778 0.07 0 3651.5 195.111 0 0.577135 
26500 204.627 225.535 0.929028 0 0 108.186 104.095 0 0.0911111 0.0652778 0 3665.86 196.791 0 0.577336 
26600 204.809 225.011 0.930005 0 0 108.197 103.896 0 0.0852778 0.06 0 3680.41 195.63 0 0.577665 
26700 204.317 224.072 0.928336 0 0 107.866 103.682 0 0.0802778 0.0541667 0 3694.48 197.002 0 0.5775 
26800 204.789 224.512 0.929572 0 0 107.957 103.754 0 0.0852778 0.0583333 0 3708.52 196.529 0 0.577604 
26900 204.407 226.49 0.925459 0 0 107.873 103.868 0 0.0780556 0.0552778 0 3722.58 195.985 0 0.577007 
27000 204.04 225.522 0.923591 0 0 107.73 103.607 0 0.0811111 0.0577778 0 3736.35 197.766 0 0.575878 
27100 204.784 225.016 0.927844 0 0 108.057 103.898 0 0.0769444 0.0525 0 3750.87 196.777 0 0.57554 
27200 204.761 223.955 0.930558 0 0 108.021 103.769 0 0.0744444 0.0508333 0 3765.5 195.227 0 0.574769 
27300 203.666 227.953 0.9217 0 0 107.919 103.467 0 0.0836111 0.055 0 3780.02 197.379 0 0.574193 
27400 204.422 224.716 0.92647 0 0 107.943 103.612 0 0.0897222 0.0602778 0 3794.32 198.45 0 0.573773 
27500 205.384 225.459 0.931338 0 0 108.111 104.086 0 0.0883333 0.0563889 0 3808.86 198.778 0 0.573855 
27600 204.962 223.944 0.932678 0 0 107.919 103.78 0 0.0891667 0.0605556 0 3823.05 199.783 0 0.573932 
27700 204.791 225.501 0.929694 0 0 108.043 103.794 0 0.0813889 0.0536111 0 3837.47 199.337 0 0.57522 
27800 204.194 222.676 0.930323 0 0 107.942 103.63 0 0.0863889 0.0627778 0 3851.38 197.011 0 0.576186 
27900 204.02 223.347 0.928306 0 0 107.905 103.601 0 0.0836111 0.0608333 0 3865.57 198.287 0 0.576602 
28000 203.713 224.326 0.925297 0 0 107.787 103.629 0 0.0941667 0.0633333 0 3879.46 198.576 0 0.577211 
28100 202.99 225.644 0.921158 0 0 107.882 103.377 0 0.0841667 0.0566667 0 3893.74 196.787 0 0.576878 
28200 204.676 224.38 0.928493 0 0 107.856 103.687 0 0.0875 0.0588889 0 3908.28 195.186 0 0.575225 
28300 204.674 225.626 0.928282 0 0 107.948 103.764 0 0.0891667 0.0613889 0 3922.99 192.875 0 0.574663 
28400 204.653 226.659 0.925264 0 0 108.024 103.937 0 0.0922222 0.0625 0 3937.39 193.856 0 0.574823 
28500 204.697 222.573 0.932754 0 0 108.139 103.83 0 0.0969444 0.0680556 0 3951.92 194.207 0 0.575054 
28600 204.324 223.313 0.929517 0 0 108.195 103.893 0 0.0819444 0.0588889 0 3966.43 198.46 0 0.57552 
28700 204.656 222.573 0.932809 0 0 108.195 103.747 0 0.0877778 0.0580556 0 3980.66 196.405 0 0.576468 
28800 204.88 223.31 0.931715 0 0 108.281 103.724 0 0.0913889 0.0611111 0 3995.2 196.221 0 0.57616 
28900 204.939 222.077 0.932026 0 0 108.496 104.274 0 0.0816667 0.0566667 0 4009.99 198.632 0 0.577493 
29000 205.629 222.167 0.934452 0 0 108.684 104.708 0 0.0819444 0.0536111 0 4024.45 199.783 0 0.577712 
29100 205.9 222.995 0.934682 0 0 108.672 104.491 0 0.0938889 0.0652778 0 4038.8 198.054 0 0.578095 
29200 206.434 225.501 0.935227 0 0 108.774 104.848 0 0.0841667 0.0602778 0 4053.17 199.099 0 0.577666 
29300 207.841 223.382 0.942384 0 0 108.854 105.072 0 0.0922222 0.0616667 0 4067.51 199.19 0 0.578353 
29400 206.593 224.444 0.935679 0 0 108.929 104.925 0 0.0783333 0.0583333 0 4081.68 198.884 0 0.577594 
29500 207.211 223.636 0.940235 0 0 108.904 104.93 0 0.0913889 0.0619444 0 4095.97 198.064 0 0.577411 
29600 207.769 227.412 0.938352 0 0 109.182 105.319 0 0.0886111 0.0613889 0 4110.52 200.19 0 0.578257 
29700 208.792 224.911 0.943154 0 0 109.394 105.693 0 0.0816667 0.0544444 0 4124.79 200.706 0 0.579066 
29800 208.031 224.205 0.939947 0 0 109.439 105.618 0 0.0891667 0.0591667 0 4138.68 201.109 0 0.579013 
29900 207.787 228.727 0.934524 0 0 109.568 105.626 0 0.0886111 0.0627778 0 4152.93 201.303 0 0.578858 
30000 208.772 225.139 0.942362 0 0 109.859 105.993 0 0.0880556 0.06 0 4167.37 200.945 0 0.578688 
30100 208.512 225.62 0.939989 0 0 109.967 105.927 0 0.0855556 0.0583333 0 4181.85 199.545 0 0.578244 
30200 208.124 226.191 0.93733 0 0 110.078 106.028 0 0.0775 0.0566667 0 4196 199.328 0 0.578592 
30300 209.5 229.797 0.938747 0 0 110.399 106.56 0 0.0908333 0.0608333 0 4210.27 198.412 0 0.579275 
30400 209.843 226.161 0.943407 0 0 110.246 106.407 0 0.08 0.0547222 0 4224.22 199.301 0 0.579952 
30500 209.866 228.273 0.940792 0 0 110.551 106.79 0 0.0880556 0.0644444 0 4238.61 199.449 0 0.58107 
30600 209.584 228.705 0.937421 0 0 110.574 106.724 0 0.0752778 0.0472222 0 4252.89 197.725 0 0.581536 
30700 211.046 229.138 0.942443 0 0 110.946 107.167 0 0.0766667 0.0494444 0 4266.72 193.675 0 0.581507 
30800 211.789 230.788 0.943613 0 0 111.008 107.234 0 0.0897222 0.0591667 0 4280.95 193.911 0 0.581987 
30900 211.52 228.257 0.943675 0 0 111.202 107.326 0 0.0797222 0.0522222 0 4295.04 195.226 0 0.582452 
31000 212.357 228.851 0.946952 0 0 110.945 107.356 0 0.0658333 0.0427778 0 4309.32 195.306 0 0.58293 
31100 211.983 229.313 0.944506 0 0 111.055 107.452 0 0.0802778 0.0544444 0 4323.27 194.326 0 0.583735 
31200 211.527 228.666 0.942705 0 0 111.177 107.573 0 0.0719444 0.0491667 0 4337.21 193.894 0 0.583902 
31300 212.924 227.045 0.951282 0 0 111.324 107.765 0 0.0766667 0.0522222 0 4351.18 189.885 0 0.584247 
31400 212.826 229.195 0.948769 0 0 111.197 107.532 0 0.0683333 0.0438889 0 4364.9 191.12 0 0.584767 
31500 212.046 226.027 0.949293 0 0 111.23 107.45 0 0.0905556 0.0636111 0 4378.83 189.338 0 0.58503 
31600 211.629 228.787 0.943178 0 0 111.261 107.289 0 0.0775 0.0530556 0 4392.73 192.906 0 0.585067 
31700 212.161 229.371 0.944831 0 0 111.269 107.382 0 0.0769444 0.0536111 0 4406.65 193.362 0 0.584954 
31800 212.372 230.41 0.943797 0 0 111.446 107.522 0 0.0780556 0.0522222 0 4420.54 188.241 0 0.58475 
31900 212.699 231.548 0.943784 0 0 111.847 107.724 0 0.0825 0.0561111 0 4434.51 185.748 0 0.584677 
32000 213.171 231.194 0.94383 0 0 111.77 107.896 0 0.0827778 0.0544444 0 4448.49 185.41 0 0.583912 
32100 213.286 227.766 0.948693 0 0 111.974 108.058 0 0.0916667 0.0608333 0 4462.91 186.437 0 0.583484 
32200 213.498 228.813 0.946991 0 0 112.031 108.171 0 0.0788889 0.0544444 0 4476.86 187.283 0 0.58478 
32300 213.88 232.253 0.945302 0 0 112.036 108.315 0 0.0861111 0.0538889 0 4490.81 187.388 0 0.584976 
32400 212.923 230.801 0.941652 0 0 112.02 108.265 0 0.0836111 0.0580556 0 4504.66 185.493 0 0.584809 
32500 213.822 230.45 0.945447 0 0 112.001 108.21 0 0.0766667 0.0536111 0 4518.71 189.497 0 0.585619 
32600 213.861 232.125 0.943066 0 0 112.232 108.381 0 0.0827778 0.0536111 0 4532.56 191.113 0 0.58528 
32700 213.233 230.812 0.941067 0 0 112.311 108.374 0 0.0688889 0.0486111 0 4546.46 188.96 0 0.583913 
32800 213.631 234.776 0.941 0 0 112.321 108.403 0 0.0816667 0.0552778 0 4560.64 186.269 0 0.583446 
32900 213.282 230.487 0.944729 0 0 111.779 108.092 0 0.0855556 0.0575 0 4574.38 187.367 0 0.583836 
33000 214.028 232.219 0.945329 0 0 111.972 108.382 0 0.0766667 0.0502778 0 4588.69 187.091 0 0.583242 
33100 213.741 234.159 0.941725 0 0 111.924 108.186 0 0.0875 0.0575 0 4602.14 185.075 0 0.582378 
33200 213.987 232.532 0.943964 0 0 112.386 108.603 0 0.0955556 0.0577778 0 4616.11 185.983 0 0.583112 
33300 213.743 231.848 0.94166 0 0 112.41 108.466 0 0.0819444 0.0525 0 4630.53 186.724 0 0.583236 
33400 214.254 231.778 0.945545 0 0 112.566 108.629 0 0.0880556 0.0633333 0 4644.79 187.42 0 0.582873 
33500 214.461 235.037 0.94204 0 0 112.76 108.717 0 0.075 0.0480556 0 4658.45 186.057 0 0.582971 
33600 213.99 233.669 0.940583 0 0 112.858 108.81 0 0.0819444 0.0558333 0 4672.66 185.945 0 0.584451 
33700 215.108 232.632 0.945021 0 0 113.26 108.906 0 0.0741667 0.0472222 0 4686.39 181.945 0 0.584767 
33800 215.422 231.798 0.946342 0 0 113.234 109.113 0 0.0719444 0.0444444 0 4700.33 182.66 0 0.584668 
33900 215.871 235.141 0.943518 0 0 113.091 109.073 0 0.0844444 0.0538889 0 4714.14 181.246 0 0.583565 
34000 215.66 231.735 0.948005 0 0 113.008 109.12 0 0.0822222 0.0561111 0 4728.4 179.803 0 0.583243 
34100 216.104 234.697 0.945861 0 0 113.287 109.526 0 0.0958333 0.0658333 0 4742.68 181.909 0 0.582988 
34200 216.105 233.917 0.948044 0 0 113.288 109.439 0 0.07 0.0427778 0 4756.71 183.55 0 0.583917 
34300 215.572 231.26 0.948449 0 0 113.234 109.157 0 0.0841667 0.0527778 0 4770.79 184.625 0 0.584126 
34400 215.858 232.166 0.947788 0 0 113.171 109.399 0 0.0794444 0.0566667 0 4784.67 186.553 0 0.585525 
34500 215.468 233.564 0.945234 0 0 113.129 109.326 0 0.085 0.0580556 0 4798.53 187.812 0 0.586169 
34600 216.79 233.679 0.949176 0 0 113.069 109.434 0 0.0702778 0.05 0 4812.51 186.859 0 0.586058 
34700 215.481 233 0.947074 0 0 112.938 109.254 0 0.0841667 0.0572222 0 4826.85 188.723 0 0.585521 
34800 214.815 231.38 0.945864 0 0 113.022 108.999 0 0.0758333 0.0516667 0 4840.25 186.802 0 0.586337 
34900 215.914 231.939 0.949012 0 0 112.922 109.338 0 0.0813889 0.055 0 4854.25 186.993 0 0.58714 
35000 215.374 229.618 0.950958 0 0 112.691 109.201 0 0.0813889 0.0594444 0 4868.63 188.792 0 0.586888 
35100 215.661 233.857 0.945555 0 0 112.98 109.458 0 0.0958333 0.0630556 0 4882.27 186.947 0 0.587079 
35200 215.906 233.256 0.947559 0 0 112.739 109.27 0 0.0791667 0.0511111 0 4896.07 185.697 0 0.586764 
35300 215.762 232.66 0.94753 0 0 112.766 109.334 0 0.0725 0.0513889 0 4909.58 186.808 0 0.586498 
35400 215.248 233.352 0.946304 0 0 112.676 109.29 0 0.085 0.06 0 4923.07 185.878 0 0.585176 
35500 215.981 235.492 0.94455 0 0 112.759 109.295 0 0.0863889 0.06 0 4936.83 186.907 0 0.584626 
35600 216.083 232.802 0.949831 0 0 112.836 109.252 0 0.0691667 0.0486111 0 4950.84 189.051 0 0.584794 
35700 215.204 235.658 0.941735 0 0 112.763 108.949 0 0.0875 0.0580556 0 4964.48 188.725 0 0.584608 
35800 215.401 233.282 0.944767 0 0 112.927 108.943 0 0.0869444 0.0577778 0 4978.13 188.281 0 0.583397 
35900 215.331 235.652 0.943207 0 0 112.913 109.08 0 0.0738889 0.0519444 0 4992.2 188.95 0 0.58284 
36000 215.434 233.767 0.945646 0 0 112.647 109.149 0 0.0869444 0.0625 0 5005.35 184.845 0 0.583416 
36100 215.442 233.059 0.944982 0 0 112.676 109.128 0 0.0861111 0.0569444 0 5018.73 182.502 0 0.581965 
36200 216.165 231.55 0.950907 0 0 113.065 109.368 0 0.0802778 0.0541667 0 5032.4 186.482 0 0.581928 
36300 214.424 234.278 0.940659 0 0 112.718 108.857 0 0.0858333 0.0572222 0 5046.21 187.796 0 0.58189 
36400 214.443 234.08 0.94097 0 0 112.672 108.862 0 0.0766667 0.0505556 0 5059.75 187.928 0 0.582356 
36500 215.123 233.452 0.945334 0 0 112.733 109.156 0 0.0833333 0.0586111 0 5073.78 188.612 0 0.581682 
36600 215.388 232.869 0.94352 0 0 112.998 109.432 0 0.0827778 0.0544444 0 5087.39 189.821 0 0.581795 
36700 214.699 234.266 0.940368 0 0 112.881 109.078 0 0.0727778 0.0458333 0 5101.06 189.528 0 0.580973 
36800 215.816 236.054 0.941782 0 0 113.074 109.233 0 0.0813889 0.0508333 0 5114.61 188.371 0 0.580954 
36900 214.996 233.3 0.941544 0 0 112.825 109.089 0 0.0858333 0.0647222 0 5128.27 190.314 0 0.580673 
37000 215.91 235.093 0.94239 0 0 113.012 109.289 0 0.0719444 0.0480556 0 5141.71 190.404 0 0.580156 
37100 215.206 233.441 0.9394 0 0 113.081 109.182 0 0.0802778 0.0547222 0 5155.64 193.159 0 0.580763 
37200 217.307 235.155 0.943593 0 0 113.339 109.562 0 0.0744444 0.0494444 0 5169.15 188.415 0 0.581211 
37300 215.763 235.676 0.939646 0 0 113.011 109.325 0 0.0855556 0.0572222 0 5183.18 189.54 0 0.581494 
37400 215.76 235.54 0.94036 0 0 113.216 109.563 0 0.0847222 0.0547222 0 5196.97 193.123 0 0.581186 
37500 216.649 237.595 0.94224 0 0 113.298 109.647 0 0.0944444 0.0602778 0 5210.79 197.797 0 0.581416 
37600 216.882 233.422 0.944319 0 0 113.563 109.731 0 0.0869444 0.0586111 0 5224.33 202.771 0 0.581174 
37700 217.504 237.606 0.939194 0 0 114.058 110.078 0 0.0755556 0.0452778 0 5237.55 210.268 0 0.580018 
37800 217.511 237.986 0.937963 0 0 114.344 110.218 0 0.0936111 0.0672222 0 5251.04 209.494 0 0.579257 
37900 216.16 234.844 0.939766 0 0 113.317 109.546 0 0.0855556 0.0575 0 5265.39 209.539 0 0.578883 
38000 215.705 236.466 0.936419 0 0 113.251 109.248 0 0.08 0.0563889 0 5279.33 210.751 0 0.579191 
38100 216.562 236.071 0.940183 0 0 113.521 109.565 0 0.0919444 0.0583333 0 5293.42 207.453 0 0.578377 
38200 215.309 233.395 0.940032 0 0 113.292 108.99 0 0.08 0.0525 0 5307.04 208.193 0 0.578908 
38300 215.327 235.087 0.936951 0 0 113.552 109.148 0 0.075 0.05 0 5320.81 205.039 0 0.578782 
38400 216.581 237.335 0.939155 0 0 113.743 109.347 0 0.0825 0.0541667 0 5334.55 203.12 0 0.578471 
38500 216.303 234.976 0.939714 0 0 113.871 109.457 0 0.0844444 0.0505556 0 5348.03 205.491 0 0.57767 
38600 216.002 234.581 0.940873 0 0 113.615 109.338 0 0.0883333 0.0591667 0 5361.46 205.553 0 0.578862 
38700 215.439 233.588 0.939001 0 0 113.443 109.238 0 0.0802778 0.0555556 0 5375.03 207.917 0 0.579088 
38800 215.488 232.424 0.940429 0 0 113.517 109.318 0 0.0788889 0.055 0 5389.26 206.102 0 0.579525 
38900 215.737 233.357 0.939593 0 0 113.713 109.27 0 0.0811111 0.0563889 0 5403.35 206.022 0 0.579771 
39000 216.319 233.67 0.942833 0 0 113.626 109.472 0 0.0722222 0.0502778 0 5416.94 209.9 0 0.579389 
39100 216.888 232.166 0.94435 0 0 113.959 109.791 0 0.0752778 0.0486111 0 5430.45 212.755 0 0.578126 
39200 217.29 234.478 0.944979 0 0 113.892 109.982 0 0.0738889 0.0511111 0 5443.9 217.246 0 0.577185 
39300 216.404 234.793 0.941137 0 0 113.851 109.796 0 0.0755556 0.0483333 0 5457.24 219.954 0 0.577381 
39400 216.511 233.464 0.942576 0 0 113.84 109.954 0 0.0758333 0.0536111 0 5471.07 221.49 0 0.577085 
39500 216.181 236.6 0.940055 0 0 113.752 109.761 0 0.0791667 0.0566667 0 5484.69 218.351 0 0.577632 
39600 217.303 231.876 0.949063 0 0 113.895 109.943 0 0.0719444 0.0516667 0 5498.8 222.188 0 0.578595 
39700 216.008 234.165 0.94205 0 0 113.456 109.367 0 0.0702778 0.0483333 0 5512.61 215.195 0 0.579577 
39800 215.128 233.332 0.939811 0 0 113.281 109.407 0 0.0858333 0.0616667 0 5526.12 219.382 0 0.578917 
39900 215.92 232.432 0.943735 0 0 113.367 109.429 0 0.0863889 0.0594444 0 5540.62 219.741 0 0.579448 
40000 214.914 235.394 0.93601 0 0 113.172 109.214 0 0.0763889 0.0530556 0 5554.03 221.146 0 0.580041 
40100 215.968 233.723 0.942604 0 0 113.272 109.349 0 0.0755556 0.0536111 0 5567.69 221.76 0 0.579203 
40200 215.736 235.959 0.937241 0 0 113.468 109.315 0 0.0791667 0.0522222 0 5581.07 217.404 0 0.578658 
40300 216.154 235.575 0.940192 0 0 113.692 109.549 0 0.0819444 0.0555556 0 5594.79 219.264 0 0.5785 
40400 215.918 233.694 0.941652 0 0 113.46 109.318 0 0.0819444 0.0566667 0 5608.1 216.022 0 0.579484 
40500 215.57 234.766 0.938866 0 0 113.554 109.493 0 0.0869444 0.0594444 0 5622.18 217.451 0 0.57886 
40600 214.843 232.974 0.937515 0 0 113.623 109.373 0 0.0825 0.055 0 5635.87 213.709 0 0.578053 
40700 215.506 232.136 0.941893 0 0 113.61 109.457 0 0.0775 0.0519444 0 5649.78 209.423 0 0.578234 
40800 216.599 232.905 0.944814 0 0 113.858 109.596 0 0.0772222 0.0502778 0 5663.45 211.486 0 0.579009 
40900 215.329 233.268 0.939031 0 0 113.638 109.419 0 0.0841667 0.0586111 0 5677.73 213.303 0 0.577303 
41000 214.967 233.198 0.940808 0 0 113.457 109.199 0 0.0780556 0.0544444 0 5691.56 210.317 0 0.57764 
41100 215.187 233.206 0.938934 0 0 113.569 109.372 0 0.0713889 0.0483333 0 5705 211.339 0 0.578319 
41200 215.828 231.368 0.943792 0 0 113.544 109.438 0 0.0713889 0.0488889 0 5719.42 211.174 0 0.578543 
41300 215.75 231.942 0.944963 0 0 113.61 109.591 0 0.0822222 0.0566667 0 5733.3 208.785 0 0.578731 
41400 216.876 234.39 0.944673 0 0 113.891 109.965 0 0.0725 0.0513889 0 5746.5 210.658 0 0.580441 
41500 217.123 232.839 0.948989 0 0 113.708 109.671 0 0.0763889 0.0513889 0 5760.38 212.689 0 0.581009 
41600 216.916 232.322 0.94712 0 0 113.813 109.961 0 0.0752778 0.0472222 0 5774.05 213.398 0 0.582678 
41700 216.369 234.366 0.941732 0 0 113.904 109.743 0 0.0763889 0.0491667 0 5787.6 216.223 0 0.582867 
41800 217.339 236.177 0.945857 0 0 114.14 110.109 0 0.0747222 0.0502778 0 5801.88 215.068 0 0.582299 
41900 217.52 234.167 0.948763 0 0 113.916 110.092 0 0.0908333 0.0602778 0 5816.23 214.176 0 0.581408 
42000 217.567 230.649 0.952516 0 0 114.082 110.263 0 0.0686111 0.0466667 0 5829.87 215.861 0 0.582115 
42100 217.291 233.769 0.945401 0 0 114.221 110.3 0 0.0758333 0.0488889 0 5843.66 217.685 0 0.581401 
42200 218.252 232.871 0.950747 0 0 114.543 110.583 0 0.0752778 0.0491667 0 5857.5 217.989 0 0.581941 
42300 217.745 234.407 0.94764 0 0 114.5 110.676 0 0.0888889 0.0580556 0 5871.15 214.455 0 0.582402 
42400 217.818 233.788 0.949001 0 0 114.505 110.643 0 0.0761111 0.0505556 0 5885.19 213.086 0 0.583533 
42500 217.471 234.159 0.947708 0 0 114.23 110.555 0 0.0788889 0.0530556 0 5899.05 210.045 0 0.582438 
42600 218.034 231.634 0.9537 0 0 114.194 110.391 0 0.0822222 0.0538889 0 5912.65 207.094 0 0.583022 
42700 217.691 235.699 0.948254 0 0 114.156 110.381 0 0.0863889 0.0580556 0 5926.3 208.252 0 0.582779 
42800 218.163 232.859 0.951599 0 0 114.326 110.557 0 0.0813889 0.0502778 0 5939.99 210.25 0 0.582981 
42900 218.096 233.795 0.949803 0 0 114.249 110.623 0 0.0758333 0.0508333 0 5953.5 210.533 0 0.582964 
43000 218.369 234.999 0.949963 0 0 114.37 110.71 0 0.0872222 0.0594444 0 5967.19 210.825 0 0.583536 
43100 217.673 233.232 0.948435 0 0 114.177 110.464 0 0.0755556 0.0497222 0 5980.73 209.311 0 0.58376 
43200 218.039 234.663 0.948361 0 0 114.369 110.44 0 0.0844444 0.0538889 0 5994.31 207.079 0 0.583744 
43300 217.232 235.825 0.943251 0 0 114.042 110.293 0 0.0744444 0.0505556 0 6007.88 209.319 0 0.582845 
43400 217.551 233.111 0.945209 0 0 114.276 110.647 0 0.0766667 0.0511111 0 6021.47 209.269 0 0.582276 
43500 218.006 234.807 0.944649 0 0 114.492 110.532 0 0.0825 0.0563889 0 6034.89 208.624 0 0.582075 
43600 217.879 234.551 0.9456 0 0 114.502 110.757 0 0.0916667 0.0644444 0 6048.28 208.475 0 0.580965 
43700 218.773 233.349 0.949737 0 0 114.41 111.004 0 0.0788889 0.0558333 0 6062.07 207.042 0 0.580772 
43800 218.888 234.356 0.949964 0 0 114.386 110.968 0 0.0658333 0.0466667 0 6075.72 209.435 0 0.58178 
43900 218.929 235.281 0.947861 0 0 114.509 110.993 0 0.0755556 0.0508333 0 6089.37 211.367 0 0.581704 
44000 218.953 233.171 0.949461 0 0 114.574 111.054 0 0.0769444 0.0508333 0 6102.6 214.372 0 0.582156 
44100 218.918 236.621 0.943908 0 0 114.761 111.199 0 0.0708333 0.0483333 0 6116.61 217.705 0 0.582756 
44200 218.657 235.724 0.946327 0 0 114.775 111.252 0 0.0875 0.0622222 0 6131.01 218.664 0 0.582403 
44300 219.311 237.321 0.945853 0 0 114.935 111.334 0 0.0713889 0.0488889 0 6144.94 222.504 0 0.582909 
44400 219.866 239.511 0.94527 0 0 115.25 111.506 0 0.0783333 0.0527778 0 6157.83 224.581 0 0.582982 
44500 219.662 238.208 0.945405 0 0 115.273 111.472 0 0.0808333 0.055 0 6171.06 224.274 0 0.582391 
44600 220.683 235.662 0.951615 0 0 115.469 111.509 0 0.08 0.0536111 0 6185.21 227.332 0 0.582216 
44700 219.708 236.478 0.945728 0 0 115.731 111.483 0 0.0772222 0.0519444 0 6198.81 231.947 0 0.582242 
44800 220.493 237.962 0.947132 0 0 115.931 111.6 0 0.0702778 0.0452778 0 6212.32 228.676 0 0.581676 
44900 219.746 238.411 0.945352 0 0 115.855 111.472 0 0.0769444 0.0547222 0 6226.04 228.261 0 0.582541 
45000 220.353 239.288 0.943665 0 0 116.319 111.837 0 0.0827778 0.0544444 0 6239.27 229.124 0 0.582972 
45100 220.05 239.002 0.94538 0 0 115.864 111.421 0 0.0758333 0.0502778 0 6252.87 232.227 0 0.582505 
45200 219.041 238.779 0.941529 0 0 115.911 111.336 0 0.0627778 0.0430556 0 6266.72 231.844 0 0.582904 
45300 220.096 239.649 0.945557 0 0 116.17 111.676 0 0.0830556 0.0555556 0 6280.7 234.806 0 0.582463 
45400 220.538 238.014 0.946536 0 0 116.45 111.748 0 0.0772222 0.0508333 0 6294.22 236.538 0 0.58143 
45500 219.936 237.155 0.94412 0 0 116.753 111.927 0 0.0822222 0.0552778 0 6307.67 240.103 0 0.581576 
45600 221.16 236.546 0.949474 0 0 117.172 111.936 0 0.0702778 0.05 0 6320.91 243.274 0 0.582093 
45700 220.208 238.662 0.943917 0 0 117.01 111.904 0 0.0858333 0.0575 0 6333.87 242.736 0 0.582638 
45800 219.652 237.984 0.94233 0 0 116.703 111.738 0 0.0761111 0.0491667 0 6347.21 242.295 0 0.583911 
45900 221.163 237.058 0.949591 0 0 116.748 112.007 0 0.0952778 0.0616667 0 6361.19 242.682 0 0.584787 
46000 220.683 238.381 0.945991 0 0 116.829 112.187 0 0.075 0.0508333 0 6374.81 241.701 0 0.58565 
46100 219.974 237.77 0.945022 0 0 116.814 111.818 0 0.0805556 0.0522222 0 6388.38 242.512 0 0.585878 
46200 220.096 237.534 0.945977 0 0 116.58 111.817 0 0.0775 0.0519444 0 6402.24 242.981 0 0.585804 
46300 220.972 238.333 0.948771 0 0 116.795 111.829 0 0.0813889 0.0561111 0 6416.04 242.524 0 0.585611 
46400 221.56 236.83 0.950884 0 0 117.035 112.017 0 0.0830556 0.0547222 0 6429.87 241.553 0 0.585418 
46500 220.387 239.621 0.944297 0 0 117.093 112.048 0 0.0863889 0.0558333 0 6443.93 242.21 0 0.584962 
46600 221.269 236.225 0.952678 0 0 116.783 112.128 0 0.0819444 0.0525 0 6458.29 242.745 0 0.585417 
46700 221.318 234.249 0.953232 0 0 117.064 112.232 0 0.0838889 0.0544444 0 6471.59 243.867 0 0.586055 
46800 222.047 238.634 0.952509 0 0 117.231 112.298 0 0.0825 0.0533333 0 6485.39 245.345 0 0.586467 
46900 221.025 237.371 0.947702 0 0 117.445 112.153 0 0.0747222 0.05 0 6498.49 247.075 0 0.587436 
47000 221.878 235.943 0.952483 0 0 117.465 112.478 0 0.0869444 0.0588889 0 6512.54 245.229 0 0.587799 
47100 221.51 240.622 0.946401 0 0 117.672 112.395 0 0.0813889 0.0563889 0 6526.97 242.929 0 0.588587 
47200 222.534 239.384 0.950242 0 0 117.793 112.575 0 0.075 0.0463889 0 6540.37 243.512 0 0.588482 
47300 222.062 238.597 0.951354 0 0 117.544 112.231 0 0.0822222 0.0541667 0 6553.9 244.087 0 0.58947 
47400 222.215 239.074 0.951866 0 0 117.571 112.491 0 0.0794444 0.0541667 0 6567.76 245.287 0 0.589487 
47500 221.715 238.115 0.948477 0 0 117.639 112.421 0 0.0819444 0.0530556 0 6581.17 247.286 0 0.589461 
47600 221.166 240.571 0.9455 0 0 117.696 112.369 0 0.0772222 0.0480556 0 6594.77 245.686 0 0.588695 
47700 221.353 236.809 0.949717 0 0 117.669 112.504 0 0.0758333 0.045 0 6608.76 244.432 0 0.588875 
47800 221.058 238.554 0.945071 0 0 117.646 112.392 0 0.0836111 0.0561111 0 6622.19 243.949 0 0.587401 
47900 221.831 239.283 0.945748 0 0 118.14 112.888 0 0.0844444 0.0561111 0 6636.33 242.107 0 0.586971 
48000 223.227 237.515 0.953982 0 0 118.387 112.92 0 0.0752778 0.0502778 0 6650.02 246.065 0 0.586944 
48100 222.137 237.214 0.949728 0 0 118.185 112.832 0 0.0722222 0.0463889 0 6663.34 247.615 0 0.586878 
48200 222.163 239.701 0.9459 0 0 118.358 112.87 0 0.0758333 0.0525 0 6676.69 247.459 0 0.586756 
48300 222.181 241.636 0.944679 0 0 118.567 112.962 0 0.0891667 0.0561111 0 6690.8 248.715 0 0.587215 
48400 222.124 240.769 0.94462 0 0 118.641 113.081 0 0.0813889 0.055 0 6704.3 248.961 0 0.586783 
48500 224.518 239.732 0.952797 0 0 119.178 113.571 0 0.0830556 0.0541667 0 6718.01 247.155 0 0.586526 
48600 223.254 239.269 0.947375 0 0 119.263 113.266 0 0.0783333 0.0483333 0 6731.12 249.687 0 0.587082 
48700 221.322 240.507 0.940505 0 0 118.724 112.972 0 0.08 0.0519444 0 6744.23 249.729 0 0.587833 
48800 224.022 239.341 0.951397 0 0 118.803 113.017 0 0.0936111 0.0613889 0 6757.62 250.876 0 0.588149 
48900 222.589 241.089 0.944519 0 0 118.619 113.034 0 0.0708333 0.0441667 0 6770.63 250.479 0 0.588314 
49000 222.194 239.822 0.944806 0 0 118.639 112.984 0 0.0933333 0.0594444 0 6784.34 252.584 0 0.588729 
49100 222.959 238.825 0.949179 0 0 118.499 112.925 0 0.08 0.05 0 6798.05 251.311 0 0.588297 
49200 223.196 241.446 0.944214 0 0 119.004 113.404 0 0.075 0.0466667 0 6811.64 249.006 0 0.586963 
49300 223.256 240.009 0.945156 0 0 118.986 113.226 0 0.0761111 0.0436111 0 6824.73 250.696 0 0.586795 
49400 223.648 242.31 0.945769 0 0 118.865 113.586 0 0.0772222 0.0525 0 6838.43 247.839 0 0.587394 
49500 223.597 241.909 0.944117 0 0 119.093 113.526 0 0.0855556 0.0541667 0 6851.34 251.615 0 0.586766 
49600 224.726 240.276 0.951193 0 0 119.014 113.77 0 0.0755556 0.0486111 0 6865.25 251.286 0 0.586803 
49700 223.527 241.381 0.945283 0 0 119.139 113.529 0 0.0855556 0.0566667 0 6878.16 253.618 0 0.587327 
49800 223.247 241.313 0.941693 0 0 119.259 113.765 0 0.0772222 0.0533333 0 6891.25 254.919 0 0.586471 
49900 223.356 240.899 0.943043 0 0 119.144 113.333 0 0.0819444 0.0544444 0 6904.1 253.61 0 0.585702 
50000 223.89 240.116 0.944723 0 0 119.398 113.736 0 0.0691667 0.0452778 0 6917.97 252.253 0 0.586313 
