# Avida Dominant Data
# Fri Jun 15 12:58:45 2018
#  1: Update
#  2: Average Merit of the Dominant Genotype
#  3: Average Gestation Time of the Dominant Genotype
#  4: Average Fitness of the Dominant Genotype
#  5: Repro Rate?
#  6: Size of Dominant Genotype
#  7: Copied Size of Dominant Genotype
#  8: Executed Size of Dominant Genotype
#  9: Abundance of Dominant Genotype
# 10: Number of Births
# 11: Number of Dominant Breed True?
# 12: Dominant Gene Depth
# 13: Dominant Breed In
# 14: Max Fitness?
# 15: Genotype ID of Dominant Genotype
# 16: Name of the Dominant Genotype

0 0 0 0 0 100 0 0 1 0 0 0 0 2.22507e-308 1 100-aaaaa 
100 97 389 0.249357 0.00257069 100 100 0 36 0 0 0 0 0.249357 1 100-aaaaa 
200 97 389 0.249357 0.00257069 100 99.9994 0 326 26 20 0 0 0.249357 1 100-aaaaa 
300 97 389 0.249357 0.00257069 100 99.9997 0 100 9 8 0 0 0.249357 1 100-aaaaa 
400 97 389 0.249357 0.00257069 100 99.9997 0 47 0 0 0 0 0.249357 1 100-aaaaa 
500 98 291 0.33677 0.00343643 101 100.939 0 24 0 0 2 0 0.33677 11821 101-aaavy 
600 98 291 0.33677 0.00343643 101 100.977 0 27 2 0 2 0 0.33677 11821 101-aaavy 
700 98 291 0.33677 0.00343643 101 100.988 0 47 3 3 2 0 0.33677 11821 101-aaavy 
800 98 291 0.33677 0.00343643 101 100.991 0 30 6 5 2 0 0.33677 11821 101-aaavy 
900 99 291 0.340206 0.00343643 102 101.999 0 32 2 2 3 0 0.340206 18062 102-aaamq 
1000 98 286 0.342657 0.0034965 101 101 0 25 1 1 6 0 0.342657 37165 101-aaccp 
1100 99 291 0.340206 0.00343643 102 101.978 0 19 7 6 4 0 0.340206 37761 102-aabbh 
1200 100 290 0.344828 0.00344828 103 103 0 18 0 0 6 0 0.344828 50873 103-aaait 
1300 98 289 0.3391 0.00346021 101 101 0 22 3 3 8 0 0.3391 62826 101-aaede 
1400 102 295 0.345763 0.00338983 105 105 0 18 2 2 10 0 0.345763 70881 105-aaaky 
1500 98 282 0.347518 0.0035461 101 101 0 23 0 0 15 0 0.347518 82831 101-aafqx 
1600 98 286 0.342657 0.0034965 101 101 0 20 0 0 9 0 0.342657 84418 101-aafun 
1700 98 286 0.342657 0.0034965 101 101 0 22 3 1 11 0 0.342657 83897 101-aafrk 
1800 98 289 0.3391 0.00346021 101 101 0 20 3 1 8 0 0.3391 75416 101-aafiw 
1900 96 283 0.339223 0.00353357 101 101 0 25 2 0 12 0 0.339223 99560 101-aagwx 
2000 98 283 0.34629 0.00353357 101 101 0 23 1 1 15 0 0.34629 83132 101-aafqc 
2100 98 288 0.340278 0.00347222 101 101 0 20 0 0 7 0 0.340278 111057 101-aahzd 
2200 99 286 0.346154 0.0034965 102 101.987 0 24 4 2 14 0 0.346154 128142 102-aadrw 
2300 101 296 0.341216 0.00337838 105 105 0 23 3 1 17 0 0.341216 138835 105-aaays 
2400 196 279 0.702509 0.00358423 101 101 0 31 6 1 18 0 0.702509 155159 101-aalme 
2500 196 279 0.702509 0.00358423 101 101 0 359 34 27 18 0 0.702509 155159 101-aalme 
2600 196 279 0.702509 0.00358423 101 101 0 265 7 4 18 0 0.702509 155159 101-aalme 
2700 196 279 0.702509 0.00358423 101 101 0 127 15 9 18 0 0.702509 155159 101-aalme 
2800 196 279 0.702509 0.00358423 101 101 0 69 9 7 18 0 0.702509 155159 101-aalme 
2900 196 279 0.702509 0.00358423 101 101 0 29 1 1 18 0 0.702509 155159 101-aalme 
3000 196 279 0.702509 0.00358423 101 101 0 31 5 3 21 0 0.702509 181662 101-aaopc 
3100 196 277 0.707581 0.00361011 101 101 0 25 5 1 23 0 0.707581 196978 101-aaptk 
3200 196 277 0.707581 0.00361011 101 101 0 32 2 2 23 0 0.707581 196978 101-aaptk 
3300 196 277 0.707581 0.00361011 101 101 0 38 4 3 21 0 0.707581 203685 101-aaqmo 
3400 197.704 279 0.708617 0.00358423 102 102 0 30 5 3 26 0 0.709677 221627 102-aafoe 
3500 200 279 0.716846 0.00358423 103 103 0 26 5 3 25 0 0.716846 226270 103-aabnx 
3600 194 274 0.708029 0.00364964 101 101 0 27 3 3 27 0 0.708029 237116 101-aatpx 
3700 196 274 0.715328 0.00364964 101 101 0 27 3 2 32 0 0.715328 231254 101-aatfg 
3800 196 276 0.710145 0.00362319 101 101 0 38 7 5 25 0 0.710145 232992 101-aatjg 
3900 198 278 0.71223 0.00359712 103 102.99 0 22 2 1 29 0 0.71223 261873 103-aabrx 
4000 198 276 0.717391 0.00362319 102 102 0 31 3 2 26 0 0.717391 250628 102-aaggy 
4100 196 278 0.705036 0.00359712 101 101 0 25 3 2 27 0 0.705036 270468 101-aawdc 
4200 196 279 0.702509 0.00358423 102 102 0 24 7 4 33 0 0.702509 272745 102-aahek 
4300 198 272 0.727941 0.00367647 102 102 0 28 2 2 34 0 0.727941 273479 102-aahep 
4400 198 272 0.727941 0.00367647 102 102 0 25 1 1 34 0 0.727941 273479 102-aahep 
4500 196 275 0.712727 0.00363636 101 101 0 24 2 2 30 0 0.712727 286654 101-aaxar 
4600 198 268 0.738806 0.00373134 102 102 0 23 3 3 43 0 0.738806 302300 102-aaihb 
4700 202 277 0.729242 0.00361011 104 104 0 25 4 4 37 0 0.729242 306453 104-aabjm 
4800 202 281 0.718861 0.00355872 104 104 0 25 1 0 31 0 0.718861 278154 104-aaauu 
4900 200 237 0.843882 0.00421941 103 103 0 44 9 5 49 0 0.843882 327657 103-aackh 
5000 200 237 0.843882 0.00421941 103 103 0 63 4 4 49 0 0.843882 327657 103-aackh 
5100 200 237 0.843882 0.00421941 103 103 0 39 10 7 49 0 0.843882 327657 103-aackh 
5200 200 238 0.840336 0.00420168 103 103 0 42 5 5 51 0 0.840336 350371 103-aacxz 
5300 202.348 224.174 0.902635 0.00446083 105 105 0 29 5 4 38 0 0.906667 348212 105-aabfs 
5400 202 224 0.901786 0.00446429 104 104 0 29 5 5 57 0 0.901786 369294 104-aadmb 
5500 200 223 0.896861 0.0044843 104 104 0 21 2 2 54 0 0.896861 382443 104-aadux 
5600 196 238 0.823529 0.00420168 102 102 0 28 5 5 55 0 0.823529 382369 102-aalga 
5700 203.067 225.533 0.900379 0.00443396 105 105 0 30 3 2 45 0 0.902655 398282 105-aabyz 
5800 202 224 0.901786 0.00446429 104 104 0 47 4 4 62 0 0.901786 406783 104-aaeif 
5900 202 224 0.901786 0.00446429 104 104 0 36 1 1 62 0 0.901786 406783 104-aaeif 
6000 204 225 0.906667 0.00444444 105 105 0 29 2 1 45 0 0.906667 426023 105-aadrr 
6100 202.341 224.171 0.902618 0.0044609 105 105 0 20 1 1 47 0 0.906667 422226 105-aadlh 
6200 204 224 0.910714 0.00446429 105 105 0 29 6 5 48 0 0.910714 437204 105-aaemz 
6300 199.618 223.809 0.891909 0.00446811 105 105 0 30 5 3 51 0 0.892857 453454 105-aafzr 
6400 204 225 0.906667 0.00444444 105 105 0 23 2 0 51 0 0.906667 466478 105-aahef 
6500 198 218 0.908257 0.00458716 105 105 0 29 6 6 53 0 0.908257 467116 105-aahhv 
6600 204 222 0.918919 0.0045045 105 105 0 21 1 1 51 0 0.918919 470662 105-aahup 
6700 202 223 0.90583 0.0044843 104 104 0 25 2 1 69 0 0.90583 471841 104-aagfo 
6800 202 223 0.90583 0.0044843 104 104 0 36 3 3 69 0 0.90583 471841 104-aagfo 
6900 202 225 0.897778 0.00444444 105 105 0 25 5 4 58 0 0.897778 502474 105-aakuk 
7000 204 223 0.914798 0.0044843 105 105 0 27 6 3 57 0 0.914798 517064 105-aaltw 
7100 202 221 0.914027 0.00452489 104 104 0 21 0 0 60 0 0.914027 527155 104-aahwk 
7200 202 221 0.914027 0.00452489 105 105 0 38 4 0 60 0 0.914027 528486 105-aamvb 
7300 204 221 0.923077 0.00452489 105 105 0 23 2 2 59 0 0.923077 538005 105-aanve 
7400 200 226 0.884956 0.00442478 105 105 0 22 1 1 57 0 0.884956 551229 105-aaoza 
7500 204 223 0.914798 0.0044843 105 105 0 20 0 0 62 0 0.914798 559593 105-aapwf 
7600 206 224 0.919643 0.00446429 105 105 0 23 4 4 60 0 0.919643 569150 105-aaqqn 
7700 202 224 0.901786 0.00446429 105 105 0 21 4 2 63 0 0.901786 575215 105-aarcr 
7800 204 223 0.914798 0.0044843 105 105 0 18 0 0 62 0 0.914798 559593 105-aapwf 
7900 200 221 0.904977 0.00452489 105 105 0 23 3 2 63 0 0.904977 597578 105-aatgh 
8000 202 221 0.914027 0.00452489 104 104.025 0 27 4 2 67 0 0.914027 602846 104-aajug 
8100 201.618 222.809 0.904887 0.00448817 105 105 0 26 6 5 65 0 0.90583 580964 105-aarto 
8200 204 225 0.906667 0.00444444 105 105 0 26 3 1 68 0 0.906667 608262 105-aauip 
8300 200 219 0.913242 0.00456621 103 103.003 0 34 2 0 69 0 0.913242 619313 103-aajfy 
8400 200 219 0.913242 0.00456621 103 103.002 0 35 7 4 69 0 0.913242 619313 103-aajfy 
8500 202 218 0.926606 0.00458716 105 105 0 32 4 3 65 0 0.926606 640596 105-aaxfe 
8600 202 220 0.918182 0.00454545 104 104 0 26 4 1 73 0 0.918182 651887 104-aaldc 
8700 202 220 0.918182 0.00454545 104 104 0 22 2 0 73 0 0.918182 651887 104-aaldc 
8800 202 220 0.918182 0.00454545 104 104 0 24 2 2 73 0 0.918182 651887 104-aaldc 
8900 202 220 0.918182 0.00454545 105 105 0 36 1 1 71 0 0.918182 673318 105-abadv 
9000 202 221 0.914027 0.00452489 104 104 0 28 1 0 76 0 0.914027 689725 104-aamgx 
9100 200 223 0.896861 0.0044843 106 106 0 23 3 2 76 0 0.896861 690279 106-aachj 
9200 202 219 0.922374 0.00456621 105 105 0 40 6 6 69 0 0.922374 699005 105-abcgf 
9300 202 219 0.922374 0.00456621 105 105 0 26 0 0 69 0 0.922374 699005 105-abcgf 
9400 202.353 217.177 0.931742 0.00460456 106 106 0 32 4 3 85 0 0.93578 724751 106-aacut 
9500 202.333 217.166 0.931691 0.00460478 106 106 0 32 4 2 84 0 0.93578 710890 106-aacot 
9600 204 224 0.910714 0.00446429 105 105 0 24 4 2 81 0 0.910714 750577 105-abfok 
9700 204 227 0.898678 0.00440529 106 106 0 27 1 1 83 0 0.898678 743663 106-aadnm 
9800 199.309 216.654 0.919926 0.0046157 106 106 0 26 4 2 93 0 0.921659 770037 106-aaejw 
9900 203.038 218.519 0.929149 0.00457629 106 106 0 24 7 7 87 0 0.931507 767708 106-aaefj 
10000 198 221 0.895928 0.00452489 105 105 0 21 3 3 79 0 0.895928 776396 105-abgwx 
10100 202 223 0.90583 0.0044843 104 104 0 21 4 4 89 0 0.90583 798850 104-aaqhj 
10200 202.112 217.528 0.929114 0.00459713 107 106.99 0 21 8 5 99 0 0.93578 799954 107-aaael 
10300 204 219 0.931507 0.00456621 106 106 0 24 2 2 92 0 0.931507 816063 106-aagzf 
10400 204 225 0.906667 0.00444444 105 105 0 26 6 3 87 0 0.906667 823173 105-abjfx 
10500 202 218 0.926606 0.00458716 106 106 0 22 0 0 96 0 0.926606 837811 106-aaior 
10600 204 218 0.93578 0.00458716 106 106 0 29 4 3 98 0 0.93578 845713 106-aajfm 
10700 200 217 0.921659 0.00460829 106 106 0 20 1 1 96 0 0.921659 857713 106-aakhu 
10800 202.105 214.053 0.944162 0.00467185 106 106 0 19 2 2 98 0 0.948837 868051 106-aalcs 
10900 202 215 0.939535 0.00465116 106 106 0 29 3 2 107 0 0.939535 852966 106-aajwq 
11000 202 218 0.926606 0.00458716 106 106 0 30 2 2 96 0 0.926606 842271 106-aaixz 
11100 202 219 0.922374 0.00456621 105 105 0 21 1 1 89 0 0.922374 878285 105-abloi 
11200 202 211 0.957346 0.00473934 106 106 0 23 3 3 84 0 0.957346 902621 106-aaoix 
11300 204 216 0.944444 0.00462963 106 106 0 21 0 0 97 0 0.944444 895877 106-aanqu 
11400 202 221 0.914027 0.00452489 105 105 0 34 4 3 90 0 0.914027 905083 105-abmkv 
11500 198.66 213.33 0.931222 0.00468762 105 105 0 18 1 1 100 0 0.939535 916450 105-abmtk 
11600 206 212 0.971698 0.00471698 106 106 0 39 6 5 89 0 0.971698 937489 106-aasbo 
11700 204 217 0.940092 0.00460829 106 106 0 23 2 2 113 0 0.940092 947604 106-aatmj 
11800 200.537 210.269 0.953714 0.00475584 105 105 0 31 5 4 95 0 0.957346 964421 105-abnxw 
11900 200.591 210.295 0.953847 0.00475524 105 105 0 44 2 1 95 0 0.957346 964421 105-abnxw 
12000 202 219 0.922374 0.00456621 106 106 0 27 4 4 108 0 0.922374 964598 106-aaveu 
12100 202 218 0.926606 0.00458716 106 106 0 28 0 0 115 0 0.926606 981267 106-aawsw 
12200 206 212 0.971698 0.00471698 106 106 0 36 8 6 92 0 0.971698 973916 106-aawab 
12300 200 215 0.930233 0.00465116 106 106 0 24 10 4 119 0 0.930233 1003807 106-aazfk 
12400 202.61 216.305 0.936681 0.00462313 106 106 0 20 1 1 94 0 0.940092 1012287 106-abaan 
12500 202 214 0.943925 0.0046729 106 106 0 26 3 2 99 0 0.943925 1015204 106-abaef 
12600 204 213 0.957746 0.00469484 106 106 0 24 5 4 99 0 0.957746 1025636 106-abbhn 
12700 202 212 0.95283 0.00471698 105 105 0 27 2 2 106 0 0.95283 1028815 105-abpoe 
12800 206 212 0.971698 0.00471698 106 106 0 26 5 5 97 0 0.971698 1041354 106-abcrs 
12900 204 211 0.966825 0.00473934 106 106 0 32 5 2 98 0 0.966825 1053670 106-abdyn 
13000 204 219 0.931507 0.00456621 106 106 0 26 2 0 101 0 0.931507 1054441 106-abdup 
13100 200.349 220.175 0.909953 0.00454186 106 106 0 23 1 0 122 0 0.914027 1073600 106-abfil 
13200 206 213 0.967136 0.00469484 106 106 0 23 3 2 103 0 0.967136 1089549 106-abgpi 
13300 202 212 0.95283 0.00471698 106 106 0 19 0 0 100 0 0.95283 1101322 106-abhov 
13400 200 210 0.952381 0.0047619 106 106 0 24 0 0 100 0 0.952381 1092499 106-abgyp 
13500 206.207 216.103 0.954202 0.00462742 106 106 0 25 5 5 104 0 0.958525 1068995 106-abfba 
13600 204 217 0.940092 0.00460829 107 107 0 21 0 0 109 0 0.940092 1131690 107-aaele 
13700 206 215 0.95814 0.00465116 107 106.989 0 22 0 0 106 0 0.95814 1137984 107-aaepj 
13800 206 216 0.953704 0.00462963 106 106.015 0 20 4 3 110 0 0.953704 1142842 106-abkpp 
13900 204 212 0.962264 0.00471698 107 107 0 26 5 3 114 0 0.962264 1150160 107-aafco 
14000 204 212 0.962264 0.00471698 107 107 0 36 4 4 114 0 0.962264 1150160 107-aafco 
14100 206 217 0.949309 0.00460829 106 106 0 28 5 2 111 0 0.949309 1170210 106-abmsn 
14200 206 213 0.967136 0.00469484 105 105 0 29 2 2 109 0 0.967136 1185725 105-abtqb 
14300 199.395 212.698 0.937454 0.00470153 105 105 0 25 2 2 111 0 0.938967 1191550 105-abtsx 
14400 206 218 0.944954 0.00458716 106 106 0 26 0 0 113 0 0.944954 1172368 106-abmuz 
14500 204 213 0.957746 0.00469484 107 107 0 33 3 3 118 0 0.957746 1210489 107-aahnp 
14600 206 213 0.967136 0.00469484 106 106 0 27 0 0 111 0 0.967136 1219720 106-abpsr 
14700 204 210 0.971429 0.0047619 106 106 0 27 2 1 104 0 0.971429 1224955 106-abqav 
14800 204 213 0.957746 0.00469484 105 105 0 27 4 4 116 0 0.957746 1248148 105-abvog 
14900 204 213 0.957746 0.00469484 105 105 0 29 3 3 116 0 0.957746 1248148 105-abvog 
15000 202 212 0.95283 0.00471698 106 106 0 35 1 1 125 0 0.95283 1261289 106-abruy 
15100 206 216 0.953704 0.00462963 106 106 0 26 0 0 116 0 0.953704 1271086 106-absjx 
15200 204 214 0.953271 0.0046729 105 105 0 38 6 5 118 0 0.953271 1268771 105-abwct 
15300 202 215 0.939535 0.00465116 106 106 0 29 3 3 118 0 0.939535 1267988 106-absed 
15400 202 215 0.939535 0.00465116 105 105 0 27 6 5 120 0 0.939535 1297774 105-abwzd 
15500 206 215 0.95814 0.00465116 105 105 0 20 0 0 122 0 0.95814 1309650 105-abxkl 
15600 204 213 0.957746 0.00469484 105 105 0 28 1 1 122 0 0.957746 1308818 105-abxoh 
15700 200.293 214.146 0.935305 0.00466972 106 106 0 18 3 1 133 0 0.939535 1340041 106-abvpk 
15800 201.771 214 0.942853 0.0046729 105 105 0 47 10 6 135 0 0.943925 1335812 105-abyiw 
15900 204 214 0.953271 0.0046729 105 105 0 22 4 4 128 0 0.953271 1353393 105-abyyv 
16000 202 213 0.948357 0.00469484 104 104 0 28 5 5 131 0 0.948357 1359568 104-aashp 
16100 207.652 213.826 0.971122 0.00467672 107 107 0 20 2 1 132 0 0.971963 1361750 107-aaoon 
16200 208 219 0.949772 0.00456621 107 106.974 0 26 7 5 126 0 0.949772 1373494 107-aapcr 
16300 208 219 0.949772 0.00456621 107 107 0 25 2 1 131 0 0.949772 1378399 107-aapmo 
16400 202 211 0.957346 0.00473934 105 105 0 42 7 6 131 0 0.957346 1395811 105-acamq 
16500 208 215 0.967442 0.00465116 106 106 0 30 3 2 134 0 0.967442 1403170 106-abymy 
16600 208 216 0.962963 0.00462963 106 106 0 29 3 3 133 0 0.962963 1416892 106-abzen 
16700 206 216 0.953704 0.00462963 107 107 0 31 4 4 140 0 0.953704 1413302 107-aaqzr 
16800 204 215 0.948837 0.00465116 105 105 0 38 2 2 131 0 0.948837 1432531 105-accbi 
16900 210 214 0.981308 0.0046729 107 107 0 20 7 5 142 0 0.981308 1447310 107-aaskq 
17000 204 213 0.957746 0.00469484 106 106 0 33 11 7 140 0 0.957746 1448452 106-acars 
17100 204 213 0.957746 0.00469484 106 106 0 19 4 2 140 0 0.957746 1448452 106-acars 
17200 206 216 0.953704 0.00462963 107 107 0 20 2 2 145 0 0.953704 1480276 107-aatwu 
17300 206 215 0.95814 0.00465116 106 106 0 28 2 1 137 0 0.95814 1488817 106-accvm 
17400 204 215 0.948837 0.00465116 105 105 0 25 3 3 141 0 0.948837 1488806 105-aceaq 
17500 202 213 0.948357 0.00469484 105 105 0 25 4 3 140 0 0.948357 1508033 105-acenf 
17600 204 216 0.944444 0.00462963 106 106 0 24 2 2 140 0 0.944444 1509309 106-acebp 
17700 210 214 0.981308 0.0046729 107 107 0 24 3 2 146 0 0.981308 1512398 107-aavfd 
17800 202 213 0.948357 0.00469484 105 105 0 29 5 4 141 0 0.948357 1535527 105-acezy 
17900 210 216 0.972222 0.00462963 108 108 0 26 3 3 151 0 0.972222 1534172 108-aabqk 
18000 210 215 0.976744 0.00465116 107 107 0 31 12 5 148 0 0.976744 1546475 107-aaxbx 
18100 206 218 0.944954 0.00458716 106 106 0 28 7 5 143 0 0.944954 1550540 106-acggx 
18200 209.699 216 0.970829 0.00462963 107 107 0 20 2 1 154 0 0.972222 1569292 107-aayns 
18300 210 217 0.967742 0.00460829 108 108 0 25 4 4 153 0 0.967742 1571079 108-aacbf 
18400 212 222 0.954955 0.0045045 109 109 0 24 0 0 149 0 0.954955 1590556 109-aaako 
18500 206 216 0.953704 0.00462963 106 106 0 24 3 1 161 0 0.953704 1589946 106-achvm 
18600 206 218 0.944954 0.00458716 106 106 0 24 5 4 164 0 0.944954 1602516 106-acigz 
18700 210 219 0.958904 0.00456621 108 108 0 27 9 6 158 0 0.958904 1615473 108-aacva 
18800 208 217 0.958525 0.00460829 107 107 0 23 4 3 161 0 0.958525 1619564 107-abbxs 
18900 208 217 0.958525 0.00460829 107 107 0 30 0 0 161 0 0.958525 1619564 107-abbxs 
19000 208 217 0.958525 0.00460829 106 106 0 19 5 4 166 0 0.958525 1626762 106-acjhi 
19100 209.646 216 0.970585 0.00462963 107 107 0 29 3 1 157 0 0.972222 1603106 107-abaxi 
19200 208 216 0.962963 0.00462963 107 107 0 25 0 0 160 0 0.962963 1666941 107-abepl 
19300 210 216 0.972222 0.00462963 107 107 0 27 1 1 159 0 0.972222 1674237 107-abfap 
19400 210 216 0.972222 0.00462963 107 107 0 17 1 1 154 0 0.972222 1686182 107-abfwg 
19500 208 216 0.962963 0.00462963 107 107 0 29 6 6 161 0 0.962963 1684147 107-abfut 
19600 210 215 0.976744 0.00465116 107 107 0 23 5 2 160 0 0.976744 1699143 107-abgxt 
19700 206 214 0.962617 0.0046729 106 106 0 23 4 3 160 0 0.962617 1690080 106-aclyc 
19800 206 212 0.971698 0.00471698 106 106 0 23 2 0 165 0 0.971698 1725110 106-acnem 
19900 210 214 0.981308 0.0046729 107 107 0 20 1 0 160 0 0.981308 1715672 107-abibq 
20000 210 214 0.981308 0.0046729 107 107 0 20 0 0 163 0 0.981308 1732007 107-abjbd 
20100 206 215 0.95814 0.00465116 107 107 0 24 3 2 168 0 0.95814 1755965 107-abkwx 
20200 202 212 0.95283 0.00471698 105 105 0 24 5 4 168 0 0.95283 1747971 105-achjw 
20300 208 216 0.962963 0.00462963 107 107 0 23 3 3 178 0 0.962963 1753301 107-abkoz 
20400 208 215 0.967442 0.00465116 107 107 0 24 2 1 170 0 0.967442 1751700 107-abkop 
20500 210 217 0.967742 0.00460829 107 107 0 27 5 2 168 0 0.967742 1779335 107-abmrp 
20600 210 218 0.963303 0.00458716 107 107 0 29 6 5 165 0 0.963303 1797524 107-abocp 
20700 210 215 0.976744 0.00465116 108 108 0 28 7 6 172 0 0.976744 1799518 108-aagmk 
20800 212 218 0.972477 0.00458716 108 108 0 24 7 6 174 0 0.972477 1813501 108-aagsy 
20900 210 218 0.963303 0.00458716 107 107 0 28 3 3 168 0 0.963303 1824306 107-abqqt 
21000 206 219 0.940639 0.00456621 108 108 0 25 0 0 185 0 0.940639 1831664 108-aahcv 
21100 210 217 0.967742 0.00460829 107 107 0 28 0 0 178 0 0.967742 1835406 107-abrqb 
21200 204 213 0.957746 0.00469484 107 107 0 23 0 0 181 0 0.957746 1847403 107-absqs 
21300 204 217 0.940092 0.00460829 107 107 0 33 6 4 178 0 0.940092 1863090 107-abuag 
21400 208 216 0.962963 0.00462963 106 106 0 22 1 1 181 0 0.962963 1841521 106-acpub 
21500 210 215 0.976744 0.00465116 107 107 0 42 3 2 171 0 0.976744 1881520 107-abvmv 
21600 210 215 0.976744 0.00465116 107 107 0 24 0 0 171 0 0.976744 1881520 107-abvmv 
21700 210 214 0.981308 0.0046729 107 107 0 29 6 3 170 0 0.981308 1901325 107-abxbt 
21800 210 214 0.981308 0.0046729 107 107 0 19 4 3 170 0 0.981308 1901325 107-abxbt 
21900 210 214 0.981308 0.0046729 107 107 0 26 5 4 182 0 0.981308 1922180 107-abyvx 
22000 210 217 0.967742 0.00460829 108 108 0 36 3 2 184 0 0.967742 1909909 108-aaiss 
22100 210 217 0.967742 0.00460829 108 108 0 29 6 5 184 0 0.967742 1909909 108-aaiss 
22200 212 218 0.972477 0.00458716 108 108 0 38 2 1 187 0 0.972477 1950448 108-aajua 
22300 210 222 0.945946 0.0045045 108 108 0 26 0 0 190 0 0.945946 1943263 108-aajow 
22400 208 216 0.962963 0.00462963 107 107 0 25 10 5 186 0 0.962963 1961643 107-accca 
22500 210 220 0.954545 0.00454545 108 108 0 25 5 4 190 0 0.954545 1974654 108-aakps 
22600 206 216 0.953704 0.00462963 106 106 0 24 7 7 184 0 0.953704 1975718 106-acsvh 
22700 210 216 0.972222 0.00462963 108 108 0 32 8 7 196 0 0.972222 1990776 108-aalbh 
22800 210 235 0.893617 0.00425532 107 107 0 24 0 0 188 0 0.893617 1998212 107-acfct 
22900 214 216 0.990741 0.00462963 109 109 0 24 1 0 190 0 0.990741 2019275 109-aabbr 
23000 204 215 0.948837 0.00465116 105 105 0 23 2 1 188 0 0.948837 2020658 105-acivn 
23100 209.831 219.916 0.954141 0.00454721 107 107 0 44 9 5 186 0 0.954545 2012765 107-acgil 
23200 212 225 0.942222 0.00444444 108 108 0 19 0 0 196 0 0.942222 2041157 108-aammx 
23300 212 218 0.972477 0.00458716 109 109 0 22 3 2 199 0 0.972477 2051969 109-aabmm 
23400 208 217 0.958525 0.00460829 106 106 0 23 1 1 196 0 0.958525 2060537 106-acupa 
23500 214 217 0.986175 0.00460829 109 109 0 20 5 5 193 0 0.986175 2057118 109-aabod 
23600 204 216 0.944444 0.00462963 105 105 0 21 3 1 196 0 0.944444 2085964 105-acjdy 
23700 204 216 0.944444 0.00462963 105 105 0 20 0 0 197 0 0.944444 2100234 105-acjgd 
23800 210 218 0.963303 0.00458716 107 107 0 21 4 3 196 0 0.963303 2105022 107-acmlp 
23900 208 213 0.976526 0.00469484 107 107.005 0 31 3 2 203 0 0.976526 2081807 107-aclaz 
24000 208 217 0.958525 0.00460829 107 107 0 23 1 1 203 0 0.958525 2104986 107-acmkw 
24100 210 219 0.958904 0.00456621 107 107 0 21 1 1 204 0 0.958904 2138052 107-acoey 
24200 210 217 0.967742 0.00460829 110 110 0 27 7 5 208 0 0.967742 2130051 110-aaagj 
24300 212 216 0.981481 0.00462963 109 109 0 30 1 1 198 0 0.981481 2137989 109-aadyz 
24400 214 218 0.981651 0.00458716 110 110 0 30 0 0 206 0 0.981651 2151911 110-aaajl 
24500 210 217 0.967742 0.00460829 109 109 0 39 5 4 206 0 0.967742 2153285 109-aaeoi 
24600 212 216 0.981481 0.00462963 109 109 0 31 5 5 198 0 0.981481 2137989 109-aadyz 
24700 214 222 0.963964 0.0045045 109 109 0 22 0 0 211 0 0.963964 2193170 109-aagmt 
24800 210 217 0.967742 0.00460829 109 109 0 20 0 0 207 0 0.967742 2193629 109-aagnt 
24900 210 214 0.981308 0.0046729 109 109 0 23 2 2 203 0 0.981308 2207043 109-aahft 
25000 208 220 0.945455 0.00454545 108 108.006 0 28 5 4 208 0 0.945455 2208427 108-aaqge 
25100 209.833 219 0.958142 0.00456621 108 108 0 22 1 1 218 0 0.958904 2217459 108-aaqjd 
25200 212 218 0.972477 0.00458716 108 107.973 0 20 0 0 211 0 0.972477 2236283 108-aaqzh 
25300 209.729 218 0.962057 0.00458716 108 108 0 22 4 3 222 0 0.963303 2242415 108-aarel 
25400 202 219 0.922374 0.00456621 105 105 0 19 0 0 220 0 0.922374 2254769 105-acjwk 
25500 216 221 0.977376 0.00452489 110 110 0 22 5 4 217 0 0.977376 2265433 110-aabus 
25600 210 220 0.954545 0.00454545 108 108 0 24 0 0 215 0 0.954545 2271336 108-aasdy 
25700 210 220 0.954545 0.00454545 108 108 0 20 1 1 215 0 0.954545 2271336 108-aasdy 
25800 212 220 0.963636 0.00454545 109 109 0 27 10 6 223 0 0.963636 2288352 109-aaltp 
25900 208 219 0.949772 0.00456621 108 108 0 25 1 0 215 0 0.949772 2271262 108-aasel 
26000 208 215 0.967442 0.00465116 109 109 0 27 3 3 219 0 0.967442 2313489 109-aancn 
26100 206 215 0.95814 0.00465116 108 108 0 25 3 1 216 0 0.95814 2310878 108-aatrp 
26200 210 216 0.972222 0.00462963 110 110 0 31 2 2 220 0 0.972222 2333068 110-aacms 
26300 208 216 0.962963 0.00462963 109 109 0 20 3 1 221 0 0.962963 2339840 109-aaolu 
26400 206.619 219 0.943466 0.00456621 106 106 0 24 2 2 220 0 0.949772 2351743 106-acygm 
26500 210 219 0.958904 0.00456621 109 109 0 27 3 3 214 0 0.958904 2333094 109-aaodo 
26600 202 215 0.939535 0.00465116 108 108 0 23 5 4 223 0 0.939535 2372789 108-aawld 
26700 208 216 0.962963 0.00462963 106 106 0 22 2 2 215 0 0.962963 2333559 106-acybp 
26800 208 216 0.962963 0.00462963 106 106 0 21 1 1 215 0 0.962963 2333559 106-acybp 
26900 208 217 0.958525 0.00460829 108 108 0 21 4 3 220 0 0.958525 2371653 108-aawkl 
27000 204 216 0.944444 0.00462963 106 106 0 28 4 4 226 0 0.944444 2408940 106-acyrr 
27100 208 219 0.949772 0.00456621 109 109 0 42 3 3 223 0 0.949772 2413099 109-aashf 
27200 214 221 0.968326 0.00452489 109 109 0 23 0 0 225 0 0.968326 2428658 109-aatac 
27300 208.084 217.042 0.958704 0.00460751 107 107.003 0 25 4 3 221 0 0.963303 2432332 107-acwnk 
27400 214 222 0.963964 0.0045045 109 109 0 21 4 2 223 0 0.963964 2399288 109-aarsv 
27500 214 220 0.972727 0.00454545 110 110 0 26 7 4 228 0 0.972727 2440350 110-aadtk 
27600 206 214 0.962617 0.0046729 107 107 0 20 2 2 223 0 0.962617 2469584 107-acxqq 
27700 208 215 0.967442 0.00465116 109 109 0 41 1 1 224 0 0.967442 2438814 109-aatix 
27800 202.907 217.453 0.9331 0.00459871 108 108 0 21 6 5 247 0 0.93578 2479853 108-abana 
27900 214 219 0.977169 0.00456621 109 109 0 38 1 1 246 0 0.977169 2462592 109-aauhu 
28000 208 216 0.962963 0.00462963 109 109 0 28 5 5 225 0 0.962963 2493004 109-aavpv 
28100 212 222 0.954955 0.0045045 109 109 0 28 1 1 235 0 0.954955 2511581 109-aawmu 
28200 210 218 0.963303 0.00458716 109 109 0 18 1 1 231 0 0.963303 2515219 109-aawrh 
28300 204 214 0.953271 0.0046729 109 109 0 32 1 1 228 0 0.953271 2529060 109-aaxgz 
28400 206 218 0.944954 0.00458716 109 109 0 29 4 4 254 0 0.944954 2537255 109-aaxrt 
28500 208 217 0.958525 0.00460829 107 107 0 22 2 2 233 0 0.958525 2536179 107-aczxr 
28600 214 216 0.990741 0.00462963 110 110 0 23 0 0 246 0 0.990741 2545052 110-aafqk 
28700 206.59 218 0.947659 0.00458716 109 109 0 22 4 2 257 0 0.954128 2573998 109-aazkp 
28800 200 215 0.930233 0.00465116 109 109 0 27 2 0 238 0 0.930233 2578212 109-aazpq 
28900 212 218 0.972477 0.00458716 109 109 0 25 0 0 250 0 0.972477 2589810 109-abaff 
29000 208 217 0.958525 0.00460829 108 108 0 44 4 3 252 0 0.958525 2574175 108-abczm 
29100 210 217 0.967742 0.00460829 108 108 0 21 1 0 252 0 0.967742 2601066 108-abdoh 
29200 216 217 0.995392 0.00460829 110 110 0 27 5 3 248 0 0.995392 2594114 110-aaheb 
29300 214 219 0.977169 0.00456621 110 110 0 18 1 1 255 0 0.977169 2626434 110-aaiqm 
29400 218 220 0.990909 0.00454545 113 113 0 22 3 2 254 0 0.990909 2630309 113-aaafo 
29500 214 220 0.972727 0.00454545 110 110 0 21 5 3 253 0 0.972727 2639864 110-aajha 
29600 214 218 0.981651 0.00458716 110 110 0 30 9 8 255 0 0.981651 2638612 110-aajfk 
29700 212 217 0.976959 0.00460829 110 110 0 27 5 4 254 0 0.976959 2665366 110-aalbd 
29800 214 218 0.981651 0.00458716 110 110 0 35 5 3 256 0 0.981651 2653472 110-aakdu 
29900 214 218 0.981651 0.00458716 110 110 0 29 7 5 256 0 0.981651 2653472 110-aakdu 
30000 218 221 0.986425 0.00452489 111 111 0 22 2 2 258 0 0.986425 2684810 111-aaauv 
30100 210 216 0.972222 0.00462963 110 110 0 18 0 0 251 0 0.972222 2686128 110-aamna 
30200 214 221 0.968326 0.00452489 110 110 0 23 3 1 260 0 0.968326 2703273 110-aanub 
30300 222 223 0.995516 0.0044843 113 113 0 23 10 8 269 0 0.995516 2714815 113-aabej 
30400 214 225 0.951111 0.00444444 109 109 0 28 0 0 275 0 0.951111 2719258 109-abekx 
30500 212 219 0.968037 0.00456621 109 109 0 26 4 4 268 0 0.968037 2731057 109-abesf 
30600 218 221 0.986425 0.00452489 112 112 0 20 1 1 269 0 0.986425 2747102 112-aaaqc 
30700 206 215 0.95814 0.00465116 109 109 0 26 1 0 268 0 0.95814 2739316 109-abewm 
30800 220 226 0.973451 0.00442478 113 113 0 23 2 1 271 0 0.973451 2767955 113-aacnu 
30900 216 221 0.977376 0.00452489 110 110 0 29 0 0 264 0 0.977376 2775890 110-aaruj 
31000 216 223 0.96861 0.0044843 110 110 0 44 3 2 265 0 0.96861 2777732 110-aarwc 
31100 216 223 0.96861 0.0044843 110 110 0 21 4 3 265 0 0.96861 2777732 110-aarwc 
31200 218 225 0.968889 0.00444444 113 113 0 25 6 5 269 0 0.968889 2795933 113-aadrw 
31300 220 222 0.990991 0.0045045 113 113 0 26 3 3 273 0 0.990991 2804704 113-aaeaw 
31400 216 223 0.96861 0.0044843 110 110 0 23 2 2 265 0 0.96861 2777732 110-aarwc 
31500 214 218 0.981651 0.00458716 113 113 0 23 2 0 277 0 0.981651 2822542 113-aaeru 
31600 216 224 0.964286 0.00446429 114 114 0 46 4 4 274 0 0.964286 2839157 114-aaaqk 
31700 220 223 0.986547 0.0044843 112 112 0 33 1 1 275 0 0.986547 2827979 112-aacdy 
31800 214 222 0.963964 0.0045045 112 112 0 23 1 0 280 0 0.963964 2859594 112-aaczf 
31900 220 225 0.977778 0.00444444 113 113 0 33 4 2 279 0 0.977778 2841648 113-aafke 
32000 220 224 0.982143 0.00446429 113 113 0 21 1 1 280 0 0.982143 2872005 113-aagjl 
32100 217.637 221.818 0.981145 0.00450821 112 112 0 32 7 6 279 0 0.981982 2855121 112-aacvq 
32200 214 221 0.968326 0.00452489 110 110 0 19 5 3 276 0 0.968326 2888701 110-aavng 
32300 218 223 0.977578 0.0044843 112 112.03 0 21 1 1 293 0 0.977578 2915781 112-aaesr 
32400 218 226 0.964602 0.00442478 113 113 0 24 4 3 286 0 0.964602 2919128 113-aaiiy 
32500 216 220 0.981818 0.00454545 111 111 0 20 0 0 287 0 0.981818 2924807 111-aaejh 
32600 220 224 0.982143 0.00446429 113 113 0 27 6 3 284 0 0.982143 2925665 113-aaili 
32700 222 231 0.961039 0.004329 114 114 0 21 3 2 288 0 0.961039 2948920 114-aacve 
32800 212 222 0.954955 0.0045045 110 110 0 17 0 0 282 0 0.954955 2937115 110-aawhq 
32900 212 219 0.968037 0.00456621 110 110 0 19 2 1 287 0 0.968037 2969222 110-aawsz 
33000 212 219 0.968037 0.00456621 110 110 0 23 2 0 287 0 0.968037 2969222 110-aawsz 
33100 220 227 0.969163 0.00440529 113 113 0 22 2 1 286 0 0.969163 2976844 113-aakmb 
33200 220 225 0.977778 0.00444444 112 112 0 26 2 1 298 0 0.977778 2989035 112-aagqh 
33300 218 220 0.990909 0.00454545 112 112.071 0 24 2 2 290 0 0.990909 3003506 112-aahax 
33400 222 223 0.995516 0.0044843 113 113 0 25 4 3 288 0 0.995516 3004242 113-aalqw 
33500 222 223 0.995516 0.0044843 113 113 0 28 4 3 289 0 0.995516 3014179 113-aamca 
33600 222 224 0.991071 0.00446429 114 114 0 24 2 1 301 0 0.991071 3022312 114-aaeqo 
33700 222 225 0.986667 0.00444444 114 114 0 26 3 1 305 0 0.986667 3021476 114-aaeqb 
33800 220 224 0.982143 0.00446429 112 112 0 19 0 0 297 0 0.982143 3052411 112-aaiol 
33900 216 226 0.955752 0.00442478 111 111 0 25 2 2 298 0 0.955752 3060776 111-aafqk 
34000 218 224 0.973214 0.00446429 111 111 0 24 0 0 301 0 0.973214 3067961 111-aafrp 
34100 220 221 0.995475 0.00452489 114 114 0 29 2 2 305 0 0.995475 3081074 114-aaggi 
34200 224 224 1 0.00446429 114 114 0 26 3 3 296 0 1 3088959 114-aaglv 
34300 220 228 0.964912 0.00438596 113 113 0 17 0 0 306 0 0.964912 3105337 113-aaqru 
34400 222 223 0.995516 0.0044843 113 113 0 22 6 4 299 0 0.995516 3104559 113-aaqql 
34500 224 226 0.99115 0.00442478 114 114 0 29 4 4 299 0 0.99115 3121258 114-aahmp 
34600 218 225 0.968889 0.00444444 113 113 0 22 0 0 309 0 0.968889 3132092 113-aarvr 
34700 224 226 0.99115 0.00442478 114 114 0 22 0 0 312 0 0.99115 3127114 114-aahqc 
34800 222 226 0.982301 0.00442478 114 114 0 22 2 1 311 0 0.982301 3149572 114-aaimv 
34900 218 226 0.964602 0.00442478 114 114 0 29 1 1 319 0 0.964602 3160237 114-aaivj 
35000 224 231 0.969697 0.004329 115 115 0 23 3 3 318 0 0.969697 3168862 115-aackv 
35100 222 223 0.995516 0.0044843 113 113 0 39 6 3 303 0 0.995516 3177454 113-aatwz 
35200 220 224 0.982143 0.00446429 113 113 0 25 3 2 318 0 0.982143 3184241 113-aaugh 
35300 222 226 0.982301 0.00442478 113 113 0 30 7 5 305 0 0.982301 3192239 113-aaupd 
35400 216 225 0.96 0.00444444 111 111 0 29 0 0 315 0 0.96 3208460 111-aagyq 
35500 216 233 0.927039 0.00429185 113 113 0 18 1 1 312 0 0.927039 3215265 113-aavwg 
35600 216 223 0.96861 0.0044843 112 112 0 30 1 1 310 0 0.96861 3217808 112-aango 
35700 220 224 0.982143 0.00446429 113 113 0 26 0 0 307 0 0.982143 3230326 113-aawqy 
35800 218 224 0.973214 0.00446429 112 112 0 18 0 0 316 0 0.973214 3235709 112-aanuc 
35900 222 227 0.977974 0.00440529 113 113 0 23 1 1 306 0 0.977974 3251622 113-aaxvv 
36000 222 225 0.986667 0.00444444 113 113 0 31 4 3 303 0 0.986667 3255813 113-aaybn 
36100 220 224 0.982143 0.00446429 113 113 0 21 0 0 322 0 0.982143 3275475 113-aazbp 
36200 220 225 0.977778 0.00444444 112 112 0 25 2 1 316 0 0.977778 3270258 112-aaowv 
36300 220.347 225.173 0.978562 0.00444104 113 113 0 22 3 2 309 0 0.982301 3280355 113-aazlw 
36400 222 227 0.977974 0.00440529 115 115 0 23 1 1 330 0 0.977974 3298370 115-aaedu 
36500 222 225 0.986667 0.00444444 113 113 0 23 2 1 304 0 0.986667 3288882 113-aazwp 
36600 222 225 0.986667 0.00444444 113 113 0 27 3 2 325 0 0.986667 3306405 113-abavl 
36700 222 224 0.991071 0.00446429 113 113 0 21 3 3 312 0 0.991071 3318505 113-abbmb 
36800 218 224 0.973214 0.00446429 111 111 0 28 2 1 318 0 0.973214 3341619 111-aaike 
36900 224 228 0.982456 0.00438596 116 116 0 24 0 0 329 0 0.982456 3335442 116-aaafz 
37000 220 228 0.964912 0.00438596 114 114 0 17 4 3 323 0 0.964912 3350341 114-aanoh 
37100 224 229 0.978166 0.00436681 114 114 0 28 6 4 319 0 0.978166 3355885 114-aanrl 
37200 220 228 0.964912 0.00438596 113 113 0 20 4 4 318 0 0.964912 3381530 113-abegf 
37300 226 230 0.982609 0.00434783 115 115 0 26 1 0 330 0 0.982609 3373953 115-aafrb 
37400 226 230 0.982609 0.00434783 115 115 0 21 2 0 331 0 0.982609 3391031 115-aafyb 
37500 224 229 0.978166 0.00436681 114 114 0 29 6 6 319 0 0.978166 3355885 114-aanrl 
37600 220 226 0.973451 0.00442478 113 113 0 29 1 1 325 0 0.973451 3416845 113-abfvw 
37700 216 224 0.964286 0.00446429 112 112 0 28 6 5 322 0 0.964286 3394250 112-aasxz 
37800 224 230 0.973913 0.00434783 115 115 0 18 0 0 339 0 0.973913 3428574 115-aagtw 
37900 222 224 0.991071 0.00446429 114 114 0 40 3 3 332 0 0.991071 3421757 114-aaoxa 
38000 224 231 0.969697 0.004329 114 114 0 26 5 5 326 0 0.969697 3424536 114-aaoxz 
38100 220 226 0.973451 0.00442478 112 112 0 28 4 2 332 0 0.973451 3448730 112-aaulh 
38200 218 224 0.973214 0.00446429 114 114 0 25 4 3 334 0 0.973214 3455320 114-aapsh 
38300 222 225 0.986667 0.00444444 114 114 0 23 1 1 337 0 0.986667 3475365 114-aaqhc 
38400 222 229 0.969432 0.00436681 115 115 0 24 0 0 340 0 0.969432 3459905 115-aahlv 
38500 222 224 0.991071 0.00446429 115 115 0 21 2 1 343 0 0.991071 3485930 115-aaicj 
38600 214 224 0.955357 0.00446429 112 112 0 28 0 0 340 0 0.955357 3496234 112-aavuc 
38700 222 225 0.986667 0.00444444 114 114 0 23 0 0 345 0 0.986667 3509812 114-aarkv 
38800 218 228 0.95614 0.00438596 113 113 0 19 1 1 329 0 0.95614 3495072 113-abivk 
38900 222 224 0.991071 0.00446429 114 114 0 36 3 3 346 0 0.991071 3514976 114-aarnm 
39000 222 224 0.991071 0.00446429 114 114 0 20 0 0 346 0 0.991071 3514976 114-aarnm 
39100 226 227 0.995595 0.00440529 116 116 0 22 3 1 346 0 0.995595 3544201 116-aaayq 
39200 222 225 0.986667 0.00444444 114 114 0 33 4 0 347 0 0.986667 3555626 114-aaszo 
39300 218 225 0.968889 0.00444444 111 111 0 25 4 3 333 0 0.968889 3560969 111-aakyx 
39400 222 223 0.995516 0.0044843 114 114 0 33 6 4 347 0 0.995516 3575415 114-aattu 
39500 216 227 0.951542 0.00440529 112 112 0 29 2 2 344 0 0.951542 3573295 112-aaxmx 
39600 218 226 0.964602 0.00442478 111 111 0 33 5 5 342 0 0.964602 3583584 111-aalek 
39700 226 227 0.995595 0.00440529 115 114.989 0 22 5 4 358 0 0.995595 3603957 115-aakrq 
39800 216 226 0.955752 0.00442478 111 111 0 32 1 1 345 0 0.955752 3613706 111-aalmq 
39900 228 232 0.982759 0.00431034 116 116 0 31 3 3 363 0 0.982759 3611059 116-aacba 
40000 218 229 0.951965 0.00436681 112 112 0 23 1 1 349 0 0.951965 3634638 112-aayph 
40100 216 226 0.955752 0.00442478 113 112.977 0 16 0 0 347 0 0.955752 3637468 113-abngl 
40200 222 227 0.977974 0.00440529 115 115 0 24 1 0 367 0 0.977974 3656339 115-aamlt 
40300 224 232 0.965517 0.00431034 116 116 0 21 3 2 361 0 0.965517 3637179 116-aaclk 
40400 220 226 0.973451 0.00442478 114 114 0 26 2 1 363 0 0.973451 3682579 114-aawlr 
40500 224 228 0.982456 0.00438596 115 115 0 22 1 1 361 0 0.982456 3677490 115-aanhg 
40600 222 228 0.973684 0.00438596 114 114 0 28 2 1 362 0 0.973684 3689149 114-aawpz 
40700 218 223 0.977578 0.0044843 113 113 0 31 2 2 354 0 0.977578 3683539 113-aborf 
40800 220 225 0.977778 0.00444444 114 114 0 23 2 2 364 0 0.977778 3690269 114-aawqh 
40900 220 227 0.969163 0.00440529 114 114 0 24 6 6 368 0 0.969163 3720538 114-aaxno 
41000 220 226 0.973451 0.00442478 115 115 0 21 0 0 367 0 0.973451 3722807 115-aaphf 
41100 224 230 0.973913 0.00434783 114 114 0 24 7 4 372 0 0.973913 3725533 114-aaxqz 
41200 226 228 0.991228 0.00438596 115 115 0 28 1 1 368 0 0.991228 3728884 115-aapqf 
41300 222 225 0.986667 0.00444444 114 114 0 22 1 1 365 0 0.986667 3756052 114-aayur 
41400 224 228 0.982456 0.00438596 115 115 0 20 1 1 369 0 0.982456 3766607 115-aarjv 
41500 222 228 0.973684 0.00438596 115 115 0 23 0 0 373 0 0.973684 3765971 115-aarml 
41600 224 228 0.982456 0.00438596 116 116 0 24 4 2 371 0 0.982456 3780232 116-aadsc 
41700 222 228 0.973684 0.00438596 115 115 0 19 1 1 373 0 0.973684 3765971 115-aarml 
41800 228 229 0.995633 0.00436681 116 116 0 24 0 0 376 0 0.995633 3806284 116-aaeaq 
41900 222 226 0.982301 0.00442478 114 114 0 22 4 2 367 0 0.982301 3816506 114-abbeb 
42000 222 225 0.986667 0.00444444 115 115 0 26 0 0 363 0 0.986667 3802134 115-aasxx 
42100 220 226 0.973451 0.00442478 115 115 0 38 9 6 379 0 0.973451 3794932 115-aasox 
42200 222 225 0.986667 0.00444444 115 115 0 20 3 2 363 0 0.986667 3802134 115-aasxx 
42300 222 226 0.982301 0.00442478 116 116 0 19 2 2 381 0 0.982301 3848581 116-aaeto 
42400 222 228 0.973684 0.00438596 114 114 0 23 3 0 375 0 0.973684 3842047 114-abcbo 
42500 226 228 0.991228 0.00438596 116 116 0 19 1 0 379 0 0.991228 3867198 116-aaffz 
42600 224 226 0.99115 0.00442478 114 114 0 19 3 3 387 0 0.99115 3880200 114-abdnc 
42700 220 226 0.973451 0.00442478 115 115 0 24 8 7 381 0 0.973451 3873462 115-aawcn 
42800 220 226 0.973451 0.00442478 115 115 0 20 1 1 382 0 0.973451 3904479 115-aaxlh 
42900 226 228 0.991228 0.00438596 115 115 0 29 0 0 389 0 0.991228 3902832 115-aaxjy 
43000 218 228 0.95614 0.00438596 114 114 0 23 5 5 384 0 0.95614 3897501 114-abeae 
43100 222 225 0.986667 0.00444444 114 114 0 27 1 0 385 0 0.986667 3903107 114-abegi 
43200 218 224 0.973214 0.00446429 114 114 0 24 2 2 377 0 0.973214 3936488 114-abfow 
43300 222 225 0.986667 0.00444444 114 114 0 22 1 1 385 0 0.986667 3903107 114-abegi 
43400 216 224 0.964286 0.00446429 112 112 0 20 4 2 389 0 0.964286 3949378 112-abclf 
43500 230 231 0.995671 0.004329 117 116.984 0 19 2 2 382 0 0.995671 3962986 117-aablj 
43600 224 231 0.969697 0.004329 114 114 0 24 1 1 385 0 0.969697 3973505 114-abhey 
43700 224 240 0.933333 0.00416667 115 115 0 20 2 2 395 0 0.933333 3981484 115-abaho 
43800 224 227 0.986784 0.00440529 115 115 0 31 10 7 381 0 0.986784 3962416 115-aaztp 
43900 230 230 1 0.00434783 118 118 0 24 3 2 394 0 1 3998220 118-aaahs 
44000 228 231 0.987013 0.004329 116 116 0 37 8 6 399 0 0.987013 3986005 116-aahhh 
44100 230 230 1 0.00434783 117 117 0 19 0 0 397 0 1 4009933 117-aabyx 
44200 226 230 0.982609 0.00434783 116 116 0 23 6 5 388 0 0.982609 4029608 116-aaicl 
44300 222 226 0.982301 0.00442478 115 115 0 27 2 1 398 0 0.982301 4037677 115-abcff 
44400 228 231 0.987013 0.004329 118 118 0 24 0 0 390 0 0.987013 4040946 118-aaans 
44500 226 230 0.982609 0.00434783 115 115 0 19 2 2 390 0 0.982609 4049123 115-abcmx 
44600 220 232 0.948276 0.00431034 113 113.138 0 20 4 4 390 0 0.948276 4071669 113-abxji 
44700 224 229 0.978166 0.00436681 115 115 0 25 0 0 395 0 0.978166 4081945 115-abdnn 
44800 220 223 0.986547 0.0044843 113 113 0 23 2 2 401 0 0.986547 4068782 113-abxje 
44900 220 223 0.986547 0.0044843 113 113 0 18 0 0 401 0 0.986547 4068782 113-abxje 
45000 230 231 0.995671 0.004329 118 118 0 26 3 0 394 0 0.995671 4099385 118-aaayx 
45100 220 230 0.956522 0.00434783 114 114 0 31 5 5 407 0 0.956522 4103584 114-ablbc 
45200 230 236 0.974576 0.00423729 117 117 0 27 7 4 408 0 0.974576 4096937 117-aadzr 
45300 226 227 0.995595 0.00440529 117 117 0 29 7 4 413 0 0.995595 4098670 117-aaeaz 
45400 220 230 0.956522 0.00434783 114 114.038 0 25 4 4 401 0 0.956522 4139146 114-ablyk 
45500 228 228 1 0.00438596 117 117 0 30 0 0 418 0 1 4142407 117-aafgs 
45600 226 228 0.991228 0.00438596 115 114.987 0 22 5 4 414 0 0.991228 4158604 115-abfgz 
45700 218 222 0.981982 0.0045045 114 114 0 22 9 6 399 0 0.981982 4164150 114-abmmi 
45800 226 227 0.995595 0.00440529 117 117 0 27 4 3 416 0 0.995595 4165924 117-aagaj 
45900 218 225 0.968889 0.00444444 114 114 0 24 7 5 401 0 0.968889 4194021 114-abmxr 
46000 222 225 0.986667 0.00444444 116 116 0 26 9 5 424 0 0.986667 4203189 116-aamde 
46100 230 230 1 0.00434783 118 118 0 24 0 0 416 0 1 4202773 118-aaccs 
46200 228 232 0.982759 0.00431034 117 117 0 21 1 1 415 0 0.982759 4214456 117-aahls 
46300 232 234 0.991453 0.0042735 118 118 0 27 5 4 402 0 0.991453 4191535 118-aabzs 
46400 232 230 1.0087 0.00434783 119 119 0 20 0 0 418 0 1.0087 4229301 119-aaawr 
46500 232 230 1.0087 0.00434783 119 119 0 28 4 4 418 0 1.0087 4229301 119-aaawr 
46600 230 228 1.00877 0.00438596 117 117 0 30 3 3 427 0 1.00877 4245629 117-aaima 
46700 230 228 1.00877 0.00438596 117 117 0 39 7 5 427 0 1.00877 4245629 117-aaima 
46800 230 228 1.00877 0.00438596 117 117 0 28 1 1 427 0 1.00877 4245629 117-aaima 
46900 230 229 1.00437 0.00436681 118 118 0 19 0 0 427 0 1.00437 4289777 118-aadih 
47000 232 231 1.00433 0.004329 119 119 0 25 2 1 422 0 1.00433 4274418 119-aabor 
47100 228 231 0.987013 0.004329 118 118 0 36 4 2 428 0 0.987013 4296653 118-aadln 
47200 228 227 1.00441 0.00440529 117 117.009 0 21 0 0 426 0 1.00441 4309728 117-aakyv 
47300 224 229 0.978166 0.00436681 118 118 0 20 4 2 424 0 0.978166 4301785 118-aadot 
47400 226 229 0.9869 0.00436681 116 116 0 25 1 1 406 0 0.9869 4338523 116-aapbf 
47500 230 232 0.991379 0.00431034 118 118 0 17 5 4 437 0 0.991379 4352764 118-aaero 
47600 232 233 0.995708 0.00429185 119 119 0 29 3 3 429 0 0.995708 4342087 119-aacuw 
47700 218 226 0.964602 0.00442478 113 113 0 19 3 3 431 0 0.964602 4352694 113-abznd 
47800 232 234 0.991453 0.0042735 119 119 0 25 4 3 430 0 0.991453 4376926 119-aadno 
47900 232 231 1.00433 0.004329 119 119 0 22 0 0 427 0 1.00433 4374964 119-aadmp 
48000 232 231 1.00433 0.004329 119 119 0 17 2 1 429 0 1.00433 4391801 119-aadvp 
48100 218 226 0.964602 0.00442478 113 113 0 26 3 3 434 0 0.964602 4399370 113-abztp 
48200 236 232 1.01724 0.00431034 120 120 0 24 4 2 426 0 1.01724 4361246 120-aaaiw 
48300 228 228 1 0.00438596 117 117 0 32 11 9 443 0 1 4410461 117-aaomv 
48400 228 228 1 0.00438596 117 117 0 29 1 0 445 0 1 4430058 117-aaphu 
48500 228 228 1 0.00438596 117 117 0 24 2 1 443 0 1 4410461 117-aaomv 
48600 224 240 0.933333 0.00416667 116 116 0 23 0 0 454 0 0.933333 4443951 116-aaqwl 
48700 230 235 0.978723 0.00425532 119 119 0 21 0 0 440 0 0.978723 4460553 119-aafjn 
48800 222 226 0.982301 0.00442478 115 115.009 0 25 1 0 445 0 0.982301 4470692 115-abhsn 
48900 232 234 0.991453 0.0042735 119 119 0 29 1 0 433 0 0.991453 4466157 119-aafmi 
49000 232 229 1.0131 0.00436681 119 119 0 27 6 5 435 0 1.0131 4490315 119-aagbo 
49100 234 235 0.995745 0.00425532 119 119 0 24 0 0 440 0 0.995745 4488654 119-aagaq 
49200 232 233 0.995708 0.00429185 119 119 0 19 0 0 440 0 0.995708 4477050 119-aafsy 
49300 230 230 1 0.00434783 117 117 0 17 2 1 461 0 1 4515253 117-aasjs 
49400 226 227 0.995595 0.00440529 117 117 0 23 0 0 421 0 0.995595 4535544 117-aatby 
49500 228 227 1.00441 0.00440529 117 117 0 21 4 2 450 0 1.00441 4549681 117-aatnt 
49600 228 229 0.995633 0.00436681 117 117 0 21 3 2 455 0 0.995633 4537059 117-aatdw 
49700 230 243 0.946502 0.00411523 117 117 0 28 1 1 446 0 0.946502 4572735 117-aaujd 
49800 224 230 0.973913 0.00434783 117 117 0 27 3 2 460 0 0.973913 4577625 117-aaunu 
49900 230 243 0.946502 0.00411523 117 117 0 23 1 1 446 0 0.946502 4572735 117-aaujd 
50000 228 229 0.995633 0.00436681 117 117 0 25 1 1 456 0 0.995633 4578895 117-aauri 
