# Avida count data
# Fri Jun 15 12:07:33 2018
#  1: update
#  2: number of insts executed this update
#  3: number of organisms
#  4: number of different genotypes
#  5: number of different threshold genotypes
#  6: (deprecated) number of different species
#  7: (deprecated) number of different threshold species
#  8: (deprecated) number of different lineages
#  9: number of births in this update
# 10: number of deaths in this update
# 11: number of breed true
# 12: number of breed true organisms?
# 13: number of no-birth organisms
# 14: number of single-threaded organisms
# 15: number of multi-threaded organisms
# 16: number of modified organisms

0 30 1 1 1 0 0 0 1 0 1 1 1 1 0 0 
100 3810 127 35 8 0 0 0 0 0 0 92 64 127 0 0 
200 108000 3600 1407 333 0 0 0 86 86 54 2432 1848 3600 0 0 
300 108000 3600 1783 605 0 0 0 255 255 170 2397 1841 3600 0 0 
400 108000 3600 1937 667 0 0 0 234 234 151 2351 1835 3600 0 0 
500 108000 3600 1890 669 0 0 0 191 191 127 2402 1863 3600 0 0 
600 108000 3600 1925 640 0 0 0 229 229 150 2330 1870 3600 0 0 
700 108000 3600 1842 598 0 0 0 149 149 94 2368 1889 3600 0 0 
800 108000 3600 1774 567 0 0 0 218 218 138 2395 1895 3600 0 0 
900 108000 3600 1756 628 0 0 0 227 227 167 2459 1921 3600 0 0 
1000 108000 3600 1815 625 0 0 0 259 259 184 2432 1922 3600 0 0 
1100 108000 3600 1742 618 0 0 0 259 259 177 2497 1891 3600 0 0 
1200 108000 3600 1727 607 0 0 0 211 211 146 2489 1923 3600 0 0 
1300 108000 3600 1495 369 0 0 0 162 162 110 2459 1964 3600 0 0 
1400 108000 3600 1637 491 0 0 0 235 235 148 2432 1928 3600 0 0 
1500 108000 3600 1680 517 0 0 0 260 260 183 2482 1926 3600 0 0 
1600 108000 3600 1512 416 0 0 0 150 150 113 2567 1925 3600 0 0 
1700 108000 3600 1364 279 0 0 0 274 274 175 2524 1905 3600 0 0 
1800 108000 3600 1510 356 0 0 0 229 229 150 2492 1919 3600 0 0 
1900 108000 3600 1530 414 0 0 0 222 222 166 2496 1895 3600 0 0 
2000 108000 3600 1474 353 0 0 0 157 157 109 2483 1933 3600 0 0 
2100 108000 3600 1556 386 0 0 0 194 194 126 2463 1949 3600 0 0 
2200 108000 3600 1601 433 0 0 0 282 282 204 2499 1948 3600 0 0 
2300 108000 3600 1623 458 0 0 0 267 267 178 2492 1931 3600 0 0 
2400 108000 3600 1645 481 0 0 0 267 267 180 2480 1952 3600 0 0 
2500 108000 3600 1592 472 0 0 0 258 258 178 2539 1929 3600 0 0 
2600 108000 3600 1616 492 0 0 0 281 281 193 2521 1916 3600 0 0 
2700 108000 3600 1642 472 0 0 0 265 265 187 2474 1937 3600 0 0 
2800 108000 3600 1566 436 0 0 0 257 257 183 2530 1926 3600 0 0 
2900 108000 3600 1467 346 0 0 0 266 266 198 2526 1920 3600 0 0 
3000 108000 3600 1479 337 0 0 0 246 246 175 2518 1923 3600 0 0 
3100 108000 3600 1558 371 0 0 0 236 236 163 2473 1961 3600 0 0 
3200 108000 3600 1501 376 0 0 0 232 232 166 2526 1911 3600 0 0 
3300 108000 3600 1526 409 0 0 0 248 248 172 2505 1920 3600 0 0 
3400 108000 3600 1524 426 0 0 0 260 260 173 2570 1901 3600 0 0 
3500 108000 3600 1544 401 0 0 0 257 257 174 2528 1946 3600 0 0 
3600 108000 3600 1534 431 0 0 0 213 213 142 2538 1920 3600 0 0 
3700 108000 3600 1538 445 0 0 0 237 237 169 2555 1943 3600 0 0 
3800 108000 3600 1562 431 0 0 0 247 247 176 2531 1923 3600 0 0 
3900 108000 3600 1550 420 0 0 0 230 230 168 2536 1912 3600 0 0 
4000 108000 3600 1552 409 0 0 0 262 262 175 2517 1944 3600 0 0 
4100 108000 3600 1621 449 0 0 0 228 228 156 2499 1947 3600 0 0 
4200 108000 3600 1565 427 0 0 0 266 266 178 2529 1923 3600 0 0 
4300 108000 3600 1552 431 0 0 0 262 262 193 2527 1935 3600 0 0 
4400 108000 3600 1595 425 0 0 0 251 251 175 2496 1922 3600 0 0 
4500 108000 3600 1623 424 0 0 0 249 249 168 2472 1944 3600 0 0 
4600 108000 3600 1590 433 0 0 0 211 211 145 2510 1936 3600 0 0 
4700 108000 3600 1545 425 0 0 0 259 259 186 2523 1947 3600 0 0 
4800 108000 3600 1583 414 0 0 0 257 257 173 2472 1919 3600 0 0 
4900 108000 3600 1555 410 0 0 0 238 238 155 2516 1906 3600 0 0 
5000 108000 3600 1578 421 0 0 0 233 233 163 2490 1916 3600 0 0 
5100 108000 3600 1560 437 0 0 0 226 226 160 2515 1908 3600 0 0 
5200 108000 3600 1532 445 0 0 0 264 264 195 2582 1914 3600 0 0 
5300 108000 3600 1237 225 0 0 0 401 401 296 2544 1915 3600 0 0 
5400 108000 3600 1379 299 0 0 0 184 184 131 2523 1936 3600 0 0 
5500 108000 3600 1440 345 0 0 0 211 211 142 2520 1913 3600 0 0 
5600 108000 3600 1395 313 0 0 0 260 260 180 2548 1894 3600 0 0 
5700 108000 3600 1292 245 0 0 0 312 312 228 2561 1925 3600 0 0 
5800 108000 3600 1325 267 0 0 0 273 273 190 2515 1920 3600 0 0 
5900 108000 3600 1393 335 0 0 0 264 264 192 2544 1912 3600 0 0 
6000 108000 3600 1434 336 0 0 0 255 255 181 2528 1934 3600 0 0 
6100 108000 3600 1473 346 0 0 0 223 223 154 2511 1951 3600 0 0 
6200 108000 3600 1485 375 0 0 0 224 224 150 2520 1927 3600 0 0 
6300 108000 3600 1518 366 0 0 0 261 261 193 2510 1941 3600 0 0 
6400 108000 3600 1497 372 0 0 0 233 233 162 2522 1938 3600 0 0 
6500 108000 3600 1460 361 0 0 0 272 272 204 2554 1940 3600 0 0 
6600 108000 3600 1471 358 0 0 0 279 279 205 2553 1905 3600 0 0 
6700 108000 3600 1506 387 0 0 0 234 234 153 2548 1902 3600 0 0 
6800 108000 3600 1570 382 0 0 0 242 242 154 2471 1949 3600 0 0 
6900 108000 3600 1572 388 0 0 0 249 249 182 2471 1912 3600 0 0 
7000 108000 3600 1504 407 0 0 0 251 251 182 2568 1944 3600 0 0 
7100 108000 3600 1531 383 0 0 0 276 276 205 2493 1935 3600 0 0 
7200 108000 3600 1552 393 0 0 0 245 245 178 2507 1924 3600 0 0 
7300 108000 3600 1539 386 0 0 0 234 234 162 2497 1946 3600 0 0 
7400 108000 3600 1528 390 0 0 0 268 268 196 2513 1917 3600 0 0 
7500 108000 3599 1479 395 0 0 0 216 217 153 2569 1896 3599 0 0 
7600 108000 3600 1508 383 0 0 0 254 254 192 2539 1916 3600 0 0 
7700 108000 3600 1504 374 0 0 0 293 293 192 2537 1932 3600 0 0 
7800 108000 3600 1538 414 0 0 0 240 240 161 2530 1944 3600 0 0 
7900 108000 3600 1464 357 0 0 0 303 303 218 2541 1949 3600 0 0 
8000 108000 3600 1326 239 0 0 0 160 160 115 2518 1932 3600 0 0 
8100 108000 3600 1337 275 0 0 0 281 281 206 2571 1908 3600 0 0 
8200 108000 3600 1449 315 0 0 0 284 284 200 2507 1958 3600 0 0 
8300 108000 3600 1470 347 0 0 0 281 281 194 2513 1916 3600 0 0 
8400 108000 3600 1500 336 0 0 0 281 281 182 2482 1921 3600 0 0 
8500 108000 3600 1444 354 0 0 0 267 267 185 2556 1928 3600 0 0 
8600 108000 3600 1498 358 0 0 0 243 243 172 2534 1926 3600 0 0 
8700 108000 3600 1433 361 0 0 0 268 268 196 2561 1920 3600 0 0 
8800 108000 3600 1477 352 0 0 0 286 286 186 2531 1931 3600 0 0 
8900 108000 3600 1491 358 0 0 0 216 216 149 2521 1941 3600 0 0 
9000 108000 3600 1554 401 0 0 0 229 229 150 2507 1906 3600 0 0 
9100 108000 3600 1564 392 0 0 0 285 285 204 2493 1942 3600 0 0 
9200 108000 3600 1440 386 0 0 0 214 214 156 2616 1894 3600 0 0 
9300 108000 3600 1536 389 0 0 0 238 238 154 2500 1912 3600 0 0 
9400 108000 3600 1506 357 0 0 0 205 205 145 2518 1943 3600 0 0 
9500 108000 3600 1548 390 0 0 0 240 240 158 2533 1935 3600 0 0 
9600 108000 3600 1524 383 0 0 0 264 264 179 2510 1932 3600 0 0 
9700 108000 3600 1513 378 0 0 0 222 222 157 2529 1933 3600 0 0 
9800 108000 3600 1514 384 0 0 0 221 221 165 2548 1903 3600 0 0 
9900 108000 3600 1546 368 0 0 0 257 257 184 2486 1955 3600 0 0 
10000 108000 3600 1493 372 0 0 0 249 249 165 2535 1941 3600 0 0 
10100 108000 3600 1470 359 0 0 0 267 267 189 2558 1936 3600 0 0 
10200 108000 3600 1519 358 0 0 0 259 259 182 2502 1924 3600 0 0 
10300 108000 3600 1501 336 0 0 0 250 250 176 2536 1933 3600 0 0 
10400 108000 3600 1527 373 0 0 0 220 220 154 2515 1938 3600 0 0 
10500 108000 3600 1532 391 0 0 0 232 232 165 2518 1944 3600 0 0 
10600 108000 3600 1545 384 0 0 0 268 268 194 2503 1953 3600 0 0 
10700 108000 3600 1524 388 0 0 0 243 243 174 2529 1933 3600 0 0 
10800 108000 3600 1492 380 0 0 0 201 201 149 2546 1919 3600 0 0 
10900 108000 3600 1477 376 0 0 0 258 258 183 2569 1943 3600 0 0 
11000 108000 3600 1530 366 0 0 0 240 240 171 2494 1949 3600 0 0 
11100 108000 3600 1527 388 0 0 0 196 196 136 2528 1928 3600 0 0 
11200 108000 3600 1535 395 0 0 0 233 233 150 2528 1926 3600 0 0 
11300 108000 3600 1538 385 0 0 0 245 245 169 2547 1945 3600 0 0 
11400 108000 3600 1497 386 0 0 0 232 232 175 2545 1919 3600 0 0 
11500 108000 3600 1518 371 0 0 0 228 228 171 2521 1944 3600 0 0 
11600 108000 3600 1555 361 0 0 0 253 253 181 2486 1977 3600 0 0 
11700 108000 3600 1395 344 0 0 0 334 334 239 2551 1974 3600 0 0 
11800 108000 3600 1254 234 0 0 0 228 228 158 2560 1941 3600 0 0 
11900 108000 3600 1298 236 0 0 0 240 240 172 2550 1927 3600 0 0 
12000 108000 3600 1341 263 0 0 0 247 247 178 2553 1904 3600 0 0 
12100 108000 3600 1359 278 0 0 0 272 272 193 2559 1952 3600 0 0 
12200 108000 3600 1375 271 0 0 0 264 264 184 2539 1950 3600 0 0 
12300 108000 3600 1385 290 0 0 0 238 238 151 2541 1910 3600 0 0 
12400 108000 3600 1438 275 0 0 0 253 253 175 2504 1928 3600 0 0 
12500 108000 3600 1396 293 0 0 0 210 210 146 2563 1917 3600 0 0 
12600 108000 3600 1397 293 0 0 0 311 311 229 2579 1914 3600 0 0 
12700 108000 3599 1472 307 0 0 0 257 258 176 2499 1904 3599 0 0 
12800 108000 3600 1458 312 0 0 0 208 208 141 2520 1932 3600 0 0 
12900 108000 3600 1485 292 0 0 0 270 270 186 2487 1945 3600 0 0 
13000 108000 3600 1484 302 0 0 0 247 247 177 2499 1917 3600 0 0 
13100 108000 3600 1464 317 0 0 0 219 219 158 2523 1956 3600 0 0 
13200 108000 3600 1423 307 0 0 0 258 258 187 2540 1902 3600 0 0 
13300 108000 3600 1495 318 0 0 0 237 237 173 2494 1939 3600 0 0 
13400 108000 3600 1478 347 0 0 0 236 236 170 2523 1932 3600 0 0 
13500 108000 3600 1505 334 0 0 0 257 257 176 2509 1930 3600 0 0 
13600 108000 3600 1521 311 0 0 0 234 234 164 2471 1950 3600 0 0 
13700 108000 3600 1406 282 0 0 0 245 245 182 2558 1956 3600 0 0 
13800 108000 3600 1428 290 0 0 0 278 278 187 2527 1933 3600 0 0 
13900 108000 3600 1421 312 0 0 0 288 288 208 2563 1910 3600 0 0 
14000 108000 3600 1484 299 0 0 0 256 256 176 2495 1948 3600 0 0 
14100 108000 3600 1438 319 0 0 0 250 250 166 2544 1928 3600 0 0 
14200 108000 3600 1517 312 0 0 0 219 219 149 2488 1962 3600 0 0 
14300 108000 3600 1466 331 0 0 0 297 297 209 2528 1916 3600 0 0 
14400 108000 3600 1439 312 0 0 0 234 234 172 2544 1932 3600 0 0 
14500 108000 3600 1516 319 0 0 0 253 253 178 2476 1974 3600 0 0 
14600 108000 3600 1465 313 0 0 0 214 214 146 2533 1933 3600 0 0 
14700 108000 3600 1474 339 0 0 0 221 221 152 2518 1932 3600 0 0 
14800 108000 3600 1508 337 0 0 0 240 240 160 2491 1913 3600 0 0 
14900 108000 3600 1450 324 0 0 0 248 248 177 2529 1929 3600 0 0 
15000 108000 3600 1445 317 0 0 0 271 271 184 2541 1919 3600 0 0 
15100 108000 3600 1499 344 0 0 0 237 237 162 2528 1932 3600 0 0 
15200 108000 3600 1485 344 0 0 0 246 246 176 2534 1950 3600 0 0 
15300 108000 3600 1446 331 0 0 0 223 223 157 2565 1906 3600 0 0 
15400 108000 3600 1494 325 0 0 0 264 264 175 2496 1920 3600 0 0 
15500 108000 3600 1498 336 0 0 0 258 258 185 2505 1934 3600 0 0 
15600 108000 3600 1442 312 0 0 0 256 256 177 2551 1928 3600 0 0 
15700 108000 3600 1482 327 0 0 0 248 248 170 2507 1964 3600 0 0 
15800 108000 3600 1469 322 0 0 0 242 242 164 2527 1940 3600 0 0 
15900 108000 3600 1471 334 0 0 0 286 286 192 2535 1950 3600 0 0 
16000 108000 3600 1452 327 0 0 0 282 282 202 2537 1919 3600 0 0 
16100 108000 3600 1457 329 0 0 0 243 243 186 2551 1949 3600 0 0 
16200 108000 3600 1463 312 0 0 0 229 229 155 2525 1928 3600 0 0 
16300 108000 3600 1459 330 0 0 0 228 228 156 2556 1928 3600 0 0 
16400 108000 3600 1419 316 0 0 0 278 278 195 2546 1922 3600 0 0 
16500 108000 3600 1495 338 0 0 0 222 222 154 2498 1927 3600 0 0 
16600 108000 3600 1444 344 0 0 0 258 258 191 2549 1935 3600 0 0 
16700 108000 3600 1464 333 0 0 0 226 226 157 2565 1928 3600 0 0 
16800 108000 3600 1428 333 0 0 0 263 263 184 2576 1913 3600 0 0 
16900 108000 3600 1423 328 0 0 0 248 248 164 2547 1918 3600 0 0 
17000 108000 3600 1470 310 0 0 0 260 260 174 2498 1984 3600 0 0 
17100 108000 3600 1497 325 0 0 0 277 277 193 2489 1987 3600 0 0 
17200 108000 3600 1431 316 0 0 0 277 277 194 2531 1916 3600 0 0 
17300 108000 3600 1482 325 0 0 0 254 254 193 2530 1951 3600 0 0 
17400 108000 3600 1453 335 0 0 0 303 303 198 2527 1928 3600 0 0 
17500 108000 3600 1481 336 0 0 0 318 318 234 2522 1951 3600 0 0 
17600 108000 3600 1474 337 0 0 0 258 258 178 2532 1912 3600 0 0 
17700 108000 3600 1459 326 0 0 0 307 307 219 2543 1936 3600 0 0 
17800 108000 3600 1425 320 0 0 0 299 299 224 2556 1920 3600 0 0 
17900 108000 3600 1469 336 0 0 0 279 279 192 2554 1946 3600 0 0 
18000 108000 3600 1474 325 0 0 0 299 299 204 2513 1912 3600 0 0 
18100 108000 3600 1463 317 0 0 0 272 272 198 2498 1930 3600 0 0 
18200 108000 3600 1482 326 0 0 0 274 274 188 2477 1944 3600 0 0 
18300 108000 3600 1422 304 0 0 0 265 265 180 2539 1908 3600 0 0 
18400 108000 3600 1485 332 0 0 0 315 315 213 2492 1930 3600 0 0 
18500 108000 3600 1464 302 0 0 0 317 317 219 2510 1942 3600 0 0 
18600 108000 3600 1413 320 0 0 0 330 330 253 2555 1944 3600 0 0 
18700 108000 3600 1453 298 0 0 0 285 285 190 2509 1944 3600 0 0 
18800 108000 3600 1484 327 0 0 0 316 316 211 2505 1942 3600 0 0 
18900 108000 3600 1420 323 0 0 0 316 316 221 2577 1959 3600 0 0 
19000 108000 3600 1489 331 0 0 0 312 312 203 2501 1925 3600 0 0 
19100 108000 3600 1478 328 0 0 0 288 288 189 2518 1929 3600 0 0 
19200 108000 3600 1528 314 0 0 0 300 300 205 2461 1967 3600 0 0 
19300 108000 3600 1491 320 0 0 0 311 311 225 2495 1978 3600 0 0 
19400 108000 3600 1480 306 0 0 0 300 300 208 2499 1930 3600 0 0 
19500 108000 3600 1488 325 0 0 0 339 339 236 2507 1951 3600 0 0 
19600 108000 3600 1434 310 0 0 0 302 302 204 2533 1934 3600 0 0 
19700 108000 3600 1460 315 0 0 0 293 293 202 2513 1957 3600 0 0 
19800 108000 3600 1497 319 0 0 0 320 320 223 2475 1950 3600 0 0 
19900 108000 3600 1456 314 0 0 0 292 292 210 2518 1939 3600 0 0 
20000 108000 3600 1462 316 0 0 0 318 318 211 2519 1931 3600 0 0 
20100 108000 3600 1475 319 0 0 0 290 290 209 2501 1951 3600 0 0 
20200 108000 3600 1483 330 0 0 0 274 274 185 2511 1917 3600 0 0 
20300 108000 3600 1488 313 0 0 0 283 283 195 2489 1940 3600 0 0 
20400 108000 3600 1526 330 0 0 0 290 290 201 2471 1942 3600 0 0 
20500 108000 3600 1459 323 0 0 0 318 318 226 2518 1924 3600 0 0 
20600 108000 3600 1472 335 0 0 0 327 327 231 2520 1951 3600 0 0 
20700 108000 3600 1495 314 0 0 0 268 268 194 2486 1936 3600 0 0 
20800 108000 3600 1457 332 0 0 0 365 365 246 2546 1938 3600 0 0 
20900 108000 3600 1486 326 0 0 0 320 320 233 2512 1927 3600 0 0 
21000 108000 3600 1516 337 0 0 0 321 321 217 2484 1944 3600 0 0 
21100 108000 3600 1504 345 0 0 0 310 310 217 2504 1924 3600 0 0 
21200 108000 3600 1515 313 0 0 0 323 323 222 2456 1923 3600 0 0 
21300 108000 3600 1441 322 0 0 0 345 345 236 2539 1886 3600 0 0 
21400 108000 3600 1463 316 0 0 0 344 344 233 2508 1929 3600 0 0 
21500 108000 3600 1518 321 0 0 0 319 319 211 2464 1892 3600 0 0 
21600 108000 3600 1520 343 0 0 0 360 360 258 2487 1918 3600 0 0 
21700 108000 3600 1482 334 0 0 0 285 285 189 2536 1915 3600 0 0 
21800 108000 3600 1496 321 0 0 0 341 341 242 2488 1924 3600 0 0 
21900 108000 3600 1491 334 0 0 0 337 337 228 2508 1949 3600 0 0 
22000 108000 3600 1477 332 0 0 0 312 312 223 2529 1904 3600 0 0 
22100 108000 3600 1518 340 0 0 0 291 291 197 2491 1903 3600 0 0 
22200 108000 3600 1526 349 0 0 0 330 330 223 2501 1942 3600 0 0 
22300 108000 3600 1529 356 0 0 0 333 333 240 2489 1912 3600 0 0 
22400 108000 3600 1508 327 0 0 0 271 271 180 2499 1932 3600 0 0 
22500 108000 3600 1552 361 0 0 0 299 299 198 2491 1944 3600 0 0 
22600 108000 3600 1499 328 0 0 0 387 387 269 2517 1911 3600 0 0 
22700 108000 3600 1433 333 0 0 0 326 326 233 2538 1909 3600 0 0 
22800 108000 3600 1538 354 0 0 0 289 289 199 2497 1934 3600 0 0 
22900 108000 3600 1534 351 0 0 0 301 301 209 2487 1913 3600 0 0 
23000 108000 3600 1522 321 0 0 0 346 346 248 2462 1927 3600 0 0 
23100 108000 3600 1559 348 0 0 0 273 273 191 2435 1923 3600 0 0 
23200 108000 3600 1495 315 0 0 0 322 322 217 2490 1920 3600 0 0 
23300 108000 3600 1518 340 0 0 0 341 341 231 2488 1918 3600 0 0 
23400 108000 3600 1535 334 0 0 0 303 303 202 2469 1922 3600 0 0 
23500 108000 3600 1506 332 0 0 0 341 341 236 2486 1933 3600 0 0 
23600 108000 3600 1511 341 0 0 0 350 350 240 2506 1897 3600 0 0 
23700 108000 3600 1516 338 0 0 0 297 297 206 2495 1915 3600 0 0 
23800 108000 3600 1493 327 0 0 0 347 347 244 2495 1960 3600 0 0 
23900 108000 3600 1548 346 0 0 0 300 300 202 2456 1930 3600 0 0 
24000 108000 3600 1540 331 0 0 0 342 342 227 2470 1931 3600 0 0 
24100 108000 3600 1494 333 0 0 0 347 347 239 2485 1923 3600 0 0 
24200 108000 3600 1504 343 0 0 0 292 292 200 2500 1935 3600 0 0 
24300 108000 3600 1494 326 0 0 0 295 295 216 2509 1942 3600 0 0 
24400 108000 3600 1476 332 0 0 0 296 296 203 2516 1936 3600 0 0 
24500 108000 3600 1493 333 0 0 0 267 267 187 2520 1922 3600 0 0 
24600 108000 3600 1545 347 0 0 0 279 279 186 2453 1941 3600 0 0 
24700 108000 3600 1551 375 0 0 0 317 317 232 2510 1933 3600 0 0 
24800 108000 3600 1528 363 0 0 0 276 276 197 2493 1909 3600 0 0 
24900 108000 3600 1541 338 0 0 0 280 280 185 2477 1942 3600 0 0 
25000 108000 3600 1273 223 0 0 0 377 377 259 2491 1915 3600 0 0 
25100 108000 3600 1371 261 0 0 0 352 352 246 2486 1929 3600 0 0 
25200 108000 3600 1493 305 0 0 0 309 309 206 2433 1937 3600 0 0 
25300 108000 3600 1432 290 0 0 0 374 374 262 2509 1924 3600 0 0 
25400 108000 3600 1463 295 0 0 0 319 319 230 2477 1938 3600 0 0 
25500 108000 3600 1475 308 0 0 0 316 316 223 2503 1911 3600 0 0 
25600 108000 3600 1534 326 0 0 0 333 333 229 2474 1946 3600 0 0 
25700 108000 3600 1485 309 0 0 0 322 322 223 2503 1904 3600 0 0 
25800 108000 3600 1482 320 0 0 0 329 329 239 2514 1955 3600 0 0 
25900 108000 3600 1505 325 0 0 0 354 354 235 2479 1936 3600 0 0 
26000 108000 3600 1523 318 0 0 0 288 288 184 2456 1932 3600 0 0 
26100 108000 3600 1470 310 0 0 0 324 324 225 2526 1928 3600 0 0 
26200 108000 3600 1535 332 0 0 0 360 360 248 2473 1951 3600 0 0 
26300 108000 3600 1496 336 0 0 0 305 305 202 2501 1926 3600 0 0 
26400 108000 3600 1434 328 0 0 0 350 350 243 2565 1920 3600 0 0 
26500 108000 3600 1468 345 0 0 0 358 358 255 2521 1912 3600 0 0 
26600 108000 3600 1493 337 0 0 0 333 333 233 2518 1910 3600 0 0 
26700 108000 3600 1555 333 0 0 0 333 333 221 2446 1952 3600 0 0 
26800 108000 3600 1449 318 0 0 0 327 327 226 2568 1919 3600 0 0 
26900 108000 3600 1552 348 0 0 0 275 275 193 2450 1937 3600 0 0 
27000 108000 3600 1547 321 0 0 0 325 325 216 2449 1955 3600 0 0 
27100 108000 3600 1485 345 0 0 0 327 327 207 2523 1923 3600 0 0 
27200 108000 3600 1481 339 0 0 0 293 293 214 2529 1932 3600 0 0 
27300 108000 3600 1489 329 0 0 0 349 349 248 2525 1965 3600 0 0 
27400 108000 3600 1504 345 0 0 0 338 338 242 2495 1931 3600 0 0 
27500 108000 3600 1534 340 0 0 0 316 316 209 2468 1939 3600 0 0 
27600 108000 3600 1496 330 0 0 0 275 275 184 2497 1945 3600 0 0 
27700 108000 3600 1498 335 0 0 0 313 313 203 2498 1929 3600 0 0 
27800 108000 3600 1479 329 0 0 0 345 345 238 2513 1943 3600 0 0 
27900 108000 3600 1511 329 0 0 0 309 309 214 2475 1913 3600 0 0 
28000 108000 3600 1441 290 0 0 0 353 353 245 2512 1909 3600 0 0 
28100 108000 3600 1496 330 0 0 0 327 327 229 2502 1938 3600 0 0 
28200 108000 3600 1493 332 0 0 0 314 314 233 2520 1920 3600 0 0 
28300 108000 3600 1465 338 0 0 0 371 371 261 2527 1937 3600 0 0 
28400 108000 3600 1480 330 0 0 0 319 319 210 2521 1915 3600 0 0 
28500 108000 3600 1509 339 0 0 0 357 357 252 2484 1947 3600 0 0 
28600 108000 3600 1493 316 0 0 0 340 340 240 2493 1901 3600 0 0 
28700 108000 3600 1451 321 0 0 0 318 318 232 2558 1927 3600 0 0 
28800 108000 3600 1489 305 0 0 0 328 328 219 2513 1930 3600 0 0 
28900 108000 3600 1444 330 0 0 0 293 293 216 2531 1953 3600 0 0 
29000 108000 3600 1483 336 0 0 0 331 331 245 2523 1955 3600 0 0 
29100 108000 3600 1534 342 0 0 0 324 324 231 2479 1943 3600 0 0 
29200 108000 3600 1471 342 0 0 0 342 342 235 2520 1942 3600 0 0 
29300 108000 3600 1512 351 0 0 0 340 340 230 2515 1929 3600 0 0 
29400 108000 3600 1451 332 0 0 0 363 363 261 2540 1942 3600 0 0 
29500 108000 3600 1509 332 0 0 0 304 304 225 2471 1944 3600 0 0 
29600 108000 3600 1540 339 0 0 0 316 316 226 2463 1949 3600 0 0 
29700 108000 3600 1483 329 0 0 0 342 342 234 2519 1972 3600 0 0 
29800 108000 3600 1515 336 0 0 0 291 291 192 2468 1951 3600 0 0 
29900 108000 3600 1463 331 0 0 0 339 339 237 2505 1918 3600 0 0 
30000 108000 3600 1460 328 0 0 0 334 334 249 2519 1939 3600 0 0 
30100 108000 3600 1503 339 0 0 0 317 317 224 2521 1955 3600 0 0 
30200 108000 3600 1514 334 0 0 0 323 323 218 2506 1961 3600 0 0 
30300 108000 3600 1545 333 0 0 0 363 363 255 2451 1967 3600 0 0 
30400 108000 3600 1463 328 0 0 0 344 344 238 2524 1946 3600 0 0 
30500 108000 3600 1444 356 0 0 0 304 304 211 2577 1916 3600 0 0 
30600 108000 3600 1566 357 0 0 0 278 278 170 2464 1974 3600 0 0 
30700 108000 3600 1535 341 0 0 0 341 341 236 2466 1920 3600 0 0 
30800 108000 3600 1473 337 0 0 0 300 300 218 2531 1923 3600 0 0 
30900 108000 3600 1475 340 0 0 0 339 339 231 2519 1930 3600 0 0 
31000 108000 3600 1453 325 0 0 0 295 295 219 2535 1947 3600 0 0 
31100 108000 3600 1552 336 0 0 0 322 322 192 2440 1931 3600 0 0 
31200 108000 3600 1532 357 0 0 0 338 338 239 2479 1960 3600 0 0 
31300 108000 3600 1545 348 0 0 0 308 308 207 2466 1943 3600 0 0 
31400 108000 3600 1523 339 0 0 0 317 317 215 2471 1954 3600 0 0 
31500 108000 3600 1476 304 0 0 0 328 328 222 2495 1938 3600 0 0 
31600 108000 3600 1486 325 0 0 0 332 332 233 2505 1923 3600 0 0 
31700 108000 3600 1517 347 0 0 0 315 315 208 2481 1937 3600 0 0 
31800 108000 3600 1511 354 0 0 0 353 353 234 2489 1946 3600 0 0 
31900 108000 3600 1500 339 0 0 0 284 284 203 2485 1915 3600 0 0 
32000 108000 3600 1474 334 0 0 0 349 349 243 2526 1946 3600 0 0 
32100 108000 3600 1461 303 0 0 0 298 298 208 2503 1911 3600 0 0 
32200 108000 3600 1460 312 0 0 0 314 314 214 2503 1917 3600 0 0 
32300 108000 3600 1457 310 0 0 0 318 318 221 2522 1913 3600 0 0 
32400 108000 3600 1485 329 0 0 0 319 319 222 2495 1954 3600 0 0 
32500 108000 3600 1488 327 0 0 0 289 289 208 2506 1929 3600 0 0 
32600 108000 3600 1448 336 0 0 0 311 311 216 2538 1946 3600 0 0 
32700 108000 3600 1463 335 0 0 0 300 300 216 2530 1928 3600 0 0 
32800 108000 3600 1519 336 0 0 0 319 319 226 2484 1953 3600 0 0 
32900 108000 3600 1546 325 0 0 0 307 307 214 2460 1969 3600 0 0 
33000 108000 3600 1488 308 0 0 0 323 323 209 2465 1923 3600 0 0 
33100 108000 3600 1475 310 0 0 0 349 349 246 2501 1952 3600 0 0 
33200 108000 3600 1507 307 0 0 0 319 319 204 2467 1949 3600 0 0 
33300 108000 3600 1483 308 0 0 0 371 371 256 2482 1951 3600 0 0 
33400 108000 3600 1459 318 0 0 0 332 332 240 2544 1911 3600 0 0 
33500 108000 3600 1478 313 0 0 0 332 332 227 2499 1941 3600 0 0 
33600 108000 3600 1465 323 0 0 0 334 334 229 2532 1913 3600 0 0 
33700 108000 3600 1558 321 0 0 0 352 352 246 2444 1971 3600 0 0 
33800 108000 3600 1524 332 0 0 0 326 326 218 2491 1962 3600 0 0 
33900 108000 3600 1525 349 0 0 0 315 315 226 2482 1950 3600 0 0 
34000 108000 3600 1477 348 0 0 0 318 318 236 2530 1959 3600 0 0 
34100 108000 3600 1480 338 0 0 0 332 332 239 2530 1937 3600 0 0 
34200 108000 3600 1485 353 0 0 0 308 308 219 2524 1918 3600 0 0 
34300 108000 3600 1525 345 0 0 0 319 319 213 2492 1923 3600 0 0 
34400 108000 3600 1486 336 0 0 0 292 292 218 2517 1947 3600 0 0 
34500 108000 3600 1512 343 0 0 0 400 400 280 2505 1947 3600 0 0 
34600 108000 3600 1474 332 0 0 0 317 317 224 2527 1935 3600 0 0 
34700 108000 3600 1535 355 0 0 0 304 304 201 2491 1957 3600 0 0 
34800 108000 3600 1534 354 0 0 0 320 320 211 2474 1943 3600 0 0 
34900 108000 3600 1525 330 0 0 0 308 308 203 2476 1943 3600 0 0 
35000 108000 3600 1494 319 0 0 0 326 326 227 2496 1952 3600 0 0 
35100 108000 3600 1494 322 0 0 0 337 337 241 2487 1935 3600 0 0 
35200 108000 3600 1538 340 0 0 0 324 324 226 2460 1942 3600 0 0 
35300 108000 3600 1489 320 0 0 0 331 331 235 2495 1935 3600 0 0 
35400 108000 3600 1519 338 0 0 0 325 325 239 2480 1927 3600 0 0 
35500 108000 3600 1526 346 0 0 0 323 323 233 2489 1945 3600 0 0 
35600 108000 3600 1502 334 0 0 0 360 360 245 2490 1963 3600 0 0 
35700 108000 3600 1520 323 0 0 0 333 333 235 2459 1961 3600 0 0 
35800 108000 3600 1536 328 0 0 0 325 325 228 2462 1932 3600 0 0 
35900 108000 3600 1513 339 0 0 0 332 332 244 2490 1936 3600 0 0 
36000 108000 3600 1552 349 0 0 0 328 328 215 2474 1939 3600 0 0 
36100 108000 3600 1488 331 0 0 0 344 344 247 2521 1950 3600 0 0 
36200 108000 3600 1517 330 0 0 0 315 315 208 2495 1966 3600 0 0 
36300 108000 3600 1508 313 0 0 0 300 300 205 2464 1946 3600 0 0 
36400 108000 3600 1467 323 0 0 0 327 327 223 2530 1923 3600 0 0 
36500 108000 3600 1505 335 0 0 0 319 319 220 2487 1946 3600 0 0 
36600 108000 3600 1499 325 0 0 0 335 335 232 2499 1949 3600 0 0 
36700 108000 3600 1512 333 0 0 0 330 330 203 2485 1941 3600 0 0 
36800 108000 3600 1490 315 0 0 0 347 347 238 2476 1953 3600 0 0 
36900 108000 3600 1536 353 0 0 0 322 322 221 2478 1957 3600 0 0 
37000 108000 3600 1493 326 0 0 0 321 321 220 2490 1972 3600 0 0 
37100 108000 3600 1467 313 0 0 0 350 350 246 2512 1914 3600 0 0 
37200 108000 3600 1496 325 0 0 0 341 341 247 2487 1955 3600 0 0 
37300 108000 3600 1502 320 0 0 0 318 318 222 2485 1940 3600 0 0 
37400 108000 3600 1471 322 0 0 0 350 350 250 2552 1914 3600 0 0 
37500 108000 3600 1486 341 0 0 0 353 353 247 2532 1939 3600 0 0 
37600 108000 3600 1479 327 0 0 0 332 332 238 2500 1941 3600 0 0 
37700 108000 3600 1493 335 0 0 0 342 342 231 2500 1929 3600 0 0 
37800 108000 3600 1466 318 0 0 0 334 334 233 2523 1940 3600 0 0 
37900 108000 3600 1438 340 0 0 0 319 319 223 2552 1936 3600 0 0 
38000 108000 3600 1471 333 0 0 0 334 334 242 2532 1944 3600 0 0 
38100 108000 3600 1525 348 0 0 0 323 323 220 2480 1933 3600 0 0 
38200 108000 3600 1526 341 0 0 0 317 317 218 2474 1952 3600 0 0 
38300 108000 3600 1485 317 0 0 0 319 319 231 2478 1948 3600 0 0 
38400 108000 3600 1517 320 0 0 0 341 341 236 2459 1944 3600 0 0 
38500 108000 3600 1494 329 0 0 0 330 330 224 2498 1945 3600 0 0 
38600 108000 3600 1500 327 0 0 0 367 367 254 2488 1943 3600 0 0 
38700 108000 3600 1514 333 0 0 0 332 332 225 2490 1921 3600 0 0 
38800 108000 3600 1460 320 0 0 0 331 331 222 2523 1942 3600 0 0 
38900 108000 3600 1506 328 0 0 0 348 348 241 2488 1940 3600 0 0 
39000 108000 3600 1497 312 0 0 0 336 336 225 2472 1922 3600 0 0 
39100 108000 3600 1490 307 0 0 0 332 332 217 2481 1936 3600 0 0 
39200 108000 3600 1514 327 0 0 0 385 385 266 2498 1947 3600 0 0 
39300 108000 3600 1505 322 0 0 0 328 328 233 2479 1946 3600 0 0 
39400 108000 3600 1545 331 0 0 0 356 356 249 2437 1954 3600 0 0 
39500 108000 3600 1457 319 0 0 0 336 336 255 2539 1939 3600 0 0 
39600 108000 3600 1513 331 0 0 0 300 300 196 2469 1916 3600 0 0 
39700 108000 3600 1435 320 0 0 0 317 317 230 2561 1939 3600 0 0 
39800 108000 3600 1505 342 0 0 0 312 312 204 2507 1969 3600 0 0 
39900 108000 3600 1507 333 0 0 0 325 325 222 2474 1931 3600 0 0 
40000 108000 3600 1478 323 0 0 0 352 352 253 2506 1946 3600 0 0 
40100 108000 3600 1509 342 0 0 0 324 324 238 2505 1940 3600 0 0 
40200 108000 3600 1513 316 0 0 0 309 309 205 2465 1956 3600 0 0 
40300 108000 3600 1470 320 0 0 0 279 279 188 2511 1921 3600 0 0 
40400 108000 3600 1501 324 0 0 0 342 342 248 2494 1937 3600 0 0 
40500 108000 3600 1484 338 0 0 0 329 329 231 2538 1949 3600 0 0 
40600 108000 3600 1506 333 0 0 0 327 327 218 2499 1947 3600 0 0 
40700 108000 3600 1469 348 0 0 0 339 339 236 2534 1928 3600 0 0 
40800 108000 3600 1506 342 0 0 0 333 333 235 2489 1953 3600 0 0 
40900 108000 3600 1497 325 0 0 0 325 325 214 2514 1965 3600 0 0 
41000 108000 3600 1468 333 0 0 0 374 374 267 2510 1897 3600 0 0 
41100 108000 3600 1486 322 0 0 0 342 342 240 2509 1978 3600 0 0 
41200 108000 3600 1452 319 0 0 0 343 343 248 2546 1917 3600 0 0 
41300 108000 3600 1494 348 0 0 0 315 315 222 2507 1910 3600 0 0 
41400 108000 3600 1525 365 0 0 0 300 300 194 2524 1966 3600 0 0 
41500 108000 3600 1518 346 0 0 0 299 299 217 2491 1938 3600 0 0 
41600 108000 3600 1463 347 0 0 0 324 324 229 2545 1917 3600 0 0 
41700 108000 3600 1498 337 0 0 0 272 272 190 2496 1944 3600 0 0 
41800 108000 3600 1534 345 0 0 0 305 305 220 2477 1955 3600 0 0 
41900 108000 3600 1509 329 0 0 0 298 298 218 2498 1953 3600 0 0 
42000 108000 3600 1479 314 0 0 0 300 300 209 2492 1955 3600 0 0 
42100 108000 3600 1453 331 0 0 0 328 328 232 2533 1942 3600 0 0 
42200 108000 3600 1545 340 0 0 0 325 325 228 2452 1931 3600 0 0 
42300 108000 3600 1469 334 0 0 0 320 320 219 2533 1938 3600 0 0 
42400 108000 3600 1497 315 0 0 0 310 310 208 2489 1949 3600 0 0 
42500 108000 3600 1491 347 0 0 0 325 325 220 2513 1952 3600 0 0 
42600 108000 3600 1552 354 0 0 0 271 271 203 2453 1972 3600 0 0 
42700 108000 3600 1459 336 0 0 0 286 286 191 2532 1933 3600 0 0 
42800 108000 3600 1484 343 0 0 0 353 353 250 2534 1946 3600 0 0 
42900 108000 3600 1480 338 0 0 0 351 351 249 2524 1942 3600 0 0 
43000 108000 3600 1463 312 0 0 0 303 303 217 2525 1965 3600 0 0 
43100 108000 3600 1444 331 0 0 0 273 273 199 2557 1960 3600 0 0 
43200 108000 3600 1480 360 0 0 0 313 313 226 2529 1922 3600 0 0 
43300 108000 3600 1495 322 0 0 0 314 314 222 2476 1957 3600 0 0 
43400 108000 3600 1504 311 0 0 0 310 310 197 2473 1938 3600 0 0 
43500 108000 3600 1430 321 0 0 0 332 332 241 2540 1924 3600 0 0 
43600 108000 3600 1470 321 0 0 0 277 277 205 2505 1962 3600 0 0 
43700 108000 3600 1547 357 0 0 0 327 327 230 2460 1988 3600 0 0 
43800 108000 3600 1426 334 0 0 0 338 338 213 2545 1906 3600 0 0 
43900 108000 3600 1446 333 0 0 0 270 270 208 2541 1935 3600 0 0 
44000 108000 3600 1533 351 0 0 0 324 324 218 2494 1965 3600 0 0 
44100 108000 3600 1489 338 0 0 0 296 296 227 2502 1934 3600 0 0 
44200 108000 3600 1424 331 0 0 0 312 312 212 2554 1927 3600 0 0 
44300 108000 3600 1441 328 0 0 0 317 317 212 2528 1947 3600 0 0 
44400 108000 3600 1501 344 0 0 0 346 346 238 2516 1970 3600 0 0 
44500 108000 3600 1433 351 0 0 0 298 298 219 2569 1970 3600 0 0 
44600 108000 3600 1503 342 0 0 0 299 299 195 2504 1934 3600 0 0 
44700 108000 3600 1476 325 0 0 0 328 328 227 2506 1940 3600 0 0 
44800 108000 3600 1461 337 0 0 0 303 303 218 2539 1960 3600 0 0 
44900 108000 3600 1415 345 0 0 0 343 343 239 2578 1915 3600 0 0 
45000 108000 3600 1485 342 0 0 0 287 287 197 2517 1941 3600 0 0 
45100 108000 3600 1506 333 0 0 0 305 305 224 2485 1964 3600 0 0 
45200 108000 3600 1463 319 0 0 0 336 336 229 2518 1946 3600 0 0 
45300 108000 3600 1530 333 0 0 0 359 359 248 2469 1939 3600 0 0 
45400 108000 3600 1453 310 0 0 0 330 330 233 2536 1959 3600 0 0 
45500 108000 3600 1317 233 0 0 0 329 329 243 2496 1949 3600 0 0 
45600 108000 3600 1376 274 0 0 0 340 340 245 2498 1934 3600 0 0 
45700 108000 3600 1424 302 0 0 0 326 326 225 2492 1933 3600 0 0 
45800 108000 3600 1472 320 0 0 0 357 357 240 2489 1963 3600 0 0 
45900 108000 3600 1496 352 0 0 0 323 323 229 2508 1929 3600 0 0 
46000 108000 3600 1487 348 0 0 0 351 351 253 2512 1912 3600 0 0 
46100 108000 3600 1524 341 0 0 0 306 306 202 2458 1938 3600 0 0 
46200 108000 3600 1504 338 0 0 0 355 355 244 2485 1926 3600 0 0 
46300 108000 3600 1504 346 0 0 0 344 344 236 2509 1949 3600 0 0 
46400 108000 3600 1485 357 0 0 0 320 320 237 2520 1959 3600 0 0 
46500 108000 3600 1447 343 0 0 0 334 334 241 2551 1936 3600 0 0 
46600 108000 3600 1505 334 0 0 0 304 304 221 2484 1936 3600 0 0 
46700 108000 3600 1497 340 0 0 0 308 308 212 2490 1927 3600 0 0 
46800 108000 3600 1476 355 0 0 0 314 314 220 2536 1969 3600 0 0 
46900 108000 3600 1467 341 0 0 0 271 271 195 2533 1940 3600 0 0 
47000 108000 3600 1498 342 0 0 0 337 337 232 2499 1928 3600 0 0 
47100 108000 3600 1539 343 0 0 0 382 382 266 2461 1942 3600 0 0 
47200 108000 3600 1467 341 0 0 0 363 363 272 2532 1948 3600 0 0 
47300 108000 3600 1517 352 0 0 0 339 339 229 2485 1932 3600 0 0 
47400 108000 3600 1507 369 0 0 0 339 339 237 2509 1924 3600 0 0 
47500 108000 3600 1488 359 0 0 0 357 357 259 2541 1957 3600 0 0 
47600 108000 3600 1450 348 0 0 0 336 336 250 2554 1916 3600 0 0 
47700 108000 3600 1514 339 0 0 0 324 324 215 2513 1946 3600 0 0 
47800 108000 3600 1531 346 0 0 0 328 328 219 2474 1909 3600 0 0 
47900 108000 3600 1498 340 0 0 0 342 342 221 2502 1943 3600 0 0 
48000 108000 3600 1470 322 0 0 0 294 294 195 2524 1925 3600 0 0 
48100 108000 3600 1477 330 0 0 0 289 289 226 2513 1957 3600 0 0 
48200 108000 3600 1514 342 0 0 0 301 301 206 2481 1944 3600 0 0 
48300 108000 3600 1528 350 0 0 0 340 340 236 2472 1960 3600 0 0 
48400 108000 3600 1524 346 0 0 0 322 322 216 2477 1910 3600 0 0 
48500 108000 3600 1559 341 0 0 0 336 336 242 2443 1965 3600 0 0 
48600 108000 3600 1511 364 0 0 0 296 296 216 2525 1935 3600 0 0 
48700 108000 3600 1510 341 0 0 0 302 302 208 2484 1928 3600 0 0 
48800 108000 3600 1528 339 0 0 0 327 327 209 2478 1956 3600 0 0 
48900 108000 3600 1514 349 0 0 0 312 312 205 2498 1936 3600 0 0 
49000 108000 3600 1634 342 0 0 0 244 244 148 2363 1913 3600 0 0 
49100 108000 3600 1854 284 0 0 0 280 280 153 2079 1857 3600 0 0 
49200 108000 3600 1853 334 0 0 0 252 252 145 2138 1881 3600 0 0 
49300 108000 3600 1910 347 0 0 0 213 213 116 2099 1890 3600 0 0 
49400 108000 3600 1943 367 0 0 0 217 217 131 2088 1887 3600 0 0 
49500 108000 3600 2007 391 0 0 0 240 240 135 2083 1892 3600 0 0 
49600 108000 3600 1916 393 0 0 0 241 241 146 2153 1912 3600 0 0 
49700 108000 3600 1923 371 0 0 0 233 233 136 2127 1861 3600 0 0 
49800 108000 3600 1941 423 0 0 0 203 203 128 2129 1889 3600 0 0 
49900 108000 3600 1957 402 0 0 0 212 212 115 2110 1887 3600 0 0 
50000 108000 3600 1917 390 0 0 0 210 210 113 2137 1880 3600 0 0 
50100 108000 3600 1929 412 0 0 0 217 217 131 2179 1866 3600 0 0 
50200 108000 3600 1965 412 0 0 0 238 238 150 2117 1878 3600 0 0 
50300 108000 3600 1994 413 0 0 0 221 221 128 2090 1896 3600 0 0 
50400 108000 3600 1945 421 0 0 0 214 214 136 2126 1862 3600 0 0 
50500 108000 3600 1989 395 0 0 0 215 215 121 2089 1885 3600 0 0 
50600 108000 3600 2012 391 0 0 0 228 228 115 2068 1895 3600 0 0 
50700 108000 3600 1929 396 0 0 0 229 229 138 2126 1868 3600 0 0 
50800 108000 3600 1944 397 0 0 0 232 232 129 2144 1900 3600 0 0 
50900 108000 3600 1947 404 0 0 0 248 248 152 2127 1900 3600 0 0 
51000 108000 3600 1941 421 0 0 0 213 213 129 2110 1868 3600 0 0 
51100 108000 3600 1980 436 0 0 0 222 222 146 2143 1897 3600 0 0 
51200 108000 3600 1965 409 0 0 0 232 232 137 2120 1888 3600 0 0 
51300 108000 3600 1952 400 0 0 0 237 237 148 2118 1864 3600 0 0 
51400 108000 3600 1955 376 0 0 0 219 219 133 2088 1865 3600 0 0 
51500 108000 3600 1963 404 0 0 0 219 219 132 2092 1873 3600 0 0 
51600 108000 3600 1942 430 0 0 0 189 189 112 2159 1883 3600 0 0 
51700 108000 3600 1973 395 0 0 0 230 230 135 2104 1914 3600 0 0 
51800 108000 3600 1957 433 0 0 0 210 210 131 2128 1871 3600 0 0 
51900 108000 3600 1834 300 0 0 0 278 278 163 2132 1869 3600 0 0 
52000 108000 3600 1990 349 0 0 0 217 217 121 2039 1865 3600 0 0 
52100 108000 3600 2091 351 0 0 0 179 179 99 1886 1888 3600 0 0 
52200 108000 3600 2082 324 0 0 0 197 197 94 1925 1903 3600 0 0 
52300 108000 3600 2124 382 0 0 0 142 142 73 1938 1871 3600 0 0 
52400 108000 3600 2212 404 0 0 0 193 193 96 1875 1893 3600 0 0 
52500 108000 3600 2177 438 0 0 0 173 173 90 1930 1896 3600 0 0 
52600 108000 3600 2217 438 0 0 0 160 160 89 1886 1841 3600 0 0 
52700 108000 3600 2219 414 0 0 0 195 195 94 1881 1880 3600 0 0 
52800 108000 3600 2192 430 0 0 0 169 169 83 1899 1890 3600 0 0 
52900 108000 3600 2214 437 0 0 0 145 145 72 1896 1896 3600 0 0 
53000 108000 3600 2164 439 0 0 0 176 176 91 1975 1871 3600 0 0 
53100 108000 3600 2254 448 0 0 0 198 198 108 1864 1900 3600 0 0 
53200 108000 3600 2227 446 0 0 0 163 163 84 1884 1859 3600 0 0 
53300 108000 3600 2210 449 0 0 0 151 151 97 1915 1896 3600 0 0 
53400 108000 3600 2232 444 0 0 0 179 179 90 1879 1883 3600 0 0 
53500 108000 3600 2186 449 0 0 0 188 188 102 1934 1889 3600 0 0 
53600 108000 3600 2222 422 0 0 0 162 162 90 1877 1920 3600 0 0 
53700 108000 3600 2325 438 0 0 0 183 183 96 1822 1900 3600 0 0 
53800 108000 3600 2238 435 0 0 0 159 159 78 1881 1869 3600 0 0 
53900 108000 3600 2163 416 0 0 0 160 160 86 1940 1898 3600 0 0 
54000 108000 3600 2239 445 0 0 0 177 177 92 1889 1912 3600 0 0 
54100 108000 3600 2203 426 0 0 0 158 158 88 1934 1924 3600 0 0 
54200 108000 3600 2201 453 0 0 0 173 173 88 1944 1915 3600 0 0 
54300 108000 3600 2206 422 0 0 0 165 165 92 1934 1891 3600 0 0 
54400 108000 3600 2232 399 0 0 0 159 159 79 1853 1914 3600 0 0 
54500 108000 3600 2204 423 0 0 0 183 183 89 1879 1905 3600 0 0 
54600 108000 3600 2222 461 0 0 0 157 157 85 1892 1866 3600 0 0 
54700 108000 3600 2201 426 0 0 0 144 144 63 1936 1876 3600 0 0 
54800 108000 3600 2209 443 0 0 0 196 196 102 1895 1909 3600 0 0 
54900 108000 3600 2155 435 0 0 0 172 172 97 1939 1912 3600 0 0 
55000 108000 3600 2206 422 0 0 0 177 177 83 1899 1879 3600 0 0 
55100 108000 3600 2175 435 0 0 0 168 168 84 1945 1892 3600 0 0 
55200 108000 3600 2196 430 0 0 0 174 174 100 1899 1922 3600 0 0 
55300 108000 3600 2212 458 0 0 0 185 185 104 1916 1884 3600 0 0 
55400 108000 3600 2220 451 0 0 0 164 164 81 1885 1900 3600 0 0 
55500 108000 3600 2146 453 0 0 0 158 158 95 1989 1878 3600 0 0 
55600 108000 3600 2174 445 0 0 0 217 217 118 1946 1883 3600 0 0 
55700 108000 3600 2185 451 0 0 0 153 153 91 1916 1870 3600 0 0 
55800 108000 3600 2193 456 0 0 0 146 146 69 1928 1893 3600 0 0 
55900 108000 3600 2278 465 0 0 0 157 157 84 1847 1897 3600 0 0 
56000 108000 3600 2196 462 0 0 0 172 172 96 1921 1879 3600 0 0 
56100 108000 3600 2204 435 0 0 0 214 214 109 1937 1893 3600 0 0 
56200 108000 3600 2185 436 0 0 0 151 151 80 1923 1880 3600 0 0 
56300 108000 3600 2181 423 0 0 0 205 205 108 1914 1881 3600 0 0 
56400 108000 3600 2137 430 0 0 0 180 180 95 1973 1880 3600 0 0 
56500 108000 3600 2165 434 0 0 0 156 156 77 1918 1888 3600 0 0 
56600 108000 3600 2220 435 0 0 0 159 159 80 1887 1886 3600 0 0 
56700 108000 3600 2153 457 0 0 0 161 161 87 1997 1901 3600 0 0 
56800 108000 3600 2200 422 0 0 0 182 182 101 1902 1916 3600 0 0 
56900 108000 3600 2205 440 0 0 0 164 164 87 1931 1918 3600 0 0 
57000 108000 3600 2177 435 0 0 0 188 188 104 1926 1896 3600 0 0 
57100 108000 3600 2259 430 0 0 0 167 167 88 1870 1903 3600 0 0 
57200 108000 3600 2204 431 0 0 0 169 169 92 1903 1917 3600 0 0 
57300 108000 3600 2224 430 0 0 0 161 161 81 1900 1897 3600 0 0 
57400 108000 3600 2147 442 0 0 0 164 164 88 1978 1909 3600 0 0 
57500 108000 3600 2170 441 0 0 0 176 176 96 1963 1893 3600 0 0 
57600 108000 3600 2159 413 0 0 0 192 192 108 1933 1877 3600 0 0 
57700 108000 3600 2181 426 0 0 0 166 166 91 1942 1865 3600 0 0 
57800 108000 3600 2167 429 0 0 0 188 188 109 1949 1857 3600 0 0 
57900 108000 3600 2199 442 0 0 0 202 202 99 1929 1913 3600 0 0 
58000 108000 3600 2167 431 0 0 0 145 145 77 1940 1899 3600 0 0 
58100 108000 3600 2264 463 0 0 0 146 146 74 1875 1902 3600 0 0 
58200 108000 3600 2227 448 0 0 0 171 171 96 1886 1873 3600 0 0 
58300 108000 3600 2178 414 0 0 0 171 171 92 1941 1889 3600 0 0 
58400 108000 3600 2236 426 0 0 0 185 185 97 1871 1923 3600 0 0 
58500 108000 3600 2145 435 0 0 0 175 175 86 1951 1866 3600 0 0 
58600 108000 3600 2203 443 0 0 0 157 157 88 1919 1893 3600 0 0 
58700 108000 3600 2254 435 0 0 0 127 127 65 1850 1892 3600 0 0 
58800 108000 3600 2226 440 0 0 0 184 184 99 1894 1892 3600 0 0 
58900 108000 3600 2169 419 0 0 0 133 133 71 1922 1915 3600 0 0 
59000 108000 3600 2214 402 0 0 0 164 164 89 1883 1874 3600 0 0 
59100 108000 3600 2230 415 0 0 0 163 163 87 1860 1889 3600 0 0 
59200 108000 3600 2202 439 0 0 0 158 158 77 1912 1912 3600 0 0 
59300 108000 3600 2186 426 0 0 0 168 168 94 1928 1891 3600 0 0 
59400 108000 3600 2104 427 0 0 0 183 183 101 1992 1866 3600 0 0 
59500 108000 3600 2183 444 0 0 0 195 195 98 1928 1835 3600 0 0 
59600 108000 3600 2191 438 0 0 0 145 145 81 1958 1920 3600 0 0 
59700 108000 3600 2158 437 0 0 0 182 182 101 1964 1864 3600 0 0 
59800 108000 3600 2188 448 0 0 0 196 196 98 1953 1911 3600 0 0 
59900 108000 3600 2240 429 0 0 0 197 197 98 1876 1888 3600 0 0 
60000 108000 3600 2247 454 0 0 0 144 144 73 1886 1899 3600 0 0 
60100 108000 3600 2238 456 0 0 0 157 157 81 1928 1934 3600 0 0 
60200 108000 3600 2237 423 0 0 0 195 195 104 1895 1921 3600 0 0 
60300 108000 3600 2141 422 0 0 0 184 184 97 1990 1861 3600 0 0 
60400 108000 3600 2165 457 0 0 0 184 184 105 1954 1870 3600 0 0 
60500 108000 3600 2142 428 0 0 0 193 193 104 1965 1853 3600 0 0 
60600 108000 3600 2243 425 0 0 0 175 175 85 1878 1895 3600 0 0 
60700 108000 3600 2240 437 0 0 0 159 159 72 1868 1866 3600 0 0 
60800 108000 3600 2231 414 0 0 0 189 189 97 1890 1919 3600 0 0 
60900 108000 3600 2181 422 0 0 0 183 183 91 1928 1899 3600 0 0 
61000 108000 3600 2220 423 0 0 0 173 173 82 1899 1878 3600 0 0 
61100 108000 3600 2165 438 0 0 0 159 159 85 1963 1878 3600 0 0 
61200 108000 3600 2237 435 0 0 0 155 155 78 1871 1897 3600 0 0 
61300 108000 3600 2170 422 0 0 0 166 166 103 1963 1894 3600 0 0 
61400 108000 3600 2253 431 0 0 0 203 203 100 1843 1878 3600 0 0 
61500 108000 3600 2212 442 0 0 0 173 173 85 1903 1887 3600 0 0 
61600 108000 3600 2238 428 0 0 0 168 168 87 1875 1876 3600 0 0 
61700 108000 3600 2180 435 0 0 0 181 181 115 1924 1879 3600 0 0 
61800 108000 3600 2180 437 0 0 0 173 173 86 1927 1872 3600 0 0 
61900 108000 3600 2199 432 0 0 0 154 154 87 1914 1865 3600 0 0 
62000 108000 3600 2232 429 0 0 0 159 159 81 1861 1892 3600 0 0 
62100 108000 3600 2155 381 0 0 0 160 160 85 1928 1883 3600 0 0 
62200 108000 3600 2176 411 0 0 0 183 183 83 1930 1844 3600 0 0 
62300 108000 3600 2154 425 0 0 0 168 168 99 1942 1877 3600 0 0 
62400 108000 3600 2233 421 0 0 0 163 163 79 1879 1948 3600 0 0 
62500 108000 3600 2223 424 0 0 0 180 180 93 1872 1895 3600 0 0 
62600 108000 3600 2227 437 0 0 0 176 176 98 1883 1915 3600 0 0 
62700 108000 3600 2199 420 0 0 0 163 163 76 1891 1912 3600 0 0 
62800 108000 3600 2197 423 0 0 0 163 163 90 1901 1884 3600 0 0 
62900 108000 3600 2230 458 0 0 0 209 209 119 1885 1867 3600 0 0 
63000 108000 3600 2274 448 0 0 0 163 163 89 1879 1883 3600 0 0 
63100 108000 3600 2243 459 0 0 0 149 149 73 1880 1860 3600 0 0 
63200 108000 3600 2179 440 0 0 0 159 159 86 1946 1890 3600 0 0 
63300 108000 3600 2197 435 0 0 0 143 143 70 1921 1877 3600 0 0 
63400 108000 3600 2211 435 0 0 0 186 186 102 1889 1901 3600 0 0 
63500 108000 3600 2164 438 0 0 0 174 174 103 1953 1907 3600 0 0 
63600 108000 3600 2258 428 0 0 0 148 148 81 1832 1855 3600 0 0 
63700 108000 3600 2245 439 0 0 0 176 176 97 1863 1892 3600 0 0 
63800 108000 3600 2179 419 0 0 0 191 191 101 1955 1938 3600 0 0 
63900 108000 3600 2185 427 0 0 0 169 169 81 1914 1885 3600 0 0 
64000 108000 3600 2197 434 0 0 0 155 155 82 1904 1898 3600 0 0 
64100 108000 3600 2175 428 0 0 0 184 184 101 1932 1872 3600 0 0 
64200 108000 3600 2217 411 0 0 0 164 164 84 1891 1905 3600 0 0 
64300 108000 3600 2206 411 0 0 0 170 170 96 1887 1898 3600 0 0 
64400 108000 3600 2216 442 0 0 0 205 205 116 1903 1889 3600 0 0 
64500 108000 3600 2220 409 0 0 0 163 163 88 1881 1901 3600 0 0 
64600 108000 3600 2191 424 0 0 0 178 178 100 1925 1922 3600 0 0 
64700 108000 3600 2205 438 0 0 0 179 179 97 1900 1869 3600 0 0 
64800 108000 3600 2165 443 0 0 0 160 160 91 1959 1892 3600 0 0 
64900 108000 3600 2203 441 0 0 0 154 154 84 1903 1912 3600 0 0 
65000 108000 3600 2277 446 0 0 0 147 147 91 1866 1927 3600 0 0 
65100 108000 3600 2163 432 0 0 0 126 126 74 1957 1898 3600 0 0 
65200 108000 3600 2207 446 0 0 0 164 164 89 1937 1916 3600 0 0 
65300 108000 3600 2208 437 0 0 0 191 191 93 1914 1872 3600 0 0 
65400 108000 3600 2194 434 0 0 0 171 171 92 1934 1894 3600 0 0 
65500 108000 3600 2231 455 0 0 0 156 156 82 1895 1895 3600 0 0 
65600 108000 3600 2214 424 0 0 0 210 210 102 1898 1889 3600 0 0 
65700 108000 3600 2176 450 0 0 0 157 157 97 1946 1898 3600 0 0 
65800 108000 3600 2260 448 0 0 0 193 193 105 1864 1873 3600 0 0 
65900 108000 3600 2159 426 0 0 0 163 163 85 1912 1887 3600 0 0 
66000 108000 3600 2161 430 0 0 0 186 186 107 1938 1866 3600 0 0 
66100 108000 3600 2202 434 0 0 0 193 193 107 1898 1883 3600 0 0 
66200 108000 3600 2198 442 0 0 0 195 195 109 1927 1922 3600 0 0 
66300 108000 3600 2195 420 0 0 0 188 188 95 1929 1893 3600 0 0 
66400 108000 3600 2219 430 0 0 0 147 147 73 1901 1888 3600 0 0 
66500 108000 3600 2193 464 0 0 0 172 172 84 1932 1879 3600 0 0 
66600 108000 3600 2166 424 0 0 0 201 201 124 1942 1923 3600 0 0 
66700 108000 3600 2168 433 0 0 0 184 184 110 1921 1910 3600 0 0 
66800 108000 3600 2184 448 0 0 0 165 165 96 1935 1912 3600 0 0 
66900 108000 3600 2239 439 0 0 0 154 154 67 1872 1894 3600 0 0 
67000 108000 3600 2202 427 0 0 0 176 176 95 1921 1875 3600 0 0 
67100 108000 3600 2269 436 0 0 0 182 182 95 1847 1888 3600 0 0 
67200 108000 3600 2213 423 0 0 0 157 157 82 1905 1895 3600 0 0 
67300 108000 3600 2197 430 0 0 0 183 183 88 1918 1897 3600 0 0 
67400 108000 3600 2197 419 0 0 0 166 166 91 1908 1895 3600 0 0 
67500 108000 3600 2247 432 0 0 0 177 177 98 1857 1905 3600 0 0 
67600 108000 3600 2188 447 0 0 0 201 201 107 1935 1896 3600 0 0 
67700 108000 3600 2199 432 0 0 0 157 157 82 1949 1911 3600 0 0 
67800 108000 3600 2178 451 0 0 0 171 171 94 1943 1882 3600 0 0 
67900 108000 3600 2196 448 0 0 0 180 180 92 1941 1920 3600 0 0 
68000 108000 3600 2213 432 0 0 0 151 151 77 1894 1885 3600 0 0 
68100 108000 3600 2190 424 0 0 0 192 192 97 1913 1888 3600 0 0 
68200 108000 3600 2162 425 0 0 0 192 192 110 1940 1882 3600 0 0 
68300 108000 3600 2179 422 0 0 0 161 161 97 1914 1902 3600 0 0 
68400 108000 3600 2238 425 0 0 0 169 169 85 1899 1930 3600 0 0 
68500 108000 3600 2118 457 0 0 0 172 172 95 2013 1893 3600 0 0 
68600 108000 3600 2228 440 0 0 0 165 165 80 1902 1898 3600 0 0 
68700 108000 3600 2265 444 0 0 0 144 144 79 1878 1912 3600 0 0 
68800 108000 3600 2211 461 0 0 0 139 139 68 1921 1893 3600 0 0 
68900 108000 3600 2203 433 0 0 0 164 164 80 1924 1891 3600 0 0 
69000 108000 3600 2195 441 0 0 0 172 172 91 1928 1889 3600 0 0 
69100 108000 3600 2141 433 0 0 0 188 188 110 1974 1882 3600 0 0 
69200 108000 3600 2158 453 0 0 0 166 166 92 1969 1884 3600 0 0 
69300 108000 3600 2209 454 0 0 0 178 178 90 1929 1895 3600 0 0 
69400 108000 3600 2230 438 0 0 0 185 185 106 1877 1872 3600 0 0 
69500 108000 3600 2157 441 0 0 0 185 185 110 1970 1904 3600 0 0 
69600 108000 3600 2177 450 0 0 0 199 199 104 1945 1902 3600 0 0 
69700 108000 3600 2187 446 0 0 0 165 165 87 1922 1892 3600 0 0 
69800 108000 3600 2212 463 0 0 0 157 157 86 1943 1913 3600 0 0 
69900 108000 3600 2197 421 0 0 0 184 184 95 1917 1901 3600 0 0 
70000 108000 3600 2143 432 0 0 0 155 155 77 1954 1875 3600 0 0 
70100 108000 3600 2191 444 0 0 0 172 172 83 1929 1910 3600 0 0 
70200 108000 3600 2202 450 0 0 0 171 171 93 1929 1872 3600 0 0 
70300 108000 3600 2207 443 0 0 0 206 206 101 1902 1887 3600 0 0 
70400 108000 3600 2142 433 0 0 0 180 180 96 1955 1907 3600 0 0 
70500 108000 3600 2186 429 0 0 0 143 143 72 1927 1901 3600 0 0 
70600 108000 3600 2172 414 0 0 0 197 197 111 1922 1863 3600 0 0 
70700 108000 3600 2159 434 0 0 0 184 184 94 1962 1918 3600 0 0 
70800 108000 3600 2153 421 0 0 0 176 176 89 1948 1887 3600 0 0 
70900 108000 3600 2198 425 0 0 0 146 146 75 1895 1862 3600 0 0 
71000 108000 3600 2221 422 0 0 0 154 154 73 1887 1897 3600 0 0 
71100 108000 3600 2194 405 0 0 0 141 141 74 1909 1861 3600 0 0 
71200 108000 3600 2159 433 0 0 0 165 165 92 1977 1903 3600 0 0 
71300 108000 3600 2195 429 0 0 0 156 156 84 1952 1891 3600 0 0 
71400 108000 3600 2186 437 0 0 0 151 151 82 1943 1867 3600 0 0 
71500 108000 3600 2209 418 0 0 0 152 152 92 1905 1883 3600 0 0 
71600 107970 3600 2244 430 0 0 0 136 135 75 1848 1883 3600 0 0 
71700 108000 3600 2222 444 0 0 0 181 181 90 1880 1889 3600 0 0 
71800 108000 3600 2207 454 0 0 0 171 171 83 1943 1877 3600 0 0 
71900 108000 3600 2220 440 0 0 0 169 169 87 1900 1907 3600 0 0 
72000 108000 3600 2233 437 0 0 0 179 179 100 1891 1863 3600 0 0 
72100 108000 3600 2210 425 0 0 0 144 144 75 1891 1899 3600 0 0 
72200 108000 3600 2203 434 0 0 0 177 177 97 1895 1923 3600 0 0 
72300 108000 3600 2205 424 0 0 0 147 147 72 1901 1874 3600 0 0 
72400 108000 3600 2216 423 0 0 0 164 164 81 1904 1913 3600 0 0 
72500 108000 3600 2249 441 0 0 0 154 154 81 1871 1886 3600 0 0 
72600 108000 3600 2228 433 0 0 0 153 153 81 1900 1951 3600 0 0 
72700 108000 3600 2235 426 0 0 0 191 191 107 1899 1902 3600 0 0 
72800 108000 3600 2175 429 0 0 0 179 179 101 1935 1884 3600 0 0 
72900 108000 3600 2182 439 0 0 0 178 178 94 1942 1881 3600 0 0 
73000 108000 3600 2241 451 0 0 0 141 141 69 1875 1877 3600 0 0 
73100 108000 3600 2201 436 0 0 0 178 178 90 1916 1923 3600 0 0 
73200 108000 3600 2190 443 0 0 0 207 207 117 1955 1899 3600 0 0 
73300 108000 3600 2194 462 0 0 0 154 154 95 1943 1884 3600 0 0 
73400 108000 3600 2260 442 0 0 0 195 195 97 1848 1893 3600 0 0 
73500 108000 3600 2235 459 0 0 0 185 185 102 1871 1908 3600 0 0 
73600 108000 3600 2188 468 0 0 0 155 155 92 1934 1894 3600 0 0 
73700 108000 3600 2231 438 0 0 0 179 179 99 1908 1918 3600 0 0 
73800 108000 3600 2245 429 0 0 0 172 172 85 1858 1886 3600 0 0 
73900 108000 3600 2227 420 0 0 0 163 163 87 1880 1921 3600 0 0 
74000 108000 3600 2239 453 0 0 0 157 157 81 1883 1881 3600 0 0 
74100 108000 3600 2224 456 0 0 0 174 174 97 1920 1888 3600 0 0 
74200 108000 3600 2258 419 0 0 0 155 155 86 1859 1877 3600 0 0 
74300 108000 3600 2170 436 0 0 0 196 196 109 1936 1873 3600 0 0 
74400 108000 3600 2178 420 0 0 0 148 148 81 1932 1886 3600 0 0 
74500 108000 3600 2211 450 0 0 0 165 165 92 1920 1842 3600 0 0 
74600 108000 3600 2221 437 0 0 0 201 201 103 1887 1902 3600 0 0 
74700 108000 3600 2245 421 0 0 0 176 176 82 1871 1890 3600 0 0 
74800 108000 3600 2228 444 0 0 0 194 194 105 1896 1905 3600 0 0 
74900 108000 3600 2192 438 0 0 0 172 172 102 1914 1892 3600 0 0 
75000 108000 3600 2216 438 0 0 0 196 196 106 1921 1876 3600 0 0 
75100 108000 3600 2197 440 0 0 0 176 176 100 1900 1878 3600 0 0 
75200 108000 3600 2191 441 0 0 0 171 171 85 1930 1883 3600 0 0 
75300 108000 3600 2168 444 0 0 0 192 192 107 1969 1917 3600 0 0 
75400 108000 3600 2259 443 0 0 0 150 150 79 1871 1892 3600 0 0 
75500 108000 3600 2189 426 0 0 0 165 165 98 1912 1887 3600 0 0 
75600 108000 3600 2262 449 0 0 0 149 149 78 1842 1858 3600 0 0 
75700 108000 3600 2210 443 0 0 0 168 168 89 1883 1869 3600 0 0 
75800 108000 3600 2212 452 0 0 0 195 195 100 1920 1911 3600 0 0 
75900 108000 3600 2244 445 0 0 0 209 209 117 1874 1903 3600 0 0 
76000 108000 3600 2221 433 0 0 0 157 157 79 1880 1879 3600 0 0 
76100 108000 3600 2220 439 0 0 0 190 190 98 1911 1931 3600 0 0 
76200 108000 3600 2233 455 0 0 0 172 172 92 1884 1874 3600 0 0 
76300 108000 3600 2220 422 0 0 0 190 190 100 1894 1873 3600 0 0 
76400 108000 3600 2231 443 0 0 0 146 146 67 1868 1862 3600 0 0 
76500 108000 3600 2219 429 0 0 0 162 162 88 1919 1901 3600 0 0 
76600 108000 3600 2224 435 0 0 0 176 176 96 1881 1890 3600 0 0 
76700 108000 3600 2266 441 0 0 0 182 182 101 1829 1884 3600 0 0 
76800 108000 3600 2224 449 0 0 0 175 175 88 1888 1924 3600 0 0 
76900 108000 3600 2231 455 0 0 0 181 181 96 1916 1901 3600 0 0 
77000 108000 3600 2194 451 0 0 0 168 168 86 1927 1881 3600 0 0 
77100 108000 3600 2219 473 0 0 0 153 153 82 1914 1877 3600 0 0 
77200 108000 3600 2212 452 0 0 0 140 140 63 1912 1899 3600 0 0 
77300 108000 3600 2212 481 0 0 0 169 169 92 1946 1882 3600 0 0 
77400 108000 3600 2231 449 0 0 0 184 184 91 1907 1881 3600 0 0 
77500 108000 3600 2175 448 0 0 0 191 191 104 1945 1859 3600 0 0 
77600 108000 3600 2209 445 0 0 0 153 153 80 1913 1883 3600 0 0 
77700 108000 3600 2205 437 0 0 0 153 153 83 1915 1929 3600 0 0 
77800 108000 3600 2153 428 0 0 0 172 172 102 1949 1901 3600 0 0 
77900 108000 3600 2189 456 0 0 0 169 169 88 1953 1888 3600 0 0 
78000 108000 3600 2219 443 0 0 0 178 178 89 1911 1895 3600 0 0 
78100 108000 3600 2227 430 0 0 0 202 202 105 1883 1912 3600 0 0 
78200 108000 3600 2245 449 0 0 0 159 159 84 1880 1886 3600 0 0 
78300 108000 3600 2200 452 0 0 0 187 187 98 1935 1880 3600 0 0 
78400 108000 3600 2196 448 0 0 0 154 154 77 1926 1905 3600 0 0 
78500 108000 3600 2263 434 0 0 0 150 150 72 1853 1912 3600 0 0 
78600 108000 3600 2223 456 0 0 0 182 182 107 1902 1905 3600 0 0 
78700 108000 3600 2156 429 0 0 0 206 206 109 1926 1903 3600 0 0 
78800 108000 3600 2176 447 0 0 0 167 167 90 1961 1908 3600 0 0 
78900 108000 3600 2225 433 0 0 0 160 160 82 1901 1907 3600 0 0 
79000 108000 3600 2268 435 0 0 0 161 161 79 1871 1885 3600 0 0 
79100 108000 3600 2200 441 0 0 0 142 142 78 1907 1854 3600 0 0 
79200 108000 3600 2247 454 0 0 0 156 156 78 1895 1895 3600 0 0 
79300 108000 3600 2222 439 0 0 0 216 216 112 1889 1899 3600 0 0 
79400 108000 3600 2221 438 0 0 0 142 142 75 1913 1910 3600 0 0 
79500 108000 3600 2195 459 0 0 0 126 126 60 1911 1889 3600 0 0 
79600 108000 3600 2298 445 0 0 0 185 185 105 1832 1901 3600 0 0 
79700 108000 3600 2236 436 0 0 0 165 165 82 1885 1887 3600 0 0 
79800 108000 3600 2212 444 0 0 0 162 162 78 1912 1930 3600 0 0 
79900 108000 3600 2200 461 0 0 0 190 190 106 1940 1891 3600 0 0 
80000 108000 3600 2202 461 0 0 0 180 180 102 1919 1895 3600 0 0 
80100 108000 3600 2229 442 0 0 0 172 172 101 1894 1903 3600 0 0 
80200 108000 3600 2238 447 0 0 0 165 165 86 1847 1889 3600 0 0 
80300 108000 3600 2275 460 0 0 0 162 162 95 1859 1886 3600 0 0 
80400 108000 3600 2272 454 0 0 0 152 152 82 1853 1875 3600 0 0 
80500 108000 3600 2260 464 0 0 0 175 175 82 1869 1914 3600 0 0 
80600 108000 3600 2257 469 0 0 0 192 192 96 1878 1879 3600 0 0 
80700 108000 3600 2212 453 0 0 0 179 179 88 1919 1876 3600 0 0 
80800 108000 3600 2197 443 0 0 0 156 156 85 1914 1884 3600 0 0 
80900 108000 3600 2178 466 0 0 0 167 167 95 1935 1891 3600 0 0 
81000 108000 3600 2223 452 0 0 0 188 188 103 1923 1916 3600 0 0 
81100 108000 3600 2262 476 0 0 0 164 164 92 1869 1913 3600 0 0 
81200 108000 3600 2228 464 0 0 0 176 176 95 1912 1932 3600 0 0 
81300 108000 3600 2257 444 0 0 0 173 173 92 1892 1902 3600 0 0 
81400 108000 3600 2253 469 0 0 0 160 160 95 1883 1918 3600 0 0 
81500 108000 3600 2251 439 0 0 0 162 162 78 1854 1852 3600 0 0 
81600 108000 3600 2202 455 0 0 0 185 185 103 1927 1923 3600 0 0 
81700 108000 3600 2183 458 0 0 0 150 150 81 1918 1880 3600 0 0 
81800 108000 3600 2203 461 0 0 0 145 145 69 1924 1880 3600 0 0 
81900 108000 3600 2233 461 0 0 0 180 180 99 1913 1878 3600 0 0 
82000 108000 3600 2197 450 0 0 0 209 209 116 1906 1908 3600 0 0 
82100 108000 3600 2236 473 0 0 0 179 179 98 1882 1893 3600 0 0 
82200 108000 3600 2259 458 0 0 0 194 194 102 1878 1880 3600 0 0 
82300 108000 3600 2230 471 0 0 0 188 188 105 1890 1901 3600 0 0 
82400 108000 3600 2189 462 0 0 0 166 166 91 1929 1886 3600 0 0 
82500 108000 3600 2254 472 0 0 0 194 194 99 1867 1880 3600 0 0 
82600 108000 3600 2231 450 0 0 0 165 165 81 1897 1922 3600 0 0 
82700 108000 3600 2270 439 0 0 0 169 169 90 1844 1908 3600 0 0 
82800 108000 3600 2300 473 0 0 0 153 153 72 1819 1895 3600 0 0 
82900 108000 3600 2236 472 0 0 0 166 166 88 1899 1894 3600 0 0 
83000 108000 3600 2243 476 0 0 0 137 137 75 1905 1919 3600 0 0 
83100 108000 3600 2235 434 0 0 0 180 180 103 1886 1882 3600 0 0 
83200 108000 3600 2227 442 0 0 0 165 165 77 1837 1893 3600 0 0 
83300 108000 3600 2283 452 0 0 0 170 170 88 1871 1899 3600 0 0 
83400 108000 3600 2208 463 0 0 0 180 180 108 1916 1919 3600 0 0 
83500 108000 3600 2227 442 0 0 0 174 174 95 1915 1888 3600 0 0 
83600 108000 3600 2262 479 0 0 0 175 175 96 1868 1879 3600 0 0 
83700 108000 3600 2245 443 0 0 0 177 177 87 1856 1891 3600 0 0 
83800 108000 3600 2247 452 0 0 0 187 187 105 1874 1888 3600 0 0 
83900 108000 3600 2312 459 0 0 0 181 181 95 1827 1905 3600 0 0 
84000 108000 3600 2257 448 0 0 0 196 196 102 1881 1882 3600 0 0 
84100 108000 3600 2291 466 0 0 0 170 170 91 1839 1904 3600 0 0 
84200 108000 3600 2209 459 0 0 0 159 159 81 1916 1913 3600 0 0 
84300 108000 3600 2277 466 0 0 0 154 154 80 1862 1855 3600 0 0 
84400 108000 3600 2232 452 0 0 0 159 159 77 1907 1886 3600 0 0 
84500 108000 3600 2279 451 0 0 0 154 154 90 1850 1885 3600 0 0 
84600 108000 3600 2241 468 0 0 0 147 147 85 1933 1889 3600 0 0 
84700 108000 3600 2237 482 0 0 0 152 152 89 1943 1893 3600 0 0 
84800 108000 3600 2284 462 0 0 0 163 163 94 1856 1909 3600 0 0 
84900 108000 3600 2277 441 0 0 0 219 219 120 1841 1911 3600 0 0 
85000 108000 3600 2292 465 0 0 0 164 164 87 1847 1936 3600 0 0 
85100 108000 3600 2215 445 0 0 0 197 197 106 1904 1877 3600 0 0 
85200 108000 3600 2262 464 0 0 0 180 180 92 1866 1891 3600 0 0 
85300 108000 3600 2230 467 0 0 0 177 177 97 1868 1898 3600 0 0 
85400 108000 3600 2281 469 0 0 0 220 220 121 1862 1893 3600 0 0 
85500 108000 3600 2253 457 0 0 0 178 178 98 1859 1901 3600 0 0 
85600 108000 3600 2223 462 0 0 0 204 204 109 1922 1897 3600 0 0 
85700 108000 3600 2264 447 0 0 0 164 164 93 1867 1898 3600 0 0 
85800 108000 3600 2267 451 0 0 0 181 181 92 1827 1911 3600 0 0 
85900 108000 3600 2298 455 0 0 0 184 184 102 1839 1897 3600 0 0 
86000 108000 3600 2237 461 0 0 0 151 151 67 1894 1915 3600 0 0 
86100 108000 3600 2256 435 0 0 0 206 206 98 1864 1880 3600 0 0 
86200 108000 3600 2244 471 0 0 0 153 153 80 1869 1874 3600 0 0 
86300 108000 3600 2261 454 0 0 0 177 177 90 1872 1889 3600 0 0 
86400 108000 3600 2305 472 0 0 0 157 157 92 1830 1884 3600 0 0 
86500 108000 3600 2258 490 0 0 0 141 141 71 1891 1888 3600 0 0 
86600 108000 3600 2265 482 0 0 0 178 178 89 1892 1881 3600 0 0 
86700 108000 3600 2295 473 0 0 0 174 174 101 1821 1910 3600 0 0 
86800 108000 3600 2228 473 0 0 0 166 166 85 1904 1906 3600 0 0 
86900 108000 3600 2297 474 0 0 0 153 153 77 1847 1925 3600 0 0 
87000 108000 3600 2284 465 0 0 0 156 156 75 1867 1896 3600 0 0 
87100 108000 3600 2215 468 0 0 0 148 148 80 1938 1874 3600 0 0 
87200 108000 3600 2212 436 0 0 0 180 180 110 1885 1886 3600 0 0 
87300 108000 3600 2296 465 0 0 0 180 180 92 1837 1905 3600 0 0 
87400 108000 3600 2210 462 0 0 0 192 192 97 1889 1880 3600 0 0 
87500 108000 3600 2297 481 0 0 0 179 179 82 1846 1888 3600 0 0 
87600 108000 3600 2250 470 0 0 0 159 159 92 1886 1898 3600 0 0 
87700 108000 3600 2230 464 0 0 0 156 156 88 1889 1900 3600 0 0 
87800 108000 3600 2260 446 0 0 0 164 164 84 1876 1893 3600 0 0 
87900 108000 3600 2261 439 0 0 0 177 177 90 1867 1878 3600 0 0 
88000 108000 3600 2254 478 0 0 0 168 168 91 1884 1883 3600 0 0 
88100 108000 3600 2265 443 0 0 0 173 173 85 1894 1925 3600 0 0 
88200 108000 3600 2276 450 0 0 0 159 159 95 1846 1878 3600 0 0 
88300 108000 3600 2325 483 0 0 0 152 152 80 1818 1871 3600 0 0 
88400 108000 3600 2284 459 0 0 0 170 170 79 1854 1887 3600 0 0 
88500 108000 3600 2293 470 0 0 0 170 170 86 1843 1890 3600 0 0 
88600 108000 3600 2257 466 0 0 0 135 135 73 1886 1871 3600 0 0 
88700 108000 3600 2262 446 0 0 0 176 176 103 1860 1897 3600 0 0 
88800 108000 3600 2286 482 0 0 0 178 178 92 1865 1909 3600 0 0 
88900 108000 3600 2228 455 0 0 0 157 157 84 1914 1882 3600 0 0 
89000 108000 3600 2295 466 0 0 0 168 168 79 1841 1888 3600 0 0 
89100 108000 3600 2254 464 0 0 0 177 177 94 1902 1885 3600 0 0 
89200 108000 3600 2227 471 0 0 0 172 172 81 1918 1906 3600 0 0 
89300 108000 3600 2238 485 0 0 0 177 177 101 1877 1893 3600 0 0 
89400 108000 3600 2255 427 0 0 0 184 184 98 1862 1901 3600 0 0 
89500 108000 3600 2279 469 0 0 0 150 150 78 1834 1897 3600 0 0 
89600 108000 3600 2330 461 0 0 0 170 170 85 1818 1911 3600 0 0 
89700 108000 3600 2275 475 0 0 0 143 143 78 1878 1881 3600 0 0 
89800 108000 3600 2213 469 0 0 0 210 210 116 1918 1884 3600 0 0 
89900 108000 3600 2246 459 0 0 0 161 161 68 1877 1873 3600 0 0 
90000 108000 3600 2187 454 0 0 0 197 197 113 1944 1902 3600 0 0 
90100 108000 3600 2251 454 0 0 0 195 195 97 1879 1878 3600 0 0 
90200 108000 3600 2191 461 0 0 0 182 182 95 1945 1909 3600 0 0 
90300 108000 3600 2255 444 0 0 0 193 193 102 1869 1900 3600 0 0 
90400 108000 3600 2266 441 0 0 0 174 174 90 1848 1906 3600 0 0 
90500 108000 3600 2298 476 0 0 0 149 149 80 1832 1897 3600 0 0 
90600 108000 3600 2255 461 0 0 0 178 178 96 1868 1896 3600 0 0 
90700 108000 3600 2232 438 0 0 0 189 189 98 1874 1899 3600 0 0 
90800 108000 3600 2241 445 0 0 0 157 157 86 1884 1930 3600 0 0 
90900 108000 3600 2250 465 0 0 0 157 157 83 1904 1900 3600 0 0 
91000 108000 3600 2269 467 0 0 0 165 165 82 1847 1904 3600 0 0 
91100 108000 3600 2271 447 0 0 0 203 203 107 1840 1884 3600 0 0 
91200 108000 3600 2318 445 0 0 0 176 176 90 1822 1889 3600 0 0 
91300 108000 3600 2286 479 0 0 0 195 195 107 1874 1887 3600 0 0 
91400 108000 3600 2243 450 0 0 0 188 188 93 1877 1900 3600 0 0 
91500 108000 3600 2234 416 0 0 0 169 169 100 1861 1886 3600 0 0 
91600 108000 3600 2241 491 0 0 0 160 160 80 1926 1903 3600 0 0 
91700 108000 3600 2262 465 0 0 0 145 145 74 1863 1854 3600 0 0 
91800 108000 3600 2302 474 0 0 0 151 151 74 1847 1877 3600 0 0 
91900 108000 3600 2370 500 0 0 0 185 185 98 1812 1887 3600 0 0 
92000 108000 3600 2289 462 0 0 0 191 191 96 1826 1856 3600 0 0 
92100 108000 3600 2256 432 0 0 0 154 154 79 1890 1883 3600 0 0 
92200 108000 3600 2262 435 0 0 0 154 154 75 1850 1884 3600 0 0 
92300 108000 3600 2262 445 0 0 0 158 158 85 1877 1877 3600 0 0 
92400 108000 3600 2231 442 0 0 0 186 186 88 1881 1890 3600 0 0 
92500 108000 3600 2326 435 0 0 0 188 188 93 1768 1923 3600 0 0 
92600 108000 3600 2330 477 0 0 0 159 159 83 1821 1885 3600 0 0 
92700 108000 3600 2297 457 0 0 0 197 197 86 1841 1902 3600 0 0 
92800 108000 3600 2306 475 0 0 0 176 176 105 1817 1862 3600 0 0 
92900 108000 3600 2270 472 0 0 0 180 180 84 1874 1874 3600 0 0 
93000 108000 3600 2254 461 0 0 0 196 196 101 1885 1876 3600 0 0 
93100 108000 3600 2294 459 0 0 0 194 194 102 1859 1888 3600 0 0 
93200 108000 3600 2248 488 0 0 0 179 179 86 1923 1883 3600 0 0 
93300 108000 3600 2275 463 0 0 0 168 168 82 1861 1855 3600 0 0 
93400 108000 3600 2314 442 0 0 0 146 146 65 1829 1865 3600 0 0 
93500 108000 3600 2278 468 0 0 0 186 186 88 1869 1867 3600 0 0 
93600 108000 3600 2293 486 0 0 0 177 177 98 1886 1897 3600 0 0 
93700 108000 3600 2306 480 0 0 0 149 149 70 1836 1909 3600 0 0 
93800 108000 3600 2323 465 0 0 0 173 173 88 1817 1908 3600 0 0 
93900 108000 3600 2277 476 0 0 0 177 177 90 1853 1854 3600 0 0 
94000 108000 3600 2317 445 0 0 0 180 180 88 1802 1882 3600 0 0 
94100 108000 3600 2268 468 0 0 0 179 179 101 1861 1876 3600 0 0 
94200 108000 3600 2215 458 0 0 0 190 190 109 1922 1882 3600 0 0 
94300 108000 3600 2284 461 0 0 0 175 175 86 1836 1874 3600 0 0 
94400 108000 3600 2284 456 0 0 0 148 148 67 1818 1857 3600 0 0 
94500 108000 3600 2253 450 0 0 0 114 114 53 1892 1907 3600 0 0 
94600 108000 3600 2330 461 0 0 0 165 165 76 1820 1889 3600 0 0 
94700 108000 3600 2308 466 0 0 0 177 177 95 1811 1887 3600 0 0 
94800 108000 3600 2275 490 0 0 0 206 206 100 1850 1861 3600 0 0 
94900 108000 3600 2283 475 0 0 0 198 198 103 1864 1912 3600 0 0 
95000 108000 3600 2317 481 0 0 0 207 207 101 1814 1899 3600 0 0 
95100 108000 3600 2272 489 0 0 0 195 195 109 1859 1874 3600 0 0 
95200 108000 3600 2315 480 0 0 0 203 203 97 1819 1878 3600 0 0 
95300 108000 3600 2250 454 0 0 0 168 168 96 1861 1874 3600 0 0 
95400 108000 3600 2275 452 0 0 0 175 175 95 1835 1863 3600 0 0 
95500 108000 3600 2340 463 0 0 0 156 156 86 1796 1864 3600 0 0 
95600 108000 3600 2278 488 0 0 0 157 157 86 1863 1873 3600 0 0 
95700 108000 3600 2297 491 0 0 0 161 161 87 1860 1870 3600 0 0 
95800 108000 3600 2338 477 0 0 0 153 153 84 1804 1920 3600 0 0 
95900 108000 3600 2292 459 0 0 0 159 159 77 1837 1849 3600 0 0 
96000 108000 3600 2326 495 0 0 0 176 176 86 1820 1890 3600 0 0 
96100 108000 3600 2261 456 0 0 0 185 185 91 1854 1868 3600 0 0 
96200 108000 3600 2305 452 0 0 0 209 209 111 1796 1881 3600 0 0 
96300 108000 3600 2291 455 0 0 0 178 178 93 1845 1891 3600 0 0 
96400 108000 3600 2346 470 0 0 0 144 144 73 1804 1886 3600 0 0 
96500 108000 3600 2313 448 0 0 0 191 191 105 1810 1892 3600 0 0 
96600 108000 3600 2372 457 0 0 0 175 175 83 1744 1892 3600 0 0 
96700 108000 3600 2296 480 0 0 0 180 180 90 1826 1874 3600 0 0 
96800 108000 3600 2295 470 0 0 0 189 189 97 1825 1867 3600 0 0 
96900 108000 3600 2285 432 0 0 0 164 164 84 1806 1874 3600 0 0 
97000 108000 3600 2291 461 0 0 0 171 171 92 1824 1886 3600 0 0 
97100 108000 3600 2294 463 0 0 0 175 175 90 1837 1897 3600 0 0 
97200 108000 3600 2292 478 0 0 0 187 187 86 1845 1889 3600 0 0 
97300 108000 3600 2360 468 0 0 0 150 150 76 1810 1882 3600 0 0 
97400 108000 3600 2317 463 0 0 0 175 175 88 1820 1878 3600 0 0 
97500 108000 3600 2376 448 0 0 0 152 152 81 1752 1907 3600 0 0 
97600 108000 3600 2341 458 0 0 0 197 197 99 1787 1877 3600 0 0 
97700 108000 3600 2330 460 0 0 0 173 173 85 1775 1879 3600 0 0 
97800 108000 3600 2300 461 0 0 0 182 182 99 1827 1859 3600 0 0 
97900 108000 3600 2268 445 0 0 0 154 154 80 1842 1868 3600 0 0 
98000 108000 3600 2299 478 0 0 0 167 167 88 1840 1869 3600 0 0 
98100 108000 3600 2294 479 0 0 0 166 166 83 1854 1898 3600 0 0 
98200 108000 3600 2320 460 0 0 0 185 185 91 1807 1871 3600 0 0 
98300 108000 3600 2283 495 0 0 0 175 175 88 1885 1909 3600 0 0 
98400 108000 3600 2262 483 0 0 0 194 194 106 1877 1889 3600 0 0 
98500 108000 3600 2302 482 0 0 0 180 180 82 1819 1880 3600 0 0 
98600 108000 3600 2316 495 0 0 0 173 173 89 1839 1886 3600 0 0 
98700 108000 3600 2319 465 0 0 0 192 192 93 1808 1870 3600 0 0 
98800 108000 3600 2273 489 0 0 0 168 168 83 1854 1848 3600 0 0 
98900 108000 3600 2313 464 0 0 0 218 218 116 1843 1891 3600 0 0 
99000 108000 3600 2327 488 0 0 0 215 215 104 1826 1885 3600 0 0 
99100 108000 3600 2305 482 0 0 0 156 156 78 1863 1880 3600 0 0 
99200 108000 3600 2341 467 0 0 0 192 192 96 1775 1883 3600 0 0 
99300 108000 3600 2276 465 0 0 0 160 160 86 1863 1883 3600 0 0 
99400 108000 3600 2294 457 0 0 0 155 155 81 1832 1911 3600 0 0 
99500 108000 3600 2273 470 0 0 0 209 209 105 1845 1869 3600 0 0 
99600 108000 3600 2335 475 0 0 0 184 184 86 1803 1893 3600 0 0 
99700 108000 3600 2310 481 0 0 0 156 156 78 1821 1901 3600 0 0 
99800 108000 3600 2308 462 0 0 0 134 134 60 1823 1880 3600 0 0 
99900 108000 3600 2242 474 0 0 0 196 196 101 1887 1873 3600 0 0 
100000 108000 3600 2244 481 0 0 0 194 194 97 1913 1886 3600 0 0 
