# Avida Dominant Data
# Fri Jun 15 12:07:33 2018
#  1: Update
#  2: Average Merit of the Dominant Genotype
#  3: Average Gestation Time of the Dominant Genotype
#  4: Average Fitness of the Dominant Genotype
#  5: Repro Rate?
#  6: Size of Dominant Genotype
#  7: Copied Size of Dominant Genotype
#  8: Executed Size of Dominant Genotype
#  9: Abundance of Dominant Genotype
# 10: Number of Births
# 11: Number of Dominant Breed True?
# 12: Dominant Gene Depth
# 13: Dominant Breed In
# 14: Max Fitness?
# 15: Genotype ID of Dominant Genotype
# 16: Name of the Dominant Genotype

0 0 0 0 0 100 0 0 1 0 0 0 0 2.22507e-308 1 100-aaaaa 
100 97 389 0.249357 0.00257069 100 100 0 44 0 0 0 0 0.249357 1 100-aaaaa 
200 97 389 0.249357 0.00257069 100 99.9974 0 395 7 3 1 0 0.249357 2 100-aaaab 
300 97 389 0.249357 0.00257069 100 99.9973 0 139 7 4 1 0 0.249357 2 100-aaaab 
400 97 389 0.249357 0.00257069 100 99.9977 0 42 1 1 1 0 0.249357 2 100-aaaab 
500 98 291 0.33677 0.00343643 101 100.987 0 17 0 0 4 0 0.33677 2498 101-aaaei 
600 98 288 0.340278 0.00347222 101 101 0 43 8 8 6 0 0.340278 10421 101-aaano 
700 98 288 0.340278 0.00347222 101 101 0 65 3 1 6 0 0.340278 10421 101-aaano 
800 98 288 0.340278 0.00347222 101 101 0 39 1 0 6 0 0.340278 10421 101-aaano 
900 98 288 0.340278 0.00347222 101 101 0 34 2 2 6 0 0.340278 10421 101-aaano 
1000 97 282 0.343972 0.0035461 101 101 0 21 0 0 11 0 0.343972 36408 101-aackm 
1100 98 289 0.3391 0.00346021 101 101 0 29 4 2 7 0 0.3391 27569 101-aabmk 
1200 194 283 0.685512 0.00353357 101 101 0 93 7 7 12 0 0.685512 63709 101-aafyx 
1300 388 282 1.37589 0.0035461 101 101 0 418 34 23 13 0 1.37589 70068 101-aaguq 
1400 388 282 1.37589 0.0035461 101 101 0 233 16 6 13 0 1.37589 70068 101-aaguq 
1500 388 282 1.37589 0.0035461 101 101 0 124 24 19 13 0 1.37589 70068 101-aaguq 
1600 784 280 2.8 0.00357143 101 101 0 227 19 16 19 0 2.8 87820 101-aajca 
1700 3104 280 11.0857 0.00357143 101 101 0 458 49 33 18 0 11.0857 97090 101-aakec 
1800 3104 280 11.0857 0.00357143 101 101 0 310 20 14 18 0 11.0857 97090 101-aakec 
1900 3104 280 11.0857 0.00357143 101 101 0 186 13 10 18 0 11.0857 97090 101-aakec 
2000 6208 278 22.3309 0.00359712 101 101 0 641 32 24 25 0 22.3309 114899 101-aalrz 
2100 6208 278 22.3309 0.00359712 101 101 0 366 23 13 25 0 22.3309 114899 101-aalrz 
2200 6208 278 22.3309 0.00359712 101 101 0 233 30 22 25 0 22.3309 114899 101-aalrz 
2300 6208 278 22.3309 0.00359712 101 101 0 107 2 1 25 0 22.3309 114899 101-aalrz 
2400 6208 278 22.3309 0.00359712 101 101 0 46 0 0 25 0 22.3309 114899 101-aalrz 
2500 6272 278 22.5612 0.00359712 101 101 0 33 5 3 27 0 22.5612 129648 101-aamzv 
2600 6272 276 22.7246 0.00362319 101 101 0 34 6 3 29 0 22.7246 156539 101-aapmq 
2700 10309.2 276 37.3522 0.00362319 101 101 0 88 15 8 35 0 44.9855 169218 101-aaqpp 
2800 10065.2 276 36.468 0.00362319 101 101 0 267 40 30 35 0 44.9855 169218 101-aaqpp 
2900 10045.8 276 36.3979 0.00362319 101 101 0 289 32 24 35 0 44.9855 169218 101-aaqpp 
3000 12416 276 44.9855 0.00362319 101 101 0 234 24 17 36 0 44.9855 179751 101-aartt 
3100 12416 276 44.9855 0.00362319 101 101 0 238 32 21 36 0 44.9855 179751 101-aartt 
3200 12416 276 44.9855 0.00362319 101 101 0 197 24 18 36 0 44.9855 179751 101-aartt 
3300 12416 276 44.9855 0.00362319 101 101 0 74 9 8 36 0 44.9855 179751 101-aartt 
3400 12416 276 44.9855 0.00362319 101 101 0 41 1 1 36 0 44.9855 179751 101-aartt 
3500 12416 276 44.9855 0.00362319 101 101 0 44 9 6 37 0 44.9855 217085 101-aaurg 
3600 12416 276 44.9855 0.00362319 101 101 0 37 5 3 38 0 44.9855 216359 101-aaupj 
3700 12416 275 45.1491 0.00363636 101 101 0 40 2 2 39 0 45.1491 239644 101-aawke 
3800 12416 276 44.9855 0.00362319 101 101 0 57 5 5 37 0 44.9855 193372 101-aastm 
3900 12416 276 44.9855 0.00362319 101 101 0 42 3 2 37 0 44.9855 193372 101-aastm 
4000 12416 274 45.3139 0.00364964 101 101 0 52 4 4 46 0 45.3139 255331 101-aaxph 
4100 12416 273 45.4799 0.003663 101 101 0 33 3 3 41 0 45.4799 233510 101-aavxs 
4200 12416 275 45.1491 0.00363636 101 101 0 48 0 0 40 0 45.1491 260249 101-aaxzs 
4300 12160 269 45.2045 0.00371747 101 101 0 37 2 1 47 0 45.2045 281917 101-aazsj 
4400 12416 275 45.1491 0.00363636 101 101 0 49 1 1 40 0 45.1491 260249 101-aaxzs 
4500 12288 275 44.6836 0.00363636 101 101 0 37 10 6 44 0 44.6836 270684 101-aazac 
4600 12288 273 45.011 0.003663 101 101 0 48 2 1 48 0 45.011 297042 101-abaya 
4700 12416 272 45.6471 0.00367647 101 101 0 79 4 3 44 0 45.6471 261986 101-aaydt 
4800 12416 272 45.6471 0.00367647 101 101 0 79 5 3 44 0 45.6471 261986 101-aaydt 
4900 12416 272 45.6471 0.00367647 101 101 0 63 8 3 44 0 45.6471 261986 101-aaydt 
5000 12416 274 45.3139 0.00364964 101 101 0 39 5 4 47 0 45.3139 310848 101-abbyp 
5100 12544 273 45.9487 0.003663 101 101 0 41 7 4 46 0 45.9487 329166 101-abdhp 
5200 12288 273 45.011 0.003663 101 101 0 54 12 8 42 0 45.011 292401 101-abamz 
5300 198656 273 727.678 0.003663 101 101 0 1338 216 156 54 0 727.678 363700 101-abfyv 
5400 198656 273 727.678 0.003663 101 101 0 1001 71 52 54 0 727.678 363700 101-abfyv 
5500 198656 273 727.678 0.003663 101 101 0 551 35 19 54 0 727.678 363700 101-abfyv 
5600 401408 274 1464.99 0.00364964 101 101 0 748 80 55 55 0 1464.99 377418 101-abhfy 
5700 802816 275 2919.33 0.00363636 101 101 0 857 147 110 58 0 2919.33 389410 101-abhzh 
5800 802816 275 2919.33 0.00363636 101 101 0 993 91 63 58 0 2919.33 389410 101-abhzh 
5900 802816 275 2919.33 0.00363636 101 101 0 720 66 54 58 0 2919.33 389410 101-abhzh 
6000 802816 275 2919.33 0.00363636 101 101 0 650 69 53 58 0 2919.33 389410 101-abhzh 
6100 802816 275 2919.33 0.00363636 101 101 0 483 38 30 58 0 2919.33 389410 101-abhzh 
6200 802816 275 2919.33 0.00363636 101 101 0 393 30 19 58 1 2919.33 389410 101-abhzh 
6300 802816 275 2919.33 0.00363636 101 101 0 346 31 26 58 0 2919.33 389410 101-abhzh 
6400 802816 275 2919.33 0.00363636 101 101 0 249 22 15 58 0 2919.33 389410 101-abhzh 
6500 802816 275 2919.33 0.00363636 101 101 0 182 25 19 58 0 2919.33 389410 101-abhzh 
6600 802816 275 2919.33 0.00363636 101 101 0 131 7 5 58 0 2919.33 389410 101-abhzh 
6700 802816 275 2919.33 0.00363636 101 101 0 79 9 4 58 0 2919.33 389410 101-abhzh 
6800 802816 272 2951.53 0.00367647 101 101 0 34 2 2 62 0 2951.53 454098 101-abmhg 
6900 802816 273 2940.72 0.003663 101 101 0 38 2 2 61 0 2940.72 470587 101-abnjx 
7000 794624 271 2932.19 0.00369004 100 100 0 49 2 2 63 0 2932.19 469900 100-aacxw 
7100 802816 273 2940.72 0.003663 101 101 0 46 4 4 62 0 2940.72 472783 101-abnnz 
7200 794624 271 2932.19 0.00369004 100 100 0 35 1 1 62 0 2932.19 473415 100-aacxz 
7300 794624 271 2932.19 0.00369004 101 101 0 34 5 4 64 0 2932.19 459823 101-abmsr 
7400 802816 273 2940.72 0.003663 101 101 0 37 7 4 62 0 2940.72 471039 101-abnlp 
7500 802816 272 2951.53 0.00367647 101 101 0 35 1 1 62 0 2951.53 471804 101-abnoa 
7600 802816 273 2940.72 0.003663 101 101 0 55 8 6 64 0 2940.72 514922 101-abqdd 
7700 802816 272 2951.53 0.00367647 101 101 0 88 14 10 65 0 2951.53 477570 101-abnvb 
7800 802816 272 2951.53 0.00367647 101 101 0 72 4 3 65 0 2951.53 477570 101-abnvb 
7900 1.60563e+06 274 5859.97 0.00364964 101 101 0 357 64 45 68 0 5859.97 550916 101-absjn 
8000 1.60563e+06 274 5859.97 0.00364964 101 101 0 708 42 30 68 0 5859.97 550916 101-absjn 
8100 1.60563e+06 274 5859.97 0.00364964 101 101 0 561 59 44 68 0 5859.97 550916 101-absjn 
8200 1.60563e+06 274 5859.97 0.00364964 101 101 0 357 58 35 68 0 5859.97 550916 101-absjn 
8300 1.60563e+06 274 5859.97 0.00364964 101 101 0 273 34 26 68 0 5859.97 550916 101-absjn 
8400 1.60563e+06 274 5859.97 0.00364964 101 101 0 219 35 23 68 0 5859.97 550916 101-absjn 
8500 1.60563e+06 274 5859.97 0.00364964 101 101 0 121 18 11 68 0 5859.97 550916 101-absjn 
8600 1.60563e+06 274 5859.97 0.00364964 101 101 0 87 15 12 67 0 5859.97 548469 101-abshc 
8700 1.60563e+06 274 5859.97 0.00364964 101 101 0 62 5 3 67 0 5859.97 548469 101-abshc 
8800 1.60563e+06 273 5881.44 0.003663 101 101 0 65 4 3 68 0 5881.44 558832 101-abswt 
8900 1.60563e+06 272 5903.06 0.00367647 101 101 0 62 3 1 73 0 5903.06 608405 101-abwcd 
9000 1.60563e+06 272 5903.06 0.00367647 101 101 0 51 0 0 73 0 5903.06 608405 101-abwcd 
9100 1.60563e+06 272 5903.06 0.00367647 101 101 0 44 3 1 73 0 5903.06 608405 101-abwcd 
9200 1.60563e+06 274 5859.97 0.00364964 101 101 0 54 2 1 70 0 5859.97 592261 101-abvay 
9300 1.60563e+06 272 5903.06 0.00367647 101 101 0 43 0 0 72 0 5903.06 624085 101-abxbm 
9400 1.60563e+06 272 5903.06 0.00367647 101 101 0 53 2 2 72 0 5903.06 624085 101-abxbm 
9500 1.60563e+06 272 5903.06 0.00367647 101 101 0 62 5 2 74 0 5903.06 625613 101-abxcp 
9600 1.57286e+06 272 5782.59 0.00367647 101 101 0 53 5 3 72 0 5782.59 649938 101-abysv 
9700 1.58925e+06 272 5842.82 0.00367647 101 101 0 38 2 2 70 0 5842.82 632921 101-abxpz 
9800 1.60563e+06 273 5881.44 0.003663 101 101 0 36 2 2 71 0 5881.44 677984 101-acamw 
9900 1.58925e+06 272 5842.82 0.00367647 101 101 0 43 8 6 76 0 5842.82 663854 101-abzno 
10000 1.58925e+06 271 5864.38 0.00369004 101 101 0 39 4 2 74 0 5864.38 679322 101-acasl 
10100 1.58925e+06 271 5864.38 0.00369004 101 101 0 50 5 3 74 0 5864.38 676125 101-acail 
10200 1.60563e+06 271 5924.84 0.00369004 101 101 0 61 10 8 79 0 5924.84 710097 101-accjp 
10300 1.60563e+06 271 5924.84 0.00369004 101 101 0 71 7 3 76 0 5924.84 697345 101-acbqy 
10400 1.60563e+06 271 5924.84 0.00369004 101 101 0 72 10 9 76 0 5924.84 697345 101-acbqy 
10500 1.60563e+06 271 5924.84 0.00369004 101 101 0 74 11 8 79 0 5924.84 710097 101-accjp 
10600 1.60563e+06 271 5924.84 0.00369004 101 101 0 47 11 8 79 0 5924.84 710097 101-accjp 
10700 1.60563e+06 272 5903.06 0.00367647 101 101 0 45 9 6 77 0 5903.06 707533 101-acckk 
10800 1.60563e+06 271 5924.84 0.00369004 101 101 0 51 3 2 76 0 5924.84 697345 101-acbqy 
10900 1.60563e+06 273 5881.44 0.003663 101 101 0 55 5 4 77 0 5881.44 732685 101-acdqg 
11000 1.60563e+06 271 5924.84 0.00369004 101 101 0 64 1 0 78 0 5924.84 771362 101-acgbs 
11100 1.58925e+06 271 5864.38 0.00369004 101 101 0 37 2 2 77 0 5864.38 744849 101-acepk 
11200 1.58925e+06 271 5864.38 0.00369004 101 101 0 45 0 0 77 0 5864.38 744849 101-acepk 
11300 1.60563e+06 272 5903.06 0.00367647 101 101 0 48 3 3 79 0 5903.06 776688 101-acgkh 
11400 1.60563e+06 274 5859.97 0.00364964 101 101 0 58 9 7 85 0 5859.97 791560 101-achhg 
11500 1.60563e+06 272 5903.06 0.00367647 101 101 0 80 13 10 79 0 5903.06 804884 101-acich 
11600 1.60563e+06 270 5946.79 0.0037037 101 101 0 52 5 5 83 0 5946.79 786086 101-acgzf 
11700 3.21126e+06 273 11762.9 0.003663 101 101 0 1049 178 129 80 0 11762.9 829464 101-acjol 
11800 3.21126e+06 273 11762.9 0.003663 101 101 0 1305 109 74 80 0 11762.9 829464 101-acjol 
11900 3.21126e+06 273 11762.9 0.003663 101 101 0 1114 100 73 80 0 11762.9 829464 101-acjol 
12000 3.21126e+06 273 11762.9 0.003663 101 101 0 869 86 58 80 0 11762.9 829464 101-acjol 
12100 3.21126e+06 273 11762.9 0.003663 101 101 0 716 60 43 80 0 11762.9 829464 101-acjol 
12200 3.21126e+06 273 11762.9 0.003663 101 101 0 618 70 45 80 0 11762.9 829464 101-acjol 
12300 3.21126e+06 273 11762.9 0.003663 101 101 0 412 26 17 80 0 11762.9 829464 101-acjol 
12400 3.21126e+06 273 11762.9 0.003663 101 101 0 355 42 33 80 0 11762.9 829464 101-acjol 
12500 3.21126e+06 273 11762.9 0.003663 101 101 0 267 11 8 80 0 11762.9 829464 101-acjol 
12600 3.21126e+06 273 11762.9 0.003663 101 101 0 241 36 26 80 0 11762.9 829464 101-acjol 
12700 3.21126e+06 273 11762.9 0.003663 101 101 0 190 12 11 80 0 11762.9 829464 101-acjol 
12800 3.21126e+06 273 11762.9 0.003663 101 101 0 155 19 17 80 0 11762.9 829464 101-acjol 
12900 3.21126e+06 273 11762.9 0.003663 101 101 0 95 15 9 80 0 11762.9 829464 101-acjol 
13000 3.21126e+06 273 11762.9 0.003663 101 101 0 72 11 6 82 0 11762.9 837179 101-ackar 
13100 3.21126e+06 274 11719.9 0.00364964 101 101 0 69 4 4 81 0 11719.9 865632 101-aclsi 
13200 3.21126e+06 273 11762.9 0.003663 101 101 0 53 6 5 82 0 11762.9 837179 101-ackar 
13300 3.21126e+06 273 11762.9 0.003663 101 101 0 70 2 2 84 0 11762.9 880550 101-acmlq 
13400 3.21126e+06 273 11762.9 0.003663 101 101 0 77 8 4 84 0 11762.9 880550 101-acmlq 
13500 3.21126e+06 273 11762.9 0.003663 101 101 0 80 3 3 84 0 11762.9 880550 101-acmlq 
13600 3.21126e+06 273 11762.9 0.003663 101 101 0 108 12 6 84 0 11762.9 880550 101-acmlq 
13700 3.21126e+06 273 11762.9 0.003663 101 101 0 98 6 6 84 0 11762.9 880550 101-acmlq 
13800 3.21126e+06 273 11762.9 0.003663 101 101 0 97 13 11 84 0 11762.9 936602 101-acpfg 
13900 3.21126e+06 273 11762.9 0.003663 101 101 0 70 9 6 84 0 11762.9 936602 101-acpfg 
14000 3.21126e+06 273 11762.9 0.003663 101 101 0 58 12 10 87 0 11762.9 957438 101-acqhd 
14100 3.21126e+06 273 11762.9 0.003663 101 101 0 57 11 7 87 0 11762.9 993661 101-acscl 
14200 3.21126e+06 273 11762.9 0.003663 101 101 0 50 6 4 87 0 11762.9 993661 101-acscl 
14300 3.1785e+06 271 11728.8 0.00369004 101 101 0 61 16 13 86 0 11728.8 976340 101-acrhl 
14400 3.1785e+06 271 11728.8 0.00369004 101 101 0 60 0 0 86 0 11728.8 976340 101-acrhl 
14500 3.21126e+06 273 11762.9 0.003663 101 101 0 102 13 10 87 0 11762.9 957438 101-acqhd 
14600 3.21126e+06 273 11762.9 0.003663 101 101 0 70 4 3 87 0 11762.9 957438 101-acqhd 
14700 3.21126e+06 273 11762.9 0.003663 101 101 0 54 3 2 83 0 11762.9 960220 101-acqlc 
14800 3.1785e+06 269 11816 0.00371747 101 101 0 66 7 6 90 0 11816 1014182 101-actir 
14900 3.21126e+06 273 11762.9 0.003663 101 101 0 52 3 1 90 0 11762.9 1054206 101-acvcy 
15000 3.21126e+06 273 11762.9 0.003663 101 101 0 58 0 0 85 0 11762.9 1013478 101-actch 
15100 3.21126e+06 273 11762.9 0.003663 101 101 0 51 10 6 85 0 11762.9 1013478 101-actch 
15200 3.21126e+06 274 11719.9 0.00364964 101 101 0 47 10 7 85 0 11719.9 1023458 101-actpp 
15300 3.21126e+06 272 11806.1 0.00367647 101 101 0 64 2 1 89 0 11806.1 1063485 101-acvoi 
15400 3.21126e+06 273 11762.9 0.003663 101 101 0 47 5 3 83 0 11762.9 1039575 101-acujq 
15500 3.21126e+06 272 11806.1 0.00367647 101 101 0 49 9 8 90 0 11806.1 1090017 101-acwue 
15600 3.21126e+06 273 11762.9 0.003663 101 101 0 54 4 2 87 0 11762.9 1077905 101-acweg 
15700 3.1785e+06 269 11816 0.00371747 101 101 0 51 2 2 91 0 11816 1090897 101-acwwm 
15800 3.21126e+06 271 11849.7 0.00369004 101 101 0 67 10 7 90 0 11849.7 1099339 101-acxib 
15900 3.21126e+06 272 11806.1 0.00367647 101 101 0 40 3 3 89 0 11806.1 1119863 101-acygn 
16000 3.21126e+06 272 11806.1 0.00367647 101 101 0 50 6 5 89 0 11806.1 1104754 101-acxpa 
16100 3.21126e+06 272 11806.1 0.00367647 101 101 0 52 5 4 89 0 11806.1 1119863 101-acygn 
16200 3.21126e+06 271 11849.7 0.00369004 102 102 0 56 4 1 91 0 11849.7 1145339 102-aabwg 
16300 3.21126e+06 272 11806.1 0.00367647 101 101 0 41 4 4 91 0 11806.1 1078967 101-acwgn 
16400 3.21126e+06 271 11849.7 0.00369004 102 102 0 48 11 8 91 0 11849.7 1145339 102-aabwg 
16500 3.21126e+06 272 11806.1 0.00367647 101 101 0 57 1 1 88 0 11806.1 1060225 101-acvjo 
16600 3.21126e+06 272 11806.1 0.00367647 101 101 0 54 2 1 88 0 11806.1 1060225 101-acvjo 
16700 3.21126e+06 273 11762.9 0.003663 101 101 0 50 6 4 93 0 11762.9 1161257 101-adahi 
16800 3.21126e+06 236 13607.1 0.00423729 101 101 0 59 11 9 99 0 13607.1 1199075 101-adcbz 
16900 3.21126e+06 236 13607.1 0.00423729 101 101 0 90 10 6 99 0 13607.1 1199075 101-adcbz 
17000 3.21126e+06 236 13607.1 0.00423729 101 101 0 144 15 13 99 0 13607.1 1199075 101-adcbz 
17100 3.21126e+06 237 13549.6 0.00421941 101 101 0 115 10 8 99 0 13549.6 1205698 101-adclb 
17200 3.21126e+06 237 13549.6 0.00421941 101 101 0 72 4 4 98 0 13549.6 1184342 101-adbjx 
17300 3.21126e+06 236 13607.1 0.00423729 101 101 0 64 6 6 99 0 13607.1 1199075 101-adcbz 
17400 3.21126e+06 237 13549.6 0.00421941 101 101 0 64 7 7 100 0 13549.6 1204789 101-adcju 
17500 3.21126e+06 237 13549.6 0.00421941 101 101 0 47 1 1 98 0 13549.6 1184342 101-adbjx 
17600 3.2768e+06 222 14760.4 0.0045045 102 101.999 0 66 9 7 102 0 14760.4 1251212 102-aacco 
17700 3.2768e+06 222 14760.4 0.0045045 102 102 0 140 11 6 102 0 14760.4 1251212 102-aacco 
17800 3.2768e+06 222 14760.4 0.0045045 102 102 0 230 30 24 102 0 14760.4 1251212 102-aacco 
17900 3.2768e+06 222 14760.4 0.0045045 102 102 0 194 27 18 102 0 14760.4 1251212 102-aacco 
18000 3.2768e+06 222 14760.4 0.0045045 102 102 0 168 19 14 102 0 14760.4 1251212 102-aacco 
18100 3.2768e+06 222 14760.4 0.0045045 102 102 0 198 22 15 102 0 14760.4 1251212 102-aacco 
18200 3.2768e+06 222 14760.4 0.0045045 102 102 0 161 6 5 102 0 14760.4 1251212 102-aacco 
18300 3.2768e+06 222 14760.4 0.0045045 102 102 0 197 18 11 102 0 14760.4 1251212 102-aacco 
18400 3.2768e+06 222 14760.4 0.0045045 102 102 0 169 24 18 102 0 14760.4 1251212 102-aacco 
18500 3.2768e+06 222 14760.4 0.0045045 102 102 0 108 12 9 103 0 14760.4 1293453 102-aacfq 
18600 3.2768e+06 222 14760.4 0.0045045 102 102 0 102 9 9 103 0 14760.4 1293453 102-aacfq 
18700 3.21126e+06 219 14663.3 0.00456621 102 102 0 61 10 8 107 0 14663.3 1338827 102-aadda 
18800 3.2768e+06 223 14694.2 0.0044843 102 102 0 72 2 2 105 0 14694.2 1326101 102-aacrt 
18900 3.2768e+06 222 14760.4 0.0045045 102 102 0 45 6 4 105 0 14760.4 1379882 102-aaewo 
19000 3.2768e+06 222 14760.4 0.0045045 102 102 0 65 12 10 105 0 14760.4 1365931 102-aaegq 
19100 3.2768e+06 222 14760.4 0.0045045 102 102 0 87 9 5 105 0 14760.4 1365931 102-aaegq 
19200 3.2768e+06 223 14694.2 0.0044843 102 102 0 57 5 4 107 0 14694.2 1375975 102-aaert 
19300 3.2768e+06 222 14760.4 0.0045045 102 102 0 52 1 1 110 0 14760.4 1390221 102-aafjs 
19400 3.2768e+06 221 14827.1 0.00452489 102 102 0 55 10 5 104 0 14827.1 1335862 102-aaczu 
19500 3.2768e+06 221 14827.1 0.00452489 102 102 0 74 11 8 107 0 14827.1 1421945 102-aagvx 
19600 3.24403e+06 220 14745.6 0.00454545 102 102 0 53 4 1 113 0 14745.6 1423568 102-aagyt 
19700 3.2768e+06 222 14760.4 0.0045045 102 102 0 65 6 5 104 0 14760.4 1351869 102-aadrh 
19800 3.2768e+06 223 14694.2 0.0044843 102 102 0 77 6 4 105 0 14694.2 1433441 102-aahku 
19900 3.2768e+06 223 14694.2 0.0044843 102 102 0 90 8 7 105 0 14694.2 1433441 102-aahku 
20000 3.24403e+06 222 14612.8 0.0045045 102 102 0 74 5 2 113 0 14612.8 1449758 102-aaiee 
20100 3.24403e+06 222 14612.8 0.0045045 102 102 0 86 6 4 113 0 14612.8 1449758 102-aaiee 
20200 3.2768e+06 222 14760.4 0.0045045 102 102 0 56 8 6 109 0 14760.4 1440743 102-aahsb 
20300 3.2768e+06 222 14760.4 0.0045045 102 102 0 53 5 4 113 0 14760.4 1432530 102-aahlc 
20400 3.2768e+06 220 14894.5 0.00454545 102 102 0 47 10 7 109 0 14894.5 1499695 102-aakok 
20500 3.24403e+06 220 14745.6 0.00454545 102 102 0 52 8 5 119 0 14745.6 1510531 102-aakzv 
20600 3.24403e+06 220 14745.6 0.00454545 102 102 0 73 17 13 119 0 14745.6 1510531 102-aakzv 
20700 3.24403e+06 220 14745.6 0.00454545 102 102 0 56 5 4 119 0 14745.6 1510531 102-aakzv 
20800 3.2768e+06 220 14894.5 0.00454545 102 102 0 65 13 8 119 0 14894.5 1495208 102-aakhw 
20900 3.30403e+06 212 15585 0.00471698 103 103 0 90 16 8 111 0 15611.2 1544143 103-aaanb 
21000 3.2768e+06 220 14894.5 0.00454545 102 102 0 56 7 4 119 0 14894.5 1495208 102-aakhw 
21100 3.2768e+06 212 15456.6 0.00471698 103 103 0 46 5 5 112 0 15456.6 1545657 103-aaanh 
21200 3.2768e+06 212 15456.6 0.00471698 103 103 0 79 4 4 113 0 15456.6 1565027 103-aaatm 
21300 3.30957e+06 213 15537.9 0.00469484 103 103 0 90 8 4 108 0 15537.9 1558481 103-aaaqy 
21400 3.30381e+06 214 15438.4 0.0046729 103 103 0 60 5 2 114 0 15465.3 1592167 103-aablh 
21500 3.30957e+06 213 15537.9 0.00469484 103 103 0 73 6 5 108 0 15537.9 1558481 103-aaaqy 
21600 3.24403e+06 211 15374.6 0.00473934 103 103 0 98 5 3 119 0 15374.6 1609680 103-aacdj 
21700 3.24403e+06 211 15374.6 0.00473934 103 103 0 77 6 4 119 0 15374.6 1609680 103-aacdj 
21800 3.2768e+06 211 15529.9 0.00473934 103 103 0 72 13 7 117 0 15529.9 1610422 103-aacbv 
21900 3.2768e+06 211 15529.9 0.00473934 103 103 0 92 14 9 117 0 15529.9 1610422 103-aacbv 
22000 3.2768e+06 211 15529.9 0.00473934 103 103 0 43 5 5 117 0 15529.9 1610422 103-aacbv 
22100 3.30957e+06 214 15465.3 0.0046729 103 103 0 63 10 8 110 0 15465.3 1641699 103-aadno 
22200 3.30957e+06 214 15465.3 0.0046729 103 103 0 70 8 6 110 0 15465.3 1641699 103-aadno 
22300 3.30338e+06 214 15436.4 0.0046729 103 103 0 62 3 3 115 0 15465.3 1653347 103-aaecm 
22400 3.30396e+06 214 15439 0.0046729 103 103 0 59 4 1 115 0 15465.3 1669360 103-aaeww 
22500 3.30957e+06 212 15611.2 0.00471698 103 103 0 52 5 2 115 0 15611.2 1684545 103-aafsi 
22600 3.30391e+06 214 15438.8 0.0046729 103 103 0 60 6 4 116 0 15465.3 1726885 103-aahvz 
22700 3.30957e+06 212 15611.2 0.00471698 103 103 0 58 5 4 115 0 15611.2 1684545 103-aafsi 
22800 3.30957e+06 212 15611.2 0.00471698 103 103 0 68 9 6 115 0 15611.2 1684545 103-aafsi 
22900 3.30957e+06 212 15611.2 0.00471698 103 103 0 57 1 0 115 0 15611.2 1684545 103-aafsi 
23000 3.2768e+06 210 15603.8 0.0047619 103 103 0 64 4 2 120 0 15603.8 1737148 103-aaimz 
23100 3.2768e+06 212 15456.6 0.00471698 103 103 0 59 3 3 121 0 15456.6 1751795 103-aajjs 
23200 3.30957e+06 212 15611.2 0.00471698 103 103 0 117 11 7 115 0 15611.2 1684545 103-aafsi 
23300 3.30957e+06 212 15611.2 0.00471698 103 103 0 113 13 10 115 0 15611.2 1684545 103-aafsi 
23400 3.30957e+06 212 15611.2 0.00471698 103 103 0 60 5 4 115 0 15611.2 1684545 103-aafsi 
23500 3.30957e+06 212 15611.2 0.00471698 103 103 0 116 21 14 115 0 15611.2 1684545 103-aafsi 
23600 3.30957e+06 212 15611.2 0.00471698 103 103 0 80 5 3 115 0 15611.2 1684545 103-aafsi 
23700 3.30957e+06 212 15611.2 0.00471698 103 103 0 46 7 6 115 0 15611.2 1684545 103-aafsi 
23800 3.30957e+06 211 15685.2 0.00473934 103 103 0 58 11 8 117 0 15685.2 1802124 103-aaltb 
23900 3.30957e+06 212 15611.2 0.00471698 103 103 0 53 4 3 131 0 15611.2 1817459 103-aamnu 
24000 3.30957e+06 210 15759.8 0.0047619 103 103 0 66 15 9 119 0 15759.8 1767490 103-aajzj 
24100 3.30957e+06 210 15759.8 0.0047619 103 103 0 59 6 5 119 0 15759.8 1767490 103-aajzj 
24200 3.24403e+06 208 15596.3 0.00480769 103 103 0 54 6 6 124 0 15596.3 1865018 103-aaozf 
24300 3.2768e+06 209 15678.5 0.00478469 103 103 0 66 9 5 123 0 15678.5 1845527 103-aanzr 
24400 3.30957e+06 212 15611.2 0.00471698 103 103 0 46 3 2 118 0 15611.2 1886698 103-aaqff 
24500 3.30957e+06 213 15537.9 0.00469484 103 103 0 49 8 6 121 0 15537.9 1832509 103-aanju 
24600 3.30957e+06 213 15537.9 0.00469484 103 103 0 60 8 4 121 0 15537.9 1832509 103-aanju 
24700 3.30957e+06 213 15537.9 0.00469484 103 103 0 35 7 6 124 0 15537.9 1925543 103-aarzw 
24800 3.2768e+06 209 15678.5 0.00478469 103 103 0 33 3 3 124 0 15678.5 1905146 103-aarad 
24900 3.30957e+06 213 15537.9 0.00469484 103 103 0 48 9 8 123 0 15537.9 1936648 103-aasnk 
25000 5.19045e+07 206 251964 0.00485437 103 103 0 1395 192 137 126 1 251964 1966349 103-aaucc 
25100 5.19045e+07 206 251964 0.00485437 103 103 0 997 150 100 126 0 251964 1966349 103-aaucc 
25200 5.19045e+07 206 251964 0.00485437 103 103 0 735 84 55 126 0 251964 1966349 103-aaucc 
25300 5.19045e+07 206 251964 0.00485437 103 103 0 648 109 73 126 0 251964 1966349 103-aaucc 
25400 5.19045e+07 206 251964 0.00485437 103 103 0 508 54 37 126 0 251964 1966349 103-aaucc 
25500 5.19045e+07 206 251964 0.00485437 103 103 0 378 57 43 126 0 251964 1966349 103-aaucc 
25600 5.19045e+07 206 251964 0.00485437 103 103 0 266 36 23 126 0 251964 1966349 103-aaucc 
25700 5.19045e+07 206 251964 0.00485437 103 103 0 106 12 7 126 0 251964 1966349 103-aaucc 
25800 5.19045e+07 206 251964 0.00485437 103 103 0 86 10 8 127 0 251964 1973645 103-aauos 
25900 5.19045e+07 209 248347 0.00478469 103 103 0 79 10 5 130 0 248347 2009925 103-aawog 
26000 5.19045e+07 206 251964 0.00485437 103 103 0 56 9 6 127 0 251964 1973645 103-aauos 
26100 5.19045e+07 206 251964 0.00485437 103 103 0 77 2 0 127 0 251964 1973645 103-aauos 
26200 5.19045e+07 206 251964 0.00485437 103 103 0 72 21 16 127 0 251964 1973645 103-aauos 
26300 5.19045e+07 205 253193 0.00487805 103 103 0 53 1 0 131 0 253193 2077663 103-aazvd 
26400 5.24288e+07 206 254509 0.00485437 103 103 0 66 14 12 132 0 254509 2089210 103-abaic 
26500 5.24288e+07 208 252062 0.00480769 103 103 0 50 4 4 135 0 252062 2095955 103-abarc 
26600 5.19045e+07 207 250746 0.00483092 103 103 0 47 2 1 127 0 250746 2041504 103-aayan 
26700 5.19045e+07 205 253193 0.00487805 103 103 0 57 11 7 131 0 253193 2077663 103-aazvd 
26800 5.19045e+07 206 251964 0.00485437 103 103 0 60 7 6 133 0 251964 2115596 103-abbnp 
26900 5.19045e+07 206 251964 0.00485437 103 103 0 67 11 7 133 0 251964 2120811 103-abbvz 
27000 5.19045e+07 205 253193 0.00487805 103 103 0 70 9 8 134 0 253193 2121450 103-abbxq 
27100 5.19045e+07 205 253193 0.00487805 103 103 0 60 13 9 134 0 253193 2121450 103-abbxq 
27200 5.29531e+07 207 255812 0.00483092 104 104 0 51 9 6 133 0 255812 2138429 104-aaalr 
27300 5.24288e+07 208 252062 0.00480769 103 103 0 51 11 9 134 0 252062 2171946 103-abedo 
27400 5.13802e+07 206 249419 0.00485437 103 103 0 43 9 6 136 0 249419 2167981 103-abdyb 
27500 5.19045e+07 206 251964 0.00485437 103 103 0 44 6 5 133 0 251964 2121152 103-abbuz 
27600 5.19045e+07 206 251964 0.00485437 103 103 0 49 3 3 134 0 251964 2164343 103-abdux 
27700 5.19045e+07 205 253193 0.00487805 103 103 0 66 5 3 134 0 253193 2156646 103-abdky 
27800 5.13802e+07 206 249419 0.00485437 103 103 0 58 13 9 136 0 249419 2167981 103-abdyb 
27900 5.19045e+07 207 250746 0.00483092 103 103 0 70 11 9 141 0 250746 2219632 103-abgjl 
28000 5.19045e+07 207 250746 0.00483092 103 103 0 72 15 8 134 0 250746 2208698 103-abfvi 
28100 5.19045e+07 205 253193 0.00487805 103 103 0 107 13 8 134 0 253193 2246469 103-abhoz 
28200 5.19045e+07 205 253193 0.00487805 103 103 0 109 15 13 134 0 253193 2246469 103-abhoz 
28300 5.19045e+07 205 253193 0.00487805 103 103 0 78 13 10 134 0 253193 2246469 103-abhoz 
28400 5.19045e+07 205 253193 0.00487805 103 103 0 52 11 6 134 0 253193 2246469 103-abhoz 
28500 5.24288e+07 209 250856 0.00478469 103 103 0 67 9 5 134 0 250856 2165166 103-abdug 
28600 5.24288e+07 209 250856 0.00478469 103 103 0 75 5 3 134 0 250856 2165166 103-abdug 
28700 5.29531e+07 207 255812 0.00483092 104 104 0 96 15 10 136 0 255812 2206813 104-aaapx 
28800 5.29531e+07 207 255812 0.00483092 104 104 0 64 8 7 138 0 255812 2323864 104-aabit 
28900 5.24288e+07 207 253279 0.00483092 104 104 0 43 2 2 137 0 253279 2249216 104-aaato 
29000 5.19045e+07 205 253193 0.00487805 103 103 0 46 8 5 134 0 253193 2246469 103-abhoz 
29100 5.29531e+07 207 255812 0.00483092 104 104 0 49 3 2 137 0 255812 2287037 104-aaayo 
29200 5.24288e+07 207 253279 0.00483092 104 104 0 55 4 2 141 0 253279 2355171 104-aabyx 
29300 5.24288e+07 207 253279 0.00483092 103 103 0 76 8 5 143 0 253279 2322947 103-abkpn 
29400 5.24288e+07 207 253279 0.00483092 103 103 0 78 12 10 145 0 253279 2360494 103-ablry 
29500 5.24288e+07 207 253279 0.00483092 103 103 0 55 5 5 143 0 253279 2322947 103-abkpn 
29600 5.24288e+07 207 253279 0.00483092 103 103 0 66 5 3 145 0 253279 2360494 103-ablry 
29700 5.24288e+07 204 257004 0.00490196 103 103 0 46 1 1 142 0 257004 2373405 103-abmbt 
29800 5.24288e+07 204 257004 0.00490196 103 103 0 62 2 1 142 0 257004 2373405 103-abmbt 
29900 5.24288e+07 204 257004 0.00490196 103 103 0 52 4 3 142 0 257004 2373405 103-abmbt 
30000 5.24288e+07 205 255750 0.00487805 103 103 0 76 11 8 147 0 255750 2418421 103-abnng 
30100 5.24288e+07 206 254509 0.00485437 103 103 0 55 10 8 147 0 254509 2401350 103-abmza 
30200 5.24288e+07 205 255750 0.00487805 103 103 0 60 7 5 147 0 255750 2418421 103-abnng 
30300 5.29531e+07 208 254582 0.00480769 103 103 0 110 15 12 144 0 254582 2431560 103-abnwo 
30400 5.29531e+07 208 254582 0.00480769 103 103 0 68 6 5 144 0 254582 2431560 103-abnwo 
30500 5.29531e+07 206 257054 0.00485437 103 103 0 48 15 13 145 0 257054 2451010 103-abokx 
30600 5.19045e+07 206 251964 0.00485437 103 103 0 45 6 3 149 0 251964 2497713 103-abpsr 
30700 5.24288e+07 207 253279 0.00483092 104 104 0 46 8 7 141 0 253279 2505387 104-aafab 
30800 5.24288e+07 208 252062 0.00480769 103 103 0 45 5 5 148 0 252062 2490300 103-abpnk 
30900 5.24288e+07 208 252062 0.00480769 103 103 0 53 2 1 148 0 252062 2490300 103-abpnk 
31000 5.24288e+07 208 252062 0.00480769 103 103 0 65 7 5 148 0 252062 2490300 103-abpnk 
31100 5.19045e+07 204 254434 0.00490196 103 103 0 70 16 11 142 0 254434 2539224 103-abqya 
31200 5.24288e+07 204 257004 0.00490196 103 103 0 41 8 7 143 0 257004 2539112 103-abqxw 
31300 5.29531e+07 210 252158 0.0047619 104 104 0 42 2 1 148 0 252158 2564497 104-aagck 
31400 5.29531e+07 208 254582 0.00480769 103 103 0 56 2 2 150 0 254582 2584723 103-absnq 
31500 5.29531e+07 210 252158 0.0047619 104 104 0 47 0 0 148 0 252158 2564497 104-aagck 
31600 5.24288e+07 206 254509 0.00485437 103 103 0 72 15 10 152 0 254509 2571340 103-abscu 
31700 5.29531e+07 208 254582 0.00480769 103 103 0 47 4 4 150 0 254582 2584723 103-absnq 
31800 5.29531e+07 209 253364 0.00478469 103 103 0 51 9 6 151 0 253364 2618896 103-abtqr 
31900 5.29531e+07 208 254582 0.00480769 104 104 0 65 2 2 146 0 254582 2593592 104-aagny 
32000 5.29531e+07 208 254582 0.00480769 104 104 0 87 26 15 146 0 254582 2593592 104-aagny 
32100 5.29531e+07 208 254582 0.00480769 104 104 0 107 12 10 146 0 254582 2593592 104-aagny 
32200 5.29531e+07 208 254582 0.00480769 104 104 0 67 4 4 146 0 254582 2593592 104-aagny 
32300 5.29531e+07 207 255812 0.00483092 103 103 0 111 8 6 151 0 255812 2654036 103-abutk 
32400 5.29531e+07 207 255812 0.00483092 103 103 0 63 4 3 151 0 255812 2654036 103-abutk 
32500 5.24288e+07 206 254509 0.00485437 104 104 0 75 7 4 156 0 254509 2672993 104-aahyt 
32600 5.24288e+07 206 254509 0.00485437 104 104 0 73 7 5 156 0 254509 2672993 104-aahyt 
32700 5.24288e+07 206 254509 0.00485437 104 104 0 78 11 6 156 0 254509 2672993 104-aahyt 
32800 5.29531e+07 208 254582 0.00480769 103 103 0 63 4 2 150 0 254582 2584723 103-absnq 
32900 5.19045e+07 207 250746 0.00483092 103 103 0 58 8 3 142 0 250746 2679093 103-abvov 
33000 5.24288e+07 206 254509 0.00485437 104 104 0 49 7 5 159 0 254509 2748340 104-aajgs 
33100 5.19045e+07 207 250746 0.00483092 103 103 0 47 6 5 158 0 250746 2759191 103-abybe 
33200 5.29531e+07 208 254582 0.00480769 103 103 0 56 7 5 155 0 254582 2755270 103-abxyd 
33300 5.29531e+07 207 255812 0.00483092 103 103 0 65 4 4 154 0 255812 2754607 103-abxxs 
33400 5.19045e+07 206 251964 0.00485437 103 103 0 79 14 12 152 0 251964 2717132 103-abwsx 
33500 5.19045e+07 206 251964 0.00485437 103 103 0 84 9 7 152 0 251964 2717132 103-abwsx 
33600 5.34774e+07 210 254654 0.0047619 104 104 0 77 8 4 156 0 254654 2760073 104-aajll 
33700 5.29531e+07 208 254582 0.00480769 103 103 0 57 6 3 152 0 254582 2745444 103-abxoy 
33800 5.29531e+07 207 255812 0.00483092 103 103 0 62 3 2 157 0 255812 2803585 103-abzni 
33900 5.29531e+07 207 255812 0.00483092 103 103 0 68 5 5 157 0 255812 2803585 103-abzni 
34000 5.29531e+07 207 255812 0.00483092 103 103 0 90 16 13 157 0 255812 2803585 103-abzni 
34100 5.29531e+07 207 255812 0.00483092 103 103 0 127 15 11 157 0 255812 2803585 103-abzni 
34200 5.29531e+07 207 255812 0.00483092 103 103 0 105 11 8 157 0 255812 2803585 103-abzni 
34300 5.29531e+07 207 255812 0.00483092 103 103 0 92 15 12 157 0 255812 2803585 103-abzni 
34400 5.29531e+07 207 255812 0.00483092 103 103 0 71 6 4 157 0 255812 2803585 103-abzni 
34500 5.29531e+07 207 255812 0.00483092 103 103 0 66 8 4 157 0 255812 2803585 103-abzni 
34600 5.29531e+07 207 255812 0.00483092 103 103 0 68 2 1 158 0 255812 2857304 103-acbfk 
34700 5.24288e+07 207 253279 0.00483092 103 103 0 46 4 4 160 0 253279 2911702 103-acddv 
34800 5.29531e+07 207 255812 0.00483092 103 103 0 42 3 2 159 0 255812 2850605 103-acban 
34900 5.19045e+07 206 251964 0.00485437 103 103 0 65 9 4 160 0 251964 2880272 103-accfg 
35000 5.29531e+07 207 255812 0.00483092 103 103 0 58 12 6 157 0 255812 2803585 103-abzni 
35100 5.19045e+07 206 251964 0.00485437 103 103 0 50 11 9 160 0 251964 2880272 103-accfg 
35200 5.29531e+07 207 255812 0.00483092 104 104 0 53 7 6 161 0 255812 2909656 104-aalsq 
35300 5.29531e+07 207 255812 0.00483092 104 104 0 69 13 11 161 0 255812 2909656 104-aalsq 
35400 5.29531e+07 207 255812 0.00483092 104 104 0 74 9 7 161 0 255812 2909656 104-aalsq 
35500 5.29531e+07 210 252158 0.0047619 103 103 0 60 6 4 163 0 252158 2983980 103-acfoj 
35600 5.29531e+07 211 250963 0.00473934 103 103 0 47 7 6 158 0 250963 2970961 103-acfci 
35700 5.29531e+07 208 254582 0.00480769 103 103 0 46 7 3 161 0 254582 2896285 103-accrb 
35800 5.29531e+07 206 257054 0.00485437 103 103 0 60 9 9 164 0 257054 3007605 103-acgin 
35900 5.29531e+07 206 257054 0.00485437 103 103 0 68 11 9 164 0 257054 3007605 103-acgin 
36000 5.29531e+07 206 257054 0.00485437 104 104 0 78 20 11 165 0 257054 3019971 104-aanrj 
36100 5.29531e+07 206 257054 0.00485437 104 104 0 70 11 4 165 0 257054 3019971 104-aanrj 
36200 5.29531e+07 206 257054 0.00485437 103 103 0 58 11 6 165 0 257054 3054436 103-achyg 
36300 5.24288e+07 208 252062 0.00480769 103 103 0 48 6 4 168 0 252062 3060423 103-aciex 
36400 5.34774e+07 208 257103 0.00480769 104 104 0 46 3 3 164 0 257103 3053919 104-aaofh 
36500 5.29531e+07 206 257054 0.00485437 104 104 0 46 4 3 163 0 257054 3067507 104-aaols 
36600 5.24288e+07 206 254509 0.00485437 104 104 0 67 7 5 168 0 254509 3098204 104-aapcr 
36700 5.29531e+07 208 254582 0.00480769 103 103 0 52 6 3 162 0 254582 3052858 103-achwj 
36800 5.24288e+07 210 249661 0.0047619 103 103 0 48 6 6 165 0 249661 3094185 103-acjcr 
36900 5.29531e+07 207 255812 0.00483092 103 103 0 41 3 1 165 0 255812 3116480 103-acjth 
37000 5.34774e+07 207 258345 0.00483092 104 104 0 64 9 8 164 0 258345 3106185 104-aapic 
37100 5.29531e+07 209 253364 0.00478469 103 103 0 52 5 5 166 0 253364 3135824 103-ackgw 
37200 5.29531e+07 207 255812 0.00483092 103 103 0 55 6 5 167 0 255812 3096859 103-acjep 
37300 5.29531e+07 207 255812 0.00483092 103 103 0 96 9 6 167 0 255812 3096859 103-acjep 
37400 5.24288e+07 208 252062 0.00480769 103 103 0 60 5 5 169 0 252062 3129430 103-ackds 
37500 5.34774e+07 209 255873 0.00478469 104 104 0 61 10 7 166 0 255873 3165066 104-aaqsy 
37600 5.29531e+07 207 255812 0.00483092 103 103 0 47 3 3 169 0 255812 3173914 103-aclje 
37700 5.29531e+07 209 253364 0.00478469 103 103 0 66 13 9 167 0 253364 3148553 103-ackpv 
37800 5.34774e+07 207 258345 0.00483092 104 104 0 68 12 9 166 0 258345 3175113 104-aaqys 
37900 5.34774e+07 207 258345 0.00483092 104 104 0 60 12 7 166 0 258345 3175113 104-aaqys 
38000 5.29531e+07 207 255812 0.00483092 103 103 0 90 7 6 169 0 255812 3161877 103-aclbo 
38100 5.29531e+07 207 255812 0.00483092 103 103 0 71 16 9 169 0 255812 3161877 103-aclbo 
38200 5.29531e+07 207 255812 0.00483092 103 103 0 63 9 8 169 0 255812 3161877 103-aclbo 
38300 5.34774e+07 208 257103 0.00480769 104 104 0 59 7 5 166 0 257103 3251195 104-aasvs 
38400 5.34774e+07 208 257103 0.00480769 104 104 0 64 16 10 166 0 257103 3251195 104-aasvs 
38500 5.29531e+07 209 253364 0.00478469 103 103 0 72 8 6 171 0 253364 3279682 103-acnyp 
38600 5.34774e+07 208 257103 0.00480769 104 104 0 59 12 8 166 0 257103 3267267 104-aatgd 
38700 5.24288e+07 209 250856 0.00478469 104 104 0 44 3 2 169 0 250856 3218323 104-aarzh 
38800 5.24288e+07 209 250856 0.00478469 104 104 0 61 7 5 169 0 250856 3218323 104-aarzh 
38900 5.34774e+07 208 257103 0.00480769 104 104 0 89 14 10 167 0 257103 3307763 104-aauid 
39000 5.34774e+07 208 257103 0.00480769 104 104 0 100 14 11 167 0 257103 3307763 104-aauid 
39100 5.34774e+07 208 257103 0.00480769 104 104 0 70 6 4 167 0 257103 3310899 104-aaujf 
39200 5.34774e+07 208 257103 0.00480769 104 104 0 77 22 12 167 0 257103 3307763 104-aauid 
39300 5.34774e+07 208 257103 0.00480769 104 104 0 89 6 6 167 0 257103 3310899 104-aaujf 
39400 5.34774e+07 208 257103 0.00480769 104 104 0 80 9 4 167 0 257103 3310899 104-aaujf 
39500 5.34774e+07 208 257103 0.00480769 104 104 0 47 3 3 169 0 257103 3371798 104-aawdi 
39600 5.29531e+07 208 254582 0.00480769 104 104 0 74 9 7 168 0 254582 3327412 104-aauwm 
39700 5.29531e+07 210 252158 0.0047619 103 103 0 51 3 2 178 0 252158 3402493 103-acqpm 
39800 5.29531e+07 210 252158 0.0047619 103 103 0 60 2 2 177 0 252158 3379390 103-acqcu 
39900 5.34774e+07 209 255873 0.00478469 104 104 0 57 6 3 177 0 255873 3408726 104-aaxex 
40000 5.34774e+07 208 257103 0.00480769 104 104 0 46 10 7 171 0 257103 3379092 104-aawjg 
40100 5.34774e+07 208 257103 0.00480769 104 104 0 46 8 6 169 0 257103 3415901 104-aaxms 
40200 5.29531e+07 210 252158 0.0047619 103 103 0 54 10 8 181 0 252158 3423560 103-acrah 
40300 5.20633e+07 205.303 253591 0.00487088 104 104 0 74 11 4 177 0 254509 3356082 104-aavss 
40400 5.20634e+07 205.303 253592 0.00487087 104 104 0 88 16 13 177 0 254509 3356082 104-aavss 
40500 5.34774e+07 208 257103 0.00480769 104 104 0 61 6 3 182 0 257103 3434423 104-aaycg 
40600 5.29531e+07 208 254582 0.00480769 103 103 0 46 9 3 174 0 254582 3481956 103-acrzz 
40700 5.34774e+07 208 257103 0.00480769 104 104 0 46 0 0 182 0 257103 3434423 104-aaycg 
40800 5.29531e+07 208 254582 0.00480769 103 103 0 65 11 8 175 0 254582 3500803 103-acshk 
40900 5.29531e+07 208 254582 0.00480769 103 103 0 85 9 5 175 0 254582 3500803 103-acshk 
41000 5.29531e+07 208 254582 0.00480769 103 103 0 63 13 8 175 0 254582 3500803 103-acshk 
41100 5.34774e+07 208 257103 0.00480769 104 104 0 73 8 6 169 0 257103 3453348 104-aaysw 
41200 5.34774e+07 208 257103 0.00480769 104 104 0 63 8 4 170 0 257103 3464712 104-aazds 
41300 5.34774e+07 208 257103 0.00480769 104 104 0 73 10 7 169 0 257103 3453348 104-aaysw 
41400 5.29531e+07 208 254582 0.00480769 103 103 0 35 3 1 176 0 254582 3544473 103-actbu 
41500 5.34774e+07 208 257103 0.00480769 104 104 0 43 12 8 177 0 257103 3534252 104-abboq 
41600 5.34774e+07 209 255873 0.00478469 104 104 0 67 1 0 173 0 255873 3526874 104-abbin 
41700 5.34774e+07 207 258345 0.00483092 104 104 0 84 12 9 176 0 258345 3563387 104-abcpc 
41800 5.34774e+07 209 255873 0.00478469 104 104 0 63 7 4 173 0 255873 3526874 104-abbin 
41900 5.19045e+07 210 247164 0.0047619 103 103 0 57 5 2 193 0 247164 3591120 103-actuk 
42000 5.29531e+07 210 252158 0.0047619 104 104 0 58 4 3 177 0 252158 3627030 104-abfgs 
42100 5.29531e+07 207 255812 0.00483092 104 104 0 51 9 7 186 0 255812 3614418 104-abeqk 
42200 5.34774e+07 209 255873 0.00478469 104 104 0 67 8 8 181 0 255873 3648596 104-abgdb 
42300 5.34774e+07 209 255873 0.00478469 104 104 0 78 6 5 181 0 255873 3648596 104-abgdb 
42400 5.24288e+07 209 250856 0.00478469 103 103 0 55 5 3 179 0 250856 3633375 103-acufn 
42500 5.34774e+07 208 257103 0.00480769 104 104 0 58 9 7 175 0 257103 3655091 104-abgkg 
42600 5.29531e+07 209 253364 0.00478469 103 103 0 38 1 1 179 0 253364 3646958 103-acuhp 
42700 5.29531e+07 209 253364 0.00478469 103 103 0 54 4 3 179 0 253364 3646958 103-acuhp 
42800 5.29531e+07 207 255812 0.00483092 104 104 0 39 7 5 186 0 255812 3634761 104-abfnt 
42900 5.34774e+07 209 255873 0.00478469 104 104 0 86 9 7 186 0 255873 3667979 104-abgze 
43000 5.34774e+07 209 255873 0.00478469 104 104 0 105 8 7 186 0 255873 3667979 104-abgze 
43100 5.34774e+07 209 255873 0.00478469 104 104 0 114 9 7 186 0 255873 3667979 104-abgze 
43200 5.34774e+07 209 255873 0.00478469 104 104 0 80 8 5 186 0 255873 3667979 104-abgze 
43300 5.34774e+07 209 255873 0.00478469 104 104 0 71 11 9 186 0 255873 3667979 104-abgze 
43400 5.29531e+07 207 255812 0.00483092 104 104 0 82 9 6 189 0 255812 3751747 104-abkxo 
43500 5.34774e+07 207 258345 0.00483092 104 104 0 62 6 4 186 0 258345 3735155 104-abkdg 
43600 5.24288e+07 206 254509 0.00485437 104 104 0 58 5 4 193 0 254509 3732651 104-abjyl 
43700 5.34774e+07 210 254654 0.0047619 104 104 0 64 12 7 177 0 254654 3770096 104-ablva 
43800 5.34774e+07 210 254654 0.0047619 104 104 0 64 6 6 177 0 254654 3770096 104-ablva 
43900 5.34774e+07 210 254654 0.0047619 104 104 0 56 3 3 180 0 254654 3793929 104-abmwb 
44000 5.34774e+07 206 259599 0.00485437 104 104 0 46 6 6 187 0 259599 3773073 104-ablxu 
44100 5.34774e+07 210 254654 0.0047619 104 104 0 51 8 7 186 0 254654 3796147 104-abmyz 
44200 5.29531e+07 210 252158 0.0047619 104 104 0 64 9 6 185 0 252158 3840452 104-abpdw 
44300 5.34774e+07 209 255873 0.00478469 104 104 0 80 5 2 187 0 255873 3827255 104-abonw 
44400 5.34774e+07 209 255873 0.00478469 104 104 0 57 7 3 187 0 255873 3827255 104-abonw 
44500 5.34774e+07 207 258345 0.00483092 104 104 0 54 7 4 188 0 258345 3827545 104-abomp 
44600 5.34774e+07 208 257103 0.00480769 104 104 0 50 2 1 179 0 257103 3855225 104-abpur 
44700 5.34774e+07 208 257103 0.00480769 104 104 0 67 21 14 179 0 257103 3855225 104-abpur 
44800 5.34774e+07 209 255873 0.00478469 104 104 0 71 2 1 178 0 255873 3816436 104-abnzb 
44900 5.34774e+07 208 257103 0.00480769 104 104 0 53 8 8 179 0 257103 3855225 104-abpur 
45000 5.34774e+07 208 257103 0.00480769 104 104 0 64 11 10 191 0 257103 3879102 104-abqyv 
45100 5.24288e+07 208 252062 0.00480769 104 104 0 65 9 6 197 0 252062 3878650 104-abqxq 
45200 5.29531e+07 207 255812 0.00483092 104 104 0 55 11 9 195 0 255812 3936378 104-abtmk 
45300 5.34774e+07 208 257103 0.00480769 104 104 0 50 11 9 180 0 257103 3931689 104-abtif 
45400 1.05906e+08 209 506728 0.00478469 104 104 0 266 48 36 197 0 506728 3967655 104-abusl 
45500 1.05906e+08 209 506728 0.00478469 104 104 0 1156 170 126 197 0 506728 3967655 104-abusl 
45600 1.05906e+08 209 506728 0.00478469 104 104 0 807 97 68 197 1 506728 3967655 104-abusl 
45700 1.05906e+08 209 506728 0.00478469 104 104 0 634 73 46 197 0 506728 3967655 104-abusl 
45800 1.05906e+08 209 506728 0.00478469 104 104 0 469 70 45 197 0 506728 3967655 104-abusl 
45900 1.05906e+08 209 506728 0.00478469 104 104 0 249 23 19 197 0 506728 3967655 104-abusl 
46000 1.05906e+08 209 506728 0.00478469 104 104 0 149 18 15 197 0 506728 3967655 104-abusl 
46100 1.05906e+08 209 506728 0.00478469 104 104 0 59 5 3 197 0 506728 3967655 104-abusl 
46200 1.05906e+08 209 506728 0.00478469 104 104 0 60 7 6 197 0 506728 3967655 104-abusl 
46300 1.06955e+08 210 509308 0.0047619 104 104 0 44 11 8 203 0 509308 4043566 104-abysp 
46400 1.05906e+08 209 506728 0.00478469 104 104 0 52 4 3 199 0 506728 4028039 104-abxyb 
46500 1.05906e+08 209 506728 0.00478469 104 104 0 60 10 6 199 0 506728 4028039 104-abxyb 
46600 1.05906e+08 209 506728 0.00478469 104 104 0 100 15 9 199 0 506728 4028039 104-abxyb 
46700 1.05906e+08 209 506728 0.00478469 104 104 0 65 2 2 199 0 506728 4028039 104-abxyb 
46800 1.05906e+08 209 506728 0.00478469 104 104 0 95 12 10 199 0 506728 4028039 104-abxyb 
46900 1.05906e+08 208 509164 0.00480769 104 104 0 58 5 5 204 0 509164 4090736 104-acayd 
47000 1.05906e+08 209 506728 0.00478469 104 104 0 62 4 4 201 0 506728 4068845 104-abzvx 
47100 1.05906e+08 209 506728 0.00478469 104 104 0 75 8 5 201 0 506728 4068845 104-abzvx 
47200 1.05906e+08 209 506728 0.00478469 104 104 0 49 7 5 201 0 506728 4068845 104-abzvx 
47300 1.05906e+08 209 506728 0.00478469 104 104 0 54 7 6 201 0 506728 4068845 104-abzvx 
47400 1.05906e+08 209 506728 0.00478469 104 104 0 42 5 3 204 0 506728 4088959 104-acaty 
47500 1.04858e+08 210 499322 0.0047619 104 104 0 42 9 7 203 0 499322 4135104 104-acdcv 
47600 1.05906e+08 209 506728 0.00478469 104 104 0 46 10 9 206 0 506728 4140241 104-acdjj 
47700 1.04858e+08 210 499322 0.0047619 104 104 0 57 2 0 203 0 499322 4135104 104-acdcv 
47800 1.05906e+08 206 514108 0.00485437 104 104 0 64 8 6 208 0 514108 4155944 104-acefx 
47900 1.05906e+08 206 514108 0.00485437 104 104 0 72 7 7 208 0 514108 4155944 104-acefx 
48000 1.0276e+08 208 494041 0.00480769 104 104 0 68 10 8 210 0 494041 4193484 104-acgdn 
48100 1.05906e+08 210 504315 0.0047619 104 104 0 44 4 2 201 0 504315 4209008 104-acgty 
48200 1.05906e+08 206 514108 0.00485437 104 104 0 79 15 13 208 0 514108 4155944 104-acefx 
48300 1.05906e+08 206 514108 0.00485437 104 104 0 60 13 10 209 0 514108 4226116 104-achrd 
48400 1.05906e+08 208 509164 0.00480769 104 104 0 61 15 14 210 0 509164 4202587 104-acgls 
48500 1.05906e+08 209 506728 0.00478469 104 104 0 41 0 0 215 0 506728 4227818 104-achrr 
48600 1.05906e+08 208 509164 0.00480769 104 104 0 39 2 2 205 0 509164 4253090 104-acizs 
48700 1.05906e+08 208 509164 0.00480769 104 104 0 47 4 2 209 0 509164 4272977 104-acjwx 
48800 1.05906e+08 210 504315 0.0047619 104 104 0 44 11 7 211 0 504315 4289148 104-ackpr 
48900 1.05906e+08 208 509164 0.00480769 104 104 0 50 1 1 212 0 509164 4285444 104-acklp 
49000 5.91397e+08 302 1.95827e+06 0.00331126 149 149 0 453 93 58 209 0 1.95827e+06 4323831 149-aaads 
49100 5.91397e+08 302 1.95827e+06 0.00331126 149 149 0 618 88 56 209 0 1.95827e+06 4323831 149-aaads 
49200 5.91397e+08 302 1.95827e+06 0.00331126 149 149 0 410 53 34 209 0 1.95827e+06 4323831 149-aaads 
49300 5.91397e+08 302 1.95827e+06 0.00331126 149 149 0 209 21 14 209 0 1.95827e+06 4323831 149-aaads 
49400 5.91397e+08 302 1.95827e+06 0.00331126 149 149 0 150 22 14 209 0 1.95827e+06 4323831 149-aaads 
49500 5.91397e+08 302 1.95827e+06 0.00331126 149 149 0 63 3 0 209 0 1.95827e+06 4323831 149-aaads 
49600 5.91397e+08 302 1.95827e+06 0.00331126 149 149 0 50 7 4 209 0 1.95827e+06 4323831 149-aaads 
49700 5.91397e+08 302 1.95827e+06 0.00331126 149 149 0 32 7 6 210 0 1.95827e+06 4328883 149-aaagu 
49800 5.91397e+08 302 1.95827e+06 0.00331126 149 149 0 41 0 0 211 0 1.95827e+06 4346277 149-aablj 
49900 5.91397e+08 302 1.95827e+06 0.00331126 149 149 0 42 0 0 211 0 1.95827e+06 4346277 149-aablj 
50000 5.87203e+08 303 1.93796e+06 0.00330033 149 149 0 41 8 4 211 0 1.93796e+06 4341781 149-aabgo 
50100 5.87203e+08 303 1.93796e+06 0.00330033 149 149 0 42 4 3 211 0 1.93796e+06 4341781 149-aabgo 
50200 5.87203e+08 301 1.95084e+06 0.00332226 149 149 0 30 2 2 215 0 1.95084e+06 4374729 149-aadea 
50300 5.91397e+08 304 1.94538e+06 0.00328947 149 149 0 25 1 0 214 0 1.94538e+06 4412666 149-aafjc 
50400 5.83008e+08 301 1.9369e+06 0.00332226 149 149 0 23 6 5 215 0 1.9369e+06 4416917 149-aafqn 
50500 5.83008e+08 300 1.94336e+06 0.00333333 149 149 0 31 1 1 213 0 1.94336e+06 4420646 149-aafvl 
50600 5.87203e+08 304 1.93159e+06 0.00328947 149 149 0 30 1 0 216 0 1.93159e+06 4440741 149-aahdg 
50700 5.83008e+08 300 1.94336e+06 0.00333333 149 149 0 35 6 2 219 0 1.94336e+06 4423584 149-aaghh 
50800 5.83008e+08 300 1.94336e+06 0.00333333 149 149 0 53 8 5 219 0 1.94336e+06 4423584 149-aaghh 
50900 5.91397e+08 303 1.9518e+06 0.00330033 149 149 0 39 5 1 221 0 1.9518e+06 4459983 149-aaige 
51000 5.91397e+08 301 1.96477e+06 0.00332226 149 149 0 28 3 3 214 0 1.96477e+06 4476049 149-aajfh 
51100 5.91397e+08 306 1.93267e+06 0.00326797 149 149 0 24 0 0 217 0 1.93267e+06 4509305 149-aalgu 
51200 5.91397e+08 302 1.95827e+06 0.00331126 149 149 0 30 0 0 216 0 1.95827e+06 4471021 149-aaivo 
51300 5.91397e+08 302 1.95827e+06 0.00331126 149 149 0 27 3 2 216 0 1.95827e+06 4471021 149-aaivo 
51400 5.83008e+08 300 1.94336e+06 0.00333333 149 149 0 32 0 0 219 0 1.94336e+06 4423584 149-aaghh 
51500 5.89201e+08 299.476 1.96743e+06 0.00333917 149 149 0 30 1 0 222 0 1.97132e+06 4536987 149-aamxn 
51600 5.893e+08 298.5 1.9742e+06 0.00335009 149 149 0 28 0 0 223 0 1.97792e+06 4547506 149-aannb 
51700 5.87203e+08 299 1.96389e+06 0.00334448 149 149 0 25 0 0 218 0 1.96389e+06 4556852 149-aaoai 
51800 1.16602e+09 302 3.86098e+06 0.00331126 149 149 0 166 8 6 220 0 3.86098e+06 4579266 149-aapdo 
51900 1.16602e+09 302 3.86098e+06 0.00331126 149 149 0 560 73 40 220 0 3.86098e+06 4579266 149-aapdo 
52000 1.16602e+09 302 3.86098e+06 0.00331126 149 149 0 179 9 6 220 0 3.86098e+06 4579266 149-aapdo 
52100 6.24112e+09 396 1.57604e+07 0.00252525 189 189 0 136 7 3 229 0 1.57604e+07 4609143 189-aaaav 
52200 6.24112e+09 396 1.57604e+07 0.00252525 189 189 0 154 13 8 231 0 1.57604e+07 4610665 189-aaaba 
52300 6.24112e+09 396 1.57604e+07 0.00252525 189 189 0 66 3 2 229 0 1.57604e+07 4609143 189-aaaav 
52400 6.24112e+09 396 1.57604e+07 0.00252525 189 189 0 55 6 3 231 0 1.57604e+07 4610665 189-aaaba 
52500 6.24112e+09 396 1.57604e+07 0.00252525 189 189 0 25 4 3 231 0 1.57604e+07 4610665 189-aaaba 
52600 6.27468e+09 397 1.58052e+07 0.00251889 189 189 0 24 4 2 232 0 1.58052e+07 4647131 189-aacef 
52700 6.24112e+09 397 1.57207e+07 0.00251889 189 189 0 23 1 1 235 0 1.57207e+07 4645833 189-aacge 
52800 6.20757e+09 396 1.56757e+07 0.00252525 189 189 0 32 0 0 234 0 1.56757e+07 4642141 189-aacbo 
52900 6.20757e+09 395 1.57154e+07 0.00253165 189 189 0 36 1 0 238 0 1.57154e+07 4657002 189-aacxk 
53000 6.20757e+09 395 1.57154e+07 0.00253165 189 189 0 28 0 0 238 0 1.57154e+07 4657002 189-aacxk 
53100 6.20757e+09 396 1.56757e+07 0.00252525 189 189 0 26 3 1 233 0 1.56757e+07 4664081 189-aadhr 
53200 6.20757e+09 396 1.56757e+07 0.00252525 189 189 0 30 1 1 236 0 1.56757e+07 4667541 189-aadpv 
53300 6.27468e+09 398 1.57655e+07 0.00251256 189 189 0 25 0 0 234 0 1.57655e+07 4687924 189-aaeyi 
53400 6.27468e+09 398 1.57655e+07 0.00251256 189 189 0 23 3 2 234 0 1.57655e+07 4687924 189-aaeyi 
53500 6.24112e+09 398 1.56812e+07 0.00251256 189 189 0 28 0 0 236 0 1.56812e+07 4718057 189-aagwo 
53600 6.30823e+09 400 1.57706e+07 0.0025 189 189 0 22 8 6 234 0 1.57706e+07 4717886 189-aagwp 
53700 6.27468e+09 398 1.57655e+07 0.00251256 189 189 0 24 4 2 235 0 1.57655e+07 4716124 189-aagrv 
53800 6.24112e+09 399 1.56419e+07 0.00250627 189 189 0 22 3 1 238 0 1.56419e+07 4738739 189-aaifz 
53900 6.17402e+09 396 1.55909e+07 0.00252525 189 189 0 28 0 0 241 0 1.55909e+07 4734047 189-aahwp 
54000 6.20757e+09 397 1.56362e+07 0.00251889 189 189 0 21 2 1 240 0 1.56362e+07 4739418 189-aaifu 
54100 6.20757e+09 397 1.56362e+07 0.00251889 189 189 0 18 1 1 240 0 1.56362e+07 4749146 189-aajea 
54200 6.14046e+09 394 1.55849e+07 0.00253807 189 189 0 21 6 5 241 0 1.55849e+07 4749152 189-aaizr 
54300 6.24112e+09 399 1.56419e+07 0.00250627 189 189 0 19 3 2 244 0 1.56419e+07 4768715 189-aakgp 
54400 6.20757e+09 397 1.56362e+07 0.00251889 189 189 0 25 8 4 243 0 1.56362e+07 4786547 189-aallf 
54500 6.20757e+09 397 1.56362e+07 0.00251889 189 189 0 17 0 0 243 0 1.56362e+07 4786547 189-aallf 
54600 6.10691e+09 393 1.55392e+07 0.00254453 189 189 0 24 2 0 244 0 1.55392e+07 4803889 189-aammj 
54700 6.27468e+09 400 1.56867e+07 0.0025 189 189 0 36 1 0 243 0 1.56867e+07 4798206 189-aamej 
54800 6.27468e+09 400 1.56867e+07 0.0025 189 189 0 27 1 0 243 0 1.56867e+07 4798206 189-aamej 
54900 6.24112e+09 396 1.57604e+07 0.00252525 189 189 0 20 3 3 240 0 1.57604e+07 4822351 189-aanrd 
55000 6.14046e+09 395 1.55455e+07 0.00253165 189 189 0 25 2 2 245 0 1.55455e+07 4825642 189-aanws 
55100 6.27468e+09 400 1.56867e+07 0.0025 189 189 0 45 0 0 245 0 1.56867e+07 4828656 189-aaocx 
55200 6.17402e+09 398 1.55126e+07 0.00251256 189 189 0 26 7 5 247 0 1.55126e+07 4851823 189-aappf 
55300 6.17402e+09 398 1.55126e+07 0.00251256 189 189 0 24 0 0 247 0 1.55126e+07 4851823 189-aappf 
55400 6.19036e+09 396.487 1.5613e+07 0.00252215 189 189 0 22 0 0 253 0 1.56362e+07 4849593 189-aapzp 
55500 6.24112e+09 400 1.56028e+07 0.0025 189 189 0 25 2 1 247 0 1.56028e+07 4850869 189-aapoa 
55600 6.24112e+09 400 1.56028e+07 0.0025 189 189 0 28 8 6 247 0 1.56028e+07 4850869 189-aapoa 
55700 6.14046e+09 392 1.56644e+07 0.00255102 189 189 0 20 0 0 253 0 1.56644e+07 4881639 189-aarog 
55800 6.24112e+09 398 1.56812e+07 0.00251256 189 189 0 30 4 3 243 0 1.56812e+07 4891397 189-aashe 
55900 6.20757e+09 397 1.56362e+07 0.00251889 189 189 0 22 0 0 250 0 1.56362e+07 4899854 189-aastw 
56000 6.27468e+09 399 1.5726e+07 0.00250627 189 189 0 18 0 0 252 0 1.5726e+07 4915553 189-aattl 
56100 6.27468e+09 399 1.5726e+07 0.00250627 189 189 0 21 1 0 252 0 1.5726e+07 4915553 189-aattl 
56200 6.20757e+09 396 1.56757e+07 0.00252525 188 188 0 32 4 2 248 0 1.56757e+07 4921439 188-aaajr 
56300 6.12311e+09 395.483 1.54826e+07 0.00252856 189 189 0 19 0 0 254 0 1.55062e+07 4919232 189-aauci 
56400 6.20757e+09 396 1.56757e+07 0.00252525 189 189 0 31 2 1 256 0 1.56757e+07 4945101 189-aavtf 
56500 6.27468e+09 400 1.56867e+07 0.0025 189 189 0 33 1 1 251 0 1.56867e+07 4943792 189-aavvl 
56600 6.17402e+09 393 1.571e+07 0.00254453 189 189 0 27 0 0 255 0 1.571e+07 4963459 189-aawwy 
56700 6.10691e+09 392 1.55788e+07 0.00255102 189 189 0 24 1 1 253 0 1.55788e+07 4965652 189-aawys 
56800 6.10691e+09 392 1.55788e+07 0.00255102 189 189 0 25 0 0 253 0 1.55788e+07 4965652 189-aawys 
56900 6.17402e+09 398 1.55126e+07 0.00251256 189 189 0 26 2 1 255 0 1.55126e+07 4979395 189-aaydo 
57000 6.30823e+09 402 1.56921e+07 0.00248756 189 189 0 25 7 4 256 0 1.56921e+07 4983267 189-aayct 
57100 6.30823e+09 402 1.56921e+07 0.00248756 189 189 0 17 0 0 256 0 1.56921e+07 4983267 189-aayct 
57200 6.20757e+09 397 1.56362e+07 0.00251889 189 189 0 51 3 1 253 0 1.56362e+07 4956586 189-aawms 
57300 6.20757e+09 402 1.54417e+07 0.00248756 189 189 0 23 1 1 261 0 1.54417e+07 4996075 189-aazat 
57400 6.2579e+09 402 1.55669e+07 0.00248756 189 189 0 22 0 0 259 0 1.56087e+07 5026033 189-abaxm 
57500 6.25745e+09 402 1.55658e+07 0.00248756 189 189 0 32 0 0 256 0 1.56087e+07 5001987 189-aazkm 
57600 6.20757e+09 393 1.57953e+07 0.00254453 189 189 0 41 7 3 253 0 1.57953e+07 5030737 189-abbgm 
57700 6.20757e+09 397 1.56362e+07 0.00251889 189 189 0 22 5 5 259 0 1.56362e+07 5057114 189-abcup 
57800 6.27468e+09 402 1.56087e+07 0.00248756 189 189 0 25 4 2 261 0 1.56087e+07 5049715 189-abcio 
57900 6.20757e+09 398 1.55969e+07 0.00251256 189 189 0 36 4 4 253 0 1.55969e+07 5054002 189-abcqf 
58000 6.14046e+09 399 1.53896e+07 0.00250627 189 189 0 20 1 0 263 0 1.53896e+07 5069079 189-abdog 
58100 6.18003e+09 397.179 1.55598e+07 0.00251776 189 189 0 18 0 0 259 0 1.55969e+07 5067252 189-abdmh 
58200 6.27468e+09 398 1.57655e+07 0.00251256 189 189 0 19 5 5 264 0 1.57655e+07 5089349 189-abewn 
58300 6.20757e+09 396 1.56757e+07 0.00252525 189 189 0 28 6 4 262 0 1.56757e+07 5101758 189-abfpc 
58400 6.20757e+09 396 1.56757e+07 0.00252525 189 189 0 22 0 0 262 0 1.56757e+07 5101758 189-abfpc 
58500 6.20757e+09 397 1.56362e+07 0.00251889 189 189 0 27 6 2 268 0 1.56362e+07 5100344 189-abfqa 
58600 6.20757e+09 401 1.54802e+07 0.00249377 189 189 0 29 3 2 264 0 1.54802e+07 5094398 189-abfdp 
58700 6.27468e+09 403 1.55699e+07 0.00248139 189 189 0 31 1 0 264 0 1.55699e+07 5126611 189-abheh 
58800 6.20757e+09 400 1.55189e+07 0.0025 189 189 0 28 4 3 267 0 1.55189e+07 5141540 189-abiem 
58900 6.17402e+09 396 1.55909e+07 0.00252525 189 189 0 18 1 1 264 0 1.55909e+07 5139757 189-abhzx 
59000 6.27468e+09 399 1.5726e+07 0.00250627 189 189 0 22 1 1 270 0 1.5726e+07 5145397 189-abiqm 
59100 6.24112e+09 397 1.57207e+07 0.00251889 189 189 0 19 0 0 268 0 1.57207e+07 5137436 189-abhvu 
59200 6.20757e+09 397 1.56362e+07 0.00251889 189 189 0 22 0 0 271 0 1.56362e+07 5165659 189-abjpl 
59300 6.20757e+09 396 1.56757e+07 0.00252525 189 189 0 28 5 1 259 0 1.56757e+07 5102549 189-abfry 
59400 6.10691e+09 395 1.54605e+07 0.00253165 189 189 0 24 3 2 267 0 1.54605e+07 5185435 189-abkwn 
59500 6.17402e+09 395 1.56304e+07 0.00253165 189 189 0 27 6 3 262 0 1.56304e+07 5192318 189-ablij 
59600 6.30823e+09 401 1.57313e+07 0.00249377 189 189 0 21 0 0 264 0 1.57313e+07 5185394 189-ablag 
59700 6.17402e+09 398 1.55126e+07 0.00251256 189 189 0 25 1 1 269 0 1.55126e+07 5202435 189-ablzb 
59800 6.20757e+09 395 1.57154e+07 0.00253165 189 189 0 22 0 0 273 0 1.57154e+07 5209045 189-abmiy 
59900 6.20757e+09 397 1.56362e+07 0.00251889 189 189 0 19 1 1 273 0 1.56362e+07 5217133 189-abmvm 
60000 6.0398e+09 391 1.54471e+07 0.00255754 189 189 0 23 0 0 265 0 1.54471e+07 5211001 189-abmnk 
60100 6.27468e+09 400 1.56867e+07 0.0025 189 189 0 33 0 0 271 0 1.56867e+07 5230429 189-abnuo 
60200 6.17402e+09 398 1.55126e+07 0.00251256 189 189 0 32 2 1 270 0 1.55126e+07 5234661 189-aboiq 
60300 6.27468e+09 400 1.56867e+07 0.0025 189 189 0 37 4 2 271 0 1.56867e+07 5230429 189-abnuo 
60400 6.30823e+09 400 1.57706e+07 0.0025 189 189 0 22 1 1 274 0 1.57706e+07 5259056 189-abpnr 
60500 6.30823e+09 399 1.58101e+07 0.00250627 189 189 0 20 1 1 272 0 1.58101e+07 5266301 189-abqdr 
60600 6.14046e+09 395 1.55455e+07 0.00253165 189 189 0 22 2 2 269 0 1.55455e+07 5258736 189-abpqa 
60700 6.24112e+09 402 1.55252e+07 0.00248756 189 189 0 19 3 0 271 0 1.55252e+07 5272617 189-abqsz 
60800 6.17326e+09 396.978 1.55505e+07 0.00251905 189 189 0 21 0 0 285 0 1.55969e+07 5296654 189-abryo 
60900 6.27468e+09 398 1.57655e+07 0.00251256 189 189 0 28 0 0 273 0 1.57655e+07 5308268 189-absvt 
61000 6.30823e+09 403 1.56532e+07 0.00248139 189 189 0 27 5 3 274 0 1.56532e+07 5286046 189-abrgd 
61100 6.24112e+09 416 1.50027e+07 0.00240385 188 188 0 21 0 0 279 0 1.50027e+07 5319374 188-aabid 
61200 6.20757e+09 402 1.54417e+07 0.00248756 189 189 0 26 6 3 279 0 1.54417e+07 5324353 189-abtuj 
61300 6.34179e+09 402 1.57756e+07 0.00248756 189 189 0 24 6 4 271 0 1.57756e+07 5330917 189-abubh 
61400 6.29131e+09 397.496 1.58273e+07 0.00251575 189 189 0 24 0 0 280 0 1.58498e+07 5333114 189-abueq 
61500 6.34179e+09 402 1.57756e+07 0.00248756 189 189 0 33 5 2 271 0 1.57756e+07 5330917 189-abubh 
61600 6.14046e+09 394 1.55849e+07 0.00253807 189 189 0 20 2 1 272 0 1.55849e+07 5358744 189-abvrk 
61700 6.30823e+09 400 1.57706e+07 0.0025 189 189 0 23 2 0 281 0 1.57706e+07 5378155 189-abxcb 
61800 6.30823e+09 404 1.56144e+07 0.00247525 189 189 0 23 0 0 275 0 1.56144e+07 5355224 189-abvow 
61900 6.20143e+09 394.817 1.57071e+07 0.00253282 189 189 0 27 0 0 276 0 1.57154e+07 5374958 189-abwth 
62000 6.2008e+09 394.798 1.57062e+07 0.00253294 189 189 0 21 1 1 276 0 1.57154e+07 5374958 189-abwth 
62100 6.20757e+09 397 1.56362e+07 0.00251889 189 189 0 31 2 1 276 0 1.56362e+07 5393224 189-abxus 
62200 6.17402e+09 397 1.55517e+07 0.00251889 189 189 0 31 3 0 288 0 1.55517e+07 5393919 189-abxyb 
62300 6.10691e+09 397 1.53826e+07 0.00251889 189 189 0 22 1 1 286 0 1.53826e+07 5397077 189-abygz 
62400 6.27468e+09 398 1.57655e+07 0.00251256 189 189 0 26 0 0 280 0 1.57655e+07 5418594 189-abzir 
62500 6.30823e+09 403 1.56532e+07 0.00248139 189 189 0 18 0 0 282 0 1.56532e+07 5435666 189-acake 
62600 6.24112e+09 403 1.54867e+07 0.00248139 189 189 0 20 2 2 281 0 1.54867e+07 5437779 189-acaly 
62700 6.20757e+09 404 1.53653e+07 0.00247525 189 189 0 28 4 1 286 0 1.53653e+07 5449103 189-acbeq 
62800 6.20757e+09 404 1.53653e+07 0.00247525 189 189 0 25 3 2 286 0 1.53653e+07 5449103 189-acbeq 
62900 6.17402e+09 396 1.55909e+07 0.00252525 189 189 0 23 0 0 284 0 1.55909e+07 5456094 189-acbsl 
63000 6.27468e+09 401 1.56476e+07 0.00249377 189 189 0 21 6 5 286 0 1.56476e+07 5468116 189-accht 
63100 6.20757e+09 401 1.54802e+07 0.00249377 189 189 0 22 2 0 284 0 1.54802e+07 5470548 189-acckk 
63200 6.24112e+09 397 1.57207e+07 0.00251889 189 189 0 23 3 2 280 0 1.57207e+07 5495240 189-acecq 
63300 6.27468e+09 398 1.57655e+07 0.00251256 189 189 0 21 5 2 288 0 1.57655e+07 5486286 189-acdoo 
63400 6.14046e+09 397 1.54672e+07 0.00251889 189 189 0 23 5 4 286 0 1.54672e+07 5507891 189-acezr 
63500 6.27468e+09 401 1.56476e+07 0.00249377 189 189 0 19 0 0 287 0 1.56476e+07 5516571 189-acflf 
63600 6.30823e+09 404 1.56144e+07 0.00247525 189 189 0 17 0 0 290 0 1.56144e+07 5504259 189-acexs 
63700 6.27468e+09 401 1.56476e+07 0.00249377 189 189 0 20 2 2 288 0 1.56476e+07 5535237 189-acgsm 
63800 6.30823e+09 401 1.57313e+07 0.00249377 189 189 0 22 4 1 290 0 1.57313e+07 5523025 189-acfvo 
63900 6.15782e+09 398.517 1.54518e+07 0.00250931 189 189 0 21 2 2 291 0 1.54737e+07 5538374 189-acgwu 
64000 6.24112e+09 409 1.52595e+07 0.00244499 189 189 0 25 4 2 298 0 1.52595e+07 5549707 189-achwh 
64100 6.24112e+09 409 1.52595e+07 0.00244499 189 189 0 34 3 2 298 0 1.52595e+07 5549707 189-achwh 
64200 6.24112e+09 408 1.52969e+07 0.00245098 189 189 0 31 5 1 299 0 1.52969e+07 5570928 189-aciyp 
64300 6.20757e+09 398 1.55969e+07 0.00251256 189 189 0 27 4 3 289 0 1.55969e+07 5581923 189-acjsz 
64400 6.20757e+09 398 1.55969e+07 0.00251256 189 189 0 21 0 0 289 0 1.55969e+07 5581923 189-acjsz 
64500 6.20757e+09 398 1.55969e+07 0.00251256 189 189 0 30 2 2 289 0 1.55969e+07 5581923 189-acjsz 
64600 6.20757e+09 398 1.55969e+07 0.00251256 189 189 0 40 0 0 285 0 1.55969e+07 5569301 189-acixe 
64700 6.20757e+09 400 1.55189e+07 0.0025 189 189 0 28 1 1 293 0 1.55189e+07 5602497 189-aclnu 
64800 6.30823e+09 400 1.57706e+07 0.0025 189 189 0 22 0 0 291 0 1.57706e+07 5624568 189-acmjr 
64900 6.27468e+09 403 1.55699e+07 0.00248139 189 189 0 21 0 0 299 0 1.55699e+07 5618792 189-acmbe 
65000 6.30823e+09 400 1.57706e+07 0.0025 189 189 0 17 4 4 291 0 1.57706e+07 5624568 189-acmjr 
65100 6.27468e+09 404 1.55314e+07 0.00247525 189 189 0 22 0 0 296 0 1.55314e+07 5621118 189-acmdo 
65200 6.27468e+09 403 1.55699e+07 0.00248139 189 189 0 18 4 3 293 0 1.55699e+07 5654237 189-acoil 
65300 6.27468e+09 403 1.55699e+07 0.00248139 189 189 0 19 2 1 293 0 1.55699e+07 5654237 189-acoil 
65400 6.27468e+09 403 1.55699e+07 0.00248139 189 189 0 22 0 0 293 0 1.55699e+07 5654237 189-acoil 
65500 6.27468e+09 400 1.56867e+07 0.0025 189 189 0 26 1 1 304 0 1.56867e+07 5655067 189-acolo 
65600 6.27468e+09 400 1.56867e+07 0.0025 189 189 0 23 3 1 304 0 1.56867e+07 5655067 189-acolo 
65700 6.27468e+09 400 1.56867e+07 0.0025 189 189 0 21 0 0 299 0 1.56867e+07 5684091 189-acqnb 
65800 6.30823e+09 402 1.56921e+07 0.00248756 189 189 0 25 6 4 295 0 1.56921e+07 5675087 189-acpvf 
65900 6.24112e+09 404 1.54483e+07 0.00247525 189 189 0 24 0 0 304 0 1.54483e+07 5694426 189-acrbf 
66000 6.18077e+09 395.201 1.56395e+07 0.00253036 189 189 0 30 2 1 297 0 1.56757e+07 5680517 189-acqeq 
66100 6.20757e+09 399 1.55578e+07 0.00250627 189 189 0 22 0 0 291 0 1.55578e+07 5683300 189-acqkj 
66200 6.18096e+09 395.207 1.56398e+07 0.00253032 189 189 0 20 2 0 298 0 1.56757e+07 5730363 189-actgz 
66300 6.28517e+09 398.313 1.57795e+07 0.00251059 189 189 0 20 0 0 307 0 1.58101e+07 5730378 189-actjm 
66400 6.20757e+09 399 1.55578e+07 0.00250627 189 189 0 21 0 0 302 0 1.55578e+07 5750730 189-acutw 
66500 6.24112e+09 402 1.55252e+07 0.00248756 189 189 0 17 0 0 308 0 1.55252e+07 5742965 189-acucv 
66600 6.24112e+09 402 1.55252e+07 0.00248756 189 189 0 23 0 0 308 0 1.55252e+07 5742965 189-acucv 
66700 6.24727e+09 404.183 1.54565e+07 0.00247413 189 189 0 21 0 0 302 0 1.5493e+07 5773371 189-acwda 
66800 6.20757e+09 400 1.55189e+07 0.0025 189 189 0 26 0 0 317 0 1.55189e+07 5765328 189-acvmx 
66900 6.20757e+09 400 1.55189e+07 0.0025 189 189 0 24 1 0 309 0 1.55189e+07 5787413 189-acxau 
67000 6.20757e+09 400 1.55189e+07 0.0025 189 189 0 19 1 1 317 0 1.55189e+07 5765328 189-acvmx 
67100 6.27468e+09 399 1.5726e+07 0.00250627 189 189 0 25 3 1 302 0 1.5726e+07 5807743 189-acybz 
67200 6.27468e+09 399 1.5726e+07 0.00250627 189 189 0 26 3 3 302 0 1.5726e+07 5807743 189-acybz 
67300 6.27468e+09 399 1.5726e+07 0.00250627 189 189 0 30 2 0 302 0 1.5726e+07 5807743 189-acybz 
67400 6.24112e+09 399 1.56419e+07 0.00250627 188 188 0 27 1 1 306 0 1.56419e+07 5822639 188-aacqb 
67500 6.24112e+09 396 1.57604e+07 0.00252525 189 189 0 32 8 5 317 0 1.57604e+07 5830138 189-acznb 
67600 6.24755e+09 396.192 1.5769e+07 0.00252403 189 189 0 18 1 0 307 0 1.58052e+07 5845977 189-adage 
67700 6.10691e+09 395 1.54605e+07 0.00253165 189 189 0 34 5 3 301 0 1.54605e+07 5818024 189-acyqi 
67800 6.10691e+09 395 1.54605e+07 0.00253165 189 189 0 37 3 2 301 0 1.54605e+07 5818024 189-acyqi 
67900 6.27468e+09 399 1.5726e+07 0.00250627 189 189 0 20 1 0 307 0 1.5726e+07 5865211 189-adbkk 
68000 6.27468e+09 400 1.56867e+07 0.0025 189 189 0 21 0 0 316 0 1.56867e+07 5870445 189-adbpw 
68100 6.20757e+09 400 1.55189e+07 0.0025 189 189 0 26 4 2 320 0 1.55189e+07 5885559 189-adcqf 
68200 6.27468e+09 398 1.57655e+07 0.00251256 189 189 0 26 0 0 301 0 1.57655e+07 5888761 189-adcvr 
68300 6.20757e+09 397 1.56362e+07 0.00251889 188 188 0 33 5 3 310 0 1.56362e+07 5851204 188-aacwg 
68400 6.20757e+09 402 1.54417e+07 0.00248756 189 189 0 26 1 0 322 0 1.54417e+07 5913482 189-adedb 
68500 6.20757e+09 397 1.56362e+07 0.00251889 188 188 0 21 1 1 310 0 1.56362e+07 5851204 188-aacwg 
68600 6.20757e+09 400 1.55189e+07 0.0025 189 189 0 24 0 0 302 0 1.55189e+07 5914056 189-adedy 
68700 6.20757e+09 403 1.54034e+07 0.00248139 190 190 0 22 0 0 304 0 1.54034e+07 5917122 190-aaaiq 
68800 6.27468e+09 400 1.56867e+07 0.0025 189 189 0 25 0 0 311 0 1.56867e+07 5920994 189-ademr 
68900 6.24672e+09 405.167 1.54176e+07 0.00246812 189 189 0 26 0 0 312 0 1.54549e+07 5955733 189-adgnb 
69000 6.27468e+09 400 1.56867e+07 0.0025 189 189 0 33 1 1 312 0 1.56867e+07 5947014 189-adfza 
69100 6.27468e+09 400 1.56867e+07 0.0025 189 189 0 19 1 0 312 0 1.56867e+07 5947014 189-adfza 
69200 6.20757e+09 400 1.55189e+07 0.0025 189 189 0 24 1 1 314 0 1.55189e+07 5961922 189-adgvy 
69300 6.17402e+09 399 1.54737e+07 0.00250627 189 189 0 18 0 0 324 0 1.54737e+07 5983592 189-adifa 
69400 6.14735e+09 398.205 1.54376e+07 0.00251127 188 188 0 22 3 2 316 0 1.54737e+07 5983759 188-aadzq 
69500 6.20757e+09 407 1.5252e+07 0.002457 189 189 0 22 0 0 320 0 1.5252e+07 5986924 189-adijt 
69600 6.20757e+09 399 1.55578e+07 0.00250627 189 189 0 21 0 0 314 0 1.55578e+07 5990096 189-adiqb 
69700 6.20757e+09 399 1.55578e+07 0.00250627 188 188 0 25 3 2 314 0 1.55578e+07 5968014 188-aadwn 
69800 6.30823e+09 399 1.58101e+07 0.00250627 189 189 0 25 3 1 305 0 1.58101e+07 6019823 189-adklo 
69900 6.14046e+09 401 1.53129e+07 0.00249377 189 189 0 23 3 3 327 0 1.53129e+07 6019136 189-adkom 
70000 6.27468e+09 400 1.56867e+07 0.0025 189 189 0 23 1 1 324 0 1.56867e+07 6002605 189-adjke 
70100 6.14046e+09 401 1.53129e+07 0.00249377 189 189 0 25 0 0 328 0 1.53129e+07 6051285 189-admfd 
70200 6.23094e+09 398.696 1.56283e+07 0.00250818 188 188 0 22 3 2 322 0 1.56419e+07 6046060 188-aaens 
70300 6.24112e+09 407 1.53345e+07 0.002457 189 189 0 28 1 1 325 0 1.53345e+07 6040204 189-adlpp 
70400 6.29115e+09 398.491 1.57874e+07 0.00250947 189 189 0 33 5 4 307 0 1.58101e+07 6052716 189-admhf 
70500 6.29135e+09 398.497 1.57877e+07 0.00250943 189 189 0 34 0 0 307 0 1.58101e+07 6052716 189-admhf 
70600 6.29169e+09 398.507 1.57881e+07 0.00250937 189 189 0 44 6 5 307 0 1.58101e+07 6052716 189-admhf 
70700 6.30823e+09 399 1.58101e+07 0.00250627 189 189 0 29 2 1 308 0 1.58101e+07 6078865 189-adntp 
70800 6.29157e+09 398.503 1.5788e+07 0.00250939 189 189 0 46 4 2 307 0 1.58101e+07 6052716 189-admhf 
70900 6.29151e+09 398.501 1.57879e+07 0.00250941 189 189 0 43 0 0 307 0 1.58101e+07 6052716 189-admhf 
71000 6.27468e+09 399 1.5726e+07 0.00250627 189 189 0 19 3 2 326 0 1.5726e+07 6109196 189-adpny 
71100 6.24112e+09 399 1.56419e+07 0.00250627 188 188 0 25 5 4 326 0 1.56419e+07 6110482 188-aafcr 
71200 6.27468e+09 398 1.57655e+07 0.00251256 189 189 0 24 4 3 322 0 1.57655e+07 6112361 189-adpro 
71300 6.27468e+09 401 1.56476e+07 0.00249377 189 189 0 23 1 1 334 0 1.56476e+07 6078246 189-adnsc 
71400 6.14046e+09 402 1.52748e+07 0.00248756 189 189 0 23 0 0 328 0 1.52748e+07 6127478 189-adqov 
71500 6.27468e+09 402 1.56087e+07 0.00248756 189 189 0 23 0 0 337 0 1.56087e+07 6145447 189-adrwy 
71600 6.24112e+09 398 1.56812e+07 0.00251256 189 189 0 27 3 3 324 0 1.56812e+07 6155412 189-adsfm 
71700 6.24112e+09 398 1.56812e+07 0.00251256 189 189 0 33 4 3 316 0 1.56812e+07 6133433 189-adrbg 
71800 6.24112e+09 398 1.56812e+07 0.00251256 189 189 0 27 4 1 316 0 1.56812e+07 6133433 189-adrbg 
71900 6.23102e+09 397.699 1.56677e+07 0.00251447 188 188 0 21 2 1 329 0 1.56812e+07 6179582 188-aafnm 
72000 6.24112e+09 402 1.55252e+07 0.00248756 189 189 0 25 5 4 339 0 1.55252e+07 6138109 189-adrgg 
72100 6.24112e+09 402 1.55252e+07 0.00248756 189 189 0 32 4 1 339 0 1.55252e+07 6138109 189-adrgg 
72200 6.27468e+09 399 1.5726e+07 0.00250627 189 189 0 24 6 4 329 0 1.5726e+07 6196903 189-aduyx 
72300 6.27468e+09 398 1.57655e+07 0.00251256 189 189 0 34 1 0 331 0 1.57655e+07 6211207 189-advnz 
72400 6.27468e+09 398 1.57655e+07 0.00251256 189 189 0 30 1 0 331 0 1.57655e+07 6211207 189-advnz 
72500 6.24112e+09 401 1.55639e+07 0.00249377 189 189 0 25 1 0 348 0 1.55639e+07 6219977 189-adwcu 
72600 6.27468e+09 397 1.58052e+07 0.00251889 189 189 0 26 1 1 333 0 1.58052e+07 6229875 189-adwtm 
72700 6.24112e+09 398 1.56812e+07 0.00251256 189 189 0 24 0 0 321 0 1.56812e+07 6242856 189-adxlu 
72800 6.17402e+09 394 1.56701e+07 0.00253807 189 189 0 29 5 4 334 0 1.56701e+07 6231628 189-adwtt 
72900 6.30823e+09 399 1.58101e+07 0.00250627 189 189 0 23 0 0 331 0 1.58101e+07 6261821 189-adyqg 
73000 6.27468e+09 403 1.55699e+07 0.00248139 189 189 0 23 4 2 338 0 1.55699e+07 6265727 189-adyxo 
73100 6.27468e+09 398 1.57655e+07 0.00251256 189 189 0 17 1 1 328 0 1.57655e+07 6256525 189-adyjy 
73200 6.2845e+09 400.293 1.56997e+07 0.00249818 189 189 0 25 5 4 343 0 1.57313e+07 6277263 189-adzqq 
73300 6.30823e+09 399 1.58101e+07 0.00250627 189 189 0 24 1 1 336 0 1.58101e+07 6268170 189-adzaj 
73400 6.27468e+09 398 1.57655e+07 0.00251256 189 189 0 26 3 1 331 0 1.57655e+07 6298552 189-aeavy 
73500 6.27468e+09 398 1.57655e+07 0.00251256 189 189 0 25 0 0 331 0 1.57655e+07 6298552 189-aeavy 
73600 6.30823e+09 403 1.56532e+07 0.00248139 189 189 0 22 0 0 340 0 1.56532e+07 6303529 189-aebdt 
73700 6.24112e+09 399 1.56419e+07 0.00250627 188 188.041 0 22 6 3 334 0 1.56419e+07 6331351 188-aagbx 
73800 6.24112e+09 399 1.56419e+07 0.00250627 188 188.019 0 32 2 1 334 0 1.56419e+07 6331351 188-aagbx 
73900 6.27468e+09 401 1.56476e+07 0.00249377 189 189 0 26 8 7 346 0 1.56476e+07 6312834 189-aebzb 
74000 6.14046e+09 403 1.52369e+07 0.00248139 189 189 0 41 2 1 342 0 1.52369e+07 6330097 189-aecwy 
74100 6.27468e+09 401 1.56476e+07 0.00249377 189 189 0 56 3 2 346 0 1.56476e+07 6312834 189-aebzb 
74200 6.27468e+09 401 1.56476e+07 0.00249377 189 189 0 26 1 1 346 0 1.56476e+07 6312834 189-aebzb 
74300 6.27468e+09 403 1.55699e+07 0.00248139 189 189 0 28 0 0 353 0 1.55699e+07 6380047 189-aegaf 
74400 6.21596e+09 400.25 1.55302e+07 0.00249844 189 189 0 23 0 0 338 0 1.55639e+07 6393671 189-aegvc 
74500 6.20757e+09 400 1.55189e+07 0.0025 189 189 0 21 0 0 358 0 1.55189e+07 6398407 189-aeheq 
74600 6.27468e+09 403 1.55699e+07 0.00248139 189 189 0 22 1 1 354 0 1.55699e+07 6406217 189-aehoy 
74700 6.27468e+09 403 1.55699e+07 0.00248139 189 189 0 24 1 0 354 0 1.55699e+07 6406217 189-aehoy 
74800 6.27468e+09 400 1.56867e+07 0.0025 189 189 0 21 7 2 348 0 1.56867e+07 6388185 189-aeglj 
74900 6.24112e+09 399 1.56419e+07 0.00250627 189 189 0 21 3 2 349 0 1.56419e+07 6429098 189-aejce 
75000 6.27468e+09 403 1.55699e+07 0.00248139 189 189 0 21 2 1 351 0 1.55699e+07 6420624 189-aeivp 
75100 6.27468e+09 403 1.55699e+07 0.00248139 189 189 0 23 3 2 351 0 1.55699e+07 6420624 189-aeivp 
75200 6.24112e+09 400 1.56028e+07 0.0025 189 189 0 21 0 0 350 0 1.56028e+07 6434747 189-aejlc 
75300 6.24112e+09 400 1.56028e+07 0.0025 189 189 0 22 2 1 350 0 1.56028e+07 6434747 189-aejlc 
75400 6.30823e+09 431 1.46363e+07 0.00232019 209 209 0 26 0 0 345 0 1.46363e+07 6454792 209-aaatt 
75500 6.27468e+09 403 1.55699e+07 0.00248139 189 189 0 23 6 2 371 0 1.55699e+07 6469691 189-aelnt 
75600 6.28157e+09 403 1.5587e+07 0.00248139 189 189 0 16 0 0 359 0 1.56532e+07 6480403 189-aemfw 
75700 6.27468e+09 401 1.56476e+07 0.00249377 189 189 0 21 3 2 352 0 1.56476e+07 6495975 189-aenco 
75800 6.27468e+09 402 1.56087e+07 0.00248756 189 189 0 32 2 1 354 0 1.56087e+07 6497291 189-aendf 
75900 6.30823e+09 403 1.56532e+07 0.00248139 189 189 0 28 3 3 361 0 1.56532e+07 6506188 189-aenut 
76000 6.30823e+09 403 1.56532e+07 0.00248139 189 189 0 29 1 0 361 0 1.56532e+07 6506188 189-aenut 
76100 6.27468e+09 401 1.56476e+07 0.00249377 189 189 0 22 1 1 352 0 1.56476e+07 6502382 189-aenlf 
76200 6.27468e+09 401 1.56476e+07 0.00249377 189 189 0 25 2 2 352 0 1.56476e+07 6502382 189-aenlf 
76300 6.27468e+09 401 1.56476e+07 0.00249377 189 189 0 23 0 0 352 0 1.56476e+07 6502382 189-aenlf 
76400 6.20757e+09 398 1.55969e+07 0.00251256 189 189 0 31 9 6 356 0 1.55969e+07 6545496 189-aeqjf 
76500 6.24112e+09 402 1.55252e+07 0.00248756 189 189 0 21 3 2 356 0 1.55252e+07 6557983 189-aeqyt 
76600 6.27468e+09 403 1.55699e+07 0.00248139 189 189 0 23 6 4 355 0 1.55699e+07 6545041 189-aeqgw 
76700 6.34179e+09 402 1.57756e+07 0.00248756 189 189 0 21 2 2 366 0 1.57756e+07 6578872 189-aesii 
76800 6.20757e+09 402 1.54417e+07 0.00248756 189 189 0 19 0 0 348 0 1.54417e+07 6586667 189-aessi 
76900 6.10691e+09 397 1.53826e+07 0.00251889 188 188 0 18 7 4 354 0 1.53826e+07 6568663 188-aagoq 
77000 6.24112e+09 399 1.56419e+07 0.00250627 189 189 0 22 4 2 356 0 1.56419e+07 6560321 189-aerlv 
77100 6.14046e+09 398 1.54283e+07 0.00251256 189 189 0 28 3 1 373 0 1.54283e+07 6591638 189-aetcj 
77200 6.24112e+09 399 1.56419e+07 0.00250627 189 189 0 21 0 0 356 0 1.56419e+07 6560321 189-aerlv 
77300 6.14046e+09 393 1.56246e+07 0.00254453 189 189 0 18 2 1 360 0 1.56246e+07 6594557 189-aetjl 
77400 6.14046e+09 393 1.56246e+07 0.00254453 189 189 0 17 1 1 360 0 1.56246e+07 6594557 189-aetjl 
77500 6.24112e+09 404 1.54483e+07 0.00247525 189 189 0 22 0 0 379 0 1.54483e+07 6638833 189-aewbm 
77600 6.21555e+09 405.238 1.5338e+07 0.00246769 189 189 0 31 1 0 359 0 1.53722e+07 6622395 189-aevbi 
77700 6.24112e+09 402 1.55252e+07 0.00248756 189 189 0 28 0 0 381 0 1.55252e+07 6645329 189-aewlf 
77800 6.24112e+09 402 1.55252e+07 0.00248756 189 189 0 24 4 2 381 0 1.55252e+07 6645329 189-aewlf 
77900 6.24112e+09 398 1.56812e+07 0.00251256 189 189 0 19 1 1 364 0 1.56812e+07 6664621 189-aexoz 
78000 6.24112e+09 405 1.54102e+07 0.00246914 189 189 0 19 1 1 382 0 1.54102e+07 6675621 189-aeygm 
78100 6.17402e+09 400 1.5435e+07 0.0025 189 189 0 20 3 1 379 0 1.5435e+07 6676723 189-aeyjd 
78200 6.20757e+09 396 1.56757e+07 0.00252525 189 189 0 20 0 0 361 0 1.56757e+07 6695978 189-aezme 
78300 6.17402e+09 402 1.53582e+07 0.00248756 189 189 0 23 7 6 377 0 1.53582e+07 6705971 189-afacq 
78400 6.27468e+09 402 1.56087e+07 0.00248756 189 189 0 35 0 0 377 0 1.56087e+07 6708330 189-afaia 
78500 6.27468e+09 403 1.55699e+07 0.00248139 189 189 0 23 0 0 371 0 1.55699e+07 6712131 189-afamh 
78600 6.27468e+09 402 1.56087e+07 0.00248756 189 189 0 24 4 4 383 0 1.56087e+07 6693364 189-aezjh 
78700 6.14046e+09 396 1.55062e+07 0.00252525 189 189 0 30 0 0 371 0 1.55062e+07 6730615 189-afbrj 
78800 6.14046e+09 396 1.55062e+07 0.00252525 189 189 0 37 2 2 371 0 1.55062e+07 6730615 189-afbrj 
78900 6.27468e+09 405 1.5493e+07 0.00246914 189 189 0 23 0 0 389 0 1.5493e+07 6753417 189-afcyt 
79000 6.27468e+09 403 1.55699e+07 0.00248139 189 189 0 21 1 1 374 0 1.55699e+07 6759193 189-afdhx 
79100 6.27468e+09 402 1.56087e+07 0.00248756 189 189 0 21 0 0 386 0 1.56087e+07 6758097 189-afdgf 
79200 6.20757e+09 398 1.55969e+07 0.00251256 189 189 0 15 0 0 371 0 1.55969e+07 6772552 189-afebo 
79300 6.27468e+09 407 1.54169e+07 0.002457 189 189 0 23 2 1 390 0 1.54169e+07 6753283 189-afcys 
79400 6.30823e+09 404 1.56144e+07 0.00247525 189 189 0 25 1 1 380 0 1.56144e+07 6786940 189-afeyc 
79500 6.30823e+09 403 1.56532e+07 0.00248139 189 189 0 23 1 1 385 0 1.56532e+07 6789931 189-affjr 
79600 6.27468e+09 403 1.55699e+07 0.00248139 189 189 0 24 0 0 377 0 1.55699e+07 6740684 189-afcgo 
79700 6.30823e+09 404 1.56144e+07 0.00247525 189 189 0 29 3 3 380 0 1.56144e+07 6786940 189-afeyc 
79800 6.30823e+09 404 1.56144e+07 0.00247525 189 189 0 26 1 0 380 0 1.56144e+07 6786940 189-afeyc 
79900 6.24112e+09 407 1.53345e+07 0.002457 189 189 0 18 0 0 393 0 1.53345e+07 6819716 189-afgrk 
80000 6.24112e+09 407 1.53345e+07 0.002457 189 189 0 26 0 0 393 0 1.53345e+07 6819716 189-afgrk 
80100 6.27468e+09 403 1.55699e+07 0.00248139 189 189 0 24 2 2 380 0 1.55699e+07 6824758 189-afgzc 
80200 6.17402e+09 401 1.53965e+07 0.00249377 189 189 0 21 0 0 393 0 1.53965e+07 6846817 189-afihf 
80300 6.17402e+09 401 1.53965e+07 0.00249377 189 189 0 21 2 2 390 0 1.53965e+07 6855407 189-afirl 
80400 6.37534e+09 416 1.53253e+07 0.00240385 194 194 0 19 1 1 399 0 1.53253e+07 6857861 194-aabgz 
80500 6.30823e+09 407 1.54993e+07 0.002457 189 189 0 17 2 0 382 0 1.54993e+07 6861773 189-afjdx 
80600 6.30823e+09 403 1.56532e+07 0.00248139 189 189 0 19 0 0 397 0 1.56532e+07 6886250 189-afkne 
80700 6.30823e+09 406 1.55375e+07 0.00246305 189 189 0 18 0 0 394 0 1.55375e+07 6832712 189-afhrc 
80800 6.30823e+09 405 1.55759e+07 0.00246914 189 189 0 26 0 0 383 0 1.55759e+07 6879928 189-afjzb 
80900 6.24112e+09 403 1.54867e+07 0.00248139 189 189 0 25 0 0 384 0 1.54867e+07 6898856 189-aflec 
81000 6.20757e+09 403 1.54034e+07 0.00248139 189 189 0 25 3 2 387 0 1.54034e+07 6905681 189-aflhx 
81100 6.27468e+09 403 1.55699e+07 0.00248139 189 189 0 19 4 3 384 0 1.55699e+07 6919275 189-afmdj 
81200 6.27468e+09 403 1.55699e+07 0.00248139 189 189 0 19 2 2 383 0 1.55699e+07 6917710 189-afmil 
81300 6.27468e+09 403 1.55699e+07 0.00248139 189 189 0 24 0 0 387 0 1.55699e+07 6879515 189-afjzy 
81400 6.27468e+09 401 1.56476e+07 0.00249377 190 190 0 21 3 3 397 0 1.56476e+07 6936063 190-aabas 
81500 6.34179e+09 408 1.55436e+07 0.00245098 189 189 0 24 0 0 398 0 1.55436e+07 6950630 189-afnnh 
81600 6.30823e+09 405 1.55759e+07 0.00246914 189 189 0 28 0 0 396 0 1.55759e+07 6959294 189-afnxf 
81700 6.23086e+09 403 1.54612e+07 0.00248139 189 189 0 23 3 2 388 0 1.54867e+07 6952068 189-afnpr 
81800 6.27468e+09 402 1.56087e+07 0.00248756 189 189 0 25 2 2 393 0 1.56087e+07 6984354 189-afpdh 
81900 6.27468e+09 401 1.56476e+07 0.00249377 189 189 0 29 1 0 392 0 1.56476e+07 6993486 189-afppb 
82000 6.27468e+09 401 1.56476e+07 0.00249377 189 189 0 25 2 0 397 0 1.56476e+07 6984778 189-afpiu 
82100 6.10691e+09 398 1.5344e+07 0.00251256 188 188 0 22 4 2 391 0 1.5344e+07 7004067 188-aaiks 
82200 6.30823e+09 404 1.56144e+07 0.00247525 189 189 0 23 6 3 391 0 1.56144e+07 7016357 189-afqul 
82300 6.27468e+09 400 1.56867e+07 0.0025 190 190 0 18 0 0 401 0 1.56867e+07 7026109 190-aabgr 
82400 6.27468e+09 400 1.56867e+07 0.0025 190 190 0 32 0 0 401 0 1.56867e+07 7026109 190-aabgr 
82500 6.27468e+09 401 1.56476e+07 0.00249377 189 189 0 26 2 2 392 0 1.56476e+07 6993486 189-afppb 
82600 6.24112e+09 401 1.55639e+07 0.00249377 189 189 0 25 7 7 404 0 1.55639e+07 7039861 189-afrye 
82700 6.34179e+09 404 1.56975e+07 0.00247525 189 189 0 24 3 2 400 0 1.56975e+07 7057751 189-afswl 
82800 6.34179e+09 404 1.56975e+07 0.00247525 189 189 0 19 0 0 400 0 1.56975e+07 7057751 189-afswl 
82900 6.27468e+09 405 1.5493e+07 0.00246914 189 189 0 24 3 1 396 0 1.5493e+07 7052925 189-afsqe 
83000 6.27468e+09 404 1.55314e+07 0.00247525 189 189 0 21 0 0 400 0 1.55314e+07 7058726 189-aftco 
83100 6.27468e+09 406 1.54549e+07 0.00246305 189 189 0 19 2 2 391 0 1.54549e+07 7096371 189-afusj 
83200 6.30823e+09 405 1.55759e+07 0.00246914 189 189 0 22 2 1 409 0 1.55759e+07 7101185 189-afvav 
83300 6.30823e+09 405 1.55759e+07 0.00246914 189 189 0 20 0 0 411 0 1.55759e+07 7105969 189-afver 
83400 6.20757e+09 401 1.54802e+07 0.00249377 189 189 0 25 3 1 403 0 1.54802e+07 7107319 189-afvhv 
83500 6.27468e+09 402 1.56087e+07 0.00248756 189 189 0 32 0 0 400 0 1.56087e+07 7119024 189-afvuv 
83600 6.20757e+09 401 1.54802e+07 0.00249377 189 189 0 18 1 1 405 0 1.54802e+07 7136943 189-afwqz 
83700 6.27468e+09 402 1.56087e+07 0.00248756 189 189 0 19 0 0 406 0 1.56087e+07 7114762 189-afvpn 
83800 6.20757e+09 401 1.54802e+07 0.00249377 189 189 0 32 5 4 406 0 1.54802e+07 7148982 189-afxiu 
83900 6.30823e+09 407 1.54993e+07 0.002457 189 189 0 25 7 5 399 0 1.54993e+07 7140913 189-afwwu 
84000 6.20757e+09 401 1.54802e+07 0.00249377 189 189 0 30 4 4 406 0 1.54802e+07 7148982 189-afxiu 
84100 6.19983e+09 397.769 1.55865e+07 0.00251402 189 189 0 25 1 1 408 0 1.55969e+07 7165116 189-afyed 
84200 6.19906e+09 397.746 1.55854e+07 0.00251417 189 189 0 28 1 0 408 0 1.55969e+07 7165116 189-afyed 
84300 6.17402e+09 402 1.53582e+07 0.00248756 189 189 0 19 0 0 402 0 1.53582e+07 7193109 189-afzpi 
84400 6.20757e+09 402 1.54417e+07 0.00248756 189 189 0 22 0 0 414 0 1.54417e+07 7157465 189-afxyp 
84500 6.24112e+09 400 1.56028e+07 0.0025 189 189 0 23 2 1 410 0 1.56028e+07 7199794 189-afzyl 
84600 6.30204e+09 404.816 1.55677e+07 0.00247026 189 189 0 18 0 0 418 0 1.55759e+07 7202511 189-agaam 
84700 6.30225e+09 404.822 1.55679e+07 0.00247023 189 189 0 31 0 0 418 0 1.55759e+07 7202511 189-agaam 
84800 6.27468e+09 406 1.54549e+07 0.00246305 189 189 0 19 2 2 419 0 1.54549e+07 7227561 189-agbjm 
84900 6.27468e+09 403 1.55699e+07 0.00248139 189 189 0 20 7 5 413 0 1.55699e+07 7182334 189-afzat 
85000 6.20757e+09 397 1.56362e+07 0.00251889 189 189 0 21 0 0 412 0 1.56362e+07 7232029 189-agbnt 
85100 6.30823e+09 407 1.54993e+07 0.002457 189 189 0 25 4 3 415 0 1.54993e+07 7236564 189-agcae 
85200 6.27468e+09 403 1.55699e+07 0.00248139 189 189 0 18 7 3 412 0 1.55699e+07 7243750 189-agckr 
85300 6.24112e+09 399 1.56419e+07 0.00250627 189 189 0 24 1 1 412 0 1.56419e+07 7260853 189-agdbu 
85400 6.24112e+09 421 1.48245e+07 0.0023753 188 188.005 0 21 1 1 424 0 1.48245e+07 7255755 188-aajja 
85500 6.17402e+09 399 1.54737e+07 0.00250627 189 189 0 20 1 1 418 0 1.54737e+07 7241123 189-agbze 
85600 6.24112e+09 403 1.54867e+07 0.00248139 189 189 0 15 0 0 417 0 1.54867e+07 7274022 189-agdtj 
85700 6.24112e+09 403 1.54867e+07 0.00248139 189 189 0 29 3 2 425 0 1.54867e+07 7297557 189-agfbg 
85800 6.22604e+09 403.551 1.54281e+07 0.00247801 189 189 0 18 0 0 420 0 1.54483e+07 7311993 189-agfvx 
85900 6.24112e+09 404 1.54483e+07 0.00247525 189 189 0 23 0 0 429 0 1.54483e+07 7324593 189-agglw 
86000 6.27468e+09 402 1.56087e+07 0.00248756 189 189 0 19 0 0 418 0 1.56087e+07 7326079 189-aggpg 
86100 6.27468e+09 402 1.56087e+07 0.00248756 189 189 0 28 1 1 418 0 1.56087e+07 7326079 189-aggpg 
86200 6.27468e+09 406 1.54549e+07 0.00246305 189 189 0 17 2 1 423 0 1.54549e+07 7329947 189-aggvc 
86300 6.27468e+09 403 1.55699e+07 0.00248139 189 189 0 16 3 2 423 0 1.55699e+07 7354790 189-agicp 
86400 6.20779e+09 403.006 1.54037e+07 0.00248135 189 189 0 18 0 0 413 0 1.54483e+07 7313870 189-aggae 
86500 6.27468e+09 435 1.44245e+07 0.00229885 209 209 0 20 4 1 433 0 1.44245e+07 7360944 209-aahsh 
86600 6.20757e+09 397 1.56362e+07 0.00251889 189 189 0 17 3 2 427 0 1.56362e+07 7379430 189-agjlv 
86700 6.25157e+09 400.311 1.56167e+07 0.00249806 189 189 0 16 1 0 417 0 1.56476e+07 7360550 189-agikl 
86800 6.24112e+09 408 1.52969e+07 0.00245098 189 189 0 20 8 5 421 0 1.52969e+07 7401815 189-agksv 
86900 6.20757e+09 396 1.56757e+07 0.00252525 189 189 0 21 1 0 430 0 1.56757e+07 7387743 189-agjvo 
87000 6.26797e+09 406.8 1.5408e+07 0.00245821 188 188 0 15 3 1 431 0 1.54169e+07 7349043 188-aajrs 
87100 6.20757e+09 404 1.53653e+07 0.00247525 189 189 0 19 0 0 422 0 1.53653e+07 7394554 189-agkfs 
87200 6.25175e+09 404.317 1.54625e+07 0.00247331 189 189 0 26 1 0 426 0 1.5493e+07 7398182 189-agknj 
87300 6.20757e+09 398 1.55969e+07 0.00251256 189 189 0 21 8 5 422 0 1.55969e+07 7428223 189-agmfr 
87400 6.27468e+09 405 1.5493e+07 0.00246914 189 189 0 38 4 3 434 0 1.5493e+07 7434522 189-agmoi 
87500 6.3021e+09 402.817 1.5645e+07 0.00248252 189 189 0 24 5 3 430 0 1.56532e+07 7429803 189-agmlu 
87600 6.20757e+09 398 1.55969e+07 0.00251256 189 189 0 22 0 0 434 0 1.55969e+07 7460025 189-agnxe 
87700 6.26854e+09 404.817 1.54849e+07 0.00247025 189 189 0 15 0 0 423 0 1.5493e+07 7448603 189-agngt 
87800 6.30267e+09 403.834 1.56071e+07 0.00247627 189 189 0 23 3 1 432 0 1.56144e+07 7469239 189-agojc 
87900 6.27468e+09 401 1.56476e+07 0.00249377 189 189 0 23 0 0 429 0 1.56476e+07 7474586 189-agoty 
88000 6.17402e+09 396 1.55909e+07 0.00252525 189 189 0 32 0 0 428 0 1.55909e+07 7470612 189-agomn 
88100 6.17402e+09 396 1.55909e+07 0.00252525 189 189 0 19 0 0 428 0 1.55909e+07 7470612 189-agomn 
88200 6.17402e+09 396 1.55909e+07 0.00252525 189 189 0 29 1 1 428 0 1.55909e+07 7470612 189-agomn 
88300 6.24112e+09 430 1.45142e+07 0.00232558 209 209 0 20 0 0 427 0 1.45142e+07 7494230 209-aajbe 
88400 6.20757e+09 404 1.53653e+07 0.00247525 189 189 0 20 5 4 443 0 1.53653e+07 7520339 189-agrfk 
88500 6.21378e+09 399.185 1.55662e+07 0.00250511 189 189 0 22 2 2 430 0 1.56028e+07 7526958 189-agrzl 
88600 6.20757e+09 404 1.53653e+07 0.00247525 189 189 0 20 0 0 437 0 1.53653e+07 7540113 189-agsic 
88700 6.20757e+09 399 1.55578e+07 0.00250627 189 189 0 22 2 1 432 0 1.55578e+07 7534706 189-agsas 
88800 6.20757e+09 399 1.55578e+07 0.00250627 189 189 0 17 1 0 432 0 1.55578e+07 7534706 189-agsas 
88900 6.17402e+09 398 1.55126e+07 0.00251256 189 189 0 26 0 0 432 0 1.55126e+07 7543861 189-agsnq 
89000 6.17402e+09 398 1.55126e+07 0.00251256 189 189 0 24 0 0 432 0 1.55126e+07 7543861 189-agsnq 
89100 6.21236e+09 407.143 1.52584e+07 0.00245615 188 188 0 23 2 1 442 0 1.52969e+07 7562973 188-aaksu 
89200 6.17402e+09 406 1.52069e+07 0.00246305 188 188 0 17 2 1 446 0 1.52069e+07 7595505 188-aakym 
89300 6.27468e+09 402 1.56087e+07 0.00248756 189 189 0 24 0 0 436 0 1.56087e+07 7574975 189-agufv 
89400 6.27468e+09 403 1.55699e+07 0.00248139 189 189 0 32 2 0 450 0 1.55699e+07 7574172 189-agubg 
89500 6.27468e+09 406 1.54549e+07 0.00246305 189 189 0 19 5 4 438 0 1.54549e+07 7594735 189-agvcd 
89600 6.27468e+09 405 1.5493e+07 0.00246914 189 189 0 19 1 0 451 0 1.5493e+07 7619117 189-agwjs 
89700 6.30823e+09 434 1.45351e+07 0.00230415 209 209 0 17 4 1 445 0 1.45351e+07 7619677 209-aakhb 
89800 6.23472e+09 399.809 1.55942e+07 0.0025012 189 189 0 28 4 3 450 0 1.56028e+07 7634318 189-agxdx 
89900 6.27468e+09 406 1.54549e+07 0.00246305 189 189 0 19 4 1 453 0 1.54549e+07 7644003 189-agxrj 
90000 6.27468e+09 405 1.5493e+07 0.00246914 189 189 0 32 1 0 454 0 1.5493e+07 7645501 189-agxwx 
90100 6.20757e+09 399 1.55578e+07 0.00250627 189 189 0 20 3 2 439 0 1.55578e+07 7659314 189-agyrf 
90200 6.22523e+09 397.526 1.56599e+07 0.00251556 189 189 0 17 1 1 454 0 1.56812e+07 7669652 189-agyzy 
90300 6.27468e+09 406 1.54549e+07 0.00246305 190 190 0 24 5 4 456 0 1.54549e+07 7675338 190-aaclj 
90400 6.20757e+09 402 1.54417e+07 0.00248756 189 189 0 23 1 1 448 0 1.54417e+07 7686995 189-ahaad 
90500 6.24112e+09 403 1.54867e+07 0.00248139 189 189 0 21 4 3 455 0 1.54867e+07 7682905 189-agzux 
90600 6.17402e+09 397 1.55517e+07 0.00251889 189 189 0 17 2 2 439 0 1.55517e+07 7663259 189-agyqn 
90700 6.23449e+09 401.802 1.55163e+07 0.00248879 189 189 0 29 2 2 439 0 1.55252e+07 7703550 189-aharb 
90800 6.18005e+09 403.18 1.53283e+07 0.00248029 188 188 0 19 0 0 453 0 1.53653e+07 7726832 188-aaltf 
90900 6.30823e+09 407 1.54993e+07 0.002457 189 189 0 18 0 0 445 0 1.54993e+07 7721684 189-ahbqi 
91000 6.30823e+09 407 1.54993e+07 0.002457 189 189 0 19 1 0 445 0 1.54993e+07 7721684 189-ahbqi 
91100 6.26884e+09 406.826 1.54091e+07 0.00245805 189 189 0 22 0 0 453 0 1.54169e+07 7749753 189-ahdbk 
91200 6.20757e+09 402 1.54417e+07 0.00248756 189 189 0 20 5 4 454 0 1.54417e+07 7758679 189-ahdnl 
91300 6.20757e+09 402 1.54417e+07 0.00248756 189 189 0 21 3 2 454 0 1.54417e+07 7758679 189-ahdnl 
91400 6.2579e+09 403.5 1.5509e+07 0.00247832 189 189 0 28 0 0 462 0 1.55314e+07 7765563 189-ahdxb 
91500 6.14638e+09 404.176 1.52072e+07 0.00247417 188 188 0 23 2 2 460 0 1.52445e+07 7788179 188-aamfk 
91600 6.17402e+09 402 1.53582e+07 0.00248756 189 189 0 19 1 0 453 0 1.53582e+07 7775471 189-aheks 
91700 6.24112e+09 406 1.53722e+07 0.00246305 189 189 0 17 0 0 453 0 1.53722e+07 7797557 189-ahfmb 
91800 6.20757e+09 402 1.54417e+07 0.00248756 189 189 0 18 2 1 455 0 1.54417e+07 7799434 189-ahftf 
91900 6.24112e+09 404 1.54483e+07 0.00247525 189 189 0 25 0 0 451 0 1.54483e+07 7811282 189-ahggf 
92000 6.27468e+09 406 1.54549e+07 0.00246305 189 189 0 17 2 1 450 0 1.54549e+07 7804613 189-ahfxh 
92100 6.26832e+09 404.81 1.54846e+07 0.00247029 189 189 0 20 0 0 462 0 1.5493e+07 7807813 189-ahgcn 
92200 6.30152e+09 403.8 1.56055e+07 0.00247648 189 189 0 21 0 0 463 0 1.56144e+07 7837230 189-ahhqe 
92300 6.20757e+09 403 1.54034e+07 0.00248139 189 189 0 19 0 0 462 0 1.54034e+07 7840768 189-ahhtj 
92400 6.20757e+09 402 1.54417e+07 0.00248756 189 189 0 21 1 0 457 0 1.54417e+07 7844164 189-ahhzm 
92500 6.26847e+09 402.815 1.55616e+07 0.00248253 189 189 0 19 2 2 471 0 1.55699e+07 7860995 189-ahjaa 
92600 6.2579e+09 404.5 1.54707e+07 0.00247219 189 189 0 16 1 1 465 0 1.5493e+07 7877863 189-ahjrf 
92700 6.23677e+09 403.87 1.54424e+07 0.00247606 189 189 0 18 5 2 472 0 1.5493e+07 7870412 189-ahjij 
92800 6.25823e+09 403.51 1.55095e+07 0.00247826 189 189 0 20 3 3 465 0 1.55314e+07 7861720 189-ahiva 
92900 6.20757e+09 402 1.54417e+07 0.00248756 189 189 0 15 0 0 460 0 1.54417e+07 7878820 189-ahkah 
93000 6.22948e+09 403.327 1.54452e+07 0.00247938 189 189 0 21 4 4 473 0 1.55314e+07 7910037 189-ahlmq 
93100 6.17402e+09 399 1.54737e+07 0.00250627 188 188 0 25 0 0 467 0 1.54737e+07 7906887 188-aamzj 
93200 6.20757e+09 403 1.54034e+07 0.00248139 189 189 0 21 0 0 466 0 1.54034e+07 7924606 189-ahmhp 
93300 6.25115e+09 403.299 1.55e+07 0.00247955 189 189 0 16 1 0 468 0 1.55314e+07 7934546 189-ahmrt 
93400 6.33526e+09 404.806 1.56501e+07 0.00247032 189 189 0 21 8 5 466 0 1.56587e+07 7929500 189-ahmne 
93500 6.25112e+09 403.298 1.55e+07 0.00247956 189 189 0 23 2 2 468 0 1.55314e+07 7934546 189-ahmrt 
93600 6.14046e+09 401 1.53129e+07 0.00249377 188 188 0 17 1 1 464 0 1.53129e+07 7954904 188-aanmb 
93700 6.24112e+09 402 1.55252e+07 0.00248756 189 189 0 18 0 0 459 0 1.55252e+07 7968812 189-ahohv 
93800 6.18465e+09 401.317 1.54109e+07 0.0024918 189 189 0 17 0 0 481 0 1.54417e+07 7952424 189-ahnnd 
93900 6.24112e+09 404 1.54483e+07 0.00247525 189 189 0 29 0 0 475 0 1.54483e+07 7981365 189-ahpch 
94000 6.26466e+09 406.701 1.54036e+07 0.00245881 189 189 0 31 0 0 473 0 1.54169e+07 7971422 189-ahojx 
94100 6.17402e+09 396 1.55909e+07 0.00252525 189 189 0 24 1 0 465 0 1.55909e+07 7986585 189-ahpee 
94200 6.20757e+09 403 1.54034e+07 0.00248139 189 189 0 22 2 1 479 0 1.54034e+07 7990322 189-ahplj 
94300 6.28553e+09 407.323 1.54313e+07 0.00245506 189 189 0 15 0 0 474 0 1.54614e+07 8005363 189-ahqcm 
94400 6.27468e+09 409 1.53415e+07 0.00244499 189 189 0 18 0 0 477 0 1.53415e+07 8012753 189-ahqmo 
94500 6.24112e+09 402 1.55252e+07 0.00248756 189 189 0 23 0 0 472 0 1.55252e+07 8036242 189-ahrnj 
94600 6.10691e+09 400 1.52673e+07 0.0025 188 188 0 18 1 0 475 0 1.52673e+07 8039564 188-aaocv 
94700 6.24112e+09 405 1.54102e+07 0.00246914 189 189 0 16 0 0 469 0 1.54102e+07 8044637 189-ahrvv 
94800 6.17402e+09 406 1.52069e+07 0.00246305 189 189 0 23 4 3 479 0 1.52069e+07 8044761 189-ahrzd 
94900 6.14717e+09 400.2 1.53602e+07 0.00249875 188 188 0 24 2 1 481 0 1.53965e+07 8061899 188-aaogy 
95000 6.2237e+09 400.481 1.55405e+07 0.002497 188 188 0 21 0 0 482 0 1.55639e+07 8072908 188-aaoix 
95100 6.14715e+09 400.199 1.53602e+07 0.00249876 188 188 0 16 1 1 481 0 1.53965e+07 8061899 188-aaogy 
95200 6.22474e+09 403.512 1.54264e+07 0.00247825 189 189 0 22 1 1 484 0 1.54483e+07 8074397 189-ahtbk 
95300 6.26939e+09 405.842 1.54478e+07 0.00246401 190 190 0 26 0 0 486 0 1.54549e+07 8086928 190-aadnx 
95400 6.34179e+09 406 1.56202e+07 0.00246305 190 190 0 26 2 0 488 0 1.56202e+07 8103769 190-aadup 
95500 6.34179e+09 406 1.56202e+07 0.00246305 190 190 0 20 4 4 488 0 1.56202e+07 8103769 190-aadup 
95600 6.2681e+09 405.804 1.54461e+07 0.00246425 190 190 0 23 2 1 487 0 1.54549e+07 8107169 190-aadwk 
95700 6.27468e+09 404 1.55314e+07 0.00247525 189 189 0 21 0 0 493 0 1.55314e+07 8116347 189-ahupj 
95800 6.27468e+09 404 1.55314e+07 0.00247525 189 189 0 26 0 0 493 0 1.55314e+07 8116347 189-ahupj 
95900 6.27468e+09 401 1.56476e+07 0.00249377 190 190 0 31 0 0 501 0 1.56476e+07 8145245 190-aaepx 
96000 6.27468e+09 404 1.55314e+07 0.00247525 189 189 0 18 2 2 493 0 1.55314e+07 8116347 189-ahupj 
96100 6.27468e+09 403 1.55699e+07 0.00248139 189 189 0 27 5 2 474 0 1.55699e+07 8152916 189-ahvsn 
96200 6.27468e+09 404 1.55314e+07 0.00247525 189 189 0 25 2 2 494 0 1.55314e+07 8167872 189-ahwjq 
96300 6.37534e+09 406 1.57028e+07 0.00246305 190 190 0 31 3 2 501 0 1.57028e+07 8157355 190-aaewr 
96400 6.37534e+09 406 1.57028e+07 0.00246305 190 190 0 21 0 0 501 0 1.57028e+07 8157355 190-aaewr 
96500 6.28126e+09 404.196 1.55401e+07 0.00247405 190 190 0 19 0 0 497 0 1.55759e+07 8190812 190-aafmk 
96600 6.37534e+09 406 1.57028e+07 0.00246305 190 190 0 22 1 0 501 0 1.57028e+07 8157355 190-aaewr 
96700 6.37534e+09 406 1.57028e+07 0.00246305 190 190 0 16 1 0 501 0 1.57028e+07 8157355 190-aaewr 
96800 6.30823e+09 406 1.55375e+07 0.00246305 190 190 0 20 0 0 499 0 1.55375e+07 8218061 190-aagbs 
96900 6.3022e+09 405.82 1.55295e+07 0.00246415 189 189 0 20 1 0 499 0 1.55375e+07 8195120 189-ahxev 
97000 6.26797e+09 407.8 1.53702e+07 0.00245218 189 189 0 19 0 0 502 0 1.53791e+07 8249625 189-ahyor 
97100 6.26977e+09 406.854 1.54104e+07 0.00245789 189 189 0 16 0 0 501 0 1.54169e+07 8239140 189-ahyjy 
97200 6.30823e+09 405 1.55759e+07 0.00246914 190 190 0 16 2 1 500 0 1.55759e+07 8244515 190-aagva 
97300 6.26419e+09 405 1.54671e+07 0.00246914 190 190 0 21 4 2 506 0 1.55759e+07 8257614 190-aahho 
97400 6.30823e+09 406 1.55375e+07 0.00246305 190 190 0 21 0 0 511 0 1.55375e+07 8278906 190-aahvs 
97500 6.20757e+09 404 1.53653e+07 0.00247525 189 189 0 30 3 2 500 0 1.53653e+07 8267617 189-ahywo 
97600 6.30823e+09 404 1.56144e+07 0.00247525 190 190 0 13 0 0 509 0 1.56144e+07 8279861 190-aaigi 
97700 6.34179e+09 407 1.55818e+07 0.002457 190 190 0 30 0 0 514 0 1.55818e+07 8293888 190-aaijc 
97800 6.34179e+09 407 1.55818e+07 0.002457 190 190 0 17 2 1 514 0 1.55818e+07 8293888 190-aaijc 
97900 6.35856e+09 407.5 1.56038e+07 0.00245399 190 190 0 20 1 1 517 0 1.56258e+07 8311793 190-aaixs 
98000 6.30823e+09 413 1.52742e+07 0.00242131 190 190 0 20 0 0 511 0 1.52742e+07 8305937 190-aaiwo 
98100 6.30103e+09 404.785 1.55663e+07 0.00247045 189 189 0 17 2 0 501 0 1.55759e+07 8319280 189-ahzwa 
98200 6.30823e+09 409 1.54236e+07 0.00244499 190 190 0 18 3 1 524 0 1.54236e+07 8333013 190-aajtz 
98300 6.37534e+09 407 1.56642e+07 0.002457 190 190 0 15 2 2 522 0 1.56642e+07 8329308 190-aajno 
98400 6.30158e+09 405.802 1.55287e+07 0.00246426 189 189 0 21 0 0 509 0 1.55375e+07 8358097 189-aiaqm 
98500 6.27468e+09 409 1.53415e+07 0.00244499 189 189 0 15 0 0 506 0 1.53415e+07 8353816 189-aiany 
98600 6.37534e+09 408 1.56258e+07 0.00245098 190 190 0 33 0 0 516 0 1.56258e+07 8374196 190-aalcu 
98700 6.37534e+09 406 1.57028e+07 0.00246305 190 190 0 17 2 2 519 0 1.57028e+07 8379950 190-aaljo 
98800 6.34179e+09 406 1.56202e+07 0.00246305 190 190 0 15 2 2 519 0 1.56202e+07 8387248 190-aalvp 
98900 6.34179e+09 406 1.56202e+07 0.00246305 190 190 0 18 1 0 512 0 1.56202e+07 8386770 190-aalsw 
99000 6.37534e+09 405 1.57416e+07 0.00246914 190 190 0 20 7 5 511 0 1.57416e+07 8411337 190-aampy 
99100 6.20757e+09 410 1.51404e+07 0.00243902 194 194 0 19 0 0 525 0 1.51404e+07 8407284 194-aacng 
99200 6.30823e+09 409 1.54236e+07 0.00244499 189 189 0 26 3 2 521 0 1.54236e+07 8421727 189-aibvz 
99300 6.30823e+09 409 1.54236e+07 0.00244499 189 189 0 25 5 2 521 0 1.54236e+07 8421727 189-aibvz 
99400 6.20757e+09 402.795 1.54113e+07 0.00248265 189 189 0 14 0 0 521 0 1.54417e+07 8437394 189-aicch 
99500 6.20757e+09 408 1.52146e+07 0.00245098 194 194 0 19 0 0 530 0 1.52146e+07 8452186 194-aacoo 
99600 6.34179e+09 406 1.56202e+07 0.00246305 190 190 0 24 3 0 522 0 1.56202e+07 8446024 190-aaobg 
99700 6.32448e+09 404.484 1.56359e+07 0.00247229 190 190 0 16 0 0 515 0 1.56587e+07 8461218 190-aaorv 
99800 6.2355e+09 402.832 1.54791e+07 0.00248242 189 189 0 23 0 0 520 0 1.54867e+07 8421392 189-aibwe 
99900 6.34179e+09 408 1.55436e+07 0.00245098 190 190 0 20 2 2 533 0 1.55436e+07 8480923 190-aapou 
100000 6.34179e+09 406 1.56202e+07 0.00246305 190 190 0 26 1 1 522 0 1.56202e+07 8446024 190-aaobg 
