# Avida tasks data
# Fri Jun 15 12:07:33 2018
# First column gives the current update, next columns give the number
# of organisms that have the particular task as a component of their merit
#  1: Update
#  2: Not
#  3: Nand
#  4: And
#  5: OrNot
#  6: Or
#  7: AndNot
#  8: Nor
#  9: Xor
# 10: Equals

0 0 0 0 0 0 0 0 0 0 
100 0 0 0 0 0 0 0 0 0 
200 0 0 0 0 0 0 0 0 0 
300 0 0 0 0 0 0 0 0 0 
400 0 0 0 0 0 0 0 0 0 
500 0 0 0 0 0 0 0 0 0 
600 0 0 0 0 0 0 0 0 0 
700 0 0 0 0 0 0 0 0 0 
800 0 0 0 0 0 0 0 0 0 
900 0 0 0 0 0 0 0 0 0 
1000 0 0 0 0 0 0 0 0 0 
1100 0 0 0 0 0 0 0 0 0 
1200 0 222 0 0 0 0 0 0 0 
1300 4 483 0 2866 0 0 0 0 0 
1400 8 47 0 3448 0 0 0 0 0 
1500 6 136 0 3478 0 0 0 0 0 
1600 9 2235 6 3475 0 229 0 0 0 
1700 8 60 19 3476 0 3306 0 0 0 
1800 4 29 9 3475 0 3333 0 0 0 
1900 5 246 18 3487 0 3360 0 0 0 
2000 21 3141 18 3516 0 3448 0 0 0 
2100 25 3450 5 3498 0 3481 0 0 0 
2200 20 3438 11 3507 0 3461 0 0 0 
2300 25 3445 6 3491 1 3450 0 0 0 
2400 28 3444 8 3495 0 3443 0 0 0 
2500 29 3457 11 3509 0 3459 0 0 0 
2600 40 3427 12 3499 0 3464 0 0 0 
2700 209 3438 16 3488 0 3454 0 0 0 
2800 1069 3456 2 3481 0 3465 0 0 0 
2900 2029 3437 3 3400 0 3444 0 0 0 
3000 2868 3452 8 3396 0 3458 0 0 0 
3100 3335 3431 10 3402 0 3466 0 0 0 
3200 3456 3470 2 3423 0 3492 0 0 0 
3300 3480 3455 9 3420 0 3474 0 0 0 
3400 3513 3467 7 3428 0 3471 0 0 0 
3500 3522 3417 15 3402 0 3446 4 0 0 
3600 3518 3471 2 3429 0 3479 0 0 0 
3700 3523 3415 16 3397 0 3471 0 0 0 
3800 3504 3424 11 3420 0 3440 1 0 0 
3900 3489 3473 4 3422 0 3457 0 0 0 
4000 3499 3468 4 3426 0 3470 0 0 0 
4100 3514 3468 2 3409 0 3454 0 0 0 
4200 3508 3449 2 3413 0 3443 2 0 0 
4300 3520 3458 11 3431 0 3480 0 0 0 
4400 3494 3461 7 3427 0 3446 0 0 0 
4500 3494 3467 2 3402 0 3451 0 0 0 
4600 3518 3475 4 3431 0 3478 0 0 0 
4700 3495 3464 4 3432 0 3470 1 0 0 
4800 3493 3475 8 3449 0 3467 0 0 0 
4900 3519 3465 9 3448 0 3443 0 0 0 
5000 3511 3468 8 3445 0 3471 0 0 0 
5100 3528 3489 7 3440 0 3464 0 0 0 
5200 3499 3450 3 3463 4 3478 0 0 0 
5300 3517 43 2 481 3057 3462 3138 0 0 
5400 3477 2 7 46 3310 3445 3322 0 0 
5500 3451 1 1 78 3345 3471 3348 0 0 
5600 870 19 4 2682 3339 3466 3340 0 0 
5700 67 1802 2 3492 3353 3471 3348 0 0 
5800 44 3447 0 3524 3359 3474 3348 0 0 
5900 31 3507 2 3541 3331 3443 3335 0 0 
6000 33 3531 3 3541 3369 3461 3357 0 0 
6100 36 3521 3 3540 3328 3443 3343 0 0 
6200 29 3516 0 3531 3391 3502 3396 0 0 
6300 39 3501 1 3544 3368 3486 3377 0 0 
6400 34 3514 0 3541 3367 3483 3357 0 0 
6500 46 3515 0 3543 3352 3479 3346 0 0 
6600 29 3529 1 3546 3403 3511 3413 0 0 
6700 43 3513 2 3536 3376 3481 3363 0 0 
6800 38 3525 1 3535 3406 3503 3394 0 0 
6900 54 3505 1 3536 3351 3458 3345 0 0 
7000 38 3506 0 3530 3387 3489 3385 0 0 
7100 33 3516 0 3533 3353 3494 3356 0 0 
7200 43 3510 2 3530 3367 3486 3367 0 0 
7300 48 3518 3 3535 3350 3465 3341 0 0 
7400 37 3514 1 3541 3361 3478 3364 0 0 
7500 30 3532 1 3545 3385 3472 3379 0 0 
7600 42 3528 1 3549 3371 3472 3348 0 0 
7700 31 3495 0 3540 3386 3497 3381 0 0 
7800 47 3521 1 3533 3386 3501 3376 0 0 
7900 1028 3523 3 3553 3393 3488 3392 0 0 
8000 3409 3536 3 3551 3367 3488 3363 0 0 
8100 3547 3499 2 3543 3372 3475 3362 0 0 
8200 3531 3515 0 3535 3377 3476 3355 0 0 
8300 3553 3516 0 3552 3384 3474 3375 0 0 
8400 3537 3518 2 3548 3368 3495 3360 0 0 
8500 3543 3535 0 3551 3390 3506 3383 0 0 
8600 3529 3542 3 3555 3384 3483 3376 0 0 
8700 3549 3526 1 3543 3375 3474 3378 0 0 
8800 3522 3520 0 3555 3389 3486 3381 0 0 
8900 3550 3524 0 3542 3391 3502 3392 0 0 
9000 3539 3502 1 3518 3363 3482 3381 0 0 
9100 3547 3505 2 3536 3343 3486 3364 0 0 
9200 3541 3541 1 3550 3401 3486 3389 0 0 
9300 3539 3538 2 3544 3376 3483 3373 0 0 
9400 3540 3488 4 3534 3358 3474 3374 0 0 
9500 3531 3507 1 3527 3375 3492 3380 0 0 
9600 3541 3513 0 3545 3382 3498 3386 0 0 
9700 3549 3531 3 3538 3360 3459 3373 0 0 
9800 3537 3501 1 3531 3374 3481 3365 0 0 
9900 3539 3519 1 3544 3380 3482 3366 0 0 
10000 3525 3509 1 3524 3391 3499 3393 0 0 
10100 3534 3525 2 3527 3369 3478 3370 0 0 
10200 3543 3525 0 3541 3357 3476 3367 0 0 
10300 3537 3513 2 3535 3381 3480 3359 0 0 
10400 3541 3517 0 3546 3363 3502 3371 0 0 
10500 3539 3538 1 3563 3366 3487 3376 0 0 
10600 3536 3524 0 3542 3353 3473 3341 0 0 
10700 3543 3499 1 3534 3369 3487 3356 0 0 
10800 3530 3525 0 3550 3376 3479 3370 0 0 
10900 3550 3524 0 3538 3402 3516 3395 0 0 
11000 3549 3503 2 3550 3375 3493 3391 0 0 
11100 3533 3521 0 3548 3370 3481 3368 0 0 
11200 3541 3533 0 3544 3353 3467 3364 0 0 
11300 3561 3543 0 3552 3338 3457 3344 0 0 
11400 3559 3509 1 3560 3365 3484 3361 0 0 
11500 3539 3530 0 3548 3376 3489 3379 0 0 
11600 3540 3521 4 3550 3356 3480 3362 0 6 
11700 3527 3522 5 3530 3390 3484 1393 0 1970 
11800 3551 3529 18 3542 3336 3481 82 0 3223 
11900 3530 3514 10 3530 3368 3501 13 0 3324 
12000 3563 3522 11 3546 3343 3482 3 0 3309 
12100 3534 3521 8 3537 3376 3495 7 0 3331 
12200 3535 3509 8 3537 3365 3488 13 0 3327 
12300 3520 3511 5 3544 3366 3474 9 0 3313 
12400 3542 3519 8 3549 3326 3473 10 0 3295 
12500 3537 3531 12 3552 3356 3493 0 0 3309 
12600 3542 3521 10 3553 3346 3460 11 0 3296 
12700 3542 3530 13 3542 3345 3473 10 0 3289 
12800 3550 3538 21 3545 3360 3484 8 0 3332 
12900 3515 3541 10 3552 3370 3495 11 0 3343 
13000 3537 3534 10 3557 3323 3473 8 0 3281 
13100 3525 3508 13 3541 3343 3468 7 0 3271 
13200 3537 3521 6 3551 3340 3474 4 0 3307 
13300 3550 3518 15 3545 3349 3470 7 0 3312 
13400 3552 3518 4 3552 3354 3481 5 0 3323 
13500 3535 3510 15 3544 3321 3467 4 0 3290 
13600 3527 3513 11 3541 3385 3494 8 0 3325 
13700 3539 3529 4 3543 3346 3489 11 0 3299 
13800 3538 3540 14 3547 3356 3461 6 0 3315 
13900 3508 3528 13 3544 3370 3509 4 0 3340 
14000 3538 3542 14 3552 3340 3489 8 0 3293 
14100 3527 3523 10 3549 3344 3463 13 0 3303 
14200 3540 3528 19 3554 3363 3478 6 0 3304 
14300 3528 3526 21 3531 3391 3497 10 0 3342 
14400 3531 3532 10 3549 3374 3471 8 0 3309 
14500 3529 3505 19 3533 3350 3489 8 0 3299 
14600 3515 3525 20 3536 3352 3484 11 0 3320 
14700 3526 3537 15 3554 3355 3481 17 0 3318 
14800 3523 3515 20 3537 3331 3458 11 0 3294 
14900 3553 3539 15 3555 3321 3478 12 0 3282 
15000 3542 3521 21 3545 3364 3483 9 0 3315 
15100 3530 3517 15 3546 3321 3474 5 0 3287 
15200 3530 3527 13 3523 3359 3492 4 0 3331 
15300 3534 3536 9 3539 3382 3500 3 0 3350 
15400 3538 3504 14 3551 3364 3505 7 0 3324 
15500 3518 3519 14 3532 3345 3491 8 0 3296 
15600 3549 3528 13 3542 3342 3458 3 0 3319 
15700 3545 3534 18 3563 3362 3511 9 0 3302 
15800 3533 3530 15 3553 3357 3482 8 0 3326 
15900 3556 3544 11 3556 3355 3504 7 0 3327 
16000 3531 3526 14 3548 3367 3502 4 0 3335 
16100 3547 3525 6 3536 3378 3495 11 0 3340 
16200 3531 3534 11 3546 3379 3481 1 0 3328 
16300 3527 3531 17 3536 3348 3505 4 0 3314 
16400 3560 3523 16 3538 3358 3486 6 0 3321 
16500 3546 3511 13 3544 3362 3493 7 0 3328 
16600 3552 3532 8 3549 3376 3501 3 0 3343 
16700 3548 3541 8 3546 3375 3497 2 0 3323 
16800 3543 3541 9 3553 3362 3489 4 0 3305 
16900 3535 3534 7 3541 3388 3482 5 0 3354 
17000 3536 3526 14 3551 3378 3488 8 0 3325 
17100 3561 3532 9 3540 3384 3486 5 0 3349 
17200 3546 3518 12 3522 3390 3502 6 0 3329 
17300 3547 3538 14 3547 3377 3483 4 0 3325 
17400 3576 3545 10 3546 3401 3503 3 0 3369 
17500 3560 3544 19 3549 3359 3482 2 0 3302 
17600 3554 3522 9 3542 3407 3495 9 0 3351 
17700 3571 3542 7 3548 3340 3451 5 0 3281 
17800 3562 3544 12 3553 3367 3489 6 0 3302 
17900 3557 3541 4 3543 3388 3496 4 0 3327 
18000 3568 3523 9 3535 3359 3478 3 0 3311 
18100 3570 3527 11 3542 3358 3492 3 0 3332 
18200 3553 3539 15 3539 3355 3472 3 0 3305 
18300 3558 3541 11 3542 3356 3471 4 0 3306 
18400 3535 3529 17 3529 3360 3474 3 1 3296 
18500 3547 3530 12 3528 3348 3490 3 0 3304 
18600 3564 3523 22 3527 3337 3469 5 0 3304 
18700 3550 3535 16 3544 3347 3473 8 0 3312 
18800 3553 3530 14 3543 3376 3485 4 0 3327 
18900 3558 3527 12 3535 3361 3456 3 0 3303 
19000 3567 3551 14 3550 3354 3481 10 0 3315 
19100 3554 3529 15 3537 3348 3473 9 0 3301 
19200 3556 3521 8 3516 3352 3499 8 0 3313 
19300 3558 3534 12 3549 3346 3470 6 0 3313 
19400 3545 3527 12 3519 3329 3469 5 1 3284 
19500 3554 3530 17 3532 3317 3458 4 0 3270 
19600 3558 3530 17 3539 3381 3501 3 0 3319 
19700 3558 3532 11 3542 3360 3490 3 0 3308 
19800 3569 3538 5 3518 3370 3490 4 0 3331 
19900 3574 3539 17 3533 3352 3466 6 0 3312 
20000 3563 3534 10 3532 3356 3470 5 0 3305 
20100 3556 3518 10 3515 3368 3475 3 0 3323 
20200 3559 3523 13 3520 3348 3461 8 0 3302 
20300 3568 3543 15 3543 3350 3481 3 0 3293 
20400 3558 3529 12 3537 3386 3504 2 0 3348 
20500 3554 3545 12 3544 3358 3456 5 0 3322 
20600 3569 3545 18 3529 3385 3480 5 0 3353 
20700 3557 3549 11 3551 3350 3481 7 0 3315 
20800 3548 3541 28 3542 3343 3476 5 0 3315 
20900 3559 3530 16 3539 3333 3478 10 0 3295 
21000 3553 3532 18 3546 3355 3473 11 0 3301 
21100 3549 3534 19 3532 3344 3488 6 0 3307 
21200 3559 3530 12 3539 3373 3483 2 0 3326 
21300 3549 3541 19 3535 3355 3487 11 0 3310 
21400 3552 3518 12 3543 3316 3446 9 0 3267 
21500 3543 3549 12 3547 3377 3490 7 0 3329 
21600 3565 3546 20 3559 3349 3470 3 0 3299 
21700 3556 3540 11 3538 3342 3453 8 0 3293 
21800 3551 3524 11 3544 3340 3482 6 0 3275 
21900 3553 3544 12 3533 3377 3483 7 0 3316 
22000 3565 3536 16 3536 3354 3485 8 0 3303 
22100 3552 3546 13 3539 3335 3480 2 0 3274 
22200 3551 3524 8 3540 3348 3486 11 0 3308 
22300 3556 3535 18 3538 3331 3462 3 0 3295 
22400 3551 3528 10 3533 3330 3474 9 0 3283 
22500 3527 3537 16 3540 3350 3489 8 0 3294 
22600 3545 3545 12 3531 3353 3479 4 0 3319 
22700 3545 3518 11 3529 3362 3472 6 0 3317 
22800 3552 3525 14 3520 3335 3475 12 0 3286 
22900 3549 3510 16 3533 3353 3485 6 0 3313 
23000 3539 3530 9 3547 3354 3467 5 0 3325 
23100 3544 3518 16 3519 3352 3482 11 0 3308 
23200 3541 3527 8 3536 3366 3498 8 0 3315 
23300 3546 3531 12 3540 3354 3479 5 0 3307 
23400 3559 3528 15 3533 3342 3472 9 0 3284 
23500 3549 3534 11 3540 3337 3450 6 0 3305 
23600 3530 3549 9 3537 3362 3472 14 0 3299 
23700 3539 3530 16 3524 3355 3479 7 0 3321 
23800 3558 3542 8 3550 3321 3459 3 1 3288 
23900 3556 3529 19 3532 3347 3459 5 0 3314 
24000 3522 3527 16 3523 3337 3461 10 0 3289 
24100 3537 3522 11 3528 3363 3470 4 0 3327 
24200 3545 3520 12 3526 3350 3476 10 0 3303 
24300 3560 3556 11 3546 3369 3478 4 0 3334 
24400 3554 3546 9 3542 3363 3480 5 2 3329 
24500 3563 3537 12 3532 3346 3483 5 0 3276 
24600 3557 3538 8 3539 3352 3454 3 0 3320 
24700 3527 3513 10 3523 3340 3478 4 0 3284 
24800 3535 3548 16 3538 3324 3454 2 0 3294 
24900 3560 3534 13 3516 3344 3481 14 0 3292 
25000 3556 3519 14 3516 3374 3482 3395 0 3309 
25100 3562 3539 9 3533 3338 3493 3388 0 3284 
25200 3564 3526 12 3527 3340 3475 3369 0 3274 
25300 3558 3533 21 3517 3354 3495 3399 0 3308 
25400 3551 3537 12 3525 3342 3490 3391 0 3290 
25500 3565 3533 16 3526 3353 3492 3397 0 3280 
25600 3557 3527 15 3524 3341 3472 3382 0 3295 
25700 3566 3529 19 3520 3360 3466 3376 0 3283 
25800 3561 3537 21 3539 3335 3473 3372 0 3286 
25900 3557 3526 16 3509 3336 3458 3370 0 3314 
26000 3553 3536 14 3535 3340 3481 3397 0 3282 
26100 3552 3535 22 3533 3361 3499 3404 0 3305 
26200 3547 3531 14 3526 3363 3472 3401 0 3306 
26300 3559 3547 13 3526 3361 3501 3389 0 3318 
26400 3577 3539 23 3534 3358 3468 3389 0 3323 
26500 3565 3546 27 3546 3390 3506 3431 0 3336 
26600 3565 3535 22 3542 3332 3475 3398 0 3279 
26700 3543 3534 16 3529 3338 3469 3383 0 3289 
26800 3556 3543 10 3538 3383 3486 3409 0 3326 
26900 3561 3545 9 3524 3346 3471 3385 0 3291 
27000 3548 3535 12 3531 3350 3497 3383 0 3311 
27100 3575 3536 15 3534 3361 3472 3406 0 3322 
27200 3552 3552 9 3533 3374 3486 3415 0 3323 
27300 3555 3519 13 3509 3358 3464 3388 0 3302 
27400 3569 3540 23 3532 3374 3509 3443 0 3345 
27500 3534 3513 15 3508 3337 3465 3386 0 3293 
27600 3562 3548 11 3551 3362 3495 3404 0 3316 
27700 3553 3554 16 3548 3371 3504 3409 0 3316 
27800 3573 3530 16 3526 3366 3504 3404 0 3323 
27900 3551 3550 15 3545 3371 3497 3434 0 3342 
28000 3562 3533 14 3527 3348 3470 3387 0 3299 
28100 3565 3545 16 3527 3352 3490 3412 0 3293 
28200 3541 3531 4 3524 3371 3474 3399 0 3319 
28300 3564 3546 17 3536 3366 3483 3394 0 3320 
28400 3554 3539 31 3523 3351 3497 3397 0 3295 
28500 3580 3541 19 3542 3359 3489 3406 0 3310 
28600 3529 3541 16 3525 3358 3475 3404 0 3309 
28700 3549 3547 14 3537 3369 3514 3419 0 3339 
28800 3548 3540 9 3537 3363 3472 3391 0 3325 
28900 3558 3548 16 3541 3390 3480 3406 0 3340 
29000 3563 3551 22 3538 3357 3476 3405 0 3314 
29100 3564 3543 23 3539 3365 3488 3411 0 3320 
29200 3557 3546 11 3541 3395 3505 3439 0 3350 
29300 3567 3545 28 3545 3339 3469 3388 0 3303 
29400 3555 3554 21 3536 3365 3479 3410 0 3341 
29500 3570 3555 15 3549 3370 3479 3402 0 3320 
29600 3548 3534 22 3527 3343 3445 3371 0 3296 
29700 3549 3518 20 3515 3344 3449 3371 0 3284 
29800 3548 3554 23 3550 3368 3493 3422 0 3317 
29900 3543 3544 9 3530 3363 3485 3403 0 3332 
30000 3559 3563 8 3536 3382 3486 3424 0 3358 
30100 3546 3547 13 3531 3375 3501 3414 0 3343 
30200 3544 3536 18 3521 3388 3504 3419 0 3343 
30300 3535 3528 12 3529 3390 3504 3428 0 3332 
30400 3552 3537 20 3539 3391 3504 3441 1 3351 
30500 3571 3541 17 3531 3398 3502 3436 0 3350 
30600 3567 3548 15 3540 3391 3510 3452 0 3343 
30700 3559 3532 16 3518 3378 3489 3408 0 3325 
30800 3544 3537 13 3534 3385 3496 3422 0 3343 
30900 3576 3536 11 3535 3363 3480 3401 0 3323 
31000 3566 3549 10 3543 3374 3496 3415 0 3335 
31100 3554 3550 9 3546 3396 3508 3435 0 3339 
31200 3543 3545 13 3545 3378 3491 3408 0 3336 
31300 3555 3552 11 3545 3364 3484 3421 0 3310 
31400 3546 3545 15 3535 3372 3485 3417 0 3329 
31500 3546 3548 10 3543 3392 3488 3413 0 3340 
31600 3535 3530 14 3541 3371 3492 3413 0 3317 
31700 3541 3535 13 3521 3357 3484 3397 0 3296 
31800 3557 3560 8 3554 3383 3498 3425 0 3343 
31900 3559 3548 10 3540 3375 3498 3428 0 3326 
32000 3549 3528 4 3530 3374 3506 3417 0 3347 
32100 3557 3534 9 3547 3399 3495 3428 0 3341 
32200 3566 3536 7 3542 3355 3481 3395 0 3306 
32300 3557 3554 7 3549 3375 3492 3422 0 3333 
32400 3540 3531 14 3523 3374 3498 3416 0 3327 
32500 3567 3545 12 3523 3353 3485 3383 0 3294 
32600 3564 3555 4 3548 3402 3504 3439 0 3354 
32700 3559 3541 8 3515 3397 3506 3426 0 3332 
32800 3545 3539 12 3539 3379 3500 3420 0 3338 
32900 3561 3558 10 3546 3355 3497 3392 0 3332 
33000 3547 3536 4 3521 3378 3475 3412 0 3331 
33100 3563 3544 7 3538 3392 3504 3429 0 3350 
33200 3566 3564 22 3542 3353 3494 3412 0 3304 
33300 3551 3533 10 3538 3391 3489 3431 0 3340 
33400 3551 3535 8 3529 3368 3491 3407 0 3301 
33500 3562 3542 10 3527 3391 3498 3432 0 3327 
33600 3547 3541 4 3534 3428 3516 3459 0 3368 
33700 3544 3542 11 3520 3348 3472 3372 0 3288 
33800 3537 3533 12 3524 3377 3511 3407 0 3317 
33900 3553 3538 6 3520 3382 3484 3412 0 3332 
34000 3551 3535 8 3523 3406 3504 3438 0 3371 
34100 3547 3536 17 3540 3386 3490 3410 1 3337 
34200 3546 3524 10 3540 3393 3487 3405 0 3348 
34300 3564 3548 11 3541 3365 3485 3402 0 3308 
34400 3551 3550 10 3532 3376 3474 3397 0 3336 
34500 3545 3548 17 3524 3372 3495 3422 0 3340 
34600 3548 3530 13 3528 3374 3502 3431 0 3331 
34700 3547 3537 10 3529 3377 3499 3415 0 3333 
34800 3553 3539 17 3546 3404 3520 3452 0 3346 
34900 3547 3527 7 3528 3400 3489 3416 0 3342 
35000 3557 3541 13 3542 3382 3490 3424 0 3341 
35100 3557 3557 4 3553 3400 3504 3426 0 3341 
35200 3563 3553 7 3560 3361 3491 3396 0 3320 
35300 3553 3540 12 3546 3379 3497 3432 0 3331 
35400 3544 3538 8 3529 3365 3493 3405 0 3322 
35500 3549 3538 4 3532 3372 3487 3416 0 3324 
35600 3546 3542 7 3548 3363 3483 3411 0 3327 
35700 3548 3529 11 3527 3399 3509 3427 0 3354 
35800 3555 3524 14 3532 3365 3487 3415 0 3307 
35900 3538 3527 11 3531 3382 3502 3426 0 3333 
36000 3555 3541 12 3539 3384 3511 3437 0 3322 
36100 3537 3553 11 3545 3355 3506 3399 0 3326 
36200 3557 3551 12 3536 3387 3509 3438 0 3342 
36300 3561 3527 7 3534 3366 3497 3411 0 3342 
36400 3538 3541 7 3538 3367 3485 3393 0 3308 
36500 3573 3553 7 3555 3376 3496 3419 0 3323 
36600 3540 3529 4 3538 3368 3469 3398 0 3310 
36700 3546 3539 7 3540 3396 3502 3412 0 3346 
36800 3543 3522 8 3535 3378 3489 3411 0 3344 
36900 3553 3546 13 3548 3372 3481 3405 0 3326 
37000 3544 3538 7 3541 3389 3492 3426 0 3320 
37100 3542 3530 2 3536 3397 3517 3423 0 3336 
37200 3556 3532 5 3528 3353 3478 3394 0 3293 
37300 3548 3559 9 3538 3367 3499 3411 0 3313 
37400 3548 3540 6 3535 3363 3477 3407 0 3306 
37500 3558 3527 10 3530 3391 3498 3417 0 3320 
37600 3560 3540 10 3545 3387 3500 3439 0 3349 
37700 3539 3540 13 3542 3354 3476 3400 0 3300 
37800 3549 3542 9 3542 3378 3486 3415 0 3324 
37900 3557 3535 8 3536 3387 3482 3397 0 3319 
38000 3560 3533 12 3548 3389 3504 3426 0 3343 
38100 3518 3522 14 3541 3356 3479 3394 0 3296 
38200 3540 3532 15 3544 3377 3492 3400 0 3335 
38300 3547 3529 6 3535 3365 3485 3414 0 3318 
38400 3546 3532 9 3530 3391 3494 3402 0 3345 
38500 3553 3508 10 3521 3355 3484 3397 0 3303 
38600 3516 3540 6 3540 3395 3502 3428 0 3337 
38700 3549 3520 13 3530 3382 3489 3410 0 3334 
38800 3536 3536 11 3528 3392 3492 3420 0 3342 
38900 3543 3520 11 3546 3363 3475 3395 0 3322 
39000 3534 3539 9 3529 3383 3496 3417 0 3327 
39100 3548 3545 9 3553 3370 3476 3419 0 3315 
39200 3537 3543 13 3532 3337 3473 3383 0 3283 
39300 3538 3548 10 3542 3358 3486 3395 0 3297 
39400 3560 3547 20 3530 3334 3471 3408 0 3298 
39500 3528 3536 9 3534 3368 3480 3409 0 3318 
39600 3546 3546 8 3545 3374 3496 3409 0 3329 
39700 3553 3541 12 3540 3387 3497 3418 0 3337 
39800 3550 3543 13 3536 3401 3498 3421 0 3339 
39900 3543 3532 8 3547 3374 3503 3427 0 3324 
40000 3556 3534 4 3530 3383 3488 3421 0 3342 
40100 3562 3518 14 3537 3352 3479 3393 0 3316 
40200 3548 3539 17 3538 3378 3515 3414 0 3329 
40300 3541 3538 13 3536 3411 3498 3436 0 3359 
40400 3550 3531 7 3539 3389 3496 3416 0 3326 
40500 3543 3555 9 3564 3390 3498 3414 0 3343 
40600 3537 3538 14 3543 3393 3510 3425 0 3353 
40700 3548 3535 14 3543 3351 3481 3391 0 3318 
40800 3540 3530 14 3527 3395 3483 3423 0 3345 
40900 3552 3542 6 3544 3384 3502 3423 0 3350 
41000 3551 3539 12 3544 3372 3490 3407 0 3320 
41100 3534 3546 8 3545 3398 3499 3439 0 3354 
41200 3537 3537 15 3552 3389 3502 3423 0 3348 
41300 3524 3533 24 3536 3374 3508 3426 0 3341 
41400 3540 3547 16 3531 3399 3494 3423 0 3349 
41500 3564 3541 12 3542 3371 3488 3404 0 3327 
41600 3555 3528 7 3536 3412 3523 3450 0 3370 
41700 3551 3545 15 3544 3358 3483 3388 0 3311 
41800 3547 3525 18 3525 3383 3487 3419 0 3348 
41900 3531 3527 15 3526 3378 3491 3412 0 3340 
42000 3534 3540 5 3520 3408 3508 3446 0 3360 
42100 3563 3551 9 3545 3398 3506 3427 0 3323 
42200 3549 3534 15 3546 3419 3515 3449 0 3359 
42300 3552 3531 6 3536 3429 3527 3461 0 3404 
42400 3544 3563 6 3551 3406 3500 3433 0 3357 
42500 3554 3531 15 3531 3406 3512 3438 0 3364 
42600 3527 3556 11 3523 3385 3498 3423 0 3322 
42700 3548 3546 12 3539 3414 3505 3449 0 3372 
42800 3554 3552 17 3536 3412 3501 3433 0 3378 
42900 3553 3539 7 3541 3403 3499 3433 0 3359 
43000 3554 3530 14 3526 3379 3500 3441 0 3338 
43100 3538 3539 9 3536 3421 3504 3441 0 3378 
43200 3563 3544 12 3541 3369 3484 3424 0 3335 
43300 3550 3551 18 3541 3395 3511 3439 0 3382 
43400 3541 3546 4 3540 3402 3504 3434 0 3359 
43500 3557 3535 18 3532 3360 3499 3410 0 3308 
43600 3555 3546 14 3550 3374 3489 3423 0 3338 
43700 3557 3564 13 3562 3390 3497 3423 0 3330 
43800 3533 3528 12 3534 3391 3498 3418 0 3350 
43900 3543 3521 10 3532 3383 3515 3431 0 3346 
44000 3544 3541 2 3518 3396 3498 3436 0 3349 
44100 3564 3544 10 3537 3393 3510 3434 0 3355 
44200 3555 3551 3 3548 3396 3520 3439 0 3381 
44300 3547 3544 5 3546 3424 3516 3447 0 3374 
44400 3535 3543 12 3539 3401 3513 3451 0 3355 
44500 3565 3559 7 3551 3423 3501 3453 0 3373 
44600 3549 3540 9 3544 3391 3505 3428 0 3361 
44700 3537 3542 16 3534 3399 3506 3450 0 3358 
44800 3541 3540 9 3544 3419 3517 3457 0 3378 
44900 3546 3534 1 3533 3399 3513 3432 0 3363 
45000 3554 3552 5 3550 3378 3485 3439 0 3328 
45100 3554 3521 6 3522 3400 3503 3444 0 3383 
45200 3540 3541 9 3545 3386 3497 3427 0 3348 
45300 3537 3541 4 3525 3387 3506 3425 1 3327 
45400 3552 3529 9 3542 2902 3498 3400 457 3324 
45500 3550 3520 11 3524 62 3507 3424 3307 3368 
45600 3554 3541 16 3555 13 3493 3411 3337 3323 
45700 3556 3529 4 3560 19 3494 3418 3327 3321 
45800 3556 3530 7 3539 8 3508 3449 3375 3372 
45900 3541 3530 9 3534 13 3499 3428 3350 3341 
46000 3543 3512 15 3519 16 3509 3437 3337 3338 
46100 3546 3524 13 3538 10 3498 3430 3332 3322 
46200 3549 3552 7 3544 11 3502 3414 3340 3328 
46300 3560 3537 5 3541 9 3515 3444 3366 3357 
46400 3552 3537 3 3546 11 3531 3466 3394 3398 
46500 3552 3532 4 3537 12 3508 3451 3376 3358 
46600 3564 3525 7 3526 14 3489 3419 3329 3317 
46700 3553 3547 9 3541 14 3521 3438 3342 3337 
46800 3567 3539 13 3541 12 3507 3419 3324 3322 
46900 3552 3527 10 3535 13 3511 3455 3373 3372 
47000 3542 3521 3 3528 6 3493 3428 3342 3351 
47100 3544 3525 10 3529 11 3492 3430 3332 3329 
47200 3561 3538 7 3537 10 3518 3460 3351 3352 
47300 3560 3544 3 3533 12 3508 3450 3361 3359 
47400 3547 3534 7 3534 20 3510 3441 3348 3342 
47500 3554 3528 13 3546 3 3511 3455 3362 3361 
47600 3561 3537 11 3533 17 3512 3437 3342 3340 
47700 3557 3531 7 3529 14 3506 3432 3352 3325 
47800 3546 3539 9 3529 19 3507 3440 3341 3336 
47900 3549 3515 10 3532 16 3517 3455 3355 3352 
48000 3539 3543 10 3526 14 3515 3452 3362 3364 
48100 3557 3541 8 3548 6 3504 3426 3345 3351 
48200 3559 3528 9 3534 18 3535 3459 3357 3368 
48300 3549 3533 16 3513 14 3508 3431 3342 3351 
48400 3549 3526 9 3535 12 3520 3453 3370 3376 
48500 3545 3522 14 3534 23 3499 3407 3295 3304 
48600 3553 3551 7 3536 6 3517 3432 3343 3344 
48700 3540 3537 6 3527 7 3524 3472 3378 3378 
48800 3570 3520 4 3542 20 3526 3453 3386 3382 
48900 3534 3522 6 3528 18 3499 3407 3314 3316 
49000 3532 3573 1234 3531 11 3508 3441 3361 3348 
49100 3529 3598 3302 3534 3 3496 3417 3293 3284 
49200 3542 3596 3304 3535 19 3493 3405 3296 3303 
49300 3536 3589 3313 3535 13 3501 3431 3299 3288 
49400 3529 3597 3327 3514 19 3471 3389 3308 3303 
49500 3533 3596 3330 3548 16 3527 3437 3303 3311 
49600 3546 3588 3326 3528 18 3504 3434 3304 3303 
49700 3534 3596 3323 3528 16 3509 3412 3296 3296 
49800 3540 3597 3371 3533 12 3490 3411 3309 3297 
49900 3546 3590 3344 3521 9 3480 3411 3301 3305 
50000 3543 3588 3327 3522 13 3500 3408 3312 3306 
50100 3536 3588 3356 3520 17 3507 3424 3314 3330 
50200 3541 3593 3362 3528 20 3506 3416 3308 3294 
50300 3551 3591 3327 3507 24 3484 3398 3264 3277 
50400 3555 3575 3355 3520 10 3495 3418 3308 3312 
50500 3542 3582 3355 3532 19 3479 3398 3273 3294 
50600 3532 3579 3340 3523 16 3482 3372 3274 3268 
50700 3550 3579 3380 3540 17 3510 3430 3337 3326 
50800 3539 3576 3354 3532 13 3485 3412 3306 3306 
50900 3549 3579 3377 3527 17 3493 3398 3309 3296 
51000 3531 3575 3353 3516 15 3493 3419 3301 3312 
51100 3539 3591 3336 3530 11 3486 3408 3270 3263 
51200 3557 3579 3351 3523 18 3476 3383 3271 3280 
51300 3545 3591 3352 3522 15 3468 3382 3262 3265 
51400 3527 3579 3335 3515 6 3494 3395 3277 3271 
51500 3552 3581 3331 3518 16 3508 3421 3322 3314 
51600 3528 3591 3341 3530 10 3467 3389 3270 3271 
51700 3567 3589 3377 3545 21 3473 3380 3257 3270 
51800 3514 3541 2943 3533 484 3487 3413 3307 3305 
51900 3416 3380 327 3517 3190 3489 3409 3315 3311 
52000 1976 3401 1549 3498 3461 3491 3389 3291 3283 
52100 1735 3404 3176 3544 3504 3500 3404 3298 3289 
52200 3308 3480 3428 3542 3464 3510 3435 3336 3335 
52300 3460 3449 3395 3540 3458 3519 3449 3350 3320 
52400 3512 3437 3411 3546 3454 3505 3421 3311 3307 
52500 3476 3452 3411 3526 3478 3514 3436 3330 3329 
52600 3505 3424 3376 3533 3483 3509 3418 3328 3320 
52700 3464 3407 3357 3521 3476 3495 3418 3333 3328 
52800 3499 3458 3398 3533 3469 3522 3463 3362 3358 
52900 3493 3432 3382 3517 3450 3488 3426 3345 3345 
53000 3487 3432 3398 3518 3472 3505 3418 3321 3313 
53100 3471 3437 3380 3510 3453 3507 3418 3328 3313 
53200 3499 3425 3383 3518 3477 3510 3421 3329 3313 
53300 3484 3432 3385 3506 3464 3492 3420 3309 3302 
53400 3473 3440 3402 3496 3462 3504 3427 3324 3321 
53500 3473 3458 3419 3520 3463 3494 3394 3302 3296 
53600 3478 3438 3372 3505 3478 3509 3423 3325 3333 
53700 3460 3433 3366 3511 3469 3504 3435 3347 3329 
53800 3456 3438 3381 3477 3439 3529 3432 3346 3338 
53900 3486 3442 3390 3488 3463 3504 3437 3322 3314 
54000 3479 3470 3445 3509 3481 3506 3415 3295 3296 
54100 3472 3456 3409 3499 3458 3496 3406 3294 3291 
54200 3508 3460 3420 3487 3472 3520 3426 3312 3309 
54300 3458 3475 3409 3504 3481 3496 3419 3318 3323 
54400 3491 3446 3408 3497 3475 3508 3416 3306 3311 
54500 3470 3423 3373 3488 3455 3498 3418 3310 3313 
54600 3490 3417 3373 3494 3452 3511 3441 3328 3313 
54700 3499 3457 3384 3502 3477 3499 3428 3341 3323 
54800 3464 3470 3426 3496 3452 3528 3446 3310 3318 
54900 3475 3459 3417 3512 3490 3506 3432 3335 3337 
55000 3461 3468 3409 3502 3480 3516 3440 3345 3344 
55100 3484 3425 3372 3494 3457 3516 3440 3331 3327 
55200 3478 3465 3424 3509 3478 3499 3414 3289 3288 
55300 3476 3440 3393 3506 3477 3503 3414 3303 3294 
55400 3468 3447 3393 3492 3446 3496 3423 3321 3314 
55500 3457 3482 3414 3514 3475 3502 3415 3305 3307 
55600 3487 3436 3392 3493 3479 3505 3411 3324 3312 
55700 3475 3442 3403 3514 3486 3503 3428 3337 3326 
55800 3482 3474 3419 3502 3464 3512 3453 3356 3361 
55900 3469 3478 3396 3501 3451 3518 3437 3353 3337 
56000 3472 3444 3380 3523 3487 3508 3446 3339 3338 
56100 3482 3447 3390 3510 3472 3493 3413 3306 3293 
56200 3467 3445 3376 3488 3464 3491 3424 3315 3313 
56300 3481 3449 3375 3507 3476 3480 3403 3284 3278 
56400 3489 3455 3403 3507 3459 3503 3426 3344 3329 
56500 3477 3483 3403 3502 3477 3476 3383 3294 3288 
56600 3479 3466 3409 3492 3480 3501 3445 3336 3334 
56700 3471 3469 3396 3527 3501 3483 3416 3316 3322 
56800 3467 3441 3375 3510 3476 3498 3399 3317 3323 
56900 3461 3490 3413 3511 3473 3497 3411 3296 3286 
57000 3497 3470 3391 3525 3489 3522 3432 3305 3305 
57100 3455 3487 3380 3505 3468 3505 3423 3308 3310 
57200 3471 3491 3422 3491 3485 3502 3417 3320 3320 
57300 3472 3499 3406 3472 3444 3518 3453 3348 3340 
57400 3476 3480 3395 3510 3483 3499 3415 3305 3294 
57500 3473 3477 3398 3506 3463 3485 3389 3286 3287 
57600 3442 3479 3408 3492 3465 3491 3417 3325 3295 
57700 3486 3485 3399 3503 3491 3511 3426 3333 3325 
57800 3476 3476 3378 3524 3499 3507 3432 3319 3307 
57900 3485 3461 3383 3511 3474 3489 3400 3304 3289 
58000 3482 3419 3344 3514 3468 3515 3412 3319 3303 
58100 3495 3425 3351 3512 3484 3500 3409 3330 3304 
58200 3491 3467 3415 3492 3462 3504 3408 3269 3270 
58300 3475 3438 3381 3517 3466 3510 3395 3285 3278 
58400 3449 3454 3388 3493 3469 3498 3411 3285 3274 
58500 3464 3470 3407 3499 3478 3500 3437 3327 3319 
58600 3488 3418 3351 3515 3492 3469 3384 3292 3285 
58700 3452 3448 3390 3493 3481 3489 3376 3278 3265 
58800 3457 3458 3393 3489 3471 3482 3410 3318 3291 
58900 3462 3475 3408 3507 3467 3515 3414 3309 3316 
59000 3482 3435 3350 3487 3454 3483 3384 3288 3296 
59100 3468 3453 3382 3489 3460 3510 3412 3277 3279 
59200 3493 3462 3398 3508 3482 3481 3381 3286 3285 
59300 3491 3467 3398 3510 3486 3506 3412 3289 3282 
59400 3457 3457 3400 3515 3484 3506 3400 3322 3314 
59500 3444 3463 3378 3503 3498 3506 3407 3306 3298 
59600 3460 3463 3391 3485 3478 3497 3408 3306 3316 
59700 3453 3487 3411 3502 3462 3476 3392 3294 3277 
59800 3459 3480 3390 3496 3491 3493 3414 3315 3309 
59900 3475 3483 3370 3503 3449 3487 3402 3327 3316 
60000 3463 3470 3394 3466 3442 3501 3427 3350 3329 
60100 3438 3455 3386 3473 3447 3493 3416 3300 3295 
60200 3461 3487 3415 3455 3433 3498 3416 3297 3305 
60300 3456 3487 3407 3502 3471 3499 3413 3310 3297 
60400 3412 3516 3442 3479 3469 3492 3400 3314 3298 
60500 3463 3486 3421 3503 3480 3500 3427 3343 3337 
60600 3457 3503 3414 3472 3463 3504 3430 3307 3299 
60700 3445 3489 3418 3482 3468 3518 3416 3322 3322 
60800 3465 3486 3409 3483 3456 3489 3413 3322 3311 
60900 3443 3473 3420 3469 3459 3493 3419 3333 3317 
61000 3437 3468 3388 3464 3440 3495 3402 3329 3316 
61100 3461 3499 3436 3462 3458 3499 3412 3332 3327 
61200 3435 3490 3421 3498 3473 3488 3378 3259 3244 
61300 3464 3490 3427 3506 3477 3487 3382 3300 3295 
61400 3446 3499 3437 3497 3460 3488 3397 3294 3293 
61500 3456 3514 3431 3489 3469 3491 3383 3276 3284 
61600 3426 3495 3418 3493 3474 3486 3387 3285 3283 
61700 3465 3520 3415 3495 3475 3503 3432 3328 3319 
61800 3429 3506 3404 3484 3471 3500 3406 3297 3290 
61900 3427 3504 3417 3477 3478 3448 3378 3253 3251 
62000 3453 3526 3441 3479 3466 3504 3419 3312 3322 
62100 3477 3474 3423 3487 3476 3502 3393 3283 3285 
62200 3447 3510 3423 3482 3461 3495 3400 3292 3280 
62300 3429 3511 3415 3463 3448 3486 3404 3304 3301 
62400 3430 3508 3417 3490 3487 3496 3400 3301 3286 
62500 3447 3507 3420 3505 3479 3489 3396 3295 3293 
62600 3444 3492 3398 3484 3463 3483 3419 3309 3295 
62700 3446 3522 3455 3496 3469 3490 3420 3325 3316 
62800 3466 3511 3398 3487 3469 3471 3377 3284 3286 
62900 3462 3514 3435 3473 3453 3468 3374 3288 3280 
63000 3456 3509 3429 3476 3435 3506 3410 3298 3286 
63100 3450 3508 3420 3482 3487 3486 3402 3310 3305 
63200 3475 3507 3431 3495 3473 3483 3391 3293 3292 
63300 3454 3512 3445 3488 3464 3476 3372 3254 3259 
63400 3423 3492 3440 3481 3455 3501 3398 3274 3270 
63500 3458 3488 3373 3489 3476 3489 3417 3309 3314 
63600 3422 3476 3419 3474 3455 3488 3403 3295 3281 
63700 3438 3497 3409 3491 3478 3488 3389 3282 3275 
63800 3446 3509 3423 3498 3473 3485 3397 3289 3290 
63900 3449 3492 3411 3469 3442 3502 3427 3321 3310 
64000 3462 3513 3413 3489 3470 3503 3414 3331 3318 
64100 3470 3493 3419 3486 3482 3489 3420 3333 3323 
64200 3458 3492 3406 3476 3439 3487 3409 3303 3290 
64300 3449 3515 3433 3508 3492 3489 3374 3272 3272 
64400 3460 3511 3421 3488 3473 3507 3414 3299 3293 
64500 3431 3497 3420 3485 3470 3489 3380 3274 3274 
64600 3472 3485 3432 3498 3473 3484 3407 3303 3298 
64700 3447 3507 3454 3509 3475 3491 3404 3308 3295 
64800 3467 3489 3425 3505 3484 3500 3416 3313 3300 
64900 3464 3514 3467 3490 3481 3495 3392 3326 3316 
65000 3487 3502 3427 3484 3468 3487 3394 3289 3285 
65100 3479 3487 3424 3487 3463 3483 3378 3278 3269 
65200 3439 3503 3434 3514 3494 3496 3397 3279 3288 
65300 3438 3484 3407 3507 3493 3475 3394 3272 3265 
65400 3447 3510 3411 3500 3477 3490 3395 3293 3293 
65500 3467 3502 3399 3491 3480 3492 3400 3292 3285 
65600 3420 3489 3413 3495 3476 3493 3425 3310 3312 
65700 3456 3522 3442 3490 3458 3492 3402 3298 3293 
65800 3471 3498 3411 3503 3459 3476 3395 3296 3287 
65900 3452 3503 3402 3500 3487 3493 3406 3291 3279 
66000 3435 3496 3435 3480 3453 3491 3396 3301 3289 
66100 3470 3512 3424 3506 3482 3497 3410 3324 3326 
66200 3455 3526 3446 3500 3464 3482 3390 3289 3283 
66300 3431 3502 3419 3498 3472 3487 3413 3300 3297 
66400 3443 3525 3437 3476 3436 3511 3429 3350 3327 
66500 3448 3516 3441 3476 3444 3489 3403 3327 3321 
66600 3426 3504 3420 3493 3468 3490 3399 3302 3309 
66700 3453 3504 3417 3503 3486 3471 3374 3276 3270 
66800 3476 3507 3434 3491 3473 3480 3409 3295 3290 
66900 3491 3506 3442 3509 3487 3461 3365 3266 3272 
67000 3451 3515 3447 3491 3453 3487 3407 3312 3305 
67100 3449 3513 3442 3482 3475 3496 3427 3304 3291 
67200 3463 3490 3414 3494 3483 3491 3407 3332 3316 
67300 3469 3515 3434 3494 3488 3500 3406 3305 3310 
67400 3446 3504 3421 3486 3488 3466 3362 3257 3261 
67500 3482 3508 3419 3476 3466 3467 3385 3266 3259 
67600 3463 3529 3437 3522 3472 3476 3383 3298 3289 
67700 3454 3500 3419 3516 3483 3483 3368 3275 3265 
67800 3453 3523 3451 3489 3473 3488 3409 3313 3316 
67900 3464 3505 3430 3499 3478 3481 3401 3285 3295 
68000 3446 3524 3461 3487 3459 3479 3399 3318 3295 
68100 3462 3533 3432 3497 3446 3469 3392 3292 3289 
68200 3447 3493 3433 3486 3469 3454 3344 3256 3253 
68300 3465 3522 3437 3491 3471 3480 3385 3260 3269 
68400 3487 3515 3428 3494 3461 3467 3387 3278 3283 
68500 3466 3494 3409 3535 3484 3489 3406 3315 3317 
68600 3424 3509 3426 3515 3484 3472 3386 3261 3260 
68700 3466 3518 3443 3499 3492 3478 3395 3279 3265 
68800 3463 3496 3425 3498 3488 3465 3376 3246 3253 
68900 3448 3530 3456 3501 3470 3493 3413 3301 3296 
69000 3454 3510 3434 3502 3465 3485 3391 3290 3283 
69100 3447 3518 3454 3514 3498 3487 3403 3292 3285 
69200 3435 3504 3420 3489 3457 3503 3433 3309 3315 
69300 3462 3504 3428 3483 3463 3483 3393 3281 3296 
69400 3462 3513 3419 3480 3463 3506 3396 3284 3275 
69500 3446 3508 3438 3511 3476 3473 3367 3274 3274 
69600 3458 3498 3426 3488 3462 3488 3398 3283 3270 
69700 3449 3505 3433 3479 3480 3490 3399 3292 3285 
69800 3450 3529 3448 3515 3492 3502 3399 3276 3275 
69900 3455 3517 3444 3448 3444 3490 3403 3292 3290 
70000 3429 3510 3425 3475 3446 3498 3404 3327 3313 
70100 3438 3541 3483 3479 3456 3490 3408 3304 3297 
70200 3456 3524 3455 3463 3456 3505 3401 3275 3272 
70300 3448 3524 3440 3476 3465 3504 3417 3308 3300 
70400 3438 3537 3494 3491 3453 3472 3391 3299 3300 
70500 3457 3517 3439 3475 3443 3474 3374 3262 3268 
70600 3450 3536 3470 3494 3478 3501 3391 3274 3271 
70700 3436 3529 3461 3485 3459 3484 3379 3279 3274 
70800 3461 3494 3425 3490 3465 3472 3398 3308 3295 
70900 3465 3505 3431 3485 3469 3487 3406 3297 3286 
71000 3476 3509 3429 3497 3490 3476 3381 3278 3277 
71100 3455 3498 3408 3499 3474 3484 3390 3302 3281 
71200 3463 3531 3468 3479 3455 3503 3414 3306 3300 
71300 3455 3522 3441 3484 3462 3492 3398 3324 3304 
71400 3473 3491 3406 3479 3443 3475 3375 3298 3297 
71500 3462 3530 3432 3492 3455 3493 3390 3271 3248 
71600 3462 3530 3433 3503 3471 3474 3388 3269 3263 
71700 3475 3509 3440 3509 3472 3481 3401 3306 3304 
71800 3461 3525 3447 3478 3462 3471 3374 3282 3274 
71900 3482 3525 3451 3496 3469 3495 3391 3268 3263 
72000 3465 3520 3418 3493 3435 3493 3402 3290 3286 
72100 3424 3514 3440 3488 3436 3492 3389 3284 3288 
72200 3476 3527 3456 3487 3462 3498 3396 3297 3296 
72300 3457 3513 3428 3469 3443 3499 3405 3297 3287 
72400 3436 3513 3454 3483 3454 3475 3370 3259 3256 
72500 3459 3519 3418 3484 3469 3498 3395 3295 3288 
72600 3490 3502 3433 3509 3480 3499 3400 3300 3301 
72700 3460 3518 3428 3471 3452 3469 3368 3262 3254 
72800 3470 3513 3440 3471 3467 3469 3345 3233 3212 
72900 3480 3508 3440 3493 3484 3488 3378 3287 3279 
73000 3468 3508 3440 3493 3477 3482 3387 3284 3288 
73100 3465 3512 3450 3469 3456 3481 3383 3266 3256 
73200 3441 3515 3439 3500 3463 3504 3430 3325 3318 
73300 3463 3518 3460 3487 3479 3478 3386 3293 3280 
73400 3457 3510 3456 3477 3473 3502 3413 3313 3306 
73500 3447 3501 3447 3516 3482 3482 3379 3277 3271 
73600 3451 3525 3471 3477 3456 3490 3412 3308 3318 
73700 3442 3524 3449 3493 3473 3498 3388 3291 3280 
73800 3476 3506 3421 3476 3435 3505 3412 3311 3306 
73900 3468 3520 3450 3465 3456 3499 3410 3297 3292 
74000 3444 3514 3438 3483 3482 3503 3402 3304 3293 
74100 3453 3512 3408 3477 3464 3490 3411 3297 3302 
74200 3482 3536 3454 3435 3436 3490 3393 3276 3279 
74300 3456 3500 3434 3469 3450 3467 3347 3266 3254 
74400 3466 3518 3422 3471 3457 3485 3403 3324 3310 
74500 3473 3492 3416 3486 3481 3492 3393 3282 3278 
74600 3474 3520 3453 3460 3431 3476 3376 3285 3278 
74700 3473 3498 3397 3457 3437 3491 3389 3294 3298 
74800 3506 3501 3409 3484 3453 3494 3405 3297 3279 
74900 3467 3504 3425 3475 3470 3479 3400 3305 3302 
75000 3459 3528 3434 3458 3441 3487 3396 3271 3263 
75100 3476 3506 3434 3480 3468 3492 3408 3311 3302 
75200 3493 3530 3452 3463 3460 3506 3418 3325 3321 
75300 3469 3509 3422 3482 3450 3483 3402 3318 3303 
75400 3439 3500 3406 3457 3435 3484 3381 3263 3261 
75500 3460 3499 3416 3477 3447 3476 3387 3268 3269 
75600 3463 3507 3421 3494 3481 3472 3365 3260 3251 
75700 3442 3501 3418 3475 3471 3488 3394 3281 3276 
75800 3465 3499 3416 3501 3474 3489 3392 3278 3266 
75900 3481 3474 3412 3489 3466 3483 3380 3259 3262 
76000 3474 3507 3416 3477 3439 3473 3377 3271 3258 
76100 3468 3489 3405 3494 3468 3466 3386 3273 3264 
76200 3459 3481 3396 3461 3446 3468 3364 3270 3259 
76300 3465 3457 3384 3468 3443 3515 3417 3329 3320 
76400 3459 3489 3428 3495 3462 3493 3423 3320 3313 
76500 3487 3503 3420 3481 3473 3480 3395 3277 3267 
76600 3452 3495 3409 3481 3446 3490 3385 3288 3277 
76700 3439 3473 3395 3475 3450 3497 3392 3280 3278 
76800 3465 3475 3396 3489 3456 3478 3407 3320 3312 
76900 3447 3490 3417 3446 3425 3515 3420 3312 3299 
77000 3477 3486 3387 3485 3457 3480 3394 3296 3289 
77100 3486 3467 3400 3494 3465 3488 3383 3260 3256 
77200 3474 3496 3433 3471 3452 3500 3412 3307 3287 
77300 3486 3470 3409 3479 3462 3485 3376 3280 3266 
77400 3466 3480 3431 3479 3459 3505 3411 3310 3297 
77500 3483 3495 3381 3485 3457 3479 3357 3241 3249 
77600 3491 3484 3401 3468 3454 3454 3359 3267 3260 
77700 3484 3492 3393 3482 3447 3491 3416 3300 3288 
77800 3479 3492 3417 3465 3451 3494 3416 3316 3311 
77900 3490 3480 3422 3499 3471 3470 3375 3252 3244 
78000 3494 3515 3449 3451 3453 3467 3387 3267 3245 
78100 3492 3494 3400 3466 3441 3507 3421 3284 3267 
78200 3485 3473 3404 3482 3465 3483 3392 3313 3304 
78300 3480 3478 3378 3479 3450 3492 3397 3297 3281 
78400 3487 3512 3430 3451 3459 3495 3419 3325 3313 
78500 3491 3501 3411 3505 3468 3468 3397 3282 3266 
78600 3482 3470 3433 3485 3466 3471 3401 3310 3299 
78700 3507 3491 3439 3466 3473 3488 3384 3257 3253 
78800 3501 3486 3419 3485 3465 3496 3401 3311 3303 
78900 3484 3467 3406 3467 3423 3473 3412 3300 3290 
79000 3484 3496 3418 3475 3451 3455 3365 3251 3245 
79100 3477 3481 3427 3477 3461 3487 3376 3283 3283 
79200 3471 3514 3438 3490 3477 3483 3384 3266 3258 
79300 3483 3509 3435 3473 3433 3472 3367 3270 3266 
79400 3507 3489 3418 3500 3459 3467 3376 3284 3274 
79500 3471 3508 3425 3490 3465 3486 3401 3301 3292 
79600 3472 3487 3413 3436 3424 3480 3380 3267 3255 
79700 3481 3489 3440 3442 3432 3488 3400 3299 3284 
79800 3478 3506 3455 3485 3468 3486 3403 3310 3302 
79900 3488 3510 3474 3481 3478 3483 3381 3278 3274 
80000 3490 3497 3449 3483 3462 3479 3376 3277 3264 
80100 3487 3514 3451 3452 3445 3451 3371 3263 3258 
80200 3486 3496 3463 3456 3427 3485 3396 3302 3300 
80300 3474 3523 3473 3491 3450 3492 3391 3290 3287 
80400 3500 3507 3454 3458 3439 3477 3383 3288 3281 
80500 3467 3509 3437 3455 3433 3485 3399 3320 3308 
80600 3488 3483 3456 3500 3476 3485 3386 3259 3253 
80700 3483 3495 3452 3468 3463 3482 3378 3274 3258 
80800 3485 3501 3454 3499 3481 3483 3402 3282 3282 
80900 3487 3490 3430 3485 3449 3475 3382 3286 3275 
81000 3470 3500 3448 3465 3451 3491 3392 3284 3269 
81100 3462 3507 3459 3440 3387 3481 3385 3286 3269 
81200 3459 3479 3444 3477 3451 3469 3390 3267 3265 
81300 3467 3502 3433 3487 3465 3479 3396 3303 3280 
81400 3448 3499 3446 3472 3429 3485 3398 3302 3287 
81500 3517 3506 3446 3478 3448 3475 3384 3284 3273 
81600 3495 3490 3446 3505 3474 3482 3370 3274 3278 
81700 3500 3501 3451 3485 3472 3501 3416 3339 3335 
81800 3456 3510 3462 3467 3438 3494 3428 3325 3313 
81900 3444 3470 3425 3463 3440 3478 3396 3291 3283 
82000 3493 3506 3450 3470 3429 3485 3407 3310 3297 
82100 3500 3497 3449 3458 3450 3503 3406 3298 3294 
82200 3463 3519 3465 3484 3448 3514 3414 3304 3296 
82300 3501 3511 3475 3479 3453 3493 3371 3266 3259 
82400 3484 3488 3440 3476 3453 3483 3391 3291 3280 
82500 3471 3504 3471 3460 3428 3484 3372 3293 3272 
82600 3464 3527 3479 3462 3448 3468 3363 3288 3276 
82700 3500 3494 3445 3464 3441 3481 3383 3269 3261 
82800 3501 3507 3458 3452 3426 3462 3356 3251 3245 
82900 3484 3476 3450 3476 3444 3458 3364 3261 3250 
83000 3479 3501 3469 3457 3437 3484 3376 3307 3303 
83100 3478 3529 3475 3470 3455 3475 3376 3271 3260 
83200 3475 3489 3438 3460 3427 3488 3391 3271 3261 
83300 3475 3508 3456 3436 3410 3504 3401 3297 3298 
83400 3462 3492 3451 3455 3430 3477 3366 3268 3266 
83500 3491 3482 3429 3458 3433 3468 3375 3265 3262 
83600 3460 3507 3464 3465 3441 3489 3367 3253 3247 
83700 3491 3495 3462 3480 3436 3468 3380 3261 3255 
83800 3508 3501 3438 3455 3421 3479 3384 3280 3282 
83900 3490 3510 3478 3458 3437 3490 3376 3256 3254 
84000 3461 3491 3451 3463 3441 3481 3405 3340 3322 
84100 3510 3504 3455 3456 3424 3481 3353 3261 3247 
84200 3463 3513 3471 3491 3449 3491 3392 3281 3271 
84300 3487 3516 3463 3450 3438 3477 3371 3276 3268 
84400 3485 3498 3466 3453 3415 3490 3383 3287 3271 
84500 3479 3483 3456 3444 3430 3486 3399 3275 3261 
84600 3475 3493 3455 3449 3429 3502 3396 3300 3297 
84700 3490 3513 3482 3454 3437 3477 3380 3284 3267 
84800 3490 3507 3466 3453 3406 3481 3375 3264 3255 
84900 3475 3515 3468 3457 3404 3494 3407 3285 3281 
85000 3487 3526 3477 3449 3434 3467 3347 3240 3233 
85100 3489 3533 3485 3462 3438 3485 3373 3280 3255 
85200 3462 3510 3476 3449 3422 3483 3359 3246 3242 
85300 3489 3516 3495 3481 3455 3489 3373 3303 3302 
85400 3486 3501 3454 3467 3434 3476 3385 3291 3273 
85500 3509 3499 3450 3470 3449 3450 3350 3263 3252 
85600 3494 3502 3461 3482 3466 3490 3391 3293 3280 
85700 3484 3519 3463 3468 3457 3474 3365 3288 3276 
85800 3468 3473 3438 3477 3442 3480 3356 3244 3225 
85900 3485 3519 3480 3447 3411 3494 3381 3281 3260 
86000 3476 3525 3489 3461 3441 3497 3400 3304 3277 
86100 3493 3507 3455 3476 3454 3486 3378 3292 3263 
86200 3491 3508 3475 3464 3445 3498 3404 3304 3295 
86300 3470 3506 3480 3473 3431 3448 3333 3243 3227 
86400 3489 3510 3462 3473 3431 3464 3373 3268 3272 
86500 3479 3519 3484 3475 3445 3481 3370 3260 3251 
86600 3475 3497 3441 3451 3429 3482 3392 3290 3273 
86700 3476 3526 3488 3448 3430 3481 3383 3275 3270 
86800 3494 3503 3476 3462 3441 3507 3388 3285 3285 
86900 3481 3487 3452 3486 3445 3478 3390 3284 3274 
87000 3490 3491 3452 3470 3446 3488 3389 3281 3280 
87100 3495 3513 3458 3464 3452 3502 3399 3295 3274 
87200 3492 3508 3461 3461 3440 3499 3391 3299 3276 
87300 3493 3529 3481 3446 3425 3506 3409 3309 3289 
87400 3476 3513 3480 3437 3433 3503 3403 3323 3312 
87500 3506 3509 3478 3437 3424 3490 3404 3308 3304 
87600 3514 3519 3489 3445 3423 3500 3402 3287 3283 
87700 3458 3506 3473 3460 3439 3495 3388 3294 3291 
87800 3500 3525 3489 3468 3440 3484 3357 3236 3238 
87900 3483 3511 3495 3458 3426 3469 3360 3253 3247 
88000 3500 3509 3471 3475 3440 3485 3388 3271 3275 
88100 3506 3501 3472 3446 3408 3474 3365 3231 3227 
88200 3470 3499 3464 3454 3439 3499 3371 3260 3255 
88300 3489 3491 3449 3469 3448 3495 3376 3279 3274 
88400 3488 3508 3473 3480 3457 3483 3369 3257 3255 
88500 3471 3523 3491 3440 3429 3476 3365 3273 3262 
88600 3486 3514 3465 3453 3429 3475 3372 3254 3241 
88700 3470 3505 3459 3454 3438 3499 3403 3287 3283 
88800 3474 3506 3470 3461 3455 3504 3415 3315 3302 
88900 3473 3508 3456 3448 3437 3459 3362 3271 3274 
89000 3485 3522 3490 3452 3439 3483 3389 3290 3284 
89100 3479 3513 3477 3460 3444 3500 3404 3314 3309 
89200 3488 3511 3492 3453 3448 3486 3395 3308 3297 
89300 3473 3497 3457 3464 3443 3476 3372 3296 3285 
89400 3454 3529 3479 3485 3459 3479 3371 3250 3253 
89500 3468 3522 3473 3458 3445 3455 3359 3251 3243 
89600 3448 3516 3473 3456 3438 3497 3384 3280 3276 
89700 3495 3508 3443 3449 3451 3485 3397 3291 3291 
89800 3467 3512 3472 3461 3443 3470 3340 3241 3229 
89900 3476 3526 3493 3443 3428 3457 3342 3228 3225 
90000 3467 3528 3488 3474 3432 3479 3379 3286 3285 
90100 3479 3498 3453 3453 3435 3452 3342 3221 3223 
90200 3484 3518 3478 3480 3462 3498 3398 3290 3273 
90300 3476 3512 3473 3467 3432 3490 3367 3273 3259 
90400 3518 3516 3467 3465 3452 3475 3369 3261 3259 
90500 3484 3516 3464 3417 3391 3498 3395 3293 3293 
90600 3494 3523 3468 3463 3448 3485 3382 3277 3261 
90700 3495 3517 3476 3475 3442 3456 3340 3246 3238 
90800 3479 3508 3473 3452 3446 3478 3381 3270 3256 
90900 3496 3526 3492 3443 3439 3464 3355 3249 3248 
91000 3479 3536 3503 3435 3398 3459 3345 3244 3239 
91100 3460 3533 3503 3415 3395 3488 3386 3292 3285 
91200 3501 3507 3460 3440 3435 3464 3346 3238 3222 
91300 3509 3529 3494 3455 3427 3466 3348 3253 3232 
91400 3490 3522 3482 3473 3440 3491 3399 3289 3296 
91500 3487 3516 3480 3458 3408 3469 3358 3246 3245 
91600 3488 3537 3502 3456 3423 3480 3358 3284 3273 
91700 3473 3500 3471 3461 3442 3477 3373 3271 3275 
91800 3488 3512 3482 3448 3436 3475 3365 3254 3256 
91900 3499 3511 3469 3417 3399 3456 3325 3205 3208 
92000 3496 3503 3465 3440 3409 3477 3359 3241 3238 
92100 3503 3515 3477 3446 3424 3474 3375 3277 3271 
92200 3473 3523 3502 3467 3453 3459 3375 3249 3258 
92300 3482 3511 3481 3424 3412 3464 3373 3262 3260 
92400 3468 3515 3485 3448 3440 3483 3399 3308 3288 
92500 3487 3502 3463 3450 3417 3448 3320 3206 3189 
92600 3504 3516 3476 3439 3394 3472 3342 3254 3250 
92700 3479 3531 3493 3447 3427 3477 3367 3260 3247 
92800 3496 3515 3474 3462 3452 3502 3400 3308 3301 
92900 3457 3507 3464 3448 3416 3488 3379 3283 3271 
93000 3480 3521 3485 3452 3417 3475 3370 3284 3265 
93100 3494 3516 3492 3458 3426 3498 3381 3294 3290 
93200 3482 3516 3491 3450 3413 3504 3402 3302 3287 
93300 3491 3527 3490 3467 3426 3483 3358 3243 3229 
93400 3461 3506 3466 3427 3386 3472 3389 3275 3272 
93500 3474 3529 3495 3457 3429 3491 3390 3301 3288 
93600 3482 3525 3498 3445 3416 3475 3346 3246 3248 
93700 3458 3525 3495 3416 3409 3481 3383 3288 3275 
93800 3483 3537 3502 3441 3420 3471 3398 3280 3271 
93900 3485 3514 3488 3438 3404 3506 3391 3300 3289 
94000 3462 3512 3466 3461 3438 3494 3388 3290 3290 
94100 3467 3520 3483 3457 3443 3478 3383 3303 3312 
94200 3475 3535 3495 3460 3435 3487 3398 3299 3303 
94300 3513 3533 3492 3425 3404 3463 3348 3235 3228 
94400 3479 3524 3494 3442 3403 3490 3372 3288 3290 
94500 3485 3516 3474 3474 3477 3481 3365 3263 3250 
94600 3457 3527 3486 3438 3407 3470 3371 3259 3246 
94700 3469 3526 3481 3472 3443 3491 3395 3282 3284 
94800 3479 3523 3485 3476 3435 3487 3387 3267 3269 
94900 3484 3524 3487 3467 3442 3516 3407 3310 3297 
95000 3486 3514 3469 3464 3424 3507 3408 3315 3304 
95100 3459 3521 3472 3449 3401 3491 3392 3297 3288 
95200 3488 3533 3478 3460 3431 3483 3371 3263 3253 
95300 3462 3535 3498 3457 3436 3529 3411 3308 3281 
95400 3490 3539 3476 3451 3430 3485 3350 3221 3224 
95500 3474 3516 3451 3448 3437 3475 3354 3243 3224 
95600 3485 3526 3488 3457 3423 3511 3410 3277 3277 
95700 3466 3518 3470 3431 3413 3498 3409 3308 3304 
95800 3448 3523 3486 3460 3404 3475 3375 3259 3246 
95900 3475 3529 3481 3437 3417 3490 3402 3305 3292 
96000 3479 3530 3474 3445 3415 3497 3408 3293 3277 
96100 3491 3510 3469 3442 3426 3512 3403 3302 3310 
96200 3475 3519 3479 3434 3417 3497 3364 3268 3259 
96300 3463 3499 3457 3445 3427 3461 3340 3233 3221 
96400 3469 3536 3483 3454 3419 3519 3405 3306 3297 
96500 3449 3528 3467 3420 3384 3507 3383 3272 3281 
96600 3440 3538 3478 3433 3392 3498 3386 3275 3277 
96700 3479 3536 3472 3470 3419 3520 3395 3291 3296 
96800 3456 3533 3497 3450 3433 3518 3409 3290 3283 
96900 3482 3537 3473 3436 3413 3467 3356 3248 3236 
97000 3480 3519 3477 3454 3427 3476 3367 3254 3241 
97100 3447 3523 3468 3417 3373 3492 3373 3268 3272 
97200 3492 3532 3471 3461 3445 3509 3404 3311 3303 
97300 3463 3529 3468 3431 3402 3495 3362 3252 3231 
97400 3453 3525 3467 3412 3413 3493 3383 3288 3272 
97500 3457 3531 3463 3424 3388 3483 3363 3249 3240 
97600 3466 3533 3462 3429 3388 3493 3402 3279 3276 
97700 3470 3527 3482 3430 3402 3490 3397 3282 3267 
97800 3453 3540 3473 3430 3394 3504 3403 3283 3276 
97900 3462 3531 3441 3438 3410 3492 3374 3261 3259 
98000 3452 3537 3482 3436 3417 3495 3392 3272 3267 
98100 3487 3539 3479 3455 3422 3508 3410 3288 3270 
98200 3473 3523 3461 3424 3397 3496 3393 3274 3265 
98300 3449 3539 3470 3453 3407 3502 3402 3304 3294 
98400 3486 3545 3500 3469 3425 3480 3378 3260 3243 
98500 3491 3545 3487 3451 3415 3481 3373 3265 3251 
98600 3459 3541 3492 3438 3397 3498 3382 3281 3274 
98700 3475 3544 3486 3442 3420 3506 3393 3314 3303 
98800 3474 3530 3469 3459 3426 3497 3385 3273 3277 
98900 3474 3525 3478 3469 3454 3491 3385 3275 3262 
99000 3434 3535 3485 3463 3424 3488 3388 3275 3262 
99100 3473 3527 3458 3462 3420 3496 3396 3275 3255 
99200 3478 3525 3473 3447 3405 3487 3384 3260 3250 
99300 3491 3523 3470 3470 3448 3503 3407 3286 3276 
99400 3459 3534 3475 3446 3400 3495 3388 3309 3296 
99500 3501 3536 3491 3460 3435 3506 3417 3302 3291 
99600 3474 3537 3487 3465 3415 3471 3378 3277 3270 
99700 3457 3535 3484 3476 3422 3506 3416 3333 3321 
99800 3464 3506 3447 3456 3412 3509 3393 3256 3240 
99900 3499 3533 3482 3485 3428 3510 3407 3289 3287 
100000 3453 3543 3475 3459 3426 3500 3400 3296 3297 
