# Avida count data
# Fri Jun 15 12:01:44 2018
#  1: update
#  2: number of insts executed this update
#  3: number of organisms
#  4: number of different genotypes
#  5: number of different threshold genotypes
#  6: (deprecated) number of different species
#  7: (deprecated) number of different threshold species
#  8: (deprecated) number of different lineages
#  9: number of births in this update
# 10: number of deaths in this update
# 11: number of breed true
# 12: number of breed true organisms?
# 13: number of no-birth organisms
# 14: number of single-threaded organisms
# 15: number of multi-threaded organisms
# 16: number of modified organisms

0 30 1 1 1 0 0 0 1 0 1 1 1 1 0 0 
100 3510 119 39 10 0 0 0 2 0 1 81 61 119 0 0 
200 108000 3600 1492 342 0 0 0 82 82 52 2344 1823 3600 0 0 
300 108000 3600 1806 590 0 0 0 276 276 178 2328 1822 3600 0 0 
400 108000 3600 1959 686 0 0 0 199 199 120 2302 1815 3600 0 0 
500 108000 3600 2049 648 0 0 0 164 164 87 2191 1850 3600 0 0 
600 108000 3600 1989 706 0 0 0 187 187 112 2294 1845 3600 0 0 
700 108000 3600 1967 679 0 0 0 183 183 125 2294 1827 3600 0 0 
800 108000 3600 2017 698 0 0 0 190 190 117 2274 1878 3600 0 0 
900 108000 3600 2034 671 0 0 0 179 179 107 2241 1832 3600 0 0 
1000 108000 3600 2043 662 0 0 0 203 203 134 2202 1809 3600 0 0 
1100 108000 3600 1988 675 0 0 0 188 188 120 2330 1850 3600 0 0 
1200 108000 3600 1995 674 0 0 0 186 186 116 2294 1845 3600 0 0 
1300 108000 3600 1903 646 0 0 0 150 150 94 2352 1875 3600 0 0 
1400 108000 3600 1821 620 0 0 0 231 231 151 2412 1849 3600 0 0 
1500 108000 3600 1838 619 0 0 0 211 211 150 2398 1865 3600 0 0 
1600 108000 3600 1675 614 0 0 0 266 266 179 2555 1887 3600 0 0 
1700 108000 3600 1799 623 0 0 0 238 238 146 2437 1894 3600 0 0 
1800 108000 3600 1802 628 0 0 0 236 236 153 2455 1898 3600 0 0 
1900 108000 3600 1823 627 0 0 0 275 275 184 2390 1895 3600 0 0 
2000 108000 3600 1788 612 0 0 0 232 232 163 2433 1907 3600 0 0 
2100 108000 3600 1803 616 0 0 0 265 265 184 2428 1907 3600 0 0 
2200 108000 3600 1822 624 0 0 0 212 212 147 2414 1903 3600 0 0 
2300 108000 3600 1834 649 0 0 0 273 273 173 2433 1879 3600 0 0 
2400 108000 3600 1839 626 0 0 0 204 204 149 2416 1907 3600 0 0 
2500 108000 3600 1793 612 0 0 0 217 217 147 2445 1930 3600 0 0 
2600 108000 3600 1777 614 0 0 0 227 227 167 2472 1888 3600 0 0 
2700 108000 3600 1792 645 0 0 0 240 240 166 2462 1911 3600 0 0 
2800 108000 3600 1708 624 0 0 0 236 236 180 2522 1892 3600 0 0 
2900 108000 3600 1771 610 0 0 0 240 240 179 2441 1900 3600 0 0 
3000 108000 3600 1808 601 0 0 0 233 233 162 2408 1925 3600 0 0 
3100 108000 3600 1824 631 0 0 0 195 195 133 2431 1909 3600 0 0 
3200 108000 3600 1769 631 0 0 0 270 270 188 2474 1893 3600 0 0 
3300 108000 3600 1819 609 0 0 0 228 228 150 2382 1931 3600 0 0 
3400 108000 3600 1772 598 0 0 0 245 245 165 2421 1912 3600 0 0 
3500 108000 3600 1787 612 0 0 0 249 249 173 2440 1942 3600 0 0 
3600 108000 3600 1804 624 0 0 0 254 254 166 2455 1870 3600 0 0 
3700 108000 3600 1783 613 0 0 0 257 257 181 2473 1899 3600 0 0 
3800 108000 3600 1766 611 0 0 0 279 279 180 2485 1903 3600 0 0 
3900 108000 3600 1733 631 0 0 0 224 224 155 2519 1933 3600 0 0 
4000 108000 3600 1749 602 0 0 0 225 225 164 2487 1926 3600 0 0 
4100 108000 3600 1806 652 0 0 0 223 223 147 2491 1908 3600 0 0 
4200 108000 3600 1811 620 0 0 0 236 236 170 2465 1898 3600 0 0 
4300 108000 3600 1773 648 0 0 0 226 226 159 2492 1894 3600 0 0 
4400 108000 3600 1793 663 0 0 0 287 287 190 2496 1903 3600 0 0 
4500 108000 3600 1810 640 0 0 0 262 262 172 2482 1916 3600 0 0 
4600 108000 3600 1744 613 0 0 0 212 212 144 2504 1932 3600 0 0 
4700 108000 3600 1743 655 0 0 0 209 209 145 2542 1892 3600 0 0 
4800 108000 3600 1749 646 0 0 0 237 237 156 2519 1929 3600 0 0 
4900 108000 3600 1796 625 0 0 0 244 244 159 2460 1922 3600 0 0 
5000 108000 3600 1771 619 0 0 0 235 235 169 2478 1919 3600 0 0 
5100 108000 3600 1737 599 0 0 0 255 255 185 2516 1924 3600 0 0 
5200 108000 3600 1746 617 0 0 0 257 257 165 2501 1914 3600 0 0 
5300 108000 3600 1764 606 0 0 0 276 276 217 2485 1910 3600 0 0 
5400 108000 3600 1819 625 0 0 0 237 237 167 2454 1891 3600 0 0 
5500 108000 3600 1519 371 0 0 0 379 379 262 2488 1947 3600 0 0 
5600 108000 3600 1637 486 0 0 0 195 195 135 2493 1899 3600 0 0 
5700 108000 3600 1661 528 0 0 0 264 264 170 2501 1908 3600 0 0 
5800 108000 3600 1750 557 0 0 0 203 203 137 2454 1910 3600 0 0 
5900 108000 3600 1735 555 0 0 0 244 244 159 2461 1927 3600 0 0 
6000 108000 3600 1650 562 0 0 0 248 248 175 2558 1912 3600 0 0 
6100 108000 3600 1735 553 0 0 0 233 233 155 2465 1893 3600 0 0 
6200 108000 3600 1737 595 0 0 0 236 236 171 2512 1900 3600 0 0 
6300 108000 3600 1683 566 0 0 0 239 239 166 2519 1879 3600 0 0 
6400 108000 3600 1717 575 0 0 0 224 224 169 2499 1926 3600 0 0 
6500 108000 3600 1704 556 0 0 0 268 268 189 2499 1909 3600 0 0 
6600 108000 3600 1714 570 0 0 0 248 248 178 2501 1936 3600 0 0 
6700 108000 3600 1707 554 0 0 0 279 279 205 2508 1944 3600 0 0 
6800 108000 3600 1764 552 0 0 0 243 243 163 2420 1909 3600 0 0 
6900 108000 3600 1737 542 0 0 0 226 226 154 2466 1926 3600 0 0 
7000 108000 3600 1676 557 0 0 0 257 257 175 2514 1888 3600 0 0 
7100 108000 3600 1722 557 0 0 0 248 248 172 2461 1934 3600 0 0 
7200 108000 3600 1685 523 0 0 0 251 251 183 2502 1904 3600 0 0 
7300 108000 3600 1743 589 0 0 0 247 247 171 2471 1918 3600 0 0 
7400 108000 3600 1718 557 0 0 0 249 249 163 2474 1916 3600 0 0 
7500 108000 3600 1761 563 0 0 0 268 268 185 2444 1915 3600 0 0 
7600 108000 3600 1694 558 0 0 0 251 251 176 2515 1927 3600 0 0 
7700 108000 3600 1729 553 0 0 0 298 298 208 2478 1919 3600 0 0 
7800 108000 3600 1695 557 0 0 0 219 219 141 2494 1927 3600 0 0 
7900 108000 3600 1752 570 0 0 0 244 244 176 2458 1923 3600 0 0 
8000 108000 3600 1696 570 0 0 0 238 238 159 2507 1907 3600 0 0 
8100 108000 3600 1724 551 0 0 0 210 210 145 2479 1932 3600 0 0 
8200 108000 3600 1795 569 0 0 0 282 282 200 2415 1923 3600 0 0 
8300 108000 3600 1719 566 0 0 0 242 242 172 2505 1933 3600 0 0 
8400 108000 3600 1685 568 0 0 0 259 259 194 2536 1926 3600 0 0 
8500 108000 3600 1747 569 0 0 0 211 211 141 2443 1957 3600 0 0 
8600 108000 3600 1732 583 0 0 0 238 238 160 2464 1918 3600 0 0 
8700 108000 3600 1725 586 0 0 0 218 218 144 2512 1939 3600 0 0 
8800 108000 3600 1662 574 0 0 0 283 283 189 2544 1905 3600 0 0 
8900 108000 3600 1747 566 0 0 0 250 250 161 2454 1901 3600 0 0 
9000 108000 3600 1708 599 0 0 0 234 234 152 2521 1924 3600 0 0 
9100 108000 3600 1715 558 0 0 0 248 248 172 2502 1903 3600 0 0 
9200 108000 3600 1695 554 0 0 0 218 218 159 2479 1935 3600 0 0 
9300 108000 3600 1653 585 0 0 0 243 243 161 2556 1900 3600 0 0 
9400 108000 3600 1734 572 0 0 0 224 224 140 2493 1948 3600 0 0 
9500 108000 3600 1739 565 0 0 0 272 272 185 2480 1908 3600 0 0 
9600 108000 3600 1699 565 0 0 0 257 257 170 2486 1896 3600 0 0 
9700 108000 3600 1703 566 0 0 0 250 250 176 2491 1913 3600 0 0 
9800 108000 3600 1671 542 0 0 0 244 244 178 2499 1912 3600 0 0 
9900 108000 3600 1747 540 0 0 0 225 225 156 2432 1941 3600 0 0 
10000 108000 3600 1697 580 0 0 0 279 279 198 2520 1926 3600 0 0 
