# Avida Average Data
# Mon Jun  4 16:56:47 2018
#  1: Update
#  2: Merit
#  3: Gestation Time
#  4: Fitness
#  5: Repro Rate?
#  6: (deprecated) Size
#  7: Copied Size
#  8: Executed Size
#  9: (deprecated) Abundance
# 10: Proportion of organisms that gave birth in this update
# 11: Proportion of Breed True Organisms
# 12: (deprecated) Genotype Depth
# 13: Generation
# 14: Neutral Metric
# 15: Lineage Label
# 16: True Replication Rate (based on births/update, time-averaged)

0 97 389 0 0 0 100 97 0 1 1 0 0 0 0 0 
100 96.3119 387.778 0.248253 0 0 99.8806 96.3119 0 0.0677778 0.0483333 0 7.17306 -0.0217941 0 0 
200 96.1528 388.972 0.247306 0 0 100.235 96.2911 0 0.0222222 0.0138889 0 14.9919 0.149085 0 0 
300 96.565 389.752 0.247802 0 0 100.726 96.6208 0 0.0275 0.0180556 0 22.8917 0.0394398 0 0 
400 96.5714 390.621 0.247464 0 0 100.966 96.8817 0 0.0502778 0.0319444 0 30.7139 0.232582 0 0 
500 96.6542 390.742 0.247588 0 0 101.17 96.8808 0 0.0683333 0.0458333 0 38.5075 0.352958 0 0.171295 
600 97.8553 395.122 0.24794 0 0 102.474 98.1047 0 0.0488889 0.0327778 0 46.2483 0.772758 0 0.167167 
700 97.7669 393.913 0.248434 0 0 102.332 98.0875 0 0.0522222 0.0352778 0 53.9814 0.176753 0 0.166233 
800 97.7922 392.685 0.249347 0 0 102.169 98.0708 0 0.0494444 0.0336111 0 61.7586 -0.671881 0 0.165874 
900 97.8094 392.722 0.249093 0 0 102.262 97.9764 0 0.0530556 0.0341667 0 69.5161 -0.867413 0 0.166009 
1000 97.9556 391.674 0.250076 0 0 102.293 98.0342 0 0.0544444 0.0363889 0 77.3039 -1.32923 0 0.166347 
1100 98.3161 394.073 0.249778 0 0 102.884 98.5786 0 0.0472222 0.0333333 0 84.9781 -1.28042 0 0.166607 
1200 98.0328 391.125 0.250704 0 0 102.531 98.1586 0 0.0513889 0.0338889 0 92.7664 -0.833 0 0.16673 
1300 98.1317 391.422 0.251036 0 0 102.541 98.4817 0 0.0555556 0.0386111 0 100.573 -0.286288 0 0.166727 
1400 99.0103 393.289 0.251829 0 0 103.306 99.1314 0 0.0652778 0.0411111 0 108.358 -1.57431 0 0.167008 
1500 98.9617 392.625 0.252066 0 0 103.331 99.0358 0 0.0472222 0.0319444 0 116.114 -1.28099 0 0.167152 
1600 99.5267 395.722 0.251873 0 0 104.027 99.8594 0 0.0502778 0.0344444 0 123.922 -0.948093 0 0.167495 
1700 100.552 392.476 0.256453 0 0 103.457 99.3117 0 0.0577778 0.0397222 0 131.702 -1.21624 0 0.167768 
1800 100.709 388.43 0.259631 0 0 102.806 98.5994 0 0.04 0.0244444 0 140.94 -1.18664 0 0.169341 
1900 99.9137 385.256 0.259817 0 0 102.359 98.0961 0 0.0633333 0.0411111 0 150.28 -0.826751 0 0.170575 
2000 100.247 385.04 0.260915 0 0 102.61 98.45 0 0.055 0.0375 0 159.266 -0.921579 0 0.171999 
2100 99.8669 382.236 0.261563 0 0 102.22 97.9625 0 0.0477778 0.0344444 0 168.448 0.287766 0 0.173325 
2200 99.5164 380.04 0.262197 0 0 101.913 97.7022 0 0.0486111 0.0330556 0 177.031 0.114774 0 0.174411 
2300 98.6763 375.3 0.262953 0 0 101.005 96.7642 0 0.0411111 0.0263889 0 186.024 0.302102 0 0.174212 
2400 98.4227 374.185 0.26319 0 0 100.665 96.525 0 0.0441667 0.03 0 194.757 -0.135079 0 0.174293 
2500 98.8567 374.373 0.26429 0 0 100.884 96.7881 0 0.0527778 0.0383333 0 204.003 -0.861506 0 0.174397 
2600 98.0948 370.698 0.26482 0 0 100.293 96.2186 0 0.0661111 0.0483333 0 214.03 -1.3713 0 0.174511 
2700 97.7503 368.983 0.265016 0 0 100.139 95.9781 0 0.0658333 0.0486111 0 223.516 -0.770139 0 0.175147 
2800 97.5578 367.41 0.265597 0 0 99.9044 95.7217 0 0.0466667 0.035 0 232.224 -1.77033 0 0.175506 
2900 97.702 367.225 0.266129 0 0 99.8981 95.7567 0 0.0475 0.0347222 0 240.919 -2.51193 0 0.176033 
3000 97.7952 367.503 0.266299 0 0 100.006 95.8642 0 0.0533333 0.0369444 0 249.512 -2.17722 0 0.17654 
3100 97.8145 366.666 0.266727 0 0 99.9931 95.8997 0 0.0636111 0.0561111 0 258.385 -1.97225 0 0.177445 
3200 98.1115 367.23 0.267179 0 0 100.231 96.2631 0 0.0625 0.0547222 0 267.031 -1.41701 0 0.178785 
3300 98.1936 367.201 0.267446 0 0 100.248 96.4081 0 0.0555556 0.0480556 0 275.858 -1.53971 0 0.180425 
3400 98.249 366.894 0.267817 0 0 100.168 96.3553 0 0.0552778 0.0472222 0 284.28 -1.24209 0 0.181786 
3500 98.4682 367.558 0.267926 0 0 100.359 96.6428 0 0.0502778 0.0452778 0 292.943 -0.409869 0 0.182965 
3600 98.3582 367.085 0.267988 0 0 100.204 96.5061 0 0.0466667 0.0416667 0 301.225 0.113173 0 0.18377 
3700 97.7986 365.669 0.267439 0 0 99.9058 96.0992 0 0.0527778 0.0469444 0 309.903 0.00915292 0 0.183949 
3800 98.0185 365.782 0.26802 0 0 100.055 96.2036 0 0.0425 0.0377778 0 318.416 -0.900178 0 0.183832 
3900 98.3361 365.431 0.269438 0 0 100.233 96.4306 0 0.0558333 0.0480556 0 326.953 -0.619313 0 0.184023 
4000 98.5384 361.779 0.274277 0 0 100.664 96.8075 0 0.0591667 0.0530556 0 335.664 -0.814472 0 0.184399 
4100 99.1039 347.856 0.290653 0 0 101.267 97.3064 0 0.0619444 0.0558333 0 345.51 2.12186 0 0.185737 
4200 99.9185 325.197 0.315368 0 0 102.13 98.1808 0 0.0544444 0.0486111 0 357.648 4.07618 0 0.189643 
4300 100.59 311.827 0.336703 0 0 103.131 99.1478 0 0.0688889 0.0608333 0 370.823 8.6466 0 0.196465 
4400 101.022 298.237 0.348164 0 0 103.496 99.4544 0 0.0705556 0.0627778 0 382.599 9.87324 0 0.204862 
4500 101.102 297.401 0.351278 0 0 103.588 99.4903 0 0.0688889 0.0580556 0 393.803 10.7907 0 0.213829 
4600 100.731 295.296 0.352144 0 0 103.499 99.4478 0 0.0727778 0.065 0 404.717 10.1076 0 0.222187 
4700 100.742 288.602 0.357748 0 0 103.226 99.1786 0 0.0641667 0.0572222 0 416.025 9.83683 0 0.228129 
4800 100.186 285.54 0.359825 0 0 102.721 98.5558 0 0.0763889 0.0686111 0 427.637 10.7406 0 0.231427 
4900 99.7849 284.221 0.36038 0 0 102.356 98.2889 0 0.0775 0.0672222 0 439.082 11.2103 0 0.23338 
5000 99.3469 285.399 0.359746 0 0 102.056 97.9528 0 0.0761111 0.0694444 0 450.792 12.6569 0 0.234702 
5100 98.7129 284.348 0.359923 0 0 101.483 97.3858 0 0.0644444 0.055 0 462.742 14.8453 0 0.235682 
5200 98.5665 278.715 0.362559 0 0 101.278 97.1714 0 0.0697222 0.0613889 0 474.507 15.0392 0 0.236308 
5300 98.5209 276.645 0.364205 0 0 101.053 96.9636 0 0.0697222 0.0641667 0 486.2 15.7897 0 0.237099 
5400 98.0977 274.111 0.364729 0 0 100.749 96.6931 0 0.0772222 0.0672222 0 498.04 16.7036 0 0.237675 
5500 97.9855 273.158 0.365256 0 0 100.694 96.6467 0 0.0647222 0.0594444 0 509.664 16.7142 0 0.238013 
5600 97.896 272.999 0.365185 0 0 100.558 96.5164 0 0.0716667 0.0663889 0 520.954 16.9754 0 0.238309 
5700 97.6761 274.287 0.364775 0 0 100.432 96.3464 0 0.0669444 0.0602778 0 532.837 16.6872 0 0.239076 
5800 97.6722 274.432 0.364856 0 0 100.364 96.2744 0 0.0794444 0.0711111 0 544.429 16.0907 0 0.239326 
5900 97.4352 273.466 0.364805 0 0 100.261 96.1206 0 0.0705556 0.0630556 0 556.197 17.6417 0 0.239208 
6000 97.4074 274.166 0.364681 0 0 100.174 96.0547 0 0.0641667 0.0561111 0 567.878 18.0134 0 0.239327 
6100 97.5524 272.511 0.365982 0 0 100.23 96.1361 0 0.0725 0.0627778 0 579.497 17.0564 0 0.239404 
6200 97.4742 273.417 0.365408 0 0 100.155 96.0481 0 0.0775 0.0697222 0 591.028 16.8071 0 0.239302 
6300 97.4372 274.181 0.365025 0 0 100.187 96.1039 0 0.0741667 0.0644444 0 602.648 17.2847 0 0.239294 
6400 97.3287 271.141 0.366171 0 0 100.103 95.9675 0 0.0708333 0.0641667 0 614.311 17.8039 0 0.239376 
6500 97.5215 271.509 0.366607 0 0 100.147 96.0514 0 0.0827778 0.0733333 0 625.831 18.3205 0 0.239403 
6600 97.4141 272.094 0.366218 0 0 100.074 96.0183 0 0.0897222 0.08 0 637.448 18.144 0 0.239466 
6700 97.437 272.721 0.36621 0 0 100.11 96.0653 0 0.0694444 0.0619444 0 649.071 18.9715 0 0.239156 
6800 97.385 270.154 0.367177 0 0 100.084 96.0419 0 0.0811111 0.0716667 0 660.699 17.8127 0 0.239406 
6900 97.3397 270.072 0.367036 0 0 100.063 95.8981 0 0.0722222 0.065 0 671.998 18.4659 0 0.239587 
7000 97.5629 273.33 0.366365 0 0 100.225 96.1756 0 0.0736111 0.0641667 0 683.389 18.494 0 0.23973 
7100 97.4347 271.636 0.366727 0 0 100.217 96.0589 0 0.0747222 0.0675 0 695.046 19.1877 0 0.239812 
7200 97.4794 270.602 0.367436 0 0 100.203 96.1397 0 0.0727778 0.0675 0 706.206 18.9921 0 0.240206 
7300 97.5487 269.725 0.368042 0 0 100.202 96.1153 0 0.0772222 0.0697222 0 717.912 18.0078 0 0.240306 
7400 97.5567 269.429 0.368106 0 0 100.24 96.1753 0 0.0747222 0.0655556 0 729.587 19.6924 0 0.240485 
7500 97.5498 268.471 0.368882 0 0 100.201 96.1842 0 0.0686111 0.0619444 0 741.053 20.5091 0 0.24061 
7600 97.5942 270.027 0.368424 0 0 100.198 96.1819 0 0.0822222 0.0744444 0 752.373 18.4184 0 0.240764 
7700 97.5477 269.65 0.368152 0 0 100.265 96.2317 0 0.0755556 0.0661111 0 764.003 20.5255 0 0.240881 
7800 97.5607 268.171 0.369012 0 0 100.251 96.1708 0 0.0705556 0.065 0 775.617 20.0101 0 0.240594 
7900 97.5189 267.951 0.368831 0 0 100.224 96.1969 0 0.0672222 0.0586111 0 787.721 21.0653 0 0.240861 
8000 97.8076 268.146 0.369927 0 0 100.361 96.4183 0 0.0758333 0.0702778 0 799.274 22.1326 0 0.240894 
8100 97.683 268.936 0.369183 0 0 100.357 96.3231 0 0.0797222 0.0725 0 810.815 23.1867 0 0.240846 
8200 97.7907 267.639 0.369964 0 0 100.379 96.4183 0 0.0713889 0.0641667 0 822.194 24.9029 0 0.241003 
8300 97.7609 270.113 0.36889 0 0 100.381 96.3967 0 0.0786111 0.0716667 0 833.731 25.7892 0 0.241246 
8400 97.8045 270.111 0.369202 0 0 100.418 96.4164 0 0.0777778 0.0708333 0 845.321 25.969 0 0.241156 
8500 97.8825 269.405 0.369774 0 0 100.5 96.4944 0 0.0827778 0.0736111 0 857.246 26.1936 0 0.241295 
8600 97.9615 266.158 0.371503 0 0 100.578 96.6092 0 0.0808333 0.0744444 0 869.111 27.5263 0 0.241265 
8700 98.0296 268.727 0.37076 0 0 100.623 96.6403 0 0.0694444 0.0619444 0 880.734 27.6987 0 0.241224 
8800 98.1123 268.659 0.370659 0 0 100.752 96.7031 0 0.0802778 0.0722222 0 892.364 28.6608 0 0.241422 
8900 98.0232 269.649 0.370086 0 0 100.712 96.6522 0 0.0713889 0.0652778 0 903.754 30.2843 0 0.241423 
9000 98.0795 267.579 0.371104 0 0 100.756 96.7369 0 0.0791667 0.0702778 0 915.665 29.1683 0 0.241647 
9100 98.2635 269.498 0.371001 0 0 100.874 96.8597 0 0.0725 0.0644444 0 926.941 26.4623 0 0.242071 
9200 98.1929 267.514 0.371892 0 0 100.827 96.7872 0 0.0769444 0.07 0 938.483 26.181 0 0.242495 
9300 98.4717 270.932 0.370897 0 0 101.077 97.0378 0 0.0625 0.0561111 0 950.529 26.4935 0 0.24242 
9400 98.5852 270.1 0.371522 0 0 101.221 97.1853 0 0.0697222 0.0611111 0 962.652 29.4969 0 0.242661 
9500 98.5478 269.044 0.371964 0 0 101.267 97.1897 0 0.0938889 0.0841667 0 974.404 29.0748 0 0.242795 
9600 98.6319 270.627 0.371686 0 0 101.338 97.2436 0 0.065 0.0602778 0 986.367 32.437 0 0.242832 
9700 98.5972 270.308 0.371546 0 0 101.317 97.2219 0 0.0777778 0.0708333 0 997.837 31.7284 0 0.242768 
9800 98.8208 270.127 0.372366 0 0 101.465 97.4058 0 0.0783333 0.0688889 0 1009.71 32.0681 0 0.243237 
9900 98.7195 268.369 0.372939 0 0 101.396 97.285 0 0.0716667 0.065 0 1021.38 32.0631 0 0.243512 
10000 98.7743 268.059 0.373234 0 0 101.487 97.3719 0 0.0722222 0.0658333 0 1032.97 32.1325 0 0.243591 
10100 98.8909 269.024 0.37308 0 0 101.541 97.485 0 0.0702778 0.0622222 0 1044.62 32.1558 0 0.24387 
10200 99.0546 270.752 0.373047 0 0 101.644 97.6236 0 0.0705556 0.0638889 0 1056.4 29.1634 0 0.243901 
10300 98.9779 268.397 0.373937 0 0 101.585 97.5567 0 0.0816667 0.0744444 0 1067.84 28.3868 0 0.243977 
10400 98.9428 268.983 0.373457 0 0 101.6 97.5097 0 0.0733333 0.0663889 0 1079.23 28.6428 0 0.243841 
10500 98.9829 269.674 0.373303 0 0 101.629 97.5575 0 0.065 0.0594444 0 1090.55 28.8053 0 0.24378 
10600 99.061 268.861 0.373869 0 0 101.766 97.6797 0 0.0633333 0.0558333 0 1102.14 26.7953 0 0.24352 
10700 99.094 269.491 0.373966 0 0 101.811 97.7019 0 0.0788889 0.0702778 0 1113.75 24.7504 0 0.243905 
10800 99.2007 271.823 0.373271 0 0 101.808 97.7431 0 0.0586111 0.0502778 0 1125.32 25.4378 0 0.243977 
10900 99.3573 269.067 0.37482 0 0 101.96 97.8992 0 0.0666667 0.0588889 0 1136.96 23.911 0 0.243763 
11000 99.4755 270.922 0.374439 0 0 102.091 98.0681 0 0.0838889 0.075 0 1148.63 23.1782 0 0.244068 
11100 99.4722 271.358 0.374238 0 0 102.131 98.0717 0 0.0691667 0.0625 0 1159.99 23.2858 0 0.244141 
11200 99.5368 273.119 0.373579 0 0 102.203 98.1492 0 0.0675 0.0597222 0 1171.42 25.0096 0 0.244048 
11300 99.6676 269.482 0.375637 0 0 102.316 98.2583 0 0.0705556 0.0611111 0 1182.98 24.035 0 0.24437 
11400 99.6342 269.861 0.375208 0 0 102.292 98.2475 0 0.0783333 0.0705556 0 1194.25 23.759 0 0.244948 
11500 99.8341 271.733 0.375169 0 0 102.459 98.4039 0 0.07 0.0616667 0 1206.01 23.3472 0 0.245099 
11600 99.8248 270.098 0.375618 0 0 102.53 98.4319 0 0.0786111 0.0719444 0 1217.64 20.5962 0 0.24541 
11700 100.153 272.07 0.375893 0 0 102.688 98.6981 0 0.075 0.0675 0 1229.48 18.3577 0 0.245759 
11800 100.267 269.515 0.377286 0 0 102.795 98.7972 0 0.08 0.0713889 0 1240.93 17.9887 0 0.245503 
11900 100.189 270.06 0.376652 0 0 102.805 98.7294 0 0.0647222 0.0577778 0 1252.53 17.9669 0 0.245799 
12000 100.415 270.492 0.377307 0 0 102.906 98.9778 0 0.0769444 0.0694444 0 1264.03 17.9353 0 0.245807 
12100 100.323 271.118 0.376777 0 0 102.895 98.8664 0 0.07 0.0647222 0 1275.38 16.7969 0 0.246081 
12200 100.469 272.137 0.376767 0 0 103.001 99.0417 0 0.0783333 0.0694444 0 1286.91 15.5946 0 0.245997 
12300 100.59 269.917 0.377816 0 0 103.192 99.1933 0 0.0802778 0.0725 0 1298.71 15.4099 0 0.246335 
12400 100.805 270.824 0.378177 0 0 103.296 99.3644 0 0.07 0.0619444 0 1310.23 14.5623 0 0.246304 
12500 100.806 273.071 0.377027 0 0 103.329 99.3492 0 0.0797222 0.0722222 0 1321.75 15.8167 0 0.246634 
12600 100.794 272.627 0.37715 0 0 103.317 99.3539 0 0.0819444 0.0761111 0 1333.17 16.5578 0 0.246992 
12700 100.684 272.818 0.376852 0 0 103.19 99.2458 0 0.0661111 0.06 0 1344.52 16.5575 0 0.247461 
12800 100.737 270.086 0.37835 0 0 103.206 99.3083 0 0.085 0.0777778 0 1356.01 16.7926 0 0.24762 
12900 100.944 275.857 0.376335 0 0 103.323 99.4608 0 0.0802778 0.0741667 0 1367.41 17.6492 0 0.247788 
13000 101.037 271.839 0.378181 0 0 103.429 99.5547 0 0.0733333 0.065 0 1378.87 15.6569 0 0.247783 
13100 101.017 273.543 0.377609 0 0 103.486 99.5528 0 0.0691667 0.0616667 0 1390.31 15.7001 0 0.247531 
13200 101.159 273.82 0.377721 0 0 103.55 99.665 0 0.0755556 0.0683333 0 1401.85 14.8644 0 0.246983 
13300 100.933 272.211 0.37783 0 0 103.416 99.4778 0 0.0861111 0.0786111 0 1413.12 15.208 0 0.246744 
13400 101.096 276.079 0.376625 0 0 103.501 99.6589 0 0.0722222 0.0680556 0 1424.53 13.7821 0 0.246691 
13500 101.145 272.47 0.378039 0 0 103.574 99.6669 0 0.0772222 0.0716667 0 1435.94 13.1161 0 0.246755 
13600 101.115 273.309 0.377694 0 0 103.582 99.6725 0 0.0677778 0.0611111 0 1447.71 11.971 0 0.247173 
13700 101.167 271.493 0.37875 0 0 103.608 99.7336 0 0.0825 0.0716667 0 1459.34 12.7235 0 0.24757 
13800 101.317 275.39 0.377423 0 0 103.683 99.8742 0 0.0722222 0.0641667 0 1470.92 11.3355 0 0.248046 
13900 101.301 272.901 0.378518 0 0 103.721 99.8575 0 0.0761111 0.0669444 0 1482.34 11.5809 0 0.248085 
14000 101.41 270.655 0.379893 0 0 103.816 99.9486 0 0.0711111 0.0647222 0 1493.72 11.7344 0 0.2482 
14100 101.372 272.954 0.378852 0 0 103.728 99.8742 0 0.0680556 0.0602778 0 1504.95 11.7895 0 0.247983 
14200 101.424 273.518 0.378881 0 0 103.842 99.9461 0 0.0691667 0.0616667 0 1516.53 10.5971 0 0.248096 
14300 101.262 274.318 0.377966 0 0 103.72 99.8075 0 0.0725 0.0666667 0 1527.83 11.5426 0 0.247665 
14400 101.303 272.68 0.378783 0 0 103.767 99.8436 0 0.0902778 0.0819444 0 1539.51 9.69514 0 0.247611 
14500 101.445 270.58 0.380102 0 0 103.931 99.995 0 0.0727778 0.0658333 0 1550.87 7.69537 0 0.247701 
14600 101.555 272.427 0.379775 0 0 103.951 100.062 0 0.0736111 0.0647222 0 1562.22 10.2985 0 0.247784 
14700 101.501 271.039 0.380135 0 0 103.931 100.074 0 0.0816667 0.0758333 0 1573.67 9.58037 0 0.247828 
14800 101.4 273.348 0.378775 0 0 103.897 99.9481 0 0.0661111 0.0594444 0 1584.96 10.5857 0 0.248047 
14900 101.542 272.73 0.379632 0 0 103.964 100.12 0 0.0680556 0.06 0 1596.21 13.2049 0 0.248156 
15000 101.384 272.975 0.379179 0 0 103.834 99.9628 0 0.0658333 0.0611111 0 1607.61 13.3437 0 0.248017 
15100 101.306 271.404 0.379674 0 0 103.761 99.8586 0 0.0830556 0.0755556 0 1619.15 14.9717 0 0.248236 
15200 101.336 274.5 0.37834 0 0 103.858 99.97 0 0.0813889 0.0738889 0 1630.53 14.415 0 0.248389 
15300 101.648 270.422 0.381271 0 0 104.006 100.171 0 0.0675 0.0594444 0 1642.34 12.6255 0 0.248317 
15400 101.617 271.565 0.380581 0 0 104.015 100.162 0 0.0597222 0.0536111 0 1654.05 12.2402 0 0.248542 
15500 101.565 274.243 0.379254 0 0 103.942 100.149 0 0.0722222 0.0641667 0 1665.35 13.0967 0 0.248793 
15600 101.703 273.917 0.379798 0 0 104.072 100.241 0 0.0783333 0.0725 0 1676.97 12.0064 0 0.248765 
15700 101.722 272.089 0.380757 0 0 104.083 100.304 0 0.0727778 0.0655556 0 1688.45 12.9878 0 0.248879 
15800 101.672 274.846 0.379314 0 0 104.027 100.194 0 0.0741667 0.0669444 0 1699.76 14.8158 0 0.249208 
15900 101.829 273.286 0.380641 0 0 104.193 100.386 0 0.0758333 0.0691667 0 1711.52 9.29428 0 0.249527 
16000 101.795 273.314 0.380613 0 0 104.131 100.307 0 0.0744444 0.0675 0 1723.01 8.27004 0 0.249541 
16100 101.743 273.236 0.380433 0 0 104.134 100.317 0 0.0833333 0.075 0 1734.52 6.95976 0 0.249598 
16200 101.678 270.949 0.381138 0 0 104.093 100.278 0 0.0663889 0.0575 0 1746.06 7.72135 0 0.249524 
16300 101.636 270.597 0.381407 0 0 104.037 100.156 0 0.0761111 0.0683333 0 1757.44 7.66639 0 0.24969 
16400 101.775 271.985 0.381173 0 0 104.038 100.281 0 0.0672222 0.0602778 0 1768.94 7.52977 0 0.249456 
16500 101.848 272.442 0.381211 0 0 104.198 100.364 0 0.0675 0.0586111 0 1780.42 6.64239 0 0.249172 
16600 101.984 271.64 0.381981 0 0 104.267 100.526 0 0.0747222 0.0686111 0 1792.11 2.86238 0 0.249132 
16700 102.007 274.317 0.381135 0 0 104.269 100.499 0 0.0733333 0.065 0 1803.92 1.44197 0 0.249155 
16800 102.045 271.086 0.382688 0 0 104.311 100.615 0 0.0725 0.0633333 0 1815.44 0.541935 0 0.249251 
16900 102.164 272.533 0.382561 0 0 104.344 100.702 0 0.0733333 0.0666667 0 1826.97 -1.49537 0 0.249375 
17000 102.224 271.639 0.383195 0 0 104.402 100.757 0 0.0686111 0.0605556 0 1838.39 -2.98259 0 0.249802 
17100 102.178 274.077 0.381878 0 0 104.351 100.701 0 0.0666667 0.0597222 0 1849.79 -6.14001 0 0.249976 
17200 102.144 270.653 0.383142 0 0 104.32 100.703 0 0.0908333 0.08 0 1861.33 -7.55089 0 0.25007 
17300 102.297 270.609 0.383703 0 0 104.371 100.822 0 0.0625 0.0541667 0 1872.7 -7.98421 0 0.250379 
17400 102.253 272.687 0.382664 0 0 104.424 100.817 0 0.0775 0.0702778 0 1884.28 -6.26187 0 0.250272 
17500 102.389 273.042 0.382726 0 0 104.417 100.912 0 0.0705556 0.0622222 0 1895.83 -4.81087 0 0.25051 
17600 102.367 271.146 0.383533 0 0 104.447 100.876 0 0.0766667 0.0666667 0 1907.29 -3.79826 0 0.250499 
17700 102.457 270.756 0.383807 0 0 104.527 100.957 0 0.0719444 0.0661111 0 1918.67 -4.40852 0 0.250546 
17800 102.343 272.42 0.382579 0 0 104.519 100.903 0 0.0783333 0.0711111 0 1930.11 -3.8818 0 0.250374 
17900 102.465 271.284 0.383793 0 0 104.541 101.007 0 0.0752778 0.0663889 0 1941.69 -5.7782 0 0.250775 
18000 102.516 271.377 0.383787 0 0 104.554 101.017 0 0.0719444 0.065 0 1953.17 -6.18525 0 0.250669 
18100 102.419 271.497 0.383484 0 0 104.514 100.983 0 0.0713889 0.0663889 0 1964.63 -7.62318 0 0.250777 
18200 102.399 270.785 0.383652 0 0 104.47 100.948 0 0.0636111 0.0566667 0 1976.08 -9.58965 0 0.251131 
18300 102.529 272.417 0.383372 0 0 104.535 101.055 0 0.0733333 0.0680556 0 1987.38 -9.64819 0 0.25099 
18400 102.471 269.69 0.384385 0 0 104.486 100.982 0 0.0675 0.0627778 0 1998.85 -8.22675 0 0.251052 
18500 102.558 271.432 0.383949 0 0 104.592 101.1 0 0.0711111 0.0638889 0 2010.14 -8.62736 0 0.251083 
18600 102.636 270.711 0.384569 0 0 104.527 101.151 0 0.0602778 0.0561111 0 2021.58 -7.19038 0 0.251256 
18700 102.6 268.837 0.385258 0 0 104.593 101.181 0 0.0683333 0.0627778 0 2033.02 -8.1632 0 0.250984 
18800 102.637 269.986 0.38512 0 0 104.503 101.141 0 0.0866667 0.0786111 0 2044.56 -10.0701 0 0.251097 
18900 102.533 272.164 0.383666 0 0 104.445 101.092 0 0.0788889 0.0733333 0 2055.9 -8.40971 0 0.251034 
19000 102.606 270.222 0.384891 0 0 104.521 101.196 0 0.0808333 0.07 0 2067.36 -9.97114 0 0.251145 
19100 102.732 271.954 0.3844 0 0 104.561 101.234 0 0.0694444 0.0625 0 2078.61 -8.18969 0 0.251074 
19200 102.724 270.829 0.384818 0 0 104.597 101.254 0 0.0702778 0.0627778 0 2090.04 -8.10988 0 0.251244 
19300 102.807 272.85 0.384231 0 0 104.622 101.281 0 0.0694444 0.0608333 0 2101.55 -6.94429 0 0.25119 
19400 102.779 269.661 0.385657 0 0 104.603 101.308 0 0.0716667 0.0652778 0 2112.88 -8.57822 0 0.251184 
19500 102.797 272.803 0.384366 0 0 104.623 101.344 0 0.0680556 0.0611111 0 2124.34 -11.578 0 0.251334 
19600 102.737 273.422 0.383662 0 0 104.596 101.267 0 0.075 0.0688889 0 2135.74 -7.71163 0 0.251292 
19700 102.895 272.097 0.384843 0 0 104.749 101.458 0 0.0727778 0.0672222 0 2146.94 -9.91304 0 0.251407 
19800 102.899 272.479 0.384389 0 0 104.722 101.444 0 0.0663889 0.0566667 0 2158.35 -10.0303 0 0.251499 
19900 103.024 271.672 0.385306 0 0 104.811 101.531 0 0.0752778 0.0680556 0 2169.77 -12.1804 0 0.251749 
20000 102.901 272.229 0.384585 0 0 104.794 101.445 0 0.0702778 0.0622222 0 2181.17 -7.48884 0 0.251709 
20100 102.962 271.138 0.38538 0 0 104.801 101.521 0 0.0819444 0.0736111 0 2192.58 -5.13202 0 0.25194 
20200 103.026 271.808 0.385301 0 0 104.749 101.535 0 0.0677778 0.0608333 0 2204.02 -4.39814 0 0.252204 
20300 103.043 271.421 0.385409 0 0 104.722 101.518 0 0.06 0.0552778 0 2215.34 -2.24872 0 0.252359 
20400 103.08 274.432 0.384037 0 0 104.855 101.596 0 0.0672222 0.0577778 0 2226.6 -0.382555 0 0.252145 
20500 102.993 270.072 0.385741 0 0 104.781 101.548 0 0.0711111 0.0647222 0 2237.89 -1.65146 0 0.252038 
20600 102.951 269.027 0.386272 0 0 104.692 101.485 0 0.0697222 0.0641667 0 2249.39 -4.30099 0 0.252295 
20700 102.878 269.735 0.386042 0 0 104.541 101.404 0 0.0747222 0.0666667 0 2260.71 -1.43518 0 0.252119 
20800 102.853 268.353 0.386459 0 0 104.589 101.396 0 0.0847222 0.0777778 0 2271.99 -3.30088 0 0.252101 
20900 102.931 270.348 0.385804 0 0 104.633 101.439 0 0.0744444 0.0644444 0 2283.33 -5.51532 0 0.252294 
21000 102.873 270.651 0.385286 0 0 104.68 101.425 0 0.0708333 0.0630556 0 2294.78 -7.07283 0 0.252055 
21100 103.12 272.939 0.385029 0 0 104.838 101.627 0 0.0736111 0.0669444 0 2306.24 -7.07285 0 0.251429 
21200 103.047 268.786 0.386826 0 0 104.836 101.578 0 0.0813889 0.0755556 0 2317.66 -8.1961 0 0.251526 
21300 103.17 270.78 0.386292 0 0 104.959 101.722 0 0.0752778 0.0663889 0 2329.51 -6.59691 0 0.251882 
21400 103.128 270.578 0.386055 0 0 104.853 101.631 0 0.0677778 0.0613889 0 2340.63 -8.38146 0 0.251845 
21500 103.187 271.56 0.385854 0 0 105.001 101.731 0 0.075 0.0666667 0 2352.23 -8.63696 0 0.252058 
21600 103.363 270.301 0.3868 0 0 105.181 101.913 0 0.0786111 0.0711111 0 2363.78 -5.31426 0 0.252473 
21700 103.34 269.959 0.386877 0 0 105.241 101.904 0 0.0872222 0.0788889 0 2375.19 -4.97984 0 0.252468 
21800 103.568 270.986 0.387163 0 0 105.374 102.046 0 0.0763889 0.0694444 0 2386.69 -3.31967 0 0.252298 
21900 103.713 271.619 0.387324 0 0 105.566 102.215 0 0.0763889 0.0686111 0 2398.14 -2.27158 0 0.252521 
22000 103.859 270.705 0.388161 0 0 105.668 102.356 0 0.0752778 0.0658333 0 2409.5 -2.96227 0 0.252829 
22100 104.042 268.484 0.390032 0 0 105.891 102.587 0 0.0755556 0.0675 0 2421.15 -6.017 0 0.253067 
22200 104.054 270.066 0.391069 0 0 105.983 102.582 0 0.0588889 0.0538889 0 2432.87 -8.66295 0 0.253573 
22300 104.454 267.738 0.396734 0 0 106.682 102.972 0 0.0680556 0.0597222 0 2445.75 -11.9048 0 0.254673 
22400 104.88 262.231 0.405981 0 0 107.281 103.426 0 0.0827778 0.0741667 0 2459.44 -17.35 0 0.256258 
22500 105.349 255.408 0.417345 0 0 108.118 103.881 0 0.0777778 0.0694444 0 2474.12 -25.927 0 0.259478 
22600 105.712 248.938 0.427462 0 0 108.859 104.276 0 0.0769444 0.0711111 0 2488.77 -33.4874 0 0.26373 
22700 106.168 244.274 0.435664 0 0 109.536 104.753 0 0.0752778 0.0655556 0 2503.28 -38.8341 0 0.268648 
22800 106.197 242.639 0.438437 0 0 109.671 104.815 0 0.0772222 0.0697222 0 2516.57 -40.1868 0 0.273881 
22900 106.312 241.298 0.440932 0 0 109.753 104.904 0 0.0772222 0.0683333 0 2529.74 -40.5513 0 0.278762 
23000 106.227 241.205 0.440935 0 0 109.713 104.843 0 0.0761111 0.0702778 0 2542.35 -41.6701 0 0.282582 
23100 106.303 240.896 0.441543 0 0 109.743 104.89 0 0.0819444 0.0738889 0 2555 -42.3093 0 0.285222 
23200 106.26 240.529 0.441751 0 0 109.724 104.85 0 0.0902778 0.0808333 0 2567.62 -43.9086 0 0.286652 
23300 106.295 240.701 0.441875 0 0 109.782 104.911 0 0.0722222 0.0636111 0 2580.17 -43.9394 0 0.287214 
23400 106.341 240.523 0.44215 0 0 109.786 104.944 0 0.0838889 0.075 0 2592.74 -43.7759 0 0.287491 
23500 106.323 240.667 0.441791 0 0 109.856 104.937 0 0.0908333 0.0827778 0 2605.42 -44.4282 0 0.287318 
23600 106.397 240.652 0.442329 0 0 109.777 104.956 0 0.0833333 0.075 0 2617.83 -44.2665 0 0.287037 
23700 106.348 240.519 0.44265 0 0 109.759 104.963 0 0.0861111 0.08 0 2630.35 -45.1167 0 0.287273 
23800 106.443 240.099 0.443885 0 0 109.865 105.077 0 0.0738889 0.0663889 0 2643.04 -45.1575 0 0.287531 
23900 106.562 239.126 0.445714 0 0 109.967 105.144 0 0.0855556 0.0769444 0 2655.95 -45.328 0 0.287894 
24000 106.699 240.081 0.446367 0 0 110.109 105.29 0 0.0758333 0.0688889 0 2668.98 -45.6551 0 0.288612 
24100 106.94 238.983 0.449509 0 0 110.38 105.567 0 0.0894444 0.0822222 0 2682.4 -48.0074 0 0.28958 
24200 106.984 240.608 0.450408 0 0 110.461 105.61 0 0.0841667 0.0761111 0 2695.8 -50.8067 0 0.290383 
24300 107.322 236.893 0.456821 0 0 110.798 105.94 0 0.0858333 0.0758333 0 2710.4 -55.7193 0 0.291924 
24400 107.644 238.286 0.460158 0 0 111.165 106.241 0 0.0855556 0.0777778 0 2725.18 -59.5205 0 0.293993 
24500 107.849 235.749 0.464666 0 0 111.384 106.487 0 0.0794444 0.0727778 0 2739.7 -61.8917 0 0.296346 
24600 108.057 237.875 0.466078 0 0 111.61 106.697 0 0.0816667 0.0719444 0 2754.03 -63.9794 0 0.298668 
24700 108.219 238.458 0.467644 0 0 111.766 106.886 0 0.0775 0.0694444 0 2768.05 -64.2266 0 0.301642 
24800 108.208 235.427 0.47023 0 0 111.818 106.888 0 0.0941667 0.0852778 0 2781.77 -65.5079 0 0.303934 
24900 108.228 233.314 0.472113 0 0 111.823 106.876 0 0.0908333 0.0775 0 2795.33 -65.8898 0 0.306384 
25000 108.292 231.909 0.473341 0 0 111.866 106.945 0 0.0830556 0.0736111 0 2809.02 -67.7744 0 0.308065 
25100 108.192 235.031 0.470993 0 0 111.814 106.86 0 0.085 0.075 0 2822.41 -66.2801 0 0.309163 
25200 107.929 232.771 0.471683 0 0 111.652 106.626 0 0.0827778 0.0727778 0 2835.76 -67.7603 0 0.309436 
25300 107.979 234.593 0.470664 0 0 111.723 106.681 0 0.0905556 0.0813889 0 2849.18 -68.4188 0 0.30997 
25400 108.083 231.461 0.473253 0 0 111.744 106.736 0 0.0788889 0.0719444 0 2862.46 -69.3562 0 0.309725 
25500 108.052 233.862 0.471583 0 0 111.674 106.67 0 0.0794444 0.0725 0 2875.78 -68.5919 0 0.309323 
25600 108.06 234.416 0.471211 0 0 111.718 106.724 0 0.0916667 0.0808333 0 2889.15 -69.8862 0 0.309548 
25700 107.996 233.583 0.471856 0 0 111.688 106.656 0 0.0855556 0.0758333 0 2902.47 -70.4646 0 0.309869 
25800 108.122 230.43 0.474102 0 0 111.706 106.738 0 0.0838889 0.0769444 0 2915.76 -69.888 0 0.309994 
25900 108.039 230.572 0.473775 0 0 111.706 106.691 0 0.0713889 0.0655556 0 2928.99 -70.8517 0 0.310219 
26000 108.086 233.733 0.471602 0 0 111.721 106.738 0 0.08 0.0713889 0 2942.39 -70.7897 0 0.310292 
26100 108.05 233.343 0.471857 0 0 111.656 106.692 0 0.0830556 0.0744444 0 2955.49 -70.4267 0 0.310122 
26200 108.068 232.77 0.472174 0 0 111.68 106.714 0 0.095 0.0861111 0 2968.76 -70.211 0 0.310012 
26300 108.099 230.526 0.474156 0 0 111.726 106.769 0 0.0872222 0.0780556 0 2982.12 -70.0113 0 0.309796 
26400 108.112 230.831 0.474285 0 0 111.774 106.782 0 0.0919444 0.085 0 2995.51 -68.1149 0 0.309566 
26500 108.195 232.814 0.473841 0 0 111.823 106.876 0 0.0927778 0.0841667 0 3008.91 -70.8859 0 0.309458 
26600 108.175 230.881 0.475581 0 0 111.793 106.806 0 0.0761111 0.0691667 0 3022.29 -71.3516 0 0.309942 
26700 108.315 232.86 0.47527 0 0 111.895 106.993 0 0.108333 0.0952778 0 3035.72 -73.5291 0 0.310185 
26800 108.272 229.546 0.477515 0 0 111.847 106.901 0 0.100556 0.0905556 0 3049.29 -74.9897 0 0.310558 
26900 108.302 229.385 0.478753 0 0 111.937 106.986 0 0.0755556 0.0663889 0 3062.69 -75.5615 0 0.31127 
27000 108.408 228.365 0.480212 0 0 111.974 107.047 0 0.0838889 0.0752778 0 3076.31 -73.7868 0 0.311959 
27100 108.489 229.386 0.48072 0 0 112.053 107.134 0 0.085 0.0747222 0 3090.09 -74.3744 0 0.312761 
27200 108.41 230.117 0.481492 0 0 112.059 107.048 0 0.0838889 0.0780556 0 3103.96 -75.2147 0 0.313719 
27300 108.577 225.909 0.487255 0 0 112.215 107.229 0 0.0933333 0.085 0 3118.18 -72.4132 0 0.314741 
27400 108.59 225.627 0.489108 0 0 112.294 107.31 0 0.0847222 0.0786111 0 3132.19 -73.0991 0 0.315637 
27500 108.423 225.567 0.489608 0 0 112.202 107.143 0 0.0980556 0.0891667 0 3146.28 -75.0938 0 0.317232 
27600 108.397 224.159 0.491083 0 0 112.189 107.087 0 0.0888889 0.0794444 0 3160.45 -74.9189 0 0.318213 
27700 108.526 225.502 0.492113 0 0 112.318 107.206 0 0.0897222 0.08 0 3174.65 -73.3715 0 0.319501 
27800 108.505 223.971 0.492473 0 0 112.292 107.233 0 0.0869444 0.0808333 0 3188.66 -75.4004 0 0.320825 
27900 108.708 224.615 0.494142 0 0 112.437 107.377 0 0.0902778 0.0833333 0 3202.82 -74.2561 0 0.321925 
28000 108.718 223.746 0.494941 0 0 112.499 107.408 0 0.0811111 0.0719444 0 3216.86 -74.3838 0 0.322723 
28100 108.761 223.489 0.495235 0 0 112.551 107.492 0 0.0880556 0.0794444 0 3230.86 -73.6968 0 0.323568 
28200 108.946 223.563 0.496085 0 0 112.596 107.547 0 0.08 0.0688889 0 3244.8 -73.3465 0 0.32386 
28300 108.905 224.065 0.495618 0 0 112.672 107.624 0 0.0927778 0.0813889 0 3258.89 -71.3306 0 0.323873 
28400 108.864 223.297 0.496529 0 0 112.568 107.576 0 0.0861111 0.0766667 0 3272.93 -68.9105 0 0.324069 
28500 108.949 225.506 0.495731 0 0 112.683 107.629 0 0.0880556 0.0805556 0 3286.87 -69.6314 0 0.324025 
28600 108.911 221.632 0.497583 0 0 112.703 107.692 0 0.0930556 0.0841667 0 3300.97 -70.1797 0 0.324362 
28700 108.922 221.751 0.49796 0 0 112.604 107.588 0 0.0755556 0.0677778 0 3314.91 -68.7933 0 0.324626 
28800 108.85 223.689 0.496361 0 0 112.59 107.59 0 0.100833 0.0927778 0 3328.82 -67.2286 0 0.324951 
28900 108.86 224.331 0.496562 0 0 112.561 107.511 0 0.0836111 0.0741667 0 3342.69 -67.9673 0 0.324985 
29000 109.05 221.351 0.498851 0 0 112.751 107.751 0 0.0936111 0.0858333 0 3356.77 -66.562 0 0.32525 
29100 109.203 221.433 0.499293 0 0 112.775 107.791 0 0.0875 0.08 0 3370.86 -66.8865 0 0.325331 
29200 109.118 221.508 0.498839 0 0 112.862 107.853 0 0.0863889 0.0797222 0 3384.99 -68.3447 0 0.32577 
29300 109.24 223.619 0.498266 0 0 112.939 107.94 0 0.0855556 0.0777778 0 3398.85 -68.7356 0 0.325766 
29400 109.288 221.306 0.499365 0 0 112.908 107.927 0 0.0977778 0.0880556 0 3412.84 -66.8093 0 0.326151 
29500 109.178 221.466 0.499309 0 0 112.919 107.875 0 0.0930556 0.0833333 0 3426.93 -64.3165 0 0.326305 
29600 109.165 223.283 0.497673 0 0 112.961 107.879 0 0.0916667 0.0822222 0 3440.86 -65.8993 0 0.326036 
29700 109.375 220.315 0.500374 0 0 113.07 108.043 0 0.0827778 0.0744444 0 3454.81 -68.0061 0 0.325927 
29800 109.374 222.704 0.498836 0 0 113.057 108.028 0 0.0833333 0.0741667 0 3468.68 -69.2206 0 0.326219 
29900 109.35 220.902 0.500331 0 0 113.032 107.987 0 0.0813889 0.0755556 0 3482.53 -70.8206 0 0.326187 
30000 109.356 222.523 0.499162 0 0 113.06 108.03 0 0.0980556 0.0888889 0 3496.6 -71.2583 0 0.326108 
30100 109.312 220.095 0.500394 0 0 113.093 108.038 0 0.0863889 0.0788889 0 3510.61 -70.0655 0 0.326399 
30200 109.489 221.379 0.500163 0 0 113.201 108.198 0 0.0913889 0.0819444 0 3524.54 -66.6411 0 0.326246 
30300 109.29 222.304 0.499066 0 0 113.04 107.979 0 0.0863889 0.0761111 0 3538.26 -67.4159 0 0.32632 
30400 109.374 220.173 0.500849 0 0 113.137 108.077 0 0.0858333 0.0766667 0 3552.14 -67.6348 0 0.32641 
30500 109.267 221.617 0.499679 0 0 113.085 107.994 0 0.0958333 0.0866667 0 3566.11 -67.4122 0 0.326595 
30600 109.388 222.779 0.499311 0 0 113.151 108.096 0 0.0872222 0.0766667 0 3580.2 -69.54 0 0.326735 
30700 109.309 221.402 0.500024 0 0 113.112 108.033 0 0.0913889 0.0819444 0 3594.17 -69.2711 0 0.326837 
30800 109.474 221.618 0.500727 0 0 113.131 108.116 0 0.0813889 0.0725 0 3608.31 -69.8904 0 0.326854 
30900 109.376 221.676 0.500522 0 0 113.084 108.032 0 0.0927778 0.0811111 0 3622.34 -73.5554 0 0.326857 
31000 109.238 221.502 0.499885 0 0 112.973 107.904 0 0.0816667 0.075 0 3636.12 -73.14 0 0.326924 
31100 109.31 222.087 0.499886 0 0 113.055 107.957 0 0.0833333 0.0733333 0 3649.98 -70.7902 0 0.326559 
31200 109.405 221.247 0.500604 0 0 113.085 108.051 0 0.0919444 0.0816667 0 3663.82 -68.5373 0 0.326822 
31300 109.242 221.685 0.500128 0 0 113.064 107.941 0 0.0891667 0.0791667 0 3677.83 -70.5104 0 0.327016 
31400 109.364 222.234 0.500072 0 0 113.113 108.055 0 0.0908333 0.08 0 3691.93 -71.0623 0 0.326908 
31500 109.303 220.908 0.500536 0 0 113.134 108.034 0 0.0922222 0.0819444 0 3706.06 -71.1201 0 0.32716 
31600 109.677 221.427 0.501876 0 0 113.332 108.298 0 0.0969444 0.0888889 0 3719.96 -71.725 0 0.327555 
31700 109.523 220.501 0.501503 0 0 113.328 108.26 0 0.0922222 0.0822222 0 3733.93 -71.6311 0 0.327603 
31800 109.511 221.026 0.501643 0 0 113.278 108.239 0 0.0977778 0.0872222 0 3748.01 -72.8074 0 0.327198 
31900 109.649 221.754 0.501418 0 0 113.409 108.336 0 0.0863889 0.0777778 0 3761.93 -71.5645 0 0.327672 
32000 109.668 222.119 0.502041 0 0 113.319 108.314 0 0.0891667 0.0813889 0 3775.79 -72.5164 0 0.327678 
32100 109.556 220.455 0.502075 0 0 113.343 108.261 0 0.0902778 0.0816667 0 3789.79 -70.5476 0 0.327724 
32200 109.424 221.585 0.501313 0 0 113.221 108.14 0 0.0919444 0.0822222 0 3803.66 -71.5322 0 0.327567 
32300 109.535 223.131 0.501018 0 0 113.272 108.211 0 0.0844444 0.0769444 0 3817.51 -71.9651 0 0.328076 
32400 109.653 221.96 0.501888 0 0 113.361 108.309 0 0.0855556 0.0761111 0 3831.46 -70.3767 0 0.327778 
32500 109.711 220.586 0.502634 0 0 113.467 108.426 0 0.0969444 0.0877778 0 3845.43 -74.412 0 0.327603 
32600 109.655 221.331 0.502047 0 0 113.403 108.371 0 0.0894444 0.0794444 0 3859.21 -76.1876 0 0.327528 
32700 109.899 221.722 0.502759 0 0 113.497 108.498 0 0.0922222 0.0830556 0 3873.36 -75.0312 0 0.327776 
32800 109.851 222.319 0.502274 0 0 113.516 108.459 0 0.0888889 0.0802778 0 3887.45 -76.8457 0 0.327449 
32900 109.802 221.012 0.502561 0 0 113.53 108.559 0 0.0802778 0.0744444 0 3901.35 -79.9714 0 0.327783 
33000 109.831 221.019 0.502377 0 0 113.529 108.504 0 0.0975 0.0883333 0 3915.19 -79.6869 0 0.327633 
33100 109.792 221.138 0.502895 0 0 113.461 108.453 0 0.0944444 0.0841667 0 3929.05 -78.7559 0 0.327771 
33200 109.863 223.116 0.502132 0 0 113.499 108.492 0 0.0944444 0.0855556 0 3943.01 -77.9465 0 0.327658 
33300 109.975 221.374 0.502774 0 0 113.609 108.671 0 0.0788889 0.0716667 0 3957.15 -77.1488 0 0.32809 
33400 109.926 221.209 0.502805 0 0 113.603 108.616 0 0.0955556 0.0852778 0 3971.09 -76.5924 0 0.32773 
33500 109.847 220.44 0.503101 0 0 113.636 108.618 0 0.0955556 0.0866667 0 3984.98 -73.6185 0 0.328262 
33600 110.146 220.641 0.503516 0 0 113.79 108.825 0 0.0855556 0.0777778 0 3998.87 -72.0749 0 0.328519 
33700 110.308 219.869 0.504597 0 0 113.897 108.941 0 0.0847222 0.0752778 0 4012.99 -73.992 0 0.328445 
33800 110.181 221.239 0.503506 0 0 113.855 108.864 0 0.0744444 0.0655556 0 4026.7 -74.0688 0 0.328378 
33900 110.276 220.126 0.50422 0 0 113.933 108.986 0 0.0963889 0.0880556 0 4040.51 -74.0827 0 0.328618 
34000 110.687 221.17 0.504912 0 0 114.151 109.265 0 0.0880556 0.0755556 0 4054.6 -71.7838 0 0.328373 
34100 110.449 220.133 0.504708 0 0 114.071 109.18 0 0.0888889 0.0802778 0 4068.31 -71.4807 0 0.328412 
34200 110.527 221.011 0.504666 0 0 114.138 109.238 0 0.095 0.0847222 0 4082.39 -72.445 0 0.328607 
34300 110.612 222.118 0.504483 0 0 114.179 109.237 0 0.0794444 0.0741667 0 4096.33 -72.1564 0 0.328836 
34400 110.6 220.902 0.505136 0 0 114.214 109.292 0 0.0927778 0.0833333 0 4110.47 -70.3725 0 0.329198 
34500 110.537 219.794 0.505585 0 0 114.148 109.242 0 0.1025 0.0941667 0 4124.24 -69.428 0 0.329536 
34600 110.565 220.456 0.504874 0 0 114.188 109.248 0 0.0894444 0.0822222 0 4138.06 -69.8038 0 0.329593 
34700 110.764 221.049 0.50535 0 0 114.369 109.486 0 0.0780556 0.07 0 4152.1 -68.3637 0 0.329984 
34800 110.697 222.258 0.504446 0 0 114.361 109.427 0 0.0933333 0.0838889 0 4165.84 -67.8608 0 0.329873 
34900 110.83 222.776 0.504656 0 0 114.384 109.475 0 0.0869444 0.0811111 0 4179.64 -67.8809 0 0.329601 
35000 110.846 221.488 0.505384 0 0 114.407 109.516 0 0.0902778 0.0813889 0 4193.61 -69.1166 0 0.329653 
35100 110.83 221.072 0.505365 0 0 114.405 109.521 0 0.0875 0.0783333 0 4207.37 -69.1469 0 0.329645 
35200 111.065 221.605 0.506276 0 0 114.591 109.692 0 0.0933333 0.0813889 0 4221.66 -67.9084 0 0.329486 
35300 111.066 220.866 0.506563 0 0 114.546 109.663 0 0.0872222 0.0769444 0 4235.23 -67.8134 0 0.329547 
35400 110.942 219.51 0.506495 0 0 114.571 109.617 0 0.09 0.0791667 0 4249.39 -66.6874 0 0.329536 
35500 111.087 219.77 0.506869 0 0 114.664 109.75 0 0.0788889 0.0694444 0 4263.65 -65.9802 0 0.329512 
35600 111.094 222.525 0.505796 0 0 114.717 109.826 0 0.0825 0.0733333 0 4277.55 -66.9385 0 0.329653 
35700 111.006 221.675 0.506369 0 0 114.636 109.679 0 0.0938889 0.0836111 0 4291.92 -61.9627 0 0.32962 
35800 110.849 220.297 0.506206 0 0 114.494 109.576 0 0.0894444 0.0791667 0 4305.57 -61.3832 0 0.329938 
35900 111.02 220.824 0.506454 0 0 114.594 109.676 0 0.0888889 0.0783333 0 4319.69 -61.2952 0 0.329923 
36000 111.102 219.456 0.507538 0 0 114.693 109.834 0 0.0894444 0.0794444 0 4333.83 -59.588 0 0.329824 
36100 111.23 220.719 0.507429 0 0 114.759 109.873 0 0.0916667 0.0872222 0 4348.37 -57.2062 0 0.330077 
36200 111.261 220.828 0.507783 0 0 114.762 109.892 0 0.0783333 0.0713889 0 4362.34 -57.7806 0 0.330366 
36300 111.144 221.656 0.507451 0 0 114.671 109.74 0 0.0927778 0.0844444 0 4376.49 -56.1739 0 0.330019 
36400 110.993 219.381 0.507855 0 0 114.617 109.694 0 0.0908333 0.0825 0 4390.87 -52.5312 0 0.330608 
36500 111.067 220.342 0.507204 0 0 114.619 109.79 0 0.09 0.0825 0 4405.13 -52.8319 0 0.331174 
36600 111.161 220.512 0.507522 0 0 114.708 109.878 0 0.0880556 0.0791667 0 4419.26 -52.8261 0 0.331083 
36700 111.108 224.035 0.506652 0 0 114.66 109.797 0 0.103611 0.0938889 0 4432.86 -50.5042 0 0.330739 
36800 111.225 218.912 0.508921 0 0 114.673 109.84 0 0.0908333 0.0830556 0 4447.61 -48.9072 0 0.331147 
36900 111.261 220.376 0.508374 0 0 114.745 109.91 0 0.0816667 0.0744444 0 4461.77 -48.5366 0 0.331214 
37000 111.146 220.809 0.507797 0 0 114.723 109.837 0 0.0905556 0.0830556 0 4475.66 -50.6586 0 0.331242 
37100 111.267 219.56 0.508715 0 0 114.827 109.953 0 0.0908333 0.0825 0 4489.77 -50.1374 0 0.33117 
37200 111.104 219.166 0.509201 0 0 114.651 109.729 0 0.0877778 0.0794444 0 4504.07 -47.8115 0 0.331761 
37300 111.204 220.002 0.508844 0 0 114.691 109.861 0 0.0972222 0.0844444 0 4517.83 -50.0502 0 0.331778 
37400 111.168 219.971 0.508601 0 0 114.699 109.848 0 0.0819444 0.0736111 0 4532.21 -48.7494 0 0.331236 
37500 111.212 220.15 0.508865 0 0 114.765 109.902 0 0.0888889 0.0783333 0 4546.1 -49.156 0 0.331042 
37600 111.108 219.774 0.508224 0 0 114.684 109.821 0 0.0894444 0.0816667 0 4559.77 -50.6702 0 0.330967 
37700 111.195 219.226 0.509028 0 0 114.691 109.859 0 0.0947222 0.0838889 0 4574.2 -49.1794 0 0.330715 
37800 111.111 219.25 0.508938 0 0 114.67 109.796 0 0.0997222 0.0883333 0 4588.32 -47.9374 0 0.330666 
37900 111.138 220.601 0.508334 0 0 114.699 109.821 0 0.0880556 0.0780556 0 4602.51 -49.4006 0 0.33112 
38000 111.124 219.989 0.508723 0 0 114.704 109.788 0 0.0841667 0.0769444 0 4616.33 -49.2343 0 0.331077 
38100 111.196 220.081 0.509001 0 0 114.705 109.827 0 0.0888889 0.0811111 0 4630.64 -44.2256 0 0.331009 
38200 111.144 220.326 0.508563 0 0 114.776 109.839 0 0.0938889 0.085 0 4644.38 -47.3573 0 0.331202 
38300 111.221 219.348 0.50945 0 0 114.782 109.902 0 0.0844444 0.0761111 0 4657.89 -48.4275 0 0.331305 
38400 111.186 218.436 0.509702 0 0 114.789 109.823 0 0.0880556 0.0786111 0 4671.51 -51.1628 0 0.331307 
38500 111.24 219.481 0.509101 0 0 114.879 109.972 0 0.0894444 0.0805556 0 4685.09 -52.6411 0 0.331566 
38600 111.376 220.066 0.509429 0 0 114.787 109.983 0 0.0877778 0.0769444 0 4698.93 -51.3092 0 0.33133 
38700 111.38 219.164 0.509661 0 0 114.848 110.059 0 0.0902778 0.0788889 0 4712.58 -53.7905 0 0.331447 
38800 111.187 220.172 0.509057 0 0 114.712 109.909 0 0.0938889 0.0841667 0 4726.32 -52.6463 0 0.331353 
38900 111.371 219.725 0.509418 0 0 114.826 110.019 0 0.0966667 0.0836111 0 4739.93 -51.5554 0 0.331563 
39000 111.362 219.412 0.509823 0 0 114.794 109.985 0 0.0941667 0.0858333 0 4754.09 -49.1717 0 0.331128 
39100 111.294 219.899 0.508845 0 0 114.793 109.957 0 0.0963889 0.0841667 0 4767.98 -50.2538 0 0.331818 
39200 111.246 219.362 0.509278 0 0 114.754 109.865 0 0.0930556 0.0841667 0 4782 -51.279 0 0.331185 
39300 111.27 219.646 0.509199 0 0 114.756 109.907 0 0.0833333 0.0741667 0 4795.84 -48.808 0 0.331126 
39400 111.413 218.875 0.51005 0 0 114.863 110.04 0 0.0847222 0.0758333 0 4809.35 -51.1952 0 0.33081 
39500 111.449 221.113 0.509078 0 0 114.933 110.081 0 0.0830556 0.0741667 0 4822.79 -51.2215 0 0.33121 
39600 111.395 220.003 0.509503 0 0 114.899 110.048 0 0.0813889 0.0736111 0 4836.91 -50.4476 0 0.331121 
39700 111.423 220.024 0.50947 0 0 114.95 110.113 0 0.0919444 0.0819444 0 4850.79 -52.2085 0 0.331746 
39800 111.526 219.999 0.510251 0 0 114.933 110.134 0 0.0847222 0.0775 0 4864.68 -53.3876 0 0.332086 
39900 111.463 219.628 0.510301 0 0 114.966 110.12 0 0.0852778 0.0752778 0 4878.21 -55.6666 0 0.332142 
40000 111.594 220.885 0.509804 0 0 115.049 110.228 0 0.0766667 0.0702778 0 4891.66 -61.8347 0 0.332214 
40100 111.554 219.662 0.510234 0 0 114.981 110.172 0 0.0911111 0.0805556 0 4905.77 -62.0074 0 0.332164 
40200 111.566 219.738 0.510298 0 0 115.096 110.231 0 0.0944444 0.0827778 0 4919.96 -64.8188 0 0.332064 
40300 111.694 220.78 0.510193 0 0 115.165 110.325 0 0.0925 0.0811111 0 4933.84 -66.7339 0 0.331852 
40400 111.588 219.602 0.510397 0 0 115.093 110.27 0 0.0975 0.0872222 0 4947.59 -70.4164 0 0.332029 
40500 111.58 218.81 0.510905 0 0 115.07 110.208 0 0.0894444 0.0802778 0 4961.11 -71.276 0 0.331469 
40600 111.56 218.663 0.510854 0 0 115.085 110.242 0 0.0858333 0.0777778 0 4975.18 -71.8949 0 0.331419 
40700 111.536 220.294 0.509724 0 0 115.095 110.219 0 0.0955556 0.0852778 0 4988.86 -72.9466 0 0.331417 
40800 111.514 219.566 0.510177 0 0 115.002 110.214 0 0.0894444 0.08 0 5002.69 -74.5202 0 0.331453 
40900 111.638 221.304 0.510341 0 0 115.068 110.282 0 0.0894444 0.0822222 0 5017.24 -70.4793 0 0.331532 
41000 111.786 218.616 0.511921 0 0 115.16 110.401 0 0.0922222 0.0830556 0 5030.7 -70.3195 0 0.331953 
41100 111.822 218.979 0.512181 0 0 115.122 110.424 0 0.0869444 0.0805556 0 5044.95 -69.058 0 0.33223 
41200 111.751 219.061 0.512024 0 0 115.076 110.362 0 0.0752778 0.0680556 0 5058.65 -69.4057 0 0.332428 
41300 111.97 221.241 0.511662 0 0 115.237 110.645 0 0.0930556 0.0847222 0 5072.53 -67.6371 0 0.332566 
41400 111.972 219.788 0.512329 0 0 115.228 110.624 0 0.109167 0.0977778 0 5086.79 -68.4838 0 0.332708 
41500 112.071 219.425 0.513104 0 0 115.239 110.71 0 0.0922222 0.0847222 0 5100.38 -68.0239 0 0.333224 
41600 112.117 219.323 0.514032 0 0 115.262 110.755 0 0.0869444 0.0755556 0 5114.83 -62.2596 0 0.333658 
41700 112.3 218.876 0.514876 0 0 115.408 110.999 0 0.0877778 0.0763889 0 5129.02 -62.0987 0 0.334059 
41800 112.434 218.946 0.515736 0 0 115.424 111.1 0 0.0863889 0.0761111 0 5143.71 -55.4325 0 0.334618 
41900 112.454 219.232 0.517157 0 0 115.414 111.092 0 0.0877778 0.0794444 0 5158.87 -54.5204 0 0.334903 
42000 112.509 218.56 0.518196 0 0 115.444 111.139 0 0.085 0.0761111 0 5173.96 -51.7952 0 0.335497 
42100 112.616 217.584 0.520254 0 0 115.569 111.293 0 0.0927778 0.0841667 0 5189.5 -51.2233 0 0.33591 
42200 112.806 215.864 0.52288 0 0 115.652 111.496 0 0.0922222 0.08 0 5204.99 -50.1721 0 0.336533 
42300 112.831 215.703 0.523827 0 0 115.634 111.497 0 0.0863889 0.0763889 0 5219.97 -51.7101 0 0.33717 
42400 112.74 215.221 0.524322 0 0 115.575 111.431 0 0.0913889 0.0825 0 5234.85 -53.2225 0 0.338539 
42500 112.717 215.4 0.524786 0 0 115.543 111.384 0 0.0863889 0.0780556 0 5249.56 -51.7373 0 0.339032 
42600 112.869 214.582 0.526034 0 0 115.567 111.498 0 0.0827778 0.0761111 0 5263.99 -51.4774 0 0.339827 
42700 112.767 214.798 0.525767 0 0 115.565 111.453 0 0.0838889 0.0744444 0 5278.48 -52.1461 0 0.340325 
42800 112.911 214.278 0.526934 0 0 115.63 111.576 0 0.0947222 0.0863889 0 5293.49 -50.559 0 0.34102 
42900 112.816 214.547 0.526509 0 0 115.599 111.487 0 0.0869444 0.0777778 0 5307.64 -52.9487 0 0.341168 
43000 112.846 214.237 0.52724 0 0 115.535 111.477 0 0.0902778 0.0830556 0 5322.1 -52.3138 0 0.341591 
43100 112.666 213.674 0.527154 0 0 115.433 111.34 0 0.0919444 0.0805556 0 5336.45 -53.5558 0 0.341956 
43200 112.825 213.706 0.527871 0 0 115.501 111.451 0 0.0819444 0.0752778 0 5351 -53.7614 0 0.342726 
43300 112.816 213.879 0.527885 0 0 115.523 111.468 0 0.0805556 0.0736111 0 5365.25 -55.4494 0 0.343182 
43400 112.925 214.098 0.528267 0 0 115.59 111.569 0 0.0947222 0.0855556 0 5379.49 -56.6095 0 0.343232 
43500 112.86 213.617 0.528274 0 0 115.555 111.543 0 0.0963889 0.0880556 0 5393.68 -58.5173 0 0.343434 
43600 112.811 214.098 0.527773 0 0 115.504 111.513 0 0.0925 0.085 0 5407.76 -59.9507 0 0.343484 
43700 112.72 213.89 0.527694 0 0 115.445 111.368 0 0.0877778 0.0780556 0 5422.06 -58.8704 0 0.343541 
43800 112.681 213.385 0.527982 0 0 115.448 111.393 0 0.0994444 0.09 0 5436.5 -60.2254 0 0.343255 
43900 112.589 213.276 0.527815 0 0 115.302 111.244 0 0.0833333 0.0741667 0 5450.51 -61.3118 0 0.343471 
44000 112.627 213.484 0.527756 0 0 115.336 111.285 0 0.0861111 0.0783333 0 5464.59 -61.9116 0 0.343479 
44100 112.521 213.144 0.527773 0 0 115.292 111.174 0 0.0822222 0.0752778 0 5478.85 -64.2331 0 0.343473 
44200 112.665 213.222 0.528288 0 0 115.375 111.328 0 0.0933333 0.0830556 0 5493.21 -64.9584 0 0.343261 
44300 112.687 213.472 0.528032 0 0 115.397 111.353 0 0.0969444 0.0855556 0 5507.34 -66.3045 0 0.343383 
44400 112.674 213.532 0.528013 0 0 115.401 111.34 0 0.0913889 0.0830556 0 5521.55 -68.7454 0 0.343236 
44500 112.695 213.202 0.528488 0 0 115.392 111.326 0 0.0744444 0.0663889 0 5535.69 -68.0887 0 0.34348 
44600 112.719 213.971 0.528076 0 0 115.404 111.386 0 0.0897222 0.0830556 0 5549.72 -70.279 0 0.343569 
44700 112.613 213.271 0.527961 0 0 115.346 111.292 0 0.103333 0.0930556 0 5563.78 -70.2308 0 0.343535 
44800 112.505 213.331 0.527726 0 0 115.261 111.149 0 0.0830556 0.0741667 0 5577.84 -71.4469 0 0.343374 
44900 112.389 213.074 0.527343 0 0 115.184 111.092 0 0.0861111 0.0786111 0 5592.01 -72.3224 0 0.343437 
45000 112.375 212.918 0.527577 0 0 115.161 111.047 0 0.0947222 0.0841667 0 5606.21 -73.2626 0 0.342812 
45100 112.502 213.669 0.527416 0 0 115.268 111.197 0 0.0972222 0.0872222 0 5620.39 -73.6035 0 0.342684 
45200 112.622 213.322 0.528141 0 0 115.343 111.26 0 0.0988889 0.0891667 0 5634.75 -75.45 0 0.342565 
45300 112.581 213.362 0.527975 0 0 115.344 111.242 0 0.0913889 0.0797222 0 5649.01 -74.2856 0 0.34244 
45400 112.659 213.171 0.528409 0 0 115.374 111.329 0 0.09 0.0811111 0 5663.11 -72.274 0 0.342082 
45500 112.581 213.1 0.528187 0 0 115.374 111.274 0 0.0888889 0.0811111 0 5677.5 -73.8651 0 0.342412 
45600 112.638 213.419 0.528135 0 0 115.348 111.297 0 0.102222 0.0936111 0 5691.71 -74.474 0 0.342679 
45700 112.678 213.56 0.528037 0 0 115.392 111.36 0 0.0855556 0.0761111 0 5705.74 -72.6678 0 0.342965 
45800 112.574 213.385 0.527752 0 0 115.334 111.246 0 0.0855556 0.0791667 0 5719.89 -74.0092 0 0.343405 
45900 112.621 213.203 0.528129 0 0 115.403 111.28 0 0.0991667 0.0902778 0 5734.13 -76.2472 0 0.34361 
46000 112.598 213.511 0.528129 0 0 115.375 111.237 0 0.0991667 0.0875 0 5748.22 -74.8176 0 0.343631 
46100 112.792 213.463 0.528563 0 0 115.509 111.437 0 0.102222 0.0911111 0 5762.55 -72.5147 0 0.343508 
46200 112.629 213.406 0.528046 0 0 115.374 111.261 0 0.0911111 0.0797222 0 5776.68 -73.4673 0 0.343259 
46300 112.915 213.713 0.528743 0 0 115.675 111.583 0 0.0902778 0.0811111 0 5791.29 -76.2564 0 0.343215 
46400 113.036 213.483 0.529398 0 0 115.796 111.719 0 0.0819444 0.0780556 0 5805.64 -75.9993 0 0.343587 
46500 113.067 213.496 0.529527 0 0 115.792 111.756 0 0.0908333 0.0813889 0 5819.72 -74.4173 0 0.343891 
46600 113.153 213.442 0.53009 0 0 115.874 111.824 0 0.0880556 0.0788889 0 5834.15 -73.5047 0 0.343784 
46700 113.08 213.257 0.530111 0 0 115.827 111.718 0 0.0872222 0.0788889 0 5848.33 -72.4737 0 0.344166 
46800 113.078 213.304 0.530041 0 0 115.861 111.734 0 0.0947222 0.0866667 0 5862.72 -71.3305 0 0.344274 
46900 113.119 213.58 0.529997 0 0 115.839 111.761 0 0.0911111 0.0836111 0 5877.02 -75.3629 0 0.34412 
47000 113.173 213.319 0.530409 0 0 115.906 111.796 0 0.0952778 0.0863889 0 5891.22 -73.3848 0 0.344147 
47100 113.122 213.743 0.529975 0 0 115.924 111.783 0 0.0866667 0.0808333 0 5905.52 -73.0512 0 0.344398 
47200 113.128 213.314 0.530226 0 0 115.902 111.807 0 0.0930556 0.0852778 0 5919.68 -70.9657 0 0.344397 
47300 113.138 213.7 0.530196 0 0 115.953 111.829 0 0.0969444 0.0869444 0 5934.39 -72.7183 0 0.344693 
47400 113.078 213.282 0.530124 0 0 115.858 111.789 0 0.095 0.0863889 0 5948.56 -71.1255 0 0.344789 
47500 113.124 213.505 0.530218 0 0 115.876 111.758 0 0.0938889 0.0844444 0 5962.81 -72.1413 0 0.344671 
47600 113.061 213.068 0.530466 0 0 115.858 111.679 0 0.0811111 0.0736111 0 5977.21 -74.2856 0 0.344768 
47700 113.164 213.204 0.53075 0 0 115.976 111.861 0 0.0977778 0.0863889 0 5991.54 -73.4527 0 0.344761 
47800 113.146 213.167 0.530716 0 0 115.932 111.815 0 0.100556 0.0922222 0 6005.74 -72.0573 0 0.34456 
47900 113.217 213.71 0.530622 0 0 115.941 111.877 0 0.0794444 0.0727778 0 6019.96 -74.4661 0 0.344894 
48000 113.101 213.239 0.530534 0 0 115.922 111.805 0 0.0983333 0.0883333 0 6034.49 -76.378 0 0.345093 
48100 113.208 213.265 0.531012 0 0 115.959 111.907 0 0.0997222 0.0922222 0 6048.9 -76.9893 0 0.345284 
48200 113.35 213.234 0.531524 0 0 116.084 111.982 0 0.0927778 0.0855556 0 6063.08 -77.8413 0 0.345461 
48300 113.154 213.063 0.531153 0 0 115.968 111.782 0 0.0886111 0.0797222 0 6077.25 -80.7106 0 0.345384 
48400 113.048 212.998 0.530588 0 0 115.917 111.715 0 0.101389 0.0927778 0 6091.57 -81.8028 0 0.345531 
48500 113.162 214.424 0.530594 0 0 115.901 111.768 0 0.0894444 0.0822222 0 6105.77 -80.8254 0 0.345266 
48600 113.078 213.064 0.530687 0 0 115.864 111.742 0 0.0852778 0.0736111 0 6120.12 -81.3317 0 0.345105 
48700 112.971 212.923 0.530442 0 0 115.801 111.664 0 0.0919444 0.0811111 0 6134.41 -80.5567 0 0.344792 
48800 113.16 213.486 0.531136 0 0 115.844 111.798 0 0.0963889 0.0841667 0 6148.76 -80.9182 0 0.34482 
48900 112.971 212.633 0.531233 0 0 115.733 111.639 0 0.0883333 0.0783333 0 6163.22 -81.0995 0 0.344273 
49000 113.059 213.436 0.531435 0 0 115.787 111.702 0 0.0852778 0.0766667 0 6177.3 -81.9649 0 0.344681 
49100 112.985 212.547 0.531487 0 0 115.744 111.628 0 0.0991667 0.0902778 0 6191.65 -82.9499 0 0.344735 
49200 112.964 212.743 0.531351 0 0 115.73 111.626 0 0.0855556 0.0780556 0 6205.96 -83.8585 0 0.345138 
49300 113.102 212.657 0.531793 0 0 115.832 111.754 0 0.0938889 0.0880556 0 6220.29 -83.2666 0 0.345199 
49400 113.043 213.248 0.53135 0 0 115.732 111.663 0 0.0852778 0.0780556 0 6234.19 -83.482 0 0.345266 
49500 112.858 212.477 0.531082 0 0 115.648 111.561 0 0.0805556 0.0741667 0 6248.52 -82.1626 0 0.345143 
49600 112.848 212.48 0.531147 0 0 115.613 111.518 0 0.0888889 0.0786111 0 6262.69 -83.9232 0 0.345037 
49700 112.665 212.397 0.530595 0 0 115.471 111.376 0 0.0888889 0.0816667 0 6276.32 -82.5692 0 0.344722 
49800 112.644 212.542 0.530451 0 0 115.495 111.405 0 0.109722 0.1 0 6290.62 -83.6456 0 0.344594 
49900 112.53 212.351 0.530194 0 0 115.332 111.222 0 0.0966667 0.0866667 0 6304.68 -86.3741 0 0.345011 
50000 112.592 212.468 0.530448 0 0 115.436 111.265 0 0.0925 0.0825 0 6319.2 -88.2451 0 0.34491 
