# Avida Dominant Data
# Mon Jun  4 16:56:47 2018
#  1: Update
#  2: Average Merit of the Dominant Genotype
#  3: Average Gestation Time of the Dominant Genotype
#  4: Average Fitness of the Dominant Genotype
#  5: Repro Rate?
#  6: Size of Dominant Genotype
#  7: Copied Size of Dominant Genotype
#  8: Executed Size of Dominant Genotype
#  9: Abundance of Dominant Genotype
# 10: Number of Births
# 11: Number of Dominant Breed True?
# 12: Dominant Gene Depth
# 13: Dominant Breed In
# 14: Max Fitness?
# 15: Genotype ID of Dominant Genotype
# 16: Name of the Dominant Genotype

0 0 0 0 0 100 0 0 3600 0 0 0 0 2.22507e-308 1 100-aaaaa 
100 97 389 0.249357 0.00257069 100 100 0 1386 95 68 0 0 0.249357 1 100-aaaaa 
200 97 389 0.249357 0.00257069 100 100 0 472 10 6 0 0 0.249357 1 100-aaaaa 
300 97 389 0.249357 0.00257069 100 100 0 227 4 0 0 0 0.249357 1 100-aaaaa 
400 97 389 0.249357 0.00257069 100 100.001 0 89 9 6 0 0 0.249357 1 100-aaaaa 
500 96 385 0.249351 0.0025974 99 99.24 0 49 3 3 1 0 0.249351 17 099-aaaaa 
600 96 385 0.249351 0.0025974 99 99.2223 0 26 2 0 1 0 0.249351 17 099-aaaaa 
700 96 385 0.249351 0.0025974 99 99.2137 0 25 2 2 1 0 0.249351 17 099-aaaaa 
800 96 380 0.252632 0.00263158 99 99 0 22 4 4 4 0 0.252632 35412 099-aabhq 
900 93 370 0.251351 0.0027027 96 96.2069 0 16 3 1 8 0 0.251351 47114 096-aaaaw 
1000 94 373 0.252011 0.00268097 97 97 0 18 3 3 9 0 0.252011 46101 097-aaafj 
1100 96 370 0.259459 0.0027027 99 99 0 14 0 0 14 0 0.259459 52198 099-aabwj 
1200 96 370 0.259459 0.0027027 99 99 0 20 3 2 14 0 0.259459 52198 099-aabwj 
1300 98 386 0.253886 0.00259067 101 101 0 15 1 1 9 0 0.253886 51384 101-aabzj 
1400 95 375 0.253333 0.00266667 98 97.9895 0 20 1 1 11 0 0.253333 67481 098-aabeb 
1500 98 385 0.254545 0.0025974 102 102 0 18 0 0 17 0 0.254545 70541 102-aabah 
1600 99 386 0.256477 0.00259067 102 101.966 0 17 0 0 9 0 0.256477 81238 102-aabgj 
1700 95 373 0.254692 0.00268097 98 98 0 13 0 0 8 0 0.254692 72866 098-aabdz 
1800 160.9 372 0.432527 0.00268817 100 100 0 37 1 1 15 0 0.521505 96673 100-aafau 
1900 129.155 372 0.347192 0.00268817 100 100 0 42 2 2 16 0 0.521505 100074 100-aafcu 
2000 121.577 372 0.326819 0.00268817 100 100 0 23 4 2 16 0 0.521505 100074 100-aafcu 
2100 116.654 368 0.316995 0.00271739 100 100 0 31 3 3 16 0 0.527174 99213 100-aafbw 
2200 105.776 368 0.287436 0.00271739 100 100 0 22 1 1 17 0 0.527174 106977 100-aafip 
2300 94 362 0.259669 0.00276243 97 97 0 17 4 4 22 0 0.259669 130296 097-aabig 
2400 104.449 365 0.286161 0.00273973 100 100 0 15 0 0 24 0 0.41036 132066 100-aagmw 
2500 100.424 362 0.277414 0.00276243 99 99 0 18 5 5 22 0 0.353071 134598 099-aaeag 
2600 99.0337 362 0.273574 0.00276243 98 98.0237 0 17 2 2 19 0 0.347221 139488 098-aackc 
2700 94 359 0.261838 0.00278552 97 97 0 17 2 2 24 0 0.261838 142552 097-aablk 
2800 96 368 0.26087 0.00271739 100 100 0 19 2 2 33 0 0.26087 156390 100-aahou 
2900 102.913 376 0.273705 0.00265957 102 101.979 0 19 0 0 24 0 0.331036 155787 102-aacuq 
3000 102.992 376 0.273916 0.00265957 102 101.989 0 29 4 4 24 0 0.343419 155787 102-aacuq 
3100 103.211 369 0.279703 0.00271003 101 100.986 0 25 1 1 24 0 0.350662 168168 101-aafwm 
3200 101.755 376 0.270626 0.00265957 101 101 0 28 1 1 24 0 0.36304 156645 101-aafkh 
3300 97 364 0.266484 0.00274725 100 99.9858 0 33 2 2 29 0 0.266484 180519 100-aainq 
3400 101.295 364 0.278282 0.00274725 100 99.9892 0 33 2 1 33 0 0.357999 174817 100-aaiho 
3500 101.116 364 0.277791 0.00274725 100 99.9927 0 48 3 3 33 0 0.357999 174817 100-aaiho 
3600 98.2413 363 0.270637 0.00275482 98 98.0101 0 36 1 1 25 0 0.331705 185592 098-aadme 
3700 98.217 363 0.27057 0.00275482 98 98.0059 0 37 4 3 25 0 0.331705 185592 098-aadme 
3800 98.2692 363 0.270714 0.00275482 98 98.0038 0 43 2 2 25 0 0.331705 185592 098-aadme 
3900 94 358 0.26257 0.0027933 98 98.0051 0 42 5 1 27 0 0.26257 186174 098-aadmv 
4000 100 280 0.357143 0.00357143 104 103.995 0 236 18 18 38 0 0.357143 193454 104-aaaxv 
4100 100 280 0.357143 0.00357143 104 103.999 0 777 72 66 38 0 0.357143 193454 104-aaaxv 
4200 100 280 0.357143 0.00357143 104 104 0 1512 75 66 38 0 0.357143 193454 104-aaaxv 
4300 100 280 0.357143 0.00357143 104 104 0 2231 159 140 38 0 0.357143 193454 104-aaaxv 
4400 100 280 0.357143 0.00357143 104 104 0 2377 186 165 38 0 0.357143 193454 104-aaaxv 
4500 100 280 0.357143 0.00357143 104 104 0 2240 172 145 38 0 0.357143 193454 104-aaaxv 
4600 100 280 0.357143 0.00357143 104 104 0 2175 181 164 38 0 0.357143 193454 104-aaaxv 
4700 100 280 0.357143 0.00357143 104 104 0 2005 142 125 38 0 0.357143 193454 104-aaaxv 
4800 100 280 0.357143 0.00357143 104 104 0 1711 161 143 38 0 0.357143 193454 104-aaaxv 
4900 100 280 0.357143 0.00357143 104 104 0 1402 112 96 38 0 0.357143 193454 104-aaaxv 
5000 100 280 0.357143 0.00357143 104 104 0 1288 107 100 38 0 0.357143 193454 104-aaaxv 
5100 101.164 263 0.384653 0.00380228 100 99.9999 0 1371 106 87 29 0 0.730038 200095 100-aajig 
5200 100.528 263 0.382236 0.00380228 100 99.9999 0 1351 128 112 29 0 0.730038 200095 100-aajig 
5300 100.102 263 0.380617 0.00380228 100 99.9999 0 1381 113 104 29 0 0.730038 200095 100-aajig 
5400 99.7485 263 0.379272 0.00380228 100 100 0 1354 128 113 29 0 0.730038 200095 100-aajig 
5500 99.4757 263 0.378235 0.00380228 100 100 0 1486 118 107 29 0 0.730038 200095 100-aajig 
5600 99.2489 263 0.377372 0.00380228 100 100 0 1482 106 96 29 0 0.730038 200095 100-aajig 
5700 99.0622 263 0.376662 0.00380228 100 100 0 1516 122 108 29 0 0.730038 200095 100-aajig 
5800 98.91 263 0.376084 0.00380228 100 100 0 1606 121 108 29 0 0.730038 200095 100-aajig 
5900 98.7798 263 0.375588 0.00380228 100 100 0 1546 111 98 29 0 0.730038 200095 100-aajig 
6000 98.6695 263 0.375169 0.00380228 100 100 0 1677 120 108 29 0 0.730038 200095 100-aajig 
6100 98.5771 263 0.374818 0.00380228 100 100 0 1544 118 97 29 0 0.730038 200095 100-aajig 
6200 98.5011 263 0.374529 0.00380228 100 100 0 1431 128 115 29 0 0.730038 200095 100-aajig 
6300 98.4364 263 0.374283 0.00380228 100 100 0 1424 130 110 29 0 0.730038 200095 100-aajig 
6400 98.3781 263 0.374061 0.00380228 100 100 0 1387 108 98 29 2 0.730038 200095 100-aajig 
6500 98.3297 263 0.373877 0.00380228 100 100 0 1283 108 95 29 0 0.730038 200095 100-aajig 
6600 98.2861 263 0.373711 0.00380228 100 100 0 1319 128 115 29 1 0.730038 200095 100-aajig 
6700 98.2464 263 0.37356 0.00380228 100 100 0 1267 93 86 29 0 0.730038 200095 100-aajig 
6800 98.2109 263 0.373425 0.00380228 100 100 0 1090 111 99 29 0 0.730038 200095 100-aajig 
6900 98.177 263 0.373296 0.00380228 100 100 0 1193 103 92 29 0 0.730038 200095 100-aajig 
7000 98.1487 263 0.373189 0.00380228 100 100 0 990 85 71 29 0 0.730038 200095 100-aajig 
7100 98.1254 263 0.3731 0.00380228 100 100 0 901 74 69 29 0 0.730038 200095 100-aajig 
7200 98.1043 263 0.37302 0.00380228 100 100 0 787 62 59 29 0 0.730038 200095 100-aajig 
7300 98.0869 263 0.372954 0.00380228 100 100 0 701 62 54 29 0 0.730038 200095 100-aajig 
7400 98.0705 263 0.372892 0.00380228 100 100 0 657 62 56 29 0 0.730038 200095 100-aajig 
7500 98.0561 263 0.372837 0.00380228 100 100 0 605 44 38 29 0 0.730038 200095 100-aajig 
7600 98.0432 263 0.372788 0.00380228 100 100 0 553 45 39 29 0 0.730038 200095 100-aajig 
7700 98.0306 263 0.37274 0.00380228 100 100 0 520 49 39 29 0 0.730038 200095 100-aajig 
7800 98.0181 263 0.372693 0.00380228 100 100 0 564 49 45 29 0 0.730038 200095 100-aajig 
7900 98.0041 263 0.372639 0.00380228 100 100 0 614 46 40 29 0 0.730038 200095 100-aajig 
8000 97.9901 263 0.372586 0.00380228 100 100 0 596 46 42 29 0 0.730038 200095 100-aajig 
8100 99.4042 263 0.377963 0.00380228 101 101 0 648 68 64 32 0 0.47399 232521 101-aahgv 
8200 99.3722 263 0.377841 0.00380228 101 101 0 728 60 52 32 0 0.47399 232521 101-aahgv 
8300 99.3396 263 0.377717 0.00380228 101 101 0 720 69 65 32 0 0.47399 232521 101-aahgv 
8400 99.3104 263 0.377606 0.00380228 101 101 0 708 60 54 32 1 0.47399 232521 101-aahgv 
8500 99.2881 263 0.377521 0.00380228 101 101 0 735 74 67 32 0 0.47399 232521 101-aahgv 
8600 99.2588 263 0.37741 0.00380228 101 101 0 766 73 68 32 0 0.47399 232521 101-aahgv 
8700 99.2255 263 0.377283 0.00380228 101 101 0 771 55 48 32 0 0.47399 232521 101-aahgv 
8800 99.1958 263 0.37717 0.00380228 101 101 0 829 65 62 32 0 0.47399 232521 101-aahgv 
8900 99.1672 263 0.377062 0.00380228 101 101 0 755 47 41 32 0 0.47399 232521 101-aahgv 
9000 99.1379 263 0.37695 0.00380228 101 101 0 935 78 68 32 0 0.47399 232521 101-aahgv 
9100 99.1105 263 0.376846 0.00380228 101 101 0 866 56 50 32 0 0.47399 232521 101-aahgv 
9200 99.0876 263 0.376759 0.00380228 101 101 0 814 79 73 32 0 0.47399 232521 101-aahgv 
9300 99.0694 263 0.37669 0.00380228 101 101 0 722 42 38 32 0 0.479939 232521 101-aahgv 
9400 99.0452 263 0.376598 0.00380228 101 101 0 780 54 46 32 0 0.479939 232521 101-aahgv 
9500 99.0205 263 0.376504 0.00380228 101 101 0 737 66 58 32 0 0.479939 232521 101-aahgv 
9600 98.9981 263 0.376419 0.00380228 101 101 0 805 63 59 32 0 0.479939 232521 101-aahgv 
9700 98.9778 263 0.376342 0.00380228 101 101 0 681 56 48 32 0 0.479939 232521 101-aahgv 
9800 98.963 263 0.376285 0.00380228 101 101 0 654 62 53 32 0 0.479939 232521 101-aahgv 
9900 98.9468 263 0.376223 0.00380228 101 101 0 689 45 39 32 0 0.479939 232521 101-aahgv 
10000 98.9326 263 0.376169 0.00380228 101 101 0 593 54 45 32 0 0.479939 232521 101-aahgv 
10100 98.9213 263 0.376127 0.00380228 101 101 0 557 47 36 32 0 0.479939 232521 101-aahgv 
10200 98.9105 263 0.376085 0.00380228 101 101 0 538 51 46 32 0 0.479939 232521 101-aahgv 
10300 98.9005 263 0.376048 0.00380228 101 101 0 559 40 35 32 0 0.479939 232521 101-aahgv 
10400 98.891 263 0.376011 0.00380228 101 101 0 499 36 34 32 1 0.479939 232521 101-aahgv 
10500 98.8828 263 0.37598 0.00380228 101 101 0 457 31 30 32 1 0.479939 232521 101-aahgv 
10600 98.8753 263 0.375952 0.00380228 101 101 0 464 41 37 32 0 0.479939 232521 101-aahgv 
10700 99.5871 263 0.378658 0.00380228 102 102 0 462 41 36 34 0 0.444347 283005 102-aaeks 
10800 99.5791 263 0.378628 0.00380228 102 102 0 417 18 15 34 0 0.444347 283005 102-aaeks 
10900 101.551 265 0.383211 0.00377358 104 103.999 0 416 39 35 37 0 0.440735 330010 104-aabmm 
11000 101.558 265 0.383236 0.00377358 104 103.999 0 375 40 37 37 0 0.440735 330010 104-aabmm 
11100 101.559 265 0.383242 0.00377358 104 104 0 457 36 33 37 0 0.472032 330010 104-aabmm 
11200 101.568 265 0.383274 0.00377358 104 104 0 527 41 39 37 0 0.472032 330010 104-aabmm 
11300 101.563 265 0.383256 0.00377358 104 104 0 557 39 36 37 0 0.472032 330010 104-aabmm 
11400 101.565 265 0.383266 0.00377358 104 104 0 584 47 46 37 0 0.472032 330010 104-aabmm 
11500 101.569 265 0.383279 0.00377358 104 104 0 691 59 52 37 0 0.472032 330010 104-aabmm 
11600 101.571 265 0.383285 0.00377358 104 104 0 717 61 56 37 0 0.472032 330010 104-aabmm 
11700 101.572 265 0.383289 0.00377358 104 104 0 726 66 57 37 0 0.472032 330010 104-aabmm 
11800 101.576 265 0.383305 0.00377358 104 104 0 711 73 66 37 0 0.472032 330010 104-aabmm 
11900 101.578 265 0.383313 0.00377358 104 104 0 678 36 31 37 0 0.472032 330010 104-aabmm 
12000 101.577 265 0.383311 0.00377358 104 104 0 635 68 63 37 0 0.472032 330010 104-aabmm 
12100 101.576 265 0.383307 0.00377358 104 104 0 614 34 32 37 0 0.472032 330010 104-aabmm 
12200 101.578 265 0.383313 0.00377358 104 104 0 676 59 56 37 0 0.472032 330010 104-aabmm 
12300 101.583 265 0.383333 0.00377358 104 104 0 880 66 60 37 0 0.472032 330010 104-aabmm 
12400 101.588 265 0.38335 0.00377358 104 104 0 803 76 67 37 0 0.472032 330010 104-aabmm 
12500 101.593 265 0.383369 0.00377358 104 104 0 717 65 60 37 0 0.472032 330010 104-aabmm 
12600 101.597 265 0.383383 0.00377358 104 104 0 722 67 62 37 0 0.472032 330010 104-aabmm 
12700 101.598 265 0.383391 0.00377358 104 104 0 606 42 36 37 0 0.472032 330010 104-aabmm 
12800 101.599 265 0.383391 0.00377358 104 104 0 644 68 63 37 0 0.472032 330010 104-aabmm 
12900 101.601 265 0.3834 0.00377358 104 104 0 608 53 48 37 0 0.472032 330010 104-aabmm 
13000 101.6 265 0.383396 0.00377358 104 104 0 639 53 43 37 0 0.472032 330010 104-aabmm 
13100 101.603 265 0.383407 0.00377358 104 104 0 572 53 47 37 0 0.472032 330010 104-aabmm 
13200 101.608 265 0.383425 0.00377358 104 104 0 621 65 60 37 0 0.472032 330010 104-aabmm 
13300 101.61 265 0.383432 0.00377358 104 104 0 591 60 58 37 0 0.472032 330010 104-aabmm 
13400 101.61 265 0.383433 0.00377358 104 104 0 711 60 55 37 0 0.472032 330010 104-aabmm 
13500 101.611 265 0.383438 0.00377358 104 104 0 794 75 69 37 0 0.472032 330010 104-aabmm 
13600 101.612 265 0.383443 0.00377358 104 104 0 923 64 58 37 0 0.472032 330010 104-aabmm 
13700 101.612 265 0.383442 0.00377358 104 104 0 875 84 77 37 0 0.472032 330010 104-aabmm 
13800 101.614 265 0.383448 0.00377358 104 104 0 949 82 75 37 0 0.472032 330010 104-aabmm 
13900 101.614 265 0.383449 0.00377358 104 104 0 1010 74 64 37 0 0.472032 330010 104-aabmm 
14000 101.615 265 0.383451 0.00377358 104 104 0 1112 92 83 37 0 0.472032 330010 104-aabmm 
14100 101.614 265 0.38345 0.00377358 104 104 0 1048 74 66 37 0 0.472032 330010 104-aabmm 
14200 101.615 265 0.383452 0.00377358 104 104 0 983 77 68 37 0 0.472032 330010 104-aabmm 
14300 101.616 265 0.383456 0.00377358 104 104 0 901 60 51 37 0 0.472032 330010 104-aabmm 
14400 101.617 265 0.383461 0.00377358 104 104 0 942 92 85 37 0 0.472032 330010 104-aabmm 
14500 101.617 265 0.383459 0.00377358 104 104 0 802 77 68 37 0 0.472032 330010 104-aabmm 
14600 101.615 265 0.383454 0.00377358 104 104 0 927 68 62 37 0 0.472032 330010 104-aabmm 
14700 101.615 265 0.383451 0.00377358 104 104 0 928 79 72 37 0 0.472032 330010 104-aabmm 
14800 101.615 265 0.383452 0.00377358 104 104 0 845 65 57 37 0 0.472032 330010 104-aabmm 
14900 101.618 265 0.383463 0.00377358 104 104 0 842 61 55 37 0 0.472032 330010 104-aabmm 
15000 101.619 265 0.383468 0.00377358 104 104 0 829 53 47 37 0 0.472032 330010 104-aabmm 
15100 101.62 265 0.38347 0.00377358 104 104 0 804 70 65 37 0 0.472032 330010 104-aabmm 
15200 101.618 265 0.383466 0.00377358 104 104 0 826 91 86 37 0 0.472032 330010 104-aabmm 
15300 101.618 265 0.383463 0.00377358 104 104 0 810 47 43 37 0 0.472032 330010 104-aabmm 
15400 101.616 265 0.383455 0.00377358 104 104 0 706 48 42 37 0 0.472032 330010 104-aabmm 
15500 101.616 265 0.383455 0.00377358 104 104 0 606 54 44 37 0 0.472032 330010 104-aabmm 
15600 101.615 265 0.383455 0.00377358 104 104 0 518 27 26 37 0 0.472032 330010 104-aabmm 
15700 101.615 265 0.383451 0.00377358 104 104 0 483 50 44 37 0 0.472032 330010 104-aabmm 
15800 101.614 265 0.383449 0.00377358 104 104 0 410 26 24 37 0 0.472032 330010 104-aabmm 
15900 101.613 265 0.383447 0.00377358 104 104 0 356 33 33 37 0 0.472032 330010 104-aabmm 
16000 101.612 265 0.383443 0.00377358 104 104 0 340 29 23 37 0 0.472032 330010 104-aabmm 
16100 101.612 265 0.383441 0.00377358 104 104 0 295 21 19 37 0 0.472032 330010 104-aabmm 
16200 101.611 265 0.383438 0.00377358 104 104 0 283 29 24 37 0 0.472032 330010 104-aabmm 
16300 101.61 265 0.383435 0.00377358 104 104 0 293 23 22 37 0 0.472032 330010 104-aabmm 
16400 101.61 265 0.383433 0.00377358 104 104 0 240 18 18 37 0 0.472032 330010 104-aabmm 
16500 102.549 263 0.38992 0.00380228 104 104 0 218 19 17 42 0 0.446976 455397 104-aacom 
16600 102.545 263 0.389903 0.00380228 104 104 0 272 18 17 42 0 0.446976 455397 104-aacom 
16700 102.536 263 0.389872 0.00380228 104 104 0 306 24 19 42 0 0.446976 455397 104-aacom 
16800 102.537 263 0.389874 0.00380228 104 104 0 410 23 22 42 0 0.446976 455397 104-aacom 
16900 102.539 263 0.389882 0.00380228 104 104 0 497 38 32 42 0 0.446976 455397 104-aacom 
17000 102.536 263 0.389872 0.00380228 104 104 0 529 42 37 42 0 0.446976 455397 104-aacom 
17100 102.539 263 0.389883 0.00380228 104 104 0 605 31 28 42 0 0.446976 455397 104-aacom 
17200 102.541 263 0.38989 0.00380228 104 104 0 529 46 42 42 0 0.446976 455397 104-aacom 
17300 102.542 263 0.389892 0.00380228 104 104 0 475 26 25 42 0 0.447906 455397 104-aacom 
17400 102.545 263 0.389904 0.00380228 104 104 0 422 38 34 42 0 0.447906 455397 104-aacom 
17500 102.543 263 0.389897 0.00380228 104 104 0 422 28 23 42 0 0.447906 455397 104-aacom 
17600 103.579 267 0.387936 0.00374532 105 105 0 434 21 19 39 0 0.455555 423324 105-aabbn 
17700 102.545 263 0.389904 0.00380228 104 104 0 423 27 25 42 0 0.447906 455397 104-aacom 
17800 103.58 267 0.387941 0.00374532 105 105 0 390 45 39 39 0 0.455555 423324 105-aabbn 
17900 102.542 263 0.389894 0.00380228 104 104 0 358 34 30 42 0 0.447906 455397 104-aacom 
18000 103.575 267 0.387923 0.00374532 105 105 0 357 33 30 39 0 0.455555 423324 105-aabbn 
18100 102.542 263 0.389895 0.00380228 104 104 0 296 30 23 42 0 0.447906 455397 104-aacom 
18200 102.541 263 0.389891 0.00380228 104 104 0 313 26 22 42 0 0.447906 455397 104-aacom 
18300 103.57 267 0.387901 0.00374532 105 105 0 323 25 23 39 0 0.455555 423324 105-aabbn 
18400 103.571 267 0.387905 0.00374532 105 105 0 319 28 26 39 0 0.455555 423324 105-aabbn 
18500 103.567 267 0.387893 0.00374532 105 105 0 353 28 27 39 0 0.455555 423324 105-aabbn 
18600 103.566 267 0.387888 0.00374532 105 105 0 425 35 30 39 0 0.455555 423324 105-aabbn 
18700 103.563 267 0.387878 0.00374532 105 105 0 349 28 23 39 0 0.455555 423324 105-aabbn 
18800 103.563 267 0.387878 0.00374532 105 105 0 290 24 21 39 0 0.455555 423324 105-aabbn 
18900 103.562 267 0.387874 0.00374532 105 105 0 338 25 24 39 0 0.455555 423324 105-aabbn 
19000 103.561 267 0.387868 0.00374532 105 105 0 277 29 27 39 0 0.455555 423324 105-aabbn 
19100 103.56 267 0.387865 0.00374532 105 105 0 366 30 27 39 0 0.455555 423324 105-aabbn 
19200 103.558 267 0.387858 0.00374532 105 105 0 355 19 17 39 0 0.455555 423324 105-aabbn 
19300 103.557 267 0.387855 0.00374532 105 105 0 373 25 21 39 0 0.455555 423324 105-aabbn 
19400 103.557 267 0.387854 0.00374532 105 105 0 366 30 30 39 0 0.455555 423324 105-aabbn 
19500 103.556 267 0.387851 0.00374532 105 105 0 268 17 14 39 0 0.455555 423324 105-aabbn 
19600 103.556 267 0.38785 0.00374532 105 105 0 288 29 26 39 0 0.455555 423324 105-aabbn 
19700 103.556 267 0.387851 0.00374532 105 105 0 276 33 28 39 0 0.455555 423324 105-aabbn 
19800 103.558 267 0.387857 0.00374532 105 105 0 293 23 20 39 0 0.455555 423324 105-aabbn 
19900 103.559 267 0.387861 0.00374532 105 105 0 256 20 17 39 0 0.455555 423324 105-aabbn 
20000 103.558 265 0.390786 0.00377358 105 105 0 216 9 7 43 0 0.461225 503284 105-aabvp 
20100 103.559 267 0.387862 0.00374532 105 105 0 272 31 28 39 0 0.455555 423324 105-aabbn 
20200 103.562 265 0.390801 0.00377358 105 105 0 319 24 21 43 0 0.461225 503284 105-aabvp 
20300 103.562 265 0.3908 0.00377358 105 105 0 332 20 18 43 0 0.461225 503284 105-aabvp 
20400 103.561 265 0.390796 0.00377358 105 105 0 316 19 15 43 0 0.461225 503284 105-aabvp 
20500 103.559 265 0.390788 0.00377358 105 105 0 315 23 20 43 0 0.461225 503284 105-aabvp 
20600 103.559 265 0.390788 0.00377358 105 105 0 338 30 28 43 0 0.461225 503284 105-aabvp 
20700 103.559 265 0.390789 0.00377358 105 105 0 261 20 18 43 0 0.461225 503284 105-aabvp 
20800 103.556 267 0.387849 0.00374532 105 105 0 255 35 34 41 0 0.475553 511523 105-aabxu 
20900 103.564 267 0.387878 0.00374532 105 105 0 271 21 18 39 0 0.455555 423324 105-aabbn 
21000 103.564 267 0.387879 0.00374532 105 105 0 187 15 15 39 0 0.455555 423324 105-aabbn 
21100 103.564 265 0.390808 0.00377358 105 105 0 180 16 13 43 0 0.461225 503284 105-aabvp 
21200 103.564 267 0.387881 0.00374532 105 105 0 185 16 15 41 0 0.475553 511523 105-aabxu 
21300 103.565 265 0.390811 0.00377358 105 105 0 193 5 5 43 0 0.461225 503284 105-aabvp 
21400 103.565 265 0.390812 0.00377358 105 105 0 214 12 11 43 0 0.461225 503284 105-aabvp 
21500 103.565 265 0.390813 0.00377358 105 105 0 240 24 21 43 0 0.461225 503284 105-aabvp 
21600 103.566 265 0.390816 0.00377358 105 105 0 366 30 27 43 0 0.461225 503284 105-aabvp 
21700 103.568 265 0.390823 0.00377358 105 105 0 238 25 24 43 0 0.461225 503284 105-aabvp 
21800 103.568 265 0.390821 0.00377358 105 105 0 296 20 17 43 0 0.461225 503284 105-aabvp 
21900 103.566 265 0.390814 0.00377358 105 105 0 228 17 16 43 0 0.461225 503284 105-aabvp 
22000 104.582 266 0.393164 0.0037594 106 106 0 208 14 12 44 0 0.446334 587597 106-aabcs 
22100 105.629 269 0.392671 0.00371747 107 107 0 203 14 11 43 0 0.452175 598469 107-aaajs 
22200 106.535 241 0.442052 0.00414938 110 109.999 0 216 18 14 45 0 0.490166 626003 110-aaacg 
22300 106.536 241 0.442057 0.00414938 110 110 0 499 45 41 45 0 0.504293 626003 110-aaacg 
22400 106.552 241 0.442123 0.00414938 110 110 0 881 95 87 45 0 0.504293 626003 110-aaacg 
22500 106.541 241 0.442078 0.00414938 110 110 0 1206 107 96 45 0 0.504643 626003 110-aaacg 
22600 106.531 241 0.442039 0.00414938 110 110 0 1437 128 117 45 0 0.507096 626003 110-aaacg 
22700 106.53 241 0.442034 0.00414938 110 110 0 1550 127 114 45 0 0.509916 626003 110-aaacg 
22800 106.527 241 0.442021 0.00414938 110 110 0 1597 157 141 45 0 0.509916 626003 110-aaacg 
22900 106.529 241 0.442027 0.00414938 110 110 0 1569 126 112 45 0 0.509916 626003 110-aaacg 
23000 106.529 241 0.442031 0.00414938 110 110 0 1451 130 123 45 0 0.509916 626003 110-aaacg 
23100 106.537 241 0.442063 0.00414938 110 110 0 1398 119 110 45 0 0.509916 626003 110-aaacg 
23200 106.542 241 0.442081 0.00414938 110 110 0 1361 115 101 45 0 0.509916 626003 110-aaacg 
23300 106.541 241 0.44208 0.00414938 110 110 0 1381 119 107 45 0 0.509916 626003 110-aaacg 
23400 106.54 241 0.442076 0.00414938 110 110 0 1278 129 113 45 0 0.509916 626003 110-aaacg 
23500 106.54 241 0.442073 0.00414938 110 110 0 1140 131 120 45 0 0.509916 626003 110-aaacg 
23600 106.54 241 0.442074 0.00414938 110 110 0 920 79 70 45 0 0.509916 626003 110-aaacg 
23700 106.541 241 0.442079 0.00414938 110 110 0 840 64 60 45 0 0.509916 626003 110-aaacg 
23800 106.544 241 0.442091 0.00414938 110 110 0 683 56 49 45 0 0.509916 626003 110-aaacg 
23900 106.546 241 0.442099 0.00414938 110 110 0 622 48 47 45 0 0.509916 626003 110-aaacg 
24000 106.547 241 0.442104 0.00414938 110 110 0 609 48 46 45 1 0.509916 626003 110-aaacg 
24100 108.631 227 0.478549 0.00440529 112 112 0 593 62 56 47 0 0.537338 661772 112-aaabz 
24200 108.627 227 0.478534 0.00440529 112 112 0 719 76 67 47 0 0.53771 661772 112-aaabz 
24300 108.618 227 0.478493 0.00440529 112 112 0 969 98 88 47 0 0.550912 661772 112-aaabz 
24400 108.624 227 0.478521 0.00440529 112 112 0 1255 135 122 47 0 0.550912 661772 112-aaabz 
24500 108.621 227 0.478505 0.00440529 112 112 0 1467 132 116 47 0 0.550912 661772 112-aaabz 
24600 108.63 227 0.478546 0.00440529 112 112 0 1632 145 127 47 0 0.550912 661772 112-aaabz 
24700 108.637 227 0.478575 0.00440529 112 112 0 1740 150 134 47 0 0.550912 661772 112-aaabz 
24800 108.647 227 0.478623 0.00440529 112 112 0 1637 177 159 47 0 0.550912 661772 112-aaabz 
24900 108.657 227 0.478664 0.00440529 112 112 0 1665 167 143 47 0 0.550912 661772 112-aaabz 
25000 108.653 227 0.478647 0.00440529 112 112 0 1671 141 121 47 0 0.550912 661772 112-aaabz 
25100 108.647 227 0.47862 0.00440529 112 112 0 1552 170 150 47 0 0.553974 661772 112-aaabz 
25200 108.639 227 0.478584 0.00440529 112 112 0 1584 133 122 47 0 0.553974 661772 112-aaabz 
25300 108.632 227 0.478555 0.00440529 112 112 0 1519 170 158 47 0 0.555897 661772 112-aaabz 
25400 108.626 227 0.478529 0.00440529 112 112 0 1549 158 145 47 0 0.555897 661772 112-aaabz 
25500 108.62 227 0.478503 0.00440529 112 112 0 1460 125 117 47 0 0.555897 661772 112-aaabz 
25600 108.612 227 0.478467 0.00440529 112 112 0 1440 137 122 47 0 0.555897 661772 112-aaabz 
25700 108.605 227 0.478434 0.00440529 112 112 0 1319 132 109 47 0 0.555897 661772 112-aaabz 
25800 108.599 227 0.47841 0.00440529 112 112 0 1221 117 105 47 0 0.555897 661772 112-aaabz 
25900 108.595 227 0.478394 0.00440529 112 112 0 1170 101 94 47 0 0.560928 661772 112-aaabz 
26000 108.592 227 0.478377 0.00440529 112 112 0 962 98 91 47 0 0.560928 661772 112-aaabz 
26100 108.589 227 0.478364 0.00440529 112 112 0 815 63 60 47 0 0.560928 661772 112-aaabz 
26200 108.586 227 0.478352 0.00440529 112 112 0 813 84 77 47 0 0.560928 661772 112-aaabz 
26300 108.584 227 0.478344 0.00440529 112 112 0 900 84 75 47 0 0.560928 661772 112-aaabz 
26400 108.582 227 0.478336 0.00440529 112 112 0 833 72 66 47 0 0.560928 661772 112-aaabz 
26500 108.581 227 0.478331 0.00440529 112 112 0 782 89 82 47 0 0.560928 661772 112-aaabz 
26600 108.581 227 0.47833 0.00440529 112 112 0 714 65 60 47 0 0.560928 661772 112-aaabz 
26700 108.581 227 0.478331 0.00440529 112 112 0 739 88 74 47 0 0.584741 661772 112-aaabz 
26800 108.582 227 0.478336 0.00440529 112 112 0 749 74 68 47 0 0.584741 661772 112-aaabz 
26900 108.585 227 0.478349 0.00440529 112 112 0 718 59 50 47 0 0.584741 661772 112-aaabz 
27000 108.59 227 0.478372 0.00440529 112 112 0 596 47 46 47 0 0.584741 661772 112-aaabz 
27100 108.596 227 0.478396 0.00440529 112 112 0 647 64 57 47 0 0.584741 661772 112-aaabz 
27200 108.602 227 0.478425 0.00440529 112 112 0 473 39 38 47 0 0.584741 661772 112-aaabz 
27300 107.922 217 0.497334 0.00460829 112 112 0 391 31 27 49 0 0.570735 729615 112-aaavu 
27400 107.959 217 0.497505 0.00460829 112 112 0 404 32 29 49 0 0.591267 729615 112-aaavu 
27500 107.99 217 0.497651 0.00460829 112 112 0 379 47 44 49 0 0.591267 729615 112-aaavu 
27600 108.032 217 0.497842 0.00460829 112 112 0 445 37 33 49 0 0.610841 729615 112-aaavu 
27700 108.081 217 0.498068 0.00460829 112 112 0 434 60 54 49 0 0.610841 729615 112-aaavu 
27800 108.126 217 0.498277 0.00460829 112 112 0 533 64 59 49 0 0.610841 729615 112-aaavu 
27900 108.171 217 0.498483 0.00460829 112 112 0 523 46 44 49 0 0.634569 729615 112-aaavu 
28000 108.22 217 0.49871 0.00460829 112 112 0 504 47 40 49 0 0.684349 729615 112-aaavu 
28100 108.258 217 0.498886 0.00460829 112 112 0 481 41 37 49 0 0.684349 729615 112-aaavu 
28200 108.294 217 0.499052 0.00460829 112 112 0 308 31 27 49 0 0.684349 729615 112-aaavu 
28300 108.309 217 0.499122 0.00460829 112 112 0 247 40 36 49 0 0.684349 729615 112-aaavu 
28400 108.32 217 0.499171 0.00460829 112 112 0 246 24 22 49 0 0.684349 729615 112-aaavu 
28500 108.33 217 0.499218 0.00460829 112 112 0 251 23 19 49 0 0.684349 729615 112-aaavu 
28600 108.342 217 0.49927 0.00460829 112 112 0 260 20 16 49 0 0.684349 729615 112-aaavu 
28700 108.346 217 0.499289 0.00460829 112 112 0 280 27 24 49 0 0.684349 729615 112-aaavu 
28800 108.352 217 0.499318 0.00460829 112 112 0 293 42 42 49 0 0.684349 729615 112-aaavu 
28900 109.371 218 0.501703 0.00458716 113 113.001 0 274 29 26 50 0 0.616705 741129 113-aaask 
29000 108.365 217 0.499379 0.00460829 112 112.001 0 269 30 28 49 0 0.684349 729615 112-aaavu 
29100 110.602 219 0.505032 0.00456621 114 114 0 250 21 16 51 0 0.651267 765313 114-aaael 
29200 110.588 219 0.504969 0.00456621 114 114 0 270 34 34 51 0 0.651267 765313 114-aaael 
29300 110.58 219 0.504933 0.00456621 114 114 0 261 23 22 51 0 0.651267 765313 114-aaael 
29400 110.571 219 0.504893 0.00456621 114 114 0 254 22 20 51 1 0.651267 765313 114-aaael 
29500 109.561 218 0.502574 0.00458716 113 113 0 246 22 20 50 0 0.644669 791156 113-aabgl 
29600 110.469 219 0.504423 0.00456621 114 114 0 279 38 35 51 0 0.657616 749187 114-aaadh 
29700 110.568 219 0.504877 0.00456621 114 114 0 298 27 25 51 0 0.647219 762059 114-aaaee 
29800 110.549 219 0.504789 0.00456621 114 114 0 283 30 28 51 0 0.647219 762059 114-aaaee 
29900 110.455 219 0.50436 0.00456621 114 114 0 200 12 12 51 0 0.657616 749187 114-aaadh 
30000 110.453 219 0.504352 0.00456621 114 114 0 215 27 22 51 0 0.657616 749187 114-aaadh 
30100 110.494 219 0.504537 0.00456621 114 114 0 240 31 26 52 0 0.63964 812966 114-aaakd 
30200 110.453 219 0.504351 0.00456621 114 114 0 290 30 28 51 0 0.657616 749187 114-aaadh 
30300 108.412 216 0.501906 0.00462963 112 112.001 0 310 30 27 52 0 0.667799 817101 112-aaces 
30400 110.416 218 0.506496 0.00458716 114 114 0 300 37 34 52 0 0.627613 818157 114-aaakm 
30500 110.414 218 0.506486 0.00458716 114 114 0 368 47 43 52 0 0.627613 818157 114-aaakm 
30600 110.417 218 0.506498 0.00458716 114 114 0 304 16 14 52 0 0.627613 818157 114-aaakm 
30700 110.419 218 0.506511 0.00458716 114 114 0 335 24 22 52 0 0.650638 818157 114-aaakm 
30800 110.424 218 0.506534 0.00458716 114 114 0 312 22 22 52 0 0.650638 818157 114-aaakm 
30900 110.427 218 0.506548 0.00458716 114 114 0 321 41 37 52 0 0.650638 818157 114-aaakm 
31000 110.44 218 0.506603 0.00458716 114 114 0 244 30 26 52 0 0.650638 818157 114-aaakm 
31100 110.443 218 0.506618 0.00458716 114 114 0 244 21 19 52 0 0.650638 818157 114-aaakm 
31200 110.441 218 0.506609 0.00458716 114 114 0 188 27 25 52 0 0.650638 818157 114-aaakm 
31300 107.728 215 0.501061 0.00465116 112 112 0 208 30 27 51 0 0.637815 795757 112-aabvx 
31400 109.455 217 0.504403 0.00460829 113 113.003 0 184 17 16 53 0 0.667688 838211 113-aabyx 
31500 110.453 218 0.506666 0.00458716 114 114 0 193 19 19 52 0 0.650638 818157 114-aaakm 
31600 110.454 218 0.506668 0.00458716 114 114 0 221 21 19 52 0 0.650638 818157 114-aaakm 
31700 109.459 217 0.504421 0.00460829 113 113.001 0 186 17 15 53 0 0.6454 848682 113-aaccm 
31800 109.46 217 0.504425 0.00460829 113 113.001 0 249 32 30 53 0 0.6454 848682 113-aaccm 
31900 110.454 218 0.506668 0.00458716 114 114 0 204 20 17 52 0 0.650638 818157 114-aaakm 
32000 110.456 218 0.506681 0.00458716 114 114 0 223 30 28 52 0 0.650638 818157 114-aaakm 
32100 110.46 218 0.506696 0.00458716 114 114 0 240 29 26 52 0 0.650638 818157 114-aaakm 
32200 110.46 218 0.506697 0.00458716 114 114 0 236 34 30 52 0 0.678257 818157 114-aaakm 
32300 111.481 219 0.509048 0.00456621 115 115 0 222 12 11 53 0 0.651349 849458 115-aaaef 
32400 111.489 220 0.506768 0.00454545 115 115 0 248 30 27 54 0 0.605401 904644 115-aaais 
32500 111.498 219 0.509121 0.00456621 115 114.999 0 246 28 27 53 0 0.625691 897999 115-aaaia 
32600 111.484 219 0.509061 0.00456621 115 115 0 219 36 33 53 0 0.651349 849458 115-aaaef 
32700 111.481 219 0.509047 0.00456621 115 115 0 226 29 26 53 0 0.651349 849458 115-aaaef 
32800 111.494 219 0.509106 0.00456621 115 115 0 238 25 23 53 1 0.633105 897999 115-aaaia 
32900 111.502 219 0.50914 0.00456621 115 115 0 205 14 14 53 0 0.633105 897999 115-aaaia 
33000 111.506 220 0.506848 0.00454545 115 115 0 233 23 22 54 0 0.637253 904644 115-aaais 
33100 111.493 219 0.509098 0.00456621 115 115 0 215 16 14 53 0 0.651349 849458 115-aaaef 
33200 111.511 220 0.506866 0.00454545 115 115 0 206 16 14 54 0 0.637253 904644 115-aaais 
33300 111.519 220 0.506903 0.00454545 115 115 0 220 24 22 54 0 0.637253 904644 115-aaais 
33400 111.491 219 0.509089 0.00456621 115 115 0 242 27 25 53 0 0.651349 849458 115-aaaef 
33500 111.496 219 0.509115 0.00456621 115 115 0 238 36 32 53 0 0.651349 849458 115-aaaef 
33600 111.5 219 0.509131 0.00456621 115 115 0 292 24 22 53 0 0.654062 849458 115-aaaef 
33700 111.515 219 0.509203 0.00456621 115 115 0 336 23 20 53 0 0.682298 849458 115-aaaef 
33800 111.515 219 0.509201 0.00456621 115 115 0 319 21 18 53 0 0.682298 849458 115-aaaef 
33900 111.526 219 0.509251 0.00456621 115 115 0 394 53 45 53 0 0.682298 849458 115-aaaef 
34000 111.534 219 0.509289 0.00456621 115 115 0 394 36 30 53 0 0.682298 849458 115-aaaef 
34100 111.536 219 0.509298 0.00456621 115 115 0 467 38 36 53 0 0.682298 849458 115-aaaef 
34200 111.537 219 0.509299 0.00456621 115 115 0 436 56 51 53 0 0.682298 849458 115-aaaef 
34300 111.537 219 0.509299 0.00456621 115 115 0 404 34 32 53 0 0.682298 849458 115-aaaef 
34400 111.534 219 0.509288 0.00456621 115 115 0 366 33 32 53 0 0.682298 849458 115-aaaef 
34500 111.532 219 0.50928 0.00456621 115 115 0 288 33 31 53 0 0.682298 849458 115-aaaef 
34600 111.532 219 0.509281 0.00456621 115 115 0 211 15 15 53 0 0.682298 849458 115-aaaef 
34700 111.528 219 0.509261 0.00456621 115 115 0 206 21 17 53 0 0.640163 897999 115-aaaia 
34800 111.528 219 0.509258 0.00456621 115 115 0 157 19 17 53 0 0.682298 849458 115-aaaef 
34900 111.527 219 0.509257 0.00456621 115 115 0 203 21 19 53 0 0.682298 849458 115-aaaef 
35000 111.529 219 0.509263 0.00456621 115 115 0 223 26 23 53 0 0.682298 849458 115-aaaef 
35100 111.527 219 0.509254 0.00456621 115 115 0 155 11 11 53 0 0.682298 849458 115-aaaef 
35200 113.008 218 0.518387 0.00458716 115 115 0 163 15 14 56 0 0.651171 969885 115-aaasq 
35300 111.529 219 0.509266 0.00456621 115 115 0 175 10 9 53 0 0.682298 849458 115-aaaef 
35400 112.985 218 0.518282 0.00458716 115 115 0 188 12 10 56 0 0.651171 969885 115-aaasq 
35500 112.962 218 0.518175 0.00458716 115 115 0 186 13 12 56 0 0.651171 969885 115-aaasq 
35600 112.945 218 0.518094 0.00458716 115 115 0 202 10 10 56 0 0.651171 969885 115-aaasq 
35700 112.926 218 0.518008 0.00458716 115 115 0 272 36 31 56 0 0.651171 969885 115-aaasq 
35800 112.89 218 0.517843 0.00458716 115 115 0 277 37 34 56 0 0.652526 969885 115-aaasq 
35900 112.853 218 0.517676 0.00458716 115 115 0 331 30 23 56 0 0.652526 969885 115-aaasq 
36000 112.818 218 0.517514 0.00458716 115 115 0 432 36 30 56 0 0.652526 969885 115-aaasq 
36100 112.752 218 0.517211 0.00458716 115 115 0 578 68 67 56 0 0.682112 969885 115-aaasq 
36200 112.681 218 0.516884 0.00458716 115 115 0 519 54 49 56 0 0.682112 969885 115-aaasq 
36300 112.63 218 0.516654 0.00458716 115 115 0 533 41 38 56 0 0.682112 969885 115-aaasq 
36400 112.586 218 0.516449 0.00458716 115 115 0 503 50 47 56 0 0.682112 969885 115-aaasq 
36500 112.539 218 0.516232 0.00458716 115 115 0 473 42 39 56 0 0.682112 969885 115-aaasq 
36600 112.496 218 0.516037 0.00458716 115 115 0 560 60 53 56 0 0.682112 969885 115-aaasq 
36700 112.448 218 0.515819 0.00458716 115 115 0 538 53 49 56 0 0.682112 969885 115-aaasq 
36800 112.406 218 0.515623 0.00458716 115 115 0 638 58 55 56 0 0.682112 969885 115-aaasq 
36900 112.357 218 0.515401 0.00458716 115 115 0 637 75 66 56 0 0.682112 969885 115-aaasq 
37000 112.32 218 0.515227 0.00458716 115 115 0 574 53 50 56 0 0.682112 969885 115-aaasq 
37100 112.284 218 0.515064 0.00458716 115 115 0 607 61 56 56 0 0.682112 969885 115-aaasq 
37200 112.252 218 0.514919 0.00458716 115 115 0 657 83 72 56 0 0.682112 969885 115-aaasq 
37300 112.228 218 0.514809 0.00458716 115 115 0 497 51 41 56 0 0.682112 969885 115-aaasq 
37400 112.209 218 0.51472 0.00458716 115 115 0 446 45 43 56 0 0.682112 969885 115-aaasq 
37500 112.187 218 0.514621 0.00458716 115 115 0 494 53 50 56 0 0.682112 969885 115-aaasq 
37600 112.165 218 0.514519 0.00458716 115 115 0 431 43 38 56 0 0.682112 969885 115-aaasq 
37700 112.147 218 0.514435 0.00458716 115 115 0 373 33 31 56 0 0.682112 969885 115-aaasq 
37800 112.13 218 0.514358 0.00458716 115 115 0 355 32 29 56 0 0.682112 969885 115-aaasq 
37900 112.114 218 0.514283 0.00458716 115 115 0 396 47 43 56 0 0.682112 969885 115-aaasq 
38000 112.1 218 0.51422 0.00458716 115 115 0 310 32 26 56 0 0.682112 969885 115-aaasq 
38100 111.941 218 0.513489 0.00458716 115 115 0 322 31 28 57 0 0.639988 1013535 115-aabdo 
38200 112.078 218 0.514117 0.00458716 115 115 0 305 31 28 56 0 0.682112 969885 115-aaasq 
38300 112.827 219 0.515194 0.00456621 116 115.999 0 284 19 15 57 0 0.647327 1014443 116-aaanm 
38400 112.81 219 0.515116 0.00456621 116 115.999 0 268 29 25 57 0 0.647327 1014443 116-aaanm 
38500 111.599 218 0.511923 0.00458716 115 115 0 285 26 25 58 0 0.583641 1064678 115-aabuf 
38600 111.613 218 0.511987 0.00458716 115 115 0 285 34 31 58 0 0.605056 1064678 115-aabuf 
38700 111.624 218 0.512036 0.00458716 115 115 0 378 39 35 58 0 0.605056 1064678 115-aabuf 
38800 111.628 218 0.512054 0.00458716 115 115 0 389 35 32 58 0 0.605056 1064678 115-aabuf 
38900 111.63 218 0.512066 0.00458716 115 115 0 409 49 41 58 0 0.605056 1064678 115-aabuf 
39000 111.633 218 0.51208 0.00458716 115 115 0 373 26 25 58 0 0.605056 1064678 115-aabuf 
39100 111.63 218 0.512063 0.00458716 115 115 0 410 43 39 58 0 0.605056 1064678 115-aabuf 
39200 111.625 218 0.512043 0.00458716 115 115 0 391 56 48 58 0 0.605056 1064678 115-aabuf 
39300 111.622 218 0.512028 0.00458716 115 115 0 350 30 27 58 0 0.605056 1064678 115-aabuf 
39400 111.619 218 0.512015 0.00458716 115 115 0 363 47 40 58 0 0.605056 1064678 115-aabuf 
39500 111.62 218 0.512021 0.00458716 115 115 0 323 35 34 58 0 0.605056 1064678 115-aabuf 
39600 111.625 218 0.512042 0.00458716 115 115 0 286 26 24 58 0 0.605056 1064678 115-aabuf 
39700 111.627 218 0.512052 0.00458716 115 115 0 285 38 34 58 0 0.605056 1064678 115-aabuf 
39800 111.63 218 0.512066 0.00458716 115 115 0 181 13 12 58 0 0.605056 1064678 115-aabuf 
39900 111.631 218 0.51207 0.00458716 115 115 0 203 18 16 58 0 0.605056 1064678 115-aabuf 
40000 112.875 221 0.510746 0.00452489 116 116 0 160 24 20 55 0 0.584969 1067090 116-aaaxh 
40100 111.663 218 0.512216 0.00458716 115 115.001 0 135 9 8 58 0 0.578808 1105925 115-aachp 
40200 111.663 218 0.512216 0.00458716 115 115.001 0 154 22 21 58 0 0.578808 1105925 115-aachp 
40300 112.013 218 0.513821 0.00458716 115 115 0 197 22 19 56 0 0.682112 969885 115-aaasq 
40400 112.008 218 0.513798 0.00458716 115 115 0 205 18 15 56 0 0.682112 969885 115-aaasq 
40500 112.671 219 0.514481 0.00456621 116 116 0 180 25 24 58 0 0.614119 1135758 116-aabhy 
40600 111.652 218 0.512164 0.00458716 115 115.001 0 204 27 21 58 0 0.587293 1105925 115-aachp 
40700 111.605 218 0.51195 0.00458716 115 115 0 165 10 9 57 0 0.582025 1100628 115-aacfr 
40800 110.608 217 0.509715 0.00460829 114 114.001 0 192 20 19 59 0 0.581806 1125698 114-aadxx 
40900 111.644 218 0.512128 0.00458716 115 115.001 0 179 21 20 58 1 0.615203 1105925 115-aachp 
41000 111.64 218 0.512108 0.00458716 115 115.001 0 202 17 16 58 0 0.615203 1105925 115-aachp 
41100 111.639 218 0.512107 0.00458716 115 115.001 0 215 17 16 58 0 0.615203 1105925 115-aachp 
41200 113.597 214 0.530829 0.0046729 116 116 0 286 20 20 60 0 0.589626 1170011 116-aabnz 
41300 113.607 214 0.530873 0.0046729 116 116 0 307 39 34 60 0 0.589626 1170011 116-aabnz 
41400 113.612 214 0.530895 0.0046729 116 116 0 381 46 41 60 0 0.591673 1170011 116-aabnz 
41500 113.611 214 0.530891 0.0046729 116 116 0 374 43 40 60 0 0.597028 1170011 116-aabnz 
41600 113.607 214 0.530875 0.0046729 116 116 0 489 51 39 60 0 0.604941 1170011 116-aabnz 
41700 113.606 214 0.530869 0.0046729 116 116 0 536 57 49 60 0 0.604941 1170011 116-aabnz 
41800 113.615 214 0.53091 0.0046729 116 116 0 747 59 51 60 1 0.638539 1170011 116-aabnz 
41900 113.62 214 0.530933 0.0046729 116 116 0 865 84 75 60 0 0.638539 1170011 116-aabnz 
42000 113.623 214 0.530949 0.0046729 116 116 0 937 91 80 60 0 0.638539 1170011 116-aabnz 
42100 113.609 214 0.530884 0.0046729 116 116 0 1204 129 116 60 0 0.638539 1170011 116-aabnz 
42200 113.595 214 0.530819 0.0046729 116 116 0 1310 141 124 60 0 0.638539 1170011 116-aabnz 
42300 113.585 214 0.530769 0.0046729 116 116 0 1342 125 112 60 0 0.638539 1170011 116-aabnz 
42400 113.566 214 0.530682 0.0046729 116 116 0 1349 128 116 60 0 0.638539 1170011 116-aabnz 
42500 113.556 214 0.530638 0.0046729 116 116 0 1132 107 96 60 0 0.638539 1170011 116-aabnz 
42600 113.551 214 0.530612 0.0046729 116 116 0 1048 101 95 60 0 0.638539 1170011 116-aabnz 
42700 113.548 214 0.530597 0.0046729 116 116 0 1058 106 95 60 0 0.638539 1170011 116-aabnz 
42800 113.542 214 0.530568 0.0046729 116 116 0 1028 126 114 60 0 0.638539 1170011 116-aabnz 
42900 113.536 214 0.530542 0.0046729 116 116 0 891 77 72 60 0 0.638539 1170011 116-aabnz 
43000 113.529 214 0.530511 0.0046729 116 116 0 948 100 93 60 0 0.638539 1170011 116-aabnz 
43100 113.523 214 0.530482 0.0046729 116 116 0 947 92 76 60 0 0.638539 1170011 116-aabnz 
43200 113.518 214 0.530459 0.0046729 116 116 0 946 94 89 60 0 0.638539 1170011 116-aabnz 
43300 113.514 214 0.530439 0.0046729 116 116 0 944 88 81 60 0 0.638539 1170011 116-aabnz 
43400 113.514 214 0.530438 0.0046729 116 116 0 940 84 81 60 0 0.638539 1170011 116-aabnz 
43500 113.512 214 0.53043 0.0046729 116 116 0 822 96 88 60 0 0.638539 1170011 116-aabnz 
43600 113.513 214 0.530432 0.0046729 116 116 0 854 94 86 60 0 0.638539 1170011 116-aabnz 
43700 113.513 214 0.530436 0.0046729 116 116 0 777 76 69 60 0 0.638539 1170011 116-aabnz 
43800 113.512 214 0.530431 0.0046729 116 116 0 630 57 52 60 0 0.638539 1170011 116-aabnz 
43900 113.511 214 0.530425 0.0046729 116 116 0 523 51 48 60 1 0.638539 1170011 116-aabnz 
44000 113.511 214 0.530423 0.0046729 116 116 0 530 45 43 60 0 0.638539 1170011 116-aabnz 
44100 113.51 214 0.53042 0.0046729 116 116 0 553 53 51 60 0 0.638539 1170011 116-aabnz 
44200 113.509 214 0.530418 0.0046729 116 116 0 552 67 60 60 0 0.638539 1170011 116-aabnz 
44300 113.509 214 0.530416 0.0046729 116 116 0 480 64 58 60 1 0.638539 1170011 116-aabnz 
44400 113.51 214 0.53042 0.0046729 116 116 0 404 41 39 60 0 0.638539 1170011 116-aabnz 
44500 113.512 214 0.530428 0.0046729 116 116 0 382 37 29 60 0 0.638539 1170011 116-aabnz 
44600 113.514 214 0.530437 0.0046729 116 116 0 412 40 36 60 0 0.638539 1170011 116-aabnz 
44700 113.515 214 0.530442 0.0046729 116 116 0 424 60 57 60 0 0.638539 1170011 116-aabnz 
44800 113.515 214 0.530443 0.0046729 116 116 0 433 39 38 60 0 0.638539 1170011 116-aabnz 
44900 113.515 214 0.530445 0.0046729 116 116 0 519 48 44 60 0 0.638539 1170011 116-aabnz 
45000 113.516 214 0.53045 0.0046729 116 116 0 485 48 45 60 0 0.638539 1170011 116-aabnz 
45100 113.517 214 0.530453 0.0046729 116 116 0 436 49 45 60 0 0.638539 1170011 116-aabnz 
45200 113.518 214 0.530456 0.0046729 116 116 0 404 47 43 60 0 0.638539 1170011 116-aabnz 
45300 113.518 214 0.530457 0.0046729 116 116 0 430 34 29 60 0 0.638539 1170011 116-aabnz 
45400 113.519 214 0.530461 0.0046729 116 116 0 435 44 38 60 1 0.638539 1170011 116-aabnz 
45500 113.519 214 0.530462 0.0046729 116 116 0 366 30 28 60 0 0.638539 1170011 116-aabnz 
45600 113.519 214 0.530462 0.0046729 116 116 0 274 27 24 60 0 0.638539 1170011 116-aabnz 
45700 113.519 214 0.530463 0.0046729 116 116 0 198 10 9 60 0 0.638539 1170011 116-aabnz 
45800 113.519 214 0.530461 0.0046729 116 116 0 217 32 29 60 0 0.638539 1170011 116-aabnz 
45900 113.519 214 0.530461 0.0046729 116 116 0 171 22 21 60 0 0.638539 1170011 116-aabnz 
46000 114.524 214 0.535158 0.0046729 117 117 0 158 16 12 62 0 0.624028 1250437 117-aaavv 
46100 114.524 214 0.535159 0.0046729 117 117 0 201 28 25 62 0 0.624028 1250437 117-aaavv 
46200 114.526 214 0.535169 0.0046729 117 117 0 209 32 29 62 0 0.624028 1250437 117-aaavv 
46300 114.53 214 0.535185 0.0046729 117 117 0 243 30 26 62 0 0.624028 1250437 117-aaavv 
46400 114.528 214 0.535178 0.0046729 117 117 0 302 28 27 62 0 0.626628 1250437 117-aaavv 
46500 114.525 214 0.535162 0.0046729 117 117 0 300 52 45 62 0 0.626628 1250437 117-aaavv 
46600 114.53 214 0.535188 0.0046729 117 117 0 429 37 31 62 0 0.626628 1250437 117-aaavv 
46700 114.529 214 0.535184 0.0046729 117 117 0 386 35 33 62 0 0.626628 1250437 117-aaavv 
46800 114.531 214 0.535194 0.0046729 117 117 0 436 57 55 62 0 0.626628 1250437 117-aaavv 
46900 114.532 214 0.535198 0.0046729 117 117 0 353 36 34 62 0 0.626628 1250437 117-aaavv 
47000 114.531 214 0.535193 0.0046729 117 117 0 499 58 52 62 0 0.647822 1250437 117-aaavv 
47100 114.527 214 0.535171 0.0046729 117 117 0 390 41 38 62 0 0.647822 1250437 117-aaavv 
47200 114.527 214 0.535175 0.0046729 117 117 0 494 45 43 62 0 0.647822 1250437 117-aaavv 
47300 114.524 214 0.535159 0.0046729 117 117 0 479 64 60 62 0 0.647822 1250437 117-aaavv 
47400 114.521 214 0.535144 0.0046729 117 117 0 469 41 37 62 0 0.647822 1250437 117-aaavv 
47500 114.519 214 0.535137 0.0046729 117 117 0 382 36 35 62 0 0.647822 1250437 117-aaavv 
47600 114.519 214 0.535134 0.0046729 117 117 0 309 26 24 62 0 0.647822 1250437 117-aaavv 
47700 114.516 214 0.535123 0.0046729 117 117 0 256 32 30 62 0 0.647822 1250437 117-aaavv 
47800 114.515 214 0.535118 0.0046729 117 117 0 238 34 31 62 0 0.647822 1250437 117-aaavv 
47900 114.513 214 0.53511 0.0046729 117 117 0 253 15 14 62 0 0.647822 1250437 117-aaavv 
48000 113.492 213 0.532824 0.00469484 116 116 0 222 24 21 65 0 0.605679 1339924 116-aaddj 
48100 114.488 214 0.53499 0.0046729 117 117 0 243 26 26 64 0 0.620578 1323467 117-aabct 
48200 114.484 214 0.534974 0.0046729 117 117 0 262 29 28 64 0 0.620578 1323467 117-aabct 
48300 114.481 214 0.534956 0.0046729 117 117 0 227 18 14 64 0 0.620578 1323467 117-aabct 
48400 114.469 214 0.534903 0.0046729 117 117 0 179 27 24 66 0 0.593655 1376761 117-aabjs 
48500 114.457 214 0.534847 0.0046729 117 117 0 183 12 11 66 0 0.593655 1376761 117-aabjs 
48600 114.458 214 0.53485 0.0046729 117 117 0 146 14 13 66 0 0.593655 1376761 117-aabjs 
48700 114.478 214 0.534946 0.0046729 117 117 0 153 10 9 64 0 0.620578 1323467 117-aabct 
48800 114.479 214 0.534947 0.0046729 117 117 0 198 26 19 64 0 0.620578 1323467 117-aabct 
48900 114.475 214 0.53493 0.0046729 117 117 0 206 18 15 64 0 0.620578 1323467 117-aabct 
49000 114.48 214 0.534952 0.0046729 117 117 0 240 27 27 64 0 0.620578 1323467 117-aabct 
49100 114.483 214 0.534966 0.0046729 117 117 0 257 33 31 64 0 0.620578 1323467 117-aabct 
49200 114.485 214 0.534975 0.0046729 117 117 0 237 29 24 64 0 0.620578 1323467 117-aabct 
49300 114.492 214 0.535009 0.0046729 117 117 0 224 31 26 64 0 0.620578 1323467 117-aabct 
49400 111.486 210 0.530884 0.0047619 114 114 0 163 10 9 66 0 0.588902 1438536 114-aahfw 
49500 111.499 210 0.530947 0.0047619 114 114 0 209 8 8 66 0 0.588902 1438536 114-aahfw 
49600 111.514 210 0.531017 0.0047619 114 114 0 189 18 16 66 0 0.58931 1438536 114-aahfw 
49700 111.509 210 0.530996 0.0047619 114 114 0 224 24 23 66 0 0.58931 1438536 114-aahfw 
49800 112.482 211 0.533089 0.00473934 115 114.999 0 225 23 22 67 0 0.594728 1453574 115-aahug 
49900 112.49 211 0.533129 0.00473934 115 115 0 212 27 24 67 0 0.594728 1453574 115-aahug 
50000 112.483 211 0.533093 0.00473934 115 115 0 206 18 18 67 0 0.594728 1453574 115-aahug 
