# Avida Average Data
# Mon Jun  4 16:56:49 2018
#  1: Update
#  2: Merit
#  3: Gestation Time
#  4: Fitness
#  5: Repro Rate?
#  6: (deprecated) Size
#  7: Copied Size
#  8: Executed Size
#  9: (deprecated) Abundance
# 10: Proportion of organisms that gave birth in this update
# 11: Proportion of Breed True Organisms
# 12: (deprecated) Genotype Depth
# 13: Generation
# 14: Neutral Metric
# 15: Lineage Label
# 16: True Replication Rate (based on births/update, time-averaged)

0 97 389 0 0 0 100 97 0 1 1 0 0 0 0 0 
100 96.1969 387.504 0.248069 0 0 99.7897 96.1969 0 0.0741667 0.0525 0 7.1875 -0.181376 0 0 
200 96.1289 388.569 0.247535 0 0 100.155 96.2194 0 0.0288889 0.0166667 0 15.0119 -0.180027 0 0 
300 96.1683 389.62 0.247117 0 0 100.524 96.4492 0 0.03 0.0205556 0 22.9 -0.172001 0 0 
400 96.4969 390.402 0.247434 0 0 101.041 96.7811 0 0.0422222 0.0275 0 30.7208 -0.529129 0 0 
500 96.7675 391.236 0.247503 0 0 101.389 96.9206 0 0.0580556 0.0391667 0 38.43 -0.530315 0 0.171314 
600 97.0283 391.755 0.247825 0 0 101.769 97.2661 0 0.0519444 0.0338889 0 46.1792 -0.376246 0 0.167287 
700 97.0822 391.421 0.248059 0 0 101.741 97.2425 0 0.0513889 0.0330556 0 53.9322 -0.429814 0 0.166498 
800 98.6986 397.046 0.248719 0 0 103.356 98.9761 0 0.0516667 0.0316667 0 61.6744 -0.776273 0 0.16606 
900 99.4806 400.326 0.248899 0 0 104.165 99.845 0 0.0486111 0.0327778 0 69.2419 -0.581442 0 0.165731 
1000 99.5742 401.098 0.248819 0 0 104.221 99.9567 0 0.045 0.0297222 0 76.8289 -0.434405 0 0.166209 
1100 99.4936 398.946 0.249571 0 0 104.203 99.6531 0 0.0544444 0.0366667 0 84.4661 -0.445297 0 0.166067 
1200 100.25 402.18 0.250059 0 0 105.004 100.68 0 0.0538889 0.0347222 0 92.1844 -0.232234 0 0.166188 
1300 98.8769 394.959 0.250563 0 0 103.548 99.0122 0 0.0461111 0.0333333 0 99.8589 -0.972873 0 0.166294 
1400 99.3592 397.817 0.250547 0 0 104.338 99.7969 0 0.0463889 0.0297222 0 107.554 -0.88944 0 0.166679 
1500 98.8375 394.446 0.251118 0 0 103.713 99.1283 0 0.0505556 0.035 0 115.308 -1.70577 0 0.16686 
1600 99.2211 395.248 0.251377 0 0 104.047 99.4328 0 0.0527778 0.0358333 0 123.095 -2.16039 0 0.167222 
1700 98.9003 392.657 0.252218 0 0 103.567 99.0519 0 0.0425 0.0275 0 130.857 -1.87886 0 0.16733 
1800 99.4064 393.686 0.253164 0 0 103.826 99.555 0 0.0563889 0.0361111 0 138.716 -1.25326 0 0.167537 
1900 98.8436 390.652 0.253534 0 0 103.37 99.1106 0 0.0438889 0.0297222 0 146.565 -1.51491 0 0.167723 
2000 97.9944 385.531 0.254109 0 0 102.239 97.9956 0 0.0561111 0.0411111 0 154.469 -0.632224 0 0.168119 
2100 97.8378 384.868 0.254354 0 0 102.226 97.9631 0 0.0591667 0.0436111 0 162.389 -1.75353 0 0.1687 
2200 98.0219 384.303 0.255255 0 0 102.311 98.0511 0 0.0455556 0.0294444 0 170.401 0.295783 0 0.169119 
2300 103.89 386.604 0.269716 0 0 102.736 98.6011 0 0.0544444 0.0391667 0 178.605 -0.753166 0 0.16987 
2400 99.5467 380.515 0.262458 0 0 101.638 97.5269 0 0.0527778 0.0305556 0 187.938 -1.99533 0 0.171371 
2500 99.616 376.085 0.267879 0 0 101.773 97.7156 0 0.0475 0.0283333 0 197.308 -1.41772 0 0.172571 
2600 99.2838 362.765 0.279599 0 0 101.589 97.3592 0 0.0508333 0.0330556 0 207.877 0.840703 0 0.174727 
2700 98.3056 335.301 0.304251 0 0 100.694 96.3908 0 0.0538889 0.0358333 0 220.574 6.37393 0 0.178576 
2800 97.4616 308.596 0.328298 0 0 100.059 95.6042 0 0.0583333 0.0411111 0 234.851 11.148 0 0.184688 
2900 97.2392 296.873 0.339454 0 0 99.805 95.3289 0 0.0713889 0.0488889 0 247.779 12.7632 0 0.191834 
3000 96.9716 289.975 0.343939 0 0 99.7789 95.3919 0 0.0675 0.0458333 0 259.314 12.934 0 0.199868 
3100 96.9215 289.921 0.345815 0 0 99.875 95.6236 0 0.0658333 0.0605556 0 270.733 14.0822 0 0.208421 
3200 97.3163 285.073 0.349551 0 0 99.8831 95.7406 0 0.0647222 0.0580556 0 281.864 14.3422 0 0.216321 
3300 97.7782 288.048 0.349091 0 0 99.9375 95.9536 0 0.0683333 0.0602778 0 292.821 14.368 0 0.221528 
3400 97.4662 289.433 0.3471 0 0 99.9117 95.9839 0 0.0722222 0.065 0 303.632 14.144 0 0.225063 
3500 97.8609 288.538 0.348645 0 0 99.9306 96.0261 0 0.0705556 0.0619444 0 314.542 15.247 0 0.227291 
3600 97.6365 290.105 0.348299 0 0 99.9169 96.0181 0 0.0780556 0.0711111 0 325.576 14.9406 0 0.228342 
3700 97.9205 288.435 0.349477 0 0 100.04 96.1328 0 0.075 0.0675 0 336.529 14.5581 0 0.228862 
3800 97.5486 287.299 0.348628 0 0 99.9425 96.1292 0 0.0827778 0.0758333 0 347.531 14.2263 0 0.229061 
3900 97.9842 286.507 0.350074 0 0 100.112 96.3336 0 0.0747222 0.0691667 0 358.392 14.3532 0 0.229382 
4000 97.8711 285.926 0.350611 0 0 99.8428 96.0706 0 0.0775 0.0711111 0 369.443 14.4022 0 0.230118 
4100 98.2063 286.514 0.351063 0 0 99.9014 96.1853 0 0.0833333 0.0738889 0 380.382 14.2335 0 0.230408 
4200 97.8388 288.203 0.349928 0 0 99.9661 96.2522 0 0.075 0.0686111 0 391.282 14.7304 0 0.230186 
4300 97.9998 287.598 0.350538 0 0 100.011 96.3456 0 0.0744444 0.0658333 0 402.155 15.4723 0 0.230454 
4400 97.8103 288.741 0.349055 0 0 99.9364 96.3294 0 0.0711111 0.0636111 0 413.132 15.7019 0 0.230275 
4500 97.6576 283.296 0.351184 0 0 99.9456 96.3117 0 0.08 0.0719444 0 424.324 16.0756 0 0.230269 
4600 98.125 286.276 0.351329 0 0 99.9233 96.3725 0 0.065 0.0561111 0 435.133 16.305 0 0.230491 
4700 98.1222 284.249 0.352815 0 0 100.047 96.5711 0 0.0625 0.0552778 0 446.432 16.0606 0 0.230822 
4800 98.045 286.147 0.35161 0 0 99.9614 96.4314 0 0.0669444 0.0608333 0 457.428 15.1415 0 0.230945 
4900 98.0751 284.704 0.352435 0 0 100.114 96.6219 0 0.0741667 0.0675 0 468.649 16.5263 0 0.231087 
5000 98.4547 284.522 0.353322 0 0 100.116 96.6675 0 0.0688889 0.0644444 0 479.625 15.5467 0 0.231209 
5100 98.244 284.668 0.352474 0 0 100.008 96.5456 0 0.0713889 0.0638889 0 490.739 14.781 0 0.231226 
5200 98.4931 285.498 0.353267 0 0 100.212 96.7481 0 0.0672222 0.0605556 0 502.038 14.6429 0 0.231221 
5300 98.6159 287.573 0.352536 0 0 100.312 96.8744 0 0.0641667 0.0569444 0 513.328 14.282 0 0.2317 
5400 98.7702 285.956 0.354707 0 0 100.415 97.0386 0 0.0733333 0.0677778 0 524.871 14.4804 0 0.232066 
5500 98.879 283.981 0.357427 0 0 100.62 97.3 0 0.07 0.0630556 0 536.636 13.9388 0 0.232679 
5600 99.1031 279.421 0.361965 0 0 100.688 97.4203 0 0.0686111 0.0616667 0 548.346 15.9934 0 0.233599 
5700 99.2423 276.605 0.369136 0 0 100.601 97.3431 0 0.0644444 0.0572222 0 560.407 24.893 0 0.234997 
5800 98.816 264.894 0.382459 0 0 100.699 97.5397 0 0.0813889 0.0738889 0 573.335 35.8589 0 0.237277 
5900 99.3059 252.832 0.397389 0 0 100.812 97.6714 0 0.0811111 0.0711111 0 586.607 46.3659 0 0.241993 
6000 99.6885 244.796 0.408996 0 0 100.844 97.7789 0 0.0863889 0.0775 0 600.344 53.7202 0 0.247608 
6100 99.1237 241.921 0.412515 0 0 100.893 97.7861 0 0.0758333 0.0663889 0 613.499 56.2158 0 0.253614 
6200 99.1104 239.634 0.414688 0 0 100.812 97.7192 0 0.0822222 0.0747222 0 626.422 55.6173 0 0.259414 
6300 99.3121 237.61 0.419684 0 0 100.931 97.8317 0 0.0741667 0.0677778 0 639.962 52.8255 0 0.264475 
6400 99.5125 234.431 0.425325 0 0 101.034 97.935 0 0.0733333 0.0666667 0 653.718 52.6604 0 0.268117 
6500 99.4311 233.459 0.429369 0 0 101.138 98.0667 0 0.0844444 0.0763889 0 667.748 48.9466 0 0.271263 
6600 99.5938 228.769 0.436093 0 0 101.314 98.2706 0 0.0766667 0.0697222 0 682.226 46.7045 0 0.274081 
6700 100.081 229.915 0.438559 0 0 101.282 98.2242 0 0.0894444 0.0808333 0 696.065 44.9187 0 0.277226 
6800 99.9886 227.569 0.440551 0 0 101.356 98.2547 0 0.0830556 0.0738889 0 710.096 43.5448 0 0.280057 
6900 99.7529 227.035 0.440996 0 0 101.413 98.3544 0 0.0955556 0.0872222 0 723.783 43.319 0 0.282352 
7000 99.7988 227.399 0.441717 0 0 101.47 98.3594 0 0.0805556 0.0727778 0 737.412 43.4064 0 0.284112 
7100 99.5829 226.31 0.442152 0 0 101.489 98.4256 0 0.09 0.08 0 751.174 42.624 0 0.285625 
7200 99.5685 226.214 0.442423 0 0 101.404 98.2978 0 0.085 0.0788889 0 764.724 43.3675 0 0.286418 
7300 99.8523 226.057 0.444141 0 0 101.527 98.4911 0 0.0838889 0.0733333 0 778.37 43.3462 0 0.287435 
7400 100.134 226.812 0.444417 0 0 101.579 98.5744 0 0.0808333 0.0722222 0 791.711 44.9834 0 0.287965 
7500 99.9003 228.637 0.442738 0 0 101.541 98.4944 0 0.0930556 0.0813889 0 804.95 44.6202 0 0.288066 
7600 100.043 225.763 0.444189 0 0 101.514 98.4606 0 0.0794444 0.0705556 0 818.463 44.3118 0 0.288209 
7700 100.003 227.987 0.442809 0 0 101.44 98.4031 0 0.0858333 0.0772222 0 831.563 44.2544 0 0.288005 
7800 100.237 225.603 0.44461 0 0 101.413 98.2989 0 0.0902778 0.0811111 0 845.226 45.336 0 0.287529 
7900 99.7228 227.145 0.443235 0 0 101.438 98.3736 0 0.0808333 0.0733333 0 858.916 46.3756 0 0.287374 
8000 100.063 230.155 0.441789 0 0 101.469 98.4139 0 0.0872222 0.0786111 0 871.885 47.5863 0 0.287429 
8100 100.241 225.616 0.444722 0 0 101.631 98.5169 0 0.0969444 0.0858333 0 885.878 48.8793 0 0.287287 
8200 99.9845 226.583 0.444495 0 0 101.734 98.6372 0 0.0777778 0.0688889 0 899.482 48.9808 0 0.287813 
8300 99.9125 225.854 0.444093 0 0 101.763 98.7147 0 0.0925 0.0847222 0 912.885 48.7135 0 0.288019 
8400 100.209 226.866 0.444889 0 0 101.837 98.7408 0 0.0975 0.0869444 0 926.593 49.7042 0 0.288187 
8500 99.9647 226.604 0.443638 0 0 101.782 98.7136 0 0.0805556 0.0725 0 939.842 48.6824 0 0.28865 
8600 100.047 226.21 0.444368 0 0 101.752 98.6383 0 0.0902778 0.0783333 0 953.378 48.1815 0 0.288903 
8700 100.015 226.449 0.444969 0 0 101.713 98.6086 0 0.0891667 0.0819444 0 967.033 47.7948 0 0.288893 
8800 100.014 226.371 0.444366 0 0 101.823 98.7136 0 0.0852778 0.0777778 0 980.403 46.4181 0 0.289021 
8900 100.238 228.101 0.444289 0 0 101.778 98.6961 0 0.0838889 0.0727778 0 993.751 45.2838 0 0.288801 
9000 99.9777 225.296 0.444378 0 0 101.756 98.6897 0 0.0841667 0.0744444 0 1007.3 44.6651 0 0.288881 
9100 99.9409 228.059 0.443589 0 0 101.793 98.6969 0 0.0844444 0.0744444 0 1020.73 43.1473 0 0.288664 
9200 100.072 226.098 0.44505 0 0 101.921 98.7747 0 0.0880556 0.08 0 1034.46 43.7095 0 0.288665 
9300 100.014 225.964 0.444516 0 0 101.884 98.7533 0 0.0922222 0.0813889 0 1047.85 45.8058 0 0.288576 
9400 100.103 226.654 0.444558 0 0 101.909 98.7619 0 0.0863889 0.0786111 0 1061.34 46.7584 0 0.288862 
9500 100.134 225.959 0.445254 0 0 101.954 98.78 0 0.0775 0.0675 0 1074.87 50.5963 0 0.288132 
9600 100.02 225.604 0.444627 0 0 101.954 98.81 0 0.0819444 0.0741667 0 1088.14 50.2484 0 0.288111 
9700 100.047 226.076 0.444338 0 0 101.896 98.7322 0 0.0891667 0.08 0 1101.57 49.2323 0 0.288043 
9800 100.047 225.109 0.445079 0 0 102.007 98.9086 0 0.0841667 0.0738889 0 1115.27 50.93 0 0.288318 
9900 100.152 228.336 0.443786 0 0 102.035 98.9536 0 0.0938889 0.085 0 1128.63 51.0211 0 0.288122 
10000 100.519 225.871 0.446525 0 0 102.055 98.9719 0 0.0855556 0.0788889 0 1142.24 51.7217 0 0.288528 
10100 100.351 225.751 0.445812 0 0 102.086 99.0233 0 0.0833333 0.0772222 0 1155.66 47.3989 0 0.288902 
10200 100.412 225.029 0.446562 0 0 102.093 99.0172 0 0.0902778 0.0822222 0 1169.45 45.2466 0 0.289057 
10300 100.732 225.93 0.447339 0 0 102.102 99.0194 0 0.0855556 0.0769444 0 1182.82 46.094 0 0.289152 
10400 100.135 225.373 0.445515 0 0 102.058 98.9628 0 0.0802778 0.0705556 0 1196.16 43.3726 0 0.289459 
10500 100.016 225.857 0.444775 0 0 102.042 98.9775 0 0.085 0.0766667 0 1209.64 42.9036 0 0.28954 
10600 100.876 225.207 0.448032 0 0 102.156 99.1119 0 0.0869444 0.0791667 0 1223.19 43.685 0 0.289533 
10700 100.761 228.181 0.44557 0 0 102.138 99.1061 0 0.0972222 0.0883333 0 1236.33 44.5167 0 0.289599 
10800 100.388 227.366 0.444795 0 0 102.189 99.1447 0 0.0858333 0.0761111 0 1249.9 43.6422 0 0.289143 
10900 100.698 227.701 0.446001 0 0 102.199 99.1328 0 0.09 0.0802778 0 1263.48 43.6846 0 0.288967 
11000 100.486 226.76 0.445723 0 0 102.185 99.0278 0 0.0786111 0.0694444 0 1276.97 46.8364 0 0.289331 
11100 100.758 227.532 0.4466 0 0 102.322 99.2733 0 0.0911111 0.0786111 0 1290.77 46.6034 0 0.289211 
11200 100.899 225.548 0.447608 0 0 102.354 99.3044 0 0.0897222 0.0780556 0 1304.35 46.9663 0 0.28914 
11300 101.102 229.396 0.447336 0 0 102.422 99.3792 0 0.0797222 0.0736111 0 1317.74 47.4514 0 0.289432 
11400 100.872 227.744 0.446588 0 0 102.36 99.3206 0 0.0844444 0.0752778 0 1331 44.9262 0 0.289819 
11500 100.685 227.345 0.446777 0 0 102.412 99.3219 0 0.0836111 0.0766667 0 1344.46 43.9913 0 0.289575 
11600 101.051 227.657 0.446901 0 0 102.525 99.4964 0 0.0825 0.0769444 0 1357.77 41.1856 0 0.290166 
11700 100.793 228.063 0.446285 0 0 102.467 99.4119 0 0.0838889 0.0772222 0 1371.26 41.6468 0 0.290512 
11800 100.848 226.623 0.447303 0 0 102.491 99.4183 0 0.102222 0.0913889 0 1385.03 39.7396 0 0.290641 
11900 100.669 227.539 0.446182 0 0 102.562 99.5142 0 0.0780556 0.0694444 0 1398.55 36.7177 0 0.290938 
12000 100.705 227.792 0.446057 0 0 102.584 99.5172 0 0.0830556 0.0738889 0 1411.93 31.4238 0 0.290908 
12100 100.816 227.566 0.447032 0 0 102.59 99.5306 0 0.0777778 0.0716667 0 1425.58 30.7188 0 0.29071 
12200 100.406 226.666 0.446428 0 0 102.442 99.3033 0 0.0802778 0.0733333 0 1439.12 31.2531 0 0.290582 
12300 100.754 227.748 0.4467 0 0 102.443 99.3956 0 0.0777778 0.0691667 0 1452.5 31.1518 0 0.290735 
12400 100.769 228.015 0.446504 0 0 102.486 99.4444 0 0.0811111 0.0705556 0 1466.02 32.8599 0 0.290309 
12500 100.779 225.565 0.448117 0 0 102.453 99.3381 0 0.0897222 0.08 0 1479.56 34.6409 0 0.290383 
12600 100.714 227.479 0.446704 0 0 102.623 99.5411 0 0.0852778 0.0763889 0 1493.25 34.9662 0 0.290657 
12700 100.953 227.839 0.447266 0 0 102.573 99.5281 0 0.0830556 0.0741667 0 1506.69 33.5795 0 0.290794 
12800 100.713 226.051 0.447618 0 0 102.536 99.4542 0 0.0933333 0.0816667 0 1520.16 33.2787 0 0.290882 
12900 100.826 227.714 0.447294 0 0 102.499 99.3406 0 0.0980556 0.0869444 0 1533.82 31.5408 0 0.291041 
13000 100.802 227.716 0.446582 0 0 102.599 99.4975 0 0.0836111 0.0744444 0 1547.31 28.2777 0 0.291141 
13100 101.011 228.373 0.446567 0 0 102.566 99.5217 0 0.0811111 0.0736111 0 1560.52 30.0151 0 0.290814 
13200 100.795 228.618 0.446904 0 0 102.777 99.7497 0 0.0894444 0.0802778 0 1574.64 28.5019 0 0.290541 
13300 100.882 230.114 0.44547 0 0 102.586 99.5028 0 0.0977778 0.0891667 0 1587.58 28.0885 0 0.290321 
13400 100.998 229.023 0.446377 0 0 102.7 99.5664 0 0.0777778 0.0719444 0 1601.47 26.4618 0 0.290312 
13500 100.832 229.302 0.445641 0 0 102.642 99.5253 0 0.085 0.0747222 0 1614.62 25.5445 0 0.290213 
13600 100.875 229.092 0.446115 0 0 102.741 99.6667 0 0.0830556 0.0741667 0 1628.66 21.829 0 0.290569 
13700 100.885 230.68 0.445412 0 0 102.878 99.8497 0 0.0788889 0.0702778 0 1642.59 18.3783 0 0.290939 
13800 101.383 230.047 0.447583 0 0 102.719 99.6414 0 0.0811111 0.0725 0 1655.76 16.4126 0 0.291253 
13900 100.975 230.865 0.446107 0 0 102.717 99.5897 0 0.0930556 0.0836111 0 1669.93 16.0044 0 0.291295 
14000 101.073 229.82 0.446215 0 0 102.717 99.6789 0 0.0738889 0.0661111 0 1682.97 17.8174 0 0.291371 
14100 101.041 229.066 0.44705 0 0 102.769 99.7036 0 0.0936111 0.0833333 0 1697.26 16.8426 0 0.291058 
14200 101.093 228.876 0.446651 0 0 102.632 99.5625 0 0.0791667 0.0722222 0 1710.18 16.814 0 0.290705 
14300 101.075 229.19 0.447024 0 0 102.857 99.7717 0 0.0888889 0.0794444 0 1723.75 15.5074 0 0.290917 
14400 101.707 229.601 0.44866 0 0 102.765 99.6458 0 0.0794444 0.0686111 0 1737.24 14.2298 0 0.291257 
14500 101.233 229.509 0.447494 0 0 102.874 99.7967 0 0.0802778 0.0741667 0 1750.75 13.4029 0 0.291335 
14600 101.154 229.006 0.447825 0 0 102.864 99.7575 0 0.0941667 0.0836111 0 1763.93 12.5498 0 0.291511 
14700 100.917 230.269 0.445663 0 0 102.689 99.62 0 0.0877778 0.0766667 0 1777.79 10.7575 0 0.292044 
14800 101.017 230.953 0.445901 0 0 102.861 99.8172 0 0.0922222 0.0847222 0 1791.66 11.2651 0 0.291714 
14900 101.51 229.526 0.448454 0 0 102.752 99.6678 0 0.0905556 0.08 0 1805.41 11.8895 0 0.291467 
15000 101.269 228.661 0.448659 0 0 102.851 99.8067 0 0.0811111 0.0713889 0 1819.38 12.2195 0 0.291739 
15100 101.073 228.739 0.448197 0 0 102.94 99.85 0 0.0877778 0.0788889 0 1833.09 11.2368 0 0.291903 
15200 101.143 230.856 0.446801 0 0 102.852 99.7175 0 0.0922222 0.0838889 0 1846.66 8.60702 0 0.291981 
15300 100.677 230.071 0.445996 0 0 102.897 99.7986 0 0.0916667 0.0841667 0 1860.08 13.4866 0 0.292552 
15400 100.752 230.902 0.445992 0 0 103.014 99.9497 0 0.0980556 0.0861111 0 1873.78 13.4966 0 0.2931 
15500 101.15 229.144 0.448196 0 0 102.879 99.8017 0 0.0977778 0.0886111 0 1887.22 12.5524 0 0.293242 
15600 101.115 228.275 0.448895 0 0 102.887 99.7714 0 0.0997222 0.0877778 0 1901.04 12.4017 0 0.2935 
15700 101.129 228.084 0.449297 0 0 102.959 99.87 0 0.0794444 0.0719444 0 1914.91 9.07685 0 0.293768 
15800 101.067 227.567 0.449792 0 0 102.967 99.8842 0 0.0938889 0.0836111 0 1928.85 5.90223 0 0.293662 
15900 101.245 228.491 0.450195 0 0 103.097 100.042 0 0.0944444 0.0841667 0 1943.25 2.61274 0 0.293596 
16000 100.995 226.903 0.450305 0 0 103.027 99.8983 0 0.0961111 0.0880556 0 1957.05 -1.74655 0 0.293854 
16100 100.747 228.702 0.447813 0 0 102.814 99.6992 0 0.0858333 0.0780556 0 1970.23 1.08703 0 0.293688 
16200 100.973 230.077 0.448008 0 0 102.938 99.8647 0 0.0866667 0.0816667 0 1984.58 0.252027 0 0.293534 
16300 101.358 230.143 0.449943 0 0 103.025 99.9083 0 0.0852778 0.0761111 0 1998.4 -2.95246 0 0.293641 
16400 101.187 227.586 0.451482 0 0 103.218 100.123 0 0.0872222 0.0775 0 2012.5 -6.223 0 0.293766 
16500 101.292 230.728 0.449753 0 0 103.051 99.91 0 0.0847222 0.0758333 0 2026.04 -6.69036 0 0.294177 
16600 102.074 230.465 0.451034 0 0 103.629 100.498 0 0.0875 0.0769444 0 2040.15 -9.81515 0 0.294314 
16700 101.695 228.654 0.451465 0 0 103.514 100.348 0 0.0852778 0.0769444 0 2053.87 -9.18755 0 0.294697 
16800 102.3 231.74 0.449911 0 0 103.84 100.729 0 0.0825 0.0725 0 2066.6 -10.9605 0 0.294788 
16900 101.464 227.783 0.452061 0 0 103.531 100.421 0 0.0822222 0.0741667 0 2080.93 -12.7351 0 0.29473 
17000 101.329 227.437 0.451808 0 0 103.227 100.085 0 0.0944444 0.0836111 0 2094.13 -10.6216 0 0.294367 
17100 101.105 226.688 0.45212 0 0 103.111 100.026 0 0.0891667 0.0786111 0 2107.79 -12.5813 0 0.294489 
17200 101.564 226.801 0.454225 0 0 103.293 100.192 0 0.085 0.0752778 0 2121.88 -9.85131 0 0.294692 
17300 101.268 225.994 0.453731 0 0 103.24 100.122 0 0.0916667 0.0833333 0 2135.15 -12.9282 0 0.295006 
17400 101 227.472 0.452885 0 0 103.311 100.216 0 0.0786111 0.0711111 0 2148.93 -8.87254 0 0.295513 
17500 101.145 226.432 0.45467 0 0 103.105 99.9797 0 0.105833 0.0933333 0 2163.19 -8.24355 0 0.295961 
17600 100.918 224.917 0.456755 0 0 103.087 99.9444 0 0.0888889 0.0797222 0 2177.65 -7.08082 0 0.296755 
17700 101.109 224.034 0.459061 0 0 102.982 99.8456 0 0.0783333 0.0675 0 2192.22 -7.04699 0 0.297285 
17800 101.113 222.573 0.462385 0 0 102.976 99.8342 0 0.0894444 0.0813889 0 2207.39 -5.8687 0 0.297894 
17900 101.181 220.546 0.465498 0 0 103.061 99.9642 0 0.08 0.0722222 0 2222.37 -5.00269 0 0.299265 
18000 100.919 221.16 0.465477 0 0 102.868 99.7883 0 0.0794444 0.0713889 0 2237.02 -1.58428 0 0.300784 
18100 101.132 218.072 0.469765 0 0 103.005 99.9661 0 0.0894444 0.0811111 0 2252.62 -0.42681 0 0.302037 
18200 101.043 217.794 0.470904 0 0 102.877 99.8086 0 0.0802778 0.0716667 0 2267.46 2.17466 0 0.303516 
18300 100.879 217.555 0.471441 0 0 102.938 99.8917 0 0.095 0.0833333 0 2282.46 2.20263 0 0.305078 
18400 101.056 216.028 0.473262 0 0 102.816 99.7428 0 0.0880556 0.0825 0 2296.67 5.70617 0 0.306253 
18500 100.601 217.569 0.471302 0 0 102.72 99.7025 0 0.0961111 0.0872222 0 2311.17 6.93571 0 0.306666 
18600 101.195 217.328 0.473744 0 0 102.791 99.7761 0 0.0977778 0.0852778 0 2325.7 8.21298 0 0.307644 
18700 100.843 218.593 0.470927 0 0 102.642 99.6211 0 0.0783333 0.0708333 0 2339.4 9.04346 0 0.307824 
18800 101.041 217.563 0.472776 0 0 102.766 99.6436 0 0.0819444 0.0702778 0 2353.83 9.51923 0 0.308161 
18900 101.242 218.922 0.472761 0 0 102.929 99.9208 0 0.0952778 0.0863889 0 2368.56 7.17059 0 0.308022 
19000 101.098 216.021 0.474927 0 0 102.976 99.9739 0 0.0819444 0.0702778 0 2382.76 7.85351 0 0.308429 
19100 100.858 218.568 0.472403 0 0 102.804 99.7458 0 0.09 0.0819444 0 2396.68 10.5726 0 0.308076 
19200 100.96 216.153 0.474255 0 0 102.71 99.6272 0 0.0952778 0.0863889 0 2410.66 11.5054 0 0.308227 
19300 101.043 216.946 0.474862 0 0 102.723 99.6378 0 0.0855556 0.0797222 0 2424.64 13.5078 0 0.308339 
19400 101.05 216.051 0.476323 0 0 102.937 99.8456 0 0.0861111 0.0780556 0 2439.31 15.8644 0 0.308527 
19500 101.392 215.291 0.477393 0 0 102.802 99.7428 0 0.0897222 0.0808333 0 2453.08 16.0377 0 0.30884 
19600 101.019 215.251 0.476861 0 0 102.951 99.9147 0 0.103056 0.0913889 0 2467.98 17.6101 0 0.309389 
19700 101.544 216.901 0.475976 0 0 103.073 99.9628 0 0.1 0.09 0 2481.82 15.1847 0 0.309693 
19800 100.937 213.607 0.478248 0 0 103.011 99.9692 0 0.101111 0.0911111 0 2496.6 18.5342 0 0.310005 
19900 101.041 213.479 0.478605 0 0 102.853 99.7894 0 0.0913889 0.0788889 0 2510.84 20.6508 0 0.310286 
20000 100.817 214.488 0.477459 0 0 102.786 99.6983 0 0.0947222 0.0852778 0 2525.11 21.4137 0 0.310412 
20100 101.048 213.687 0.481187 0 0 103.071 100.007 0 0.0936111 0.0808333 0 2540.31 27.962 0 0.310834 
20200 100.99 214.072 0.480873 0 0 102.932 99.8986 0 0.0858333 0.0788889 0 2554.35 32.4239 0 0.311263 
20300 101.07 210.8 0.483397 0 0 102.904 99.8694 0 0.0988889 0.0877778 0 2568.83 33.3138 0 0.311724 
20400 101.074 211.313 0.483837 0 0 102.908 99.7983 0 0.0805556 0.0716667 0 2583.36 37.5418 0 0.31248 
20500 101.549 207.873 0.492497 0 0 103.614 100.504 0 0.0919444 0.0805556 0 2601.57 42.3279 0 0.313988 
20600 101.876 207.144 0.4954 0 0 103.741 100.721 0 0.0822222 0.0730556 0 2618.28 44.604 0 0.315605 
20700 101.888 206.163 0.497095 0 0 103.788 100.694 0 0.100278 0.0913889 0 2634.46 49.5378 0 0.317209 
20800 102.041 204.541 0.499437 0 0 103.826 100.768 0 0.0888889 0.0808333 0 2650.38 55.4444 0 0.319215 
20900 102.001 204.883 0.499211 0 0 103.882 100.804 0 0.0961111 0.0855556 0 2666.32 57.4826 0 0.321134 
21000 102.037 204.407 0.499815 0 0 103.969 100.853 0 0.101944 0.0916667 0 2681.89 59.1265 0 0.322242 
21100 101.948 204.004 0.499863 0 0 103.904 100.793 0 0.0966667 0.0875 0 2697.41 60.1719 0 0.323019 
21200 102.111 204.478 0.500135 0 0 103.967 100.917 0 0.0941667 0.085 0 2712.76 61.3089 0 0.323889 
21300 102.196 204.218 0.500786 0 0 104.002 100.967 0 0.0880556 0.0830556 0 2728.3 61.4619 0 0.324003 
21400 102.177 204.482 0.500446 0 0 104.018 100.957 0 0.0941667 0.0844444 0 2743.45 62.6464 0 0.323836 
21500 101.972 204.822 0.499439 0 0 103.932 100.835 0 0.113611 0.103056 0 2758.32 63.8082 0 0.323859 
21600 102.134 204.113 0.500526 0 0 103.998 100.913 0 0.0841667 0.0758333 0 2773.83 63.8594 0 0.32398 
21700 102.209 204.046 0.500906 0 0 104.029 100.999 0 0.0972222 0.0897222 0 2788.97 64.2286 0 0.324079 
21800 102.107 204.319 0.500279 0 0 104.022 100.906 0 0.0947222 0.0875 0 2803.75 64.2004 0 0.32407 
21900 102.133 204.199 0.500549 0 0 103.967 100.89 0 0.0933333 0.0863889 0 2818.89 63.2274 0 0.324174 
22000 102.046 204.336 0.500107 0 0 103.931 100.832 0 0.0975 0.0863889 0 2833.86 64.2971 0 0.324051 
22100 102.105 204.013 0.500598 0 0 103.939 100.843 0 0.0988889 0.0891667 0 2849.03 64.6716 0 0.323907 
22200 102.166 204.951 0.50015 0 0 103.968 100.917 0 0.0866667 0.0775 0 2863.76 64.3746 0 0.323498 
22300 101.924 204.558 0.4992 0 0 103.91 100.736 0 0.0972222 0.0863889 0 2879.08 65.9269 0 0.323466 
22400 101.955 204.523 0.499864 0 0 103.906 100.748 0 0.0997222 0.0852778 0 2893.97 65.9787 0 0.323097 
22500 102.041 204.765 0.499791 0 0 103.946 100.832 0 0.0897222 0.0794444 0 2908.7 66.064 0 0.32328 
22600 102.095 204.389 0.500116 0 0 103.961 100.896 0 0.0936111 0.0827778 0 2923.71 65.7351 0 0.32312 
22700 102.052 204.123 0.499992 0 0 103.93 100.835 0 0.1025 0.095 0 2938.65 67.9878 0 0.323281 
22800 102 204.37 0.499648 0 0 103.949 100.833 0 0.104722 0.0961111 0 2953.28 66.3722 0 0.323419 
22900 102.035 204.249 0.500124 0 0 103.955 100.808 0 0.0861111 0.0766667 0 2968.18 66.6141 0 0.323904 
23000 102.048 204.05 0.500254 0 0 103.984 100.87 0 0.104444 0.09 0 2982.93 68.1555 0 0.32381 
23100 102.143 204.776 0.500181 0 0 104.031 100.897 0 0.103611 0.0944444 0 2997.85 71.0026 0 0.32373 
23200 102.084 204.139 0.500196 0 0 104.046 100.898 0 0.085 0.0783333 0 3012.84 70.4424 0 0.324117 
23300 102.115 204.312 0.500204 0 0 104.026 100.874 0 0.0852778 0.0769444 0 3027.62 72.65 0 0.323932 
23400 102.153 204.637 0.499961 0 0 104.059 100.902 0 0.0905556 0.0805556 0 3042.52 73.9592 0 0.323644 
23500 102.021 204.563 0.499692 0 0 104.008 100.776 0 0.105 0.095 0 3057.45 72.83 0 0.32339 
23600 102.036 203.996 0.500062 0 0 104.026 100.848 0 0.105278 0.0952778 0 3072.58 71.4794 0 0.323407 
23700 102.212 204.696 0.500326 0 0 104.133 101.001 0 0.0958333 0.0872222 0 3087.59 72.5552 0 0.323006 
23800 102.291 204.398 0.500813 0 0 104.209 101.041 0 0.0936111 0.0841667 0 3102.51 74.8201 0 0.323251 
23900 102.189 204.212 0.500525 0 0 104.167 101.004 0 0.106944 0.0986111 0 3117.31 76.1942 0 0.323536 
24000 102.224 204.071 0.500888 0 0 104.139 101.024 0 0.0925 0.0838889 0 3132.2 75.7394 0 0.324332 
24100 102.188 204.216 0.500715 0 0 104.118 100.975 0 0.1 0.09 0 3147.04 75.1684 0 0.324278 
24200 102.167 203.958 0.500829 0 0 104.079 100.947 0 0.0961111 0.0872222 0 3161.73 74.4163 0 0.3245 
24300 102.182 204.851 0.500303 0 0 104.078 100.96 0 0.100556 0.0916667 0 3176.46 72.6974 0 0.324271 
24400 102.151 204.217 0.500358 0 0 104.108 100.991 0 0.105 0.0972222 0 3191.4 73.0682 0 0.324323 
24500 102.263 204.264 0.500991 0 0 104.15 101.023 0 0.0847222 0.0741667 0 3206.15 72.73 0 0.323974 
24600 102.213 204.542 0.500443 0 0 104.143 101.007 0 0.101111 0.0897222 0 3220.97 74.67 0 0.324255 
24700 102.305 204.497 0.500841 0 0 104.208 101.088 0 0.0875 0.0775 0 3235.78 72.9193 0 0.324268 
24800 102.316 204.552 0.500932 0 0 104.242 101.088 0 0.100278 0.0858333 0 3250.75 72.435 0 0.324138 
24900 102.286 204.315 0.501021 0 0 104.278 101.125 0 0.0852778 0.0752778 0 3265.5 74.0221 0 0.324156 
25000 102.188 204.039 0.500936 0 0 104.193 101.008 0 0.105278 0.0952778 0 3280.28 71.9856 0 0.324141 
25100 102.235 205.727 0.500488 0 0 104.176 100.987 0 0.085 0.0775 0 3295.05 69.4694 0 0.324252 
25200 102.262 204.311 0.501075 0 0 104.253 101.042 0 0.0933333 0.0816667 0 3309.82 68.8805 0 0.324054 
25300 102.47 204.674 0.501462 0 0 104.43 101.235 0 0.103889 0.0916667 0 3324.57 68.2142 0 0.324224 
25400 102.449 204.261 0.501711 0 0 104.438 101.232 0 0.0969444 0.0863889 0 3339.63 68.6816 0 0.324018 
25500 102.465 204.336 0.501718 0 0 104.426 101.232 0 0.1 0.0872222 0 3354.51 70.5889 0 0.324124 
25600 102.452 204.501 0.501584 0 0 104.476 101.247 0 0.101111 0.0902778 0 3369.27 68.1658 0 0.323897 
25700 102.402 204.117 0.50156 0 0 104.411 101.173 0 0.0952778 0.0852778 0 3384.03 69.4586 0 0.324212 
25800 102.474 205.104 0.501045 0 0 104.564 101.309 0 0.0963889 0.0883333 0 3398.78 70.66 0 0.324583 
25900 102.526 204.307 0.501993 0 0 104.519 101.316 0 0.0913889 0.0822222 0 3413.73 70.9586 0 0.324927 
26000 102.576 204.352 0.502099 0 0 104.541 101.338 0 0.0983333 0.0866667 0 3428.56 69.7979 0 0.324726 
26100 102.536 204.226 0.502182 0 0 104.47 101.3 0 0.104444 0.0936111 0 3443.28 67.6315 0 0.324765 
26200 102.589 204.439 0.502109 0 0 104.548 101.399 0 0.103611 0.0902778 0 3458.02 67.7517 0 0.324844 
26300 102.636 204.238 0.502435 0 0 104.559 101.4 0 0.0925 0.0822222 0 3472.94 67.5861 0 0.324634 
26400 102.581 204.358 0.502045 0 0 104.535 101.356 0 0.0983333 0.0902778 0 3487.69 65.7438 0 0.324612 
26500 102.743 204.377 0.502618 0 0 104.662 101.542 0 0.106944 0.0966667 0 3502.59 64.354 0 0.324685 
26600 102.803 204.57 0.502644 0 0 104.678 101.566 0 0.105556 0.095 0 3517.57 63.4874 0 0.324935 
26700 102.865 204.7 0.502469 0 0 104.723 101.64 0 0.0891667 0.0780556 0 3532.33 62.3907 0 0.324871 
26800 102.688 204.409 0.502218 0 0 104.596 101.459 0 0.0977778 0.0877778 0 3547.19 60.9529 0 0.325199 
26900 102.813 204.636 0.50263 0 0 104.645 101.599 0 0.0969444 0.0861111 0 3561.76 60.4182 0 0.324892 
27000 102.768 204.48 0.502529 0 0 104.662 101.591 0 0.0930556 0.0861111 0 3576.62 59.103 0 0.325158 
27100 102.877 205.026 0.502692 0 0 104.719 101.63 0 0.0827778 0.0741667 0 3591.21 61.0501 0 0.324882 
27200 102.74 204.739 0.502226 0 0 104.71 101.549 0 0.0997222 0.0902778 0 3605.88 60.4551 0 0.324749 
27300 102.789 204.743 0.50233 0 0 104.744 101.542 0 0.0936111 0.0827778 0 3620.8 61.5484 0 0.324448 
27400 102.815 204.796 0.502373 0 0 104.753 101.567 0 0.0838889 0.0736111 0 3635.57 58.4411 0 0.324536 
27500 102.956 205.508 0.502514 0 0 104.86 101.701 0 0.111667 0.100278 0 3650.3 57.7213 0 0.32413 
27600 102.837 204.469 0.502809 0 0 104.754 101.613 0 0.0947222 0.0855556 0 3665.09 58.03 0 0.324541 
27700 102.913 204.803 0.5031 0 0 104.884 101.729 0 0.0977778 0.0866667 0 3679.94 57.709 0 0.32479 
27800 102.816 204.292 0.503158 0 0 104.841 101.603 0 0.0986111 0.0861111 0 3694.85 57.1939 0 0.325262 
27900 102.749 204.762 0.502912 0 0 104.759 101.522 0 0.108333 0.0980556 0 3709.5 55.3158 0 0.325188 
28000 102.811 204.139 0.50359 0 0 104.798 101.571 0 0.0933333 0.0783333 0 3724.23 55.7159 0 0.325589 
28100 102.756 204.086 0.503423 0 0 104.771 101.549 0 0.0980556 0.0883333 0 3739.03 56.3589 0 0.325526 
28200 102.717 204.201 0.50345 0 0 104.757 101.468 0 0.0941667 0.0805556 0 3753.63 57.5888 0 0.325447 
28300 102.67 204.235 0.50301 0 0 104.754 101.444 0 0.0894444 0.0780556 0 3768.48 55.3095 0 0.325078 
28400 102.83 204.572 0.503226 0 0 104.85 101.607 0 0.0908333 0.0816667 0 3783.36 51.5627 0 0.325443 
28500 102.777 204.472 0.503371 0 0 104.846 101.556 0 0.0983333 0.0880556 0 3798.18 51.213 0 0.325414 
28600 102.794 204.769 0.503404 0 0 104.916 101.604 0 0.0880556 0.0777778 0 3813.07 50.5992 0 0.325443 
28700 102.788 204.426 0.503685 0 0 104.911 101.607 0 0.0925 0.0827778 0 3827.97 54.2265 0 0.325515 
28800 102.749 203.886 0.503801 0 0 104.892 101.518 0 0.0988889 0.0886111 0 3842.68 55.2882 0 0.325316 
28900 102.96 204.582 0.504227 0 0 105.079 101.769 0 0.0952778 0.0869444 0 3857.73 53.3587 0 0.325782 
29000 103.047 204.261 0.504632 0 0 105.059 101.776 0 0.0958333 0.0858333 0 3872.45 54.1579 0 0.325813 
29100 102.949 204.058 0.504364 0 0 105.054 101.718 0 0.0975 0.0888889 0 3887.28 57.6662 0 0.325786 
29200 103.087 204.393 0.504484 0 0 105.176 101.866 0 0.0933333 0.0841667 0 3902.19 57.7712 0 0.325894 
29300 103.14 204.362 0.504671 0 0 105.189 101.905 0 0.0933333 0.0830556 0 3916.96 56.1523 0 0.326436 
29400 103.157 204.304 0.504861 0 0 105.191 101.908 0 0.104167 0.0936111 0 3931.7 54.9472 0 0.326111 
29500 103.066 205.08 0.504317 0 0 105.188 101.815 0 0.0952778 0.0858333 0 3946.41 59.5496 0 0.326336 
29600 103.135 204.678 0.504539 0 0 105.214 101.912 0 0.102778 0.0938889 0 3961.1 58.7958 0 0.326678 
29700 103.182 204.414 0.504971 0 0 105.249 101.984 0 0.0961111 0.0869444 0 3975.76 56.5369 0 0.326491 
29800 103.093 204.386 0.504732 0 0 105.219 101.893 0 0.0927778 0.0833333 0 3990.59 54.3434 0 0.326434 
29900 103.21 204.335 0.505315 0 0 105.228 101.982 0 0.0916667 0.0836111 0 4005.38 54.6685 0 0.326498 
30000 103.284 204.326 0.505438 0 0 105.306 102.043 0 0.1 0.0902778 0 4020.31 53.9558 0 0.326257 
30100 103.387 204.805 0.505269 0 0 105.351 102.146 0 0.109167 0.0977778 0 4035.04 55.0069 0 0.326051 
30200 103.263 204.473 0.504928 0 0 105.266 102.035 0 0.0836111 0.075 0 4049.76 53.015 0 0.326304 
30300 103.35 204.624 0.505046 0 0 105.312 102.102 0 0.0969444 0.0880556 0 4064.53 51.9365 0 0.32612 
30400 103.388 204.515 0.505497 0 0 105.379 102.144 0 0.0986111 0.0883333 0 4079.36 52.8278 0 0.326061 
30500 103.206 204.711 0.50488 0 0 105.243 101.92 0 0.0822222 0.0736111 0 4094.11 51.1052 0 0.326151 
30600 103.328 204.452 0.505378 0 0 105.304 102.093 0 0.0941667 0.0827778 0 4108.92 51.0685 0 0.326472 
30700 103.29 204.41 0.505257 0 0 105.306 102.056 0 0.0847222 0.0758333 0 4123.8 48.8642 0 0.326704 
30800 103.2 205.19 0.504605 0 0 105.255 101.985 0 0.105556 0.0961111 0 4138.73 52.9175 0 0.326548 
30900 103.176 204.678 0.504946 0 0 105.218 101.957 0 0.0927778 0.0813889 0 4153.37 55.2928 0 0.326564 
31000 103.273 205.019 0.505382 0 0 105.256 102.051 0 0.0894444 0.0808333 0 4168.39 56.8792 0 0.326659 
31100 103.444 204.507 0.50581 0 0 105.406 102.21 0 0.0994444 0.0891667 0 4183.3 55.3031 0 0.326592 
31200 103.29 204.209 0.505767 0 0 105.303 102.078 0 0.0952778 0.0866667 0 4198.26 57.7075 0 0.326887 
31300 103.266 204.58 0.505664 0 0 105.293 102.026 0 0.0997222 0.0891667 0 4212.71 56.5454 0 0.327342 
31400 103.403 204.508 0.506103 0 0 105.348 102.171 0 0.0952778 0.0852778 0 4227.64 59.0907 0 0.327697 
31500 103.321 204.306 0.50612 0 0 105.317 102.101 0 0.0969444 0.0852778 0 4242.29 56.2418 0 0.327918 
31600 103.181 205.074 0.505676 0 0 105.201 101.962 0 0.0933333 0.0847222 0 4257.31 61.1804 0 0.327677 
31700 103.094 204.229 0.505698 0 0 105.209 101.891 0 0.101389 0.0905556 0 4272.27 63.365 0 0.3273 
31800 103.193 203.885 0.506284 0 0 105.281 101.955 0 0.0938889 0.0863889 0 4286.95 62.3208 0 0.327482 
31900 103.072 203.574 0.506215 0 0 105.19 101.856 0 0.101667 0.0875 0 4301.65 61.1117 0 0.327317 
32000 103.194 203.874 0.506579 0 0 105.276 101.956 0 0.0838889 0.0766667 0 4316.66 66.1352 0 0.327479 
32100 103.328 203.925 0.506677 0 0 105.342 102.1 0 0.100833 0.0911111 0 4331.42 65.0155 0 0.327885 
32200 103.269 203.962 0.506532 0 0 105.344 102.069 0 0.0880556 0.0791667 0 4346.49 67.8529 0 0.328096 
32300 103.249 203.831 0.506472 0 0 105.297 102.029 0 0.095 0.0833333 0 4361.21 68.3533 0 0.328384 
32400 103.3 203.947 0.506431 0 0 105.323 102.069 0 0.0916667 0.0836111 0 4376.04 68.8861 0 0.328596 
32500 103.4 204.251 0.506443 0 0 105.379 102.142 0 0.0944444 0.0827778 0 4391.11 70.9953 0 0.328326 
32600 103.336 204.104 0.506295 0 0 105.361 102.117 0 0.0877778 0.0769444 0 4405.89 74.2335 0 0.328463 
32700 103.307 204.226 0.505949 0 0 105.4 102.082 0 0.102778 0.0938889 0 4420.53 71.6285 0 0.328178 
32800 103.313 204.045 0.506236 0 0 105.358 102.096 0 0.0958333 0.0855556 0 4435.56 72.6875 0 0.327825 
32900 103.441 204.503 0.506173 0 0 105.447 102.194 0 0.0925 0.0830556 0 4450 71.4517 0 0.327664 
33000 103.437 204.489 0.506476 0 0 105.476 102.222 0 0.0933333 0.0822222 0 4465.11 68.3299 0 0.327803 
33100 103.421 204.736 0.506691 0 0 105.518 102.193 0 0.0955556 0.0863889 0 4480.18 70.2355 0 0.327862 
33200 103.405 204.287 0.506582 0 0 105.525 102.218 0 0.0938889 0.0836111 0 4495.07 73.2674 0 0.328181 
33300 103.502 204.082 0.507084 0 0 105.537 102.236 0 0.101111 0.0883333 0 4509.88 72.8126 0 0.328249 
33400 103.396 203.972 0.506801 0 0 105.531 102.159 0 0.0905556 0.0830556 0 4524.87 73.8967 0 0.328538 
33500 103.35 204.215 0.50647 0 0 105.481 102.121 0 0.0927778 0.0827778 0 4539.8 74.4397 0 0.328709 
33600 103.427 204.494 0.506373 0 0 105.545 102.224 0 0.0966667 0.0866667 0 4554.83 76.0469 0 0.328491 
33700 103.538 204.344 0.506564 0 0 105.619 102.313 0 0.0905556 0.0786111 0 4569.59 74.4645 0 0.328577 
33800 103.657 204.808 0.506778 0 0 105.675 102.394 0 0.0913889 0.0841667 0 4584.41 72.6055 0 0.328408 
33900 103.688 204.161 0.507825 0 0 105.7 102.429 0 0.0975 0.0872222 0 4599.39 74.9036 0 0.32815 
34000 103.658 204.189 0.507712 0 0 105.739 102.404 0 0.0983333 0.0880556 0 4614.42 77.0863 0 0.327974 
34100 103.685 204.064 0.508037 0 0 105.708 102.478 0 0.0863889 0.0763889 0 4629.25 71.4184 0 0.328066 
34200 103.569 204.226 0.507698 0 0 105.701 102.318 0 0.1075 0.0952778 0 4643.96 69.5744 0 0.327817 
34300 103.576 203.951 0.507768 0 0 105.666 102.374 0 0.101944 0.0927778 0 4658.8 66.8882 0 0.327864 
34400 103.634 203.886 0.508208 0 0 105.727 102.414 0 0.095 0.0838889 0 4673.87 66.7578 0 0.328088 
34500 103.778 204.161 0.508561 0 0 105.854 102.541 0 0.106944 0.0969444 0 4689.12 73.9289 0 0.32836 
34600 103.786 203.971 0.508756 0 0 105.843 102.523 0 0.0908333 0.0825 0 4703.86 73.6818 0 0.328644 
34700 103.68 203.855 0.508406 0 0 105.849 102.464 0 0.0944444 0.0852778 0 4718.76 77.5091 0 0.328801 
34800 103.917 204.327 0.509122 0 0 105.994 102.645 0 0.102222 0.0927778 0 4733.73 78.0701 0 0.329272 
34900 103.912 204.418 0.509053 0 0 105.957 102.666 0 0.0888889 0.0777778 0 4748.72 80.0007 0 0.32962 
35000 103.839 203.976 0.509001 0 0 105.919 102.629 0 0.106111 0.0941667 0 4763.54 83.5483 0 0.32975 
35100 103.805 203.845 0.509178 0 0 105.889 102.565 0 0.0836111 0.0736111 0 4778.02 80.442 0 0.329761 
35200 103.866 204.187 0.509042 0 0 105.923 102.627 0 0.0836111 0.0747222 0 4792.72 79.729 0 0.329962 
35300 103.872 203.836 0.509561 0 0 105.919 102.627 0 0.0988889 0.0877778 0 4807.59 75.49 0 0.329774 
35400 103.847 203.855 0.509301 0 0 105.864 102.564 0 0.0986111 0.0897222 0 4822.27 77.2951 0 0.329204 
35500 103.928 204.501 0.50881 0 0 105.941 102.684 0 0.0938889 0.0844444 0 4836.83 82.1713 0 0.329197 
35600 103.876 204.094 0.508935 0 0 105.976 102.657 0 0.0988889 0.0888889 0 4851.48 78.3154 0 0.329008 
35700 103.891 203.965 0.50929 0 0 105.949 102.663 0 0.103056 0.0908333 0 4866.61 77.9701 0 0.329027 
35800 103.914 203.945 0.509479 0 0 105.965 102.658 0 0.0908333 0.0802778 0 4881.39 79.038 0 0.329199 
35900 103.798 203.793 0.509232 0 0 105.917 102.578 0 0.0983333 0.0877778 0 4896.3 79.7084 0 0.329293 
36000 103.776 203.765 0.509132 0 0 105.906 102.569 0 0.0911111 0.0830556 0 4911.48 83.4818 0 0.329262 
36100 103.896 203.776 0.50977 0 0 106.004 102.703 0 0.0933333 0.0819444 0 4926.38 82.3145 0 0.329701 
36200 103.878 203.796 0.509648 0 0 105.947 102.649 0 0.0988889 0.0883333 0 4941.19 83.1045 0 0.329712 
36300 103.943 203.8 0.509977 0 0 106.016 102.697 0 0.09 0.0808333 0 4956.12 83.7578 0 0.33008 
36400 103.784 203.549 0.509792 0 0 105.918 102.559 0 0.0944444 0.0844444 0 4971.05 82.6759 0 0.330514 
36500 103.803 203.437 0.51018 0 0 105.916 102.545 0 0.0877778 0.0786111 0 4985.89 77.9398 0 0.33018 
36600 103.809 204.148 0.509667 0 0 105.988 102.575 0 0.0911111 0.0794444 0 5000.82 77.5687 0 0.330052 
36700 103.898 203.459 0.510555 0 0 106.061 102.667 0 0.0861111 0.0780556 0 5016.02 85.4151 0 0.330007 
36800 104.062 203.676 0.510842 0 0 106.152 102.804 0 0.0830556 0.0752778 0 5030.78 89.8496 0 0.32981 
36900 104.094 203.496 0.511475 0 0 106.185 102.823 0 0.0869444 0.0772222 0 5045.79 85.2295 0 0.329749 
37000 104.091 203.87 0.51133 0 0 106.236 102.856 0 0.0997222 0.0891667 0 5060.36 80.0948 0 0.330265 
37100 104.049 203.426 0.511397 0 0 106.191 102.799 0 0.0883333 0.0766667 0 5075.19 82.675 0 0.330222 
37200 104.092 203.911 0.511374 0 0 106.291 102.854 0 0.09 0.0794444 0 5090.36 87.423 0 0.330629 
37300 104.194 203.472 0.512039 0 0 106.317 102.952 0 0.095 0.0836111 0 5105.18 87.9393 0 0.330939 
37400 104.137 203.459 0.511754 0 0 106.278 102.881 0 0.095 0.0841667 0 5120.11 91.3018 0 0.331204 
37500 104.096 203.369 0.51182 0 0 106.289 102.895 0 0.0908333 0.0794444 0 5134.94 93.903 0 0.33123 
37600 104.284 203.433 0.512583 0 0 106.388 103.014 0 0.095 0.085 0 5150.3 92.329 0 0.331224 
37700 104.306 203.411 0.512699 0 0 106.474 103.045 0 0.0936111 0.0852778 0 5165.19 92.4953 0 0.331092 
37800 104.262 203.803 0.512039 0 0 106.441 103.052 0 0.0947222 0.0819444 0 5179.97 96.9799 0 0.331106 
37900 104.392 203.537 0.512822 0 0 106.542 103.155 0 0.0925 0.0838889 0 5195.01 96.2594 0 0.33135 
38000 104.523 203.676 0.513314 0 0 106.619 103.231 0 0.0927778 0.0802778 0 5210.32 95.282 0 0.331885 
38100 104.57 203.753 0.5132 0 0 106.71 103.321 0 0.100278 0.0905556 0 5225.26 95.5276 0 0.332055 
38200 104.632 204.309 0.513012 0 0 106.763 103.353 0 0.0875 0.0780556 0 5240.05 93.6121 0 0.332394 
38300 104.604 203.736 0.513336 0 0 106.82 103.392 0 0.0938889 0.0833333 0 5255.34 94.2126 0 0.332445 
38400 104.631 203.754 0.513298 0 0 106.862 103.379 0 0.0816667 0.0722222 0 5270.46 93.5448 0 0.33262 
38500 104.853 203.944 0.514002 0 0 107.011 103.614 0 0.0863889 0.0777778 0 5285.57 90.7862 0 0.332464 
38600 104.999 204.423 0.51399 0 0 107.081 103.764 0 0.101667 0.09 0 5300.66 90.9314 0 0.332672 
38700 105.072 204.374 0.51458 0 0 107.081 103.844 0 0.109167 0.0983333 0 5315.6 88.8565 0 0.332569 
38800 105.062 204.368 0.514761 0 0 107.085 103.793 0 0.0866667 0.0741667 0 5330.38 90.6592 0 0.332842 
38900 105.005 203.951 0.514794 0 0 107.051 103.775 0 0.0913889 0.0827778 0 5345.23 91.2845 0 0.332677 
39000 104.962 204.069 0.514504 0 0 107.061 103.748 0 0.0988889 0.0886111 0 5360.26 90.8709 0 0.332599 
39100 104.927 205.077 0.514458 0 0 107.032 103.652 0 0.0927778 0.0825 0 5374.97 90.7605 0 0.332734 
39200 105.091 204.262 0.514918 0 0 107.155 103.843 0 0.0927778 0.0825 0 5390.03 91.1431 0 0.332578 
39300 105.083 204.171 0.514959 0 0 107.13 103.85 0 0.0927778 0.0805556 0 5405.04 90.1552 0 0.332666 
39400 105.143 204.037 0.515264 0 0 107.167 103.849 0 0.0886111 0.0755556 0 5419.82 90.162 0 0.332549 
39500 105.055 204.178 0.514865 0 0 107.205 103.838 0 0.100556 0.0930556 0 5434.78 93.886 0 0.332872 
39600 105.126 204.187 0.514775 0 0 107.229 103.918 0 0.0997222 0.0880556 0 5449.54 92.6128 0 0.332844 
39700 105.255 204.355 0.515292 0 0 107.218 104.016 0 0.0883333 0.08 0 5464.41 93.4899 0 0.333179 
39800 105.274 204.131 0.515647 0 0 107.228 103.994 0 0.0997222 0.0886111 0 5479.34 93.6574 0 0.33301 
39900 105.232 204.118 0.515451 0 0 107.245 103.971 0 0.100278 0.0869444 0 5494.29 93.0501 0 0.333014 
40000 105.446 204.522 0.515917 0 0 107.368 104.175 0 0.104444 0.095 0 5509.17 91.6496 0 0.333093 
40100 105.262 205.046 0.515161 0 0 107.278 104.045 0 0.0958333 0.0866667 0 5523.84 93.2816 0 0.333223 
40200 105.134 204.26 0.515037 0 0 107.214 103.905 0 0.108611 0.0997222 0 5538.38 94.3392 0 0.333064 
40300 105.059 203.927 0.51503 0 0 107.105 103.827 0 0.0975 0.0875 0 5553.37 92.0007 0 0.33329 
40400 105.253 204.135 0.515529 0 0 107.239 103.995 0 0.105833 0.0961111 0 5568.24 91.4644 0 0.333427 
40500 105.244 204.347 0.515519 0 0 107.239 103.972 0 0.0988889 0.0911111 0 5583.04 91.8523 0 0.333415 
40600 105.048 204.726 0.514155 0 0 107.178 103.806 0 0.0902778 0.0802778 0 5597.64 93.6166 0 0.33373 
40700 105.183 204.972 0.514763 0 0 107.208 103.923 0 0.0963889 0.0866667 0 5612.3 91.6458 0 0.333825 
40800 105.269 204.511 0.515219 0 0 107.293 103.964 0 0.1 0.0905556 0 5627.26 90.6292 0 0.33381 
40900 105.23 204.107 0.515467 0 0 107.282 103.973 0 0.0894444 0.0822222 0 5642.32 91.331 0 0.333902 
41000 105.292 204.631 0.515617 0 0 107.34 104.06 0 0.0933333 0.0836111 0 5657.08 89.234 0 0.333625 
41100 105.316 204.186 0.515766 0 0 107.353 104.079 0 0.0855556 0.0797222 0 5671.74 89.5 0 0.333363 
41200 105.095 203.866 0.515393 0 0 107.239 103.86 0 0.0944444 0.0875 0 5686.37 90.6908 0 0.333565 
41300 105.118 204.266 0.51531 0 0 107.231 103.879 0 0.0961111 0.0880556 0 5701.22 89.5391 0 0.333595 
41400 105.306 203.944 0.516255 0 0 107.336 104.007 0 0.0961111 0.0838889 0 5716.35 85.9261 0 0.333755 
41500 105.166 203.929 0.51559 0 0 107.252 103.922 0 0.0941667 0.0841667 0 5730.91 86.8765 0 0.334162 
41600 105.177 204.015 0.515477 0 0 107.223 103.918 0 0.102222 0.0933333 0 5745.38 87.5372 0 0.334264 
41700 105.111 204.241 0.515649 0 0 107.189 103.822 0 0.0947222 0.0825 0 5760.56 86.9417 0 0.334238 
41800 105.042 203.674 0.515595 0 0 107.159 103.762 0 0.0944444 0.0830556 0 5775.23 88.2097 0 0.334063 
41900 104.993 203.61 0.515591 0 0 107.113 103.738 0 0.0883333 0.0827778 0 5789.58 89.5509 0 0.334024 
42000 105.014 203.655 0.515558 0 0 107.168 103.764 0 0.0886111 0.0788889 0 5804.39 88.0506 0 0.333972 
42100 105.017 203.658 0.515538 0 0 107.168 103.761 0 0.0930556 0.0833333 0 5819.38 88.1178 0 0.333928 
42200 105.102 203.777 0.515688 0 0 107.215 103.847 0 0.0955556 0.0861111 0 5834.63 89.1097 0 0.334002 
42300 105.001 203.666 0.51546 0 0 107.099 103.741 0 0.0816667 0.0738889 0 5849.2 90.1698 0 0.334041 
42400 104.844 203.843 0.514611 0 0 107.048 103.64 0 0.09 0.0794444 0 5864.03 89.1178 0 0.33399 
42500 105.041 204.318 0.515135 0 0 107.125 103.756 0 0.0961111 0.0866667 0 5879.09 88.2124 0 0.333701 
42600 104.915 203.467 0.515551 0 0 107.042 103.679 0 0.0861111 0.0788889 0 5893.91 89.7167 0 0.333954 
42700 104.772 203.741 0.515305 0 0 106.989 103.537 0 0.101389 0.0905556 0 5908.56 88.8587 0 0.334188 
42800 104.838 203.298 0.515599 0 0 106.981 103.608 0 0.0883333 0.0783333 0 5923.73 87.5464 0 0.334202 
42900 104.881 203.311 0.515804 0 0 107.006 103.617 0 0.0925 0.0827778 0 5938.63 87.476 0 0.334333 
43000 104.945 203.426 0.515859 0 0 107.066 103.726 0 0.107222 0.095 0 5953.7 88.1534 0 0.334545 
43100 104.935 204.025 0.515409 0 0 107.069 103.687 0 0.095 0.0841667 0 5968.41 86.91 0 0.33446 
43200 104.945 203.789 0.515601 0 0 107.034 103.663 0 0.0941667 0.0827778 0 5983.23 88.7031 0 0.333947 
43300 104.977 204.015 0.515604 0 0 107.05 103.661 0 0.0875 0.0783333 0 5998.35 88.1497 0 0.333969 
43400 105.056 203.495 0.516199 0 0 107.125 103.811 0 0.0913889 0.0822222 0 6013.53 89.7082 0 0.334034 
43500 105.089 203.531 0.516257 0 0 107.131 103.824 0 0.103056 0.0894444 0 6028.69 88.0226 0 0.333939 
43600 105.259 203.936 0.516351 0 0 107.273 104.045 0 0.0941667 0.0855556 0 6044.25 86.4455 0 0.3339 
43700 105.182 203.664 0.516308 0 0 107.2 103.923 0 0.102222 0.0925 0 6059.27 84.0919 0 0.334584 
43800 105.294 204.322 0.516316 0 0 107.313 104.07 0 0.0991667 0.0888889 0 6074.19 85.6157 0 0.334712 
43900 105.237 203.843 0.516173 0 0 107.352 104.031 0 0.0886111 0.0786111 0 6089.07 82.4882 0 0.334496 
44000 105.418 204.393 0.516195 0 0 107.462 104.153 0 0.0922222 0.0813889 0 6104.06 81.5271 0 0.334749 
44100 105.435 204.174 0.516603 0 0 107.489 104.218 0 0.108333 0.0977778 0 6119.14 81.5652 0 0.334513 
44200 105.398 203.803 0.51705 0 0 107.455 104.134 0 0.0988889 0.0888889 0 6133.64 82.5001 0 0.334298 
44300 105.33 203.967 0.516769 0 0 107.453 104.133 0 0.0902778 0.0805556 0 6148.78 80.7001 0 0.334442 
44400 105.409 203.745 0.517249 0 0 107.414 104.139 0 0.0933333 0.0852778 0 6163.91 81.5429 0 0.334427 
44500 105.38 204.095 0.516631 0 0 107.388 104.129 0 0.0894444 0.0794444 0 6179.11 81.2461 0 0.334461 
44600 105.425 204.252 0.51715 0 0 107.42 104.171 0 0.0880556 0.0808333 0 6194.26 79.8231 0 0.334617 
44700 105.49 203.887 0.517339 0 0 107.49 104.304 0 0.0913889 0.0827778 0 6209.43 78.4328 0 0.334653 
44800 105.46 203.81 0.517372 0 0 107.416 104.241 0 0.0919444 0.0813889 0 6224.23 78.1629 0 0.334461 
44900 105.547 203.983 0.517408 0 0 107.471 104.346 0 0.0930556 0.0830556 0 6239 74.5532 0 0.334937 
45000 105.595 203.976 0.517616 0 0 107.501 104.36 0 0.0916667 0.0838889 0 6253.71 76.4481 0 0.335104 
45100 105.668 204.109 0.51785 0 0 107.517 104.372 0 0.100556 0.0902778 0 6268.29 78.5986 0 0.335475 
45200 105.641 203.992 0.517693 0 0 107.541 104.364 0 0.0763889 0.0694444 0 6283.73 77.9792 0 0.335764 
45300 105.777 204.16 0.518054 0 0 107.614 104.516 0 0.100278 0.0891667 0 6298.56 76.1271 0 0.335902 
45400 105.666 204.256 0.51778 0 0 107.542 104.396 0 0.0883333 0.0811111 0 6313.27 75.625 0 0.335518 
45500 105.814 204.123 0.518383 0 0 107.615 104.544 0 0.0927778 0.0833333 0 6328.14 77.7071 0 0.335444 
45600 105.68 203.978 0.518046 0 0 107.513 104.438 0 0.0930556 0.0841667 0 6343.17 76.6774 0 0.335422 
45700 105.681 204.113 0.517859 0 0 107.534 104.389 0 0.0925 0.0836111 0 6357.74 76.1963 0 0.335291 
45800 105.678 204.052 0.517834 0 0 107.496 104.398 0 0.106111 0.0952778 0 6372.52 79.5948 0 0.335392 
45900 105.573 204.234 0.517629 0 0 107.463 104.316 0 0.0947222 0.0861111 0 6387.8 78.7896 0 0.335716 
46000 105.652 203.976 0.518109 0 0 107.45 104.347 0 0.0947222 0.0852778 0 6402.59 80.3195 0 0.335656 
46100 105.599 203.8 0.518061 0 0 107.449 104.332 0 0.0919444 0.0836111 0 6417.64 81.835 0 0.335194 
46200 105.502 203.606 0.518041 0 0 107.398 104.271 0 0.0880556 0.0777778 0 6433.07 77.2094 0 0.335435 
46300 105.616 203.964 0.517966 0 0 107.436 104.351 0 0.105 0.0966667 0 6447.94 78.7213 0 0.335461 
46400 105.596 203.822 0.517963 0 0 107.523 104.358 0 0.0802778 0.0736111 0 6463.08 81.1959 0 0.335172 
46500 105.787 204.022 0.51844 0 0 107.622 104.522 0 0.105278 0.0938889 0 6478.32 80.0875 0 0.3349 
46600 105.812 204.577 0.51828 0 0 107.66 104.55 0 0.0852778 0.0766667 0 6493.52 80.8341 0 0.335393 
46700 105.851 204.062 0.518547 0 0 107.68 104.558 0 0.0955556 0.0855556 0 6508.8 80.0092 0 0.335006 
46800 105.821 204.4 0.518042 0 0 107.682 104.597 0 0.0905556 0.0791667 0 6523.53 82.5645 0 0.334983 
46900 106.045 204.949 0.518337 0 0 107.812 104.764 0 0.0866667 0.0763889 0 6538.68 83.4922 0 0.335319 
47000 105.969 204.234 0.518803 0 0 107.739 104.688 0 0.0961111 0.0869444 0 6553.37 82.9525 0 0.335968 
47100 105.926 204.189 0.518662 0 0 107.731 104.663 0 0.109444 0.0975 0 6568.25 82.8782 0 0.335712 
47200 106.111 204.6 0.519161 0 0 107.864 104.829 0 0.0933333 0.0827778 0 6583.37 83.8602 0 0.336019 
47300 106.213 204.971 0.519175 0 0 107.993 104.923 0 0.103056 0.0933333 0 6598.9 88.6508 0 0.336066 
47400 106.166 204.33 0.519425 0 0 107.986 104.872 0 0.0827778 0.0747222 0 6613.4 88.1276 0 0.336084 
47500 106.247 204.347 0.519791 0 0 108.089 104.969 0 0.0894444 0.0819444 0 6628.27 90.0838 0 0.336233 
47600 106.334 204.603 0.519831 0 0 108.142 105.048 0 0.0894444 0.0802778 0 6643.19 91.3962 0 0.336647 
47700 106.168 205.13 0.518842 0 0 108.062 104.916 0 0.0927778 0.0822222 0 6657.71 90.6436 0 0.336596 
47800 106.242 204.729 0.51925 0 0 108.103 104.989 0 0.0883333 0.0808333 0 6672.8 94.8153 0 0.336629 
47900 106.319 204.814 0.519555 0 0 108.178 105.07 0 0.0966667 0.0869444 0 6687.77 96.8363 0 0.336479 
48000 106.523 204.697 0.520275 0 0 108.331 105.226 0 0.095 0.0847222 0 6703.39 97.8366 0 0.336461 
48100 106.828 205.093 0.520757 0 0 108.648 105.565 0 0.0955556 0.0866667 0 6719.05 101.045 0 0.336298 
48200 106.919 205.515 0.520958 0 0 108.656 105.597 0 0.0941667 0.0836111 0 6733.85 99.967 0 0.336724 
48300 106.827 205.049 0.520841 0 0 108.643 105.546 0 0.0969444 0.0863889 0 6748.85 100.342 0 0.336816 
48400 107.057 205.673 0.520833 0 0 108.868 105.782 0 0.0891667 0.0797222 0 6764.32 101.782 0 0.33733 
48500 107.273 205.758 0.52144 0 0 109.049 105.975 0 0.103611 0.0969444 0 6779.54 107.722 0 0.33733 
48600 107.321 205.679 0.521683 0 0 109.089 106.064 0 0.0836111 0.075 0 6794.39 111.969 0 0.33786 
48700 107.453 205.723 0.522194 0 0 109.195 106.132 0 0.104167 0.095 0 6809.26 114.859 0 0.337871 
48800 107.491 205.852 0.522215 0 0 109.213 106.171 0 0.0916667 0.0808333 0 6824.01 113.093 0 0.338552 
48900 107.471 205.705 0.522361 0 0 109.216 106.161 0 0.0986111 0.0911111 0 6838.9 111.343 0 0.338708 
49000 107.357 205.701 0.521717 0 0 109.249 106.107 0 0.0894444 0.0808333 0 6853.55 108.07 0 0.339227 
49100 107.449 206.126 0.521851 0 0 109.208 106.13 0 0.0813889 0.0727778 0 6868.11 108.392 0 0.338717 
49200 107.442 205.934 0.521915 0 0 109.195 106.136 0 0.09 0.0794444 0 6882.7 105.399 0 0.338439 
49300 107.807 206.292 0.522533 0 0 109.547 106.501 0 0.0894444 0.0788889 0 6898.56 106.296 0 0.338383 
49400 107.858 206.46 0.522567 0 0 109.586 106.527 0 0.1025 0.0916667 0 6913.37 107.739 0 0.338084 
49500 107.912 206.436 0.522655 0 0 109.649 106.58 0 0.085 0.0780556 0 6927.99 109.761 0 0.337921 
49600 107.945 206.544 0.522714 0 0 109.698 106.613 0 0.095 0.0844444 0 6942.88 112.786 0 0.338326 
49700 108.014 206.912 0.522496 0 0 109.818 106.739 0 0.0980556 0.0883333 0 6957.72 114.221 0 0.338594 
49800 108.133 207.198 0.522864 0 0 109.858 106.773 0 0.104167 0.0930556 0 6972.68 116.29 0 0.338657 
49900 108.193 206.693 0.523361 0 0 109.923 106.87 0 0.09 0.0805556 0 6987.44 117.977 0 0.339048 
50000 108.118 206.679 0.522941 0 0 109.948 106.815 0 0.0902778 0.0794444 0 7002.25 118.878 0 0.338991 
