# Avida Dominant Data
# Mon Jun  4 16:56:49 2018
#  1: Update
#  2: Average Merit of the Dominant Genotype
#  3: Average Gestation Time of the Dominant Genotype
#  4: Average Fitness of the Dominant Genotype
#  5: Repro Rate?
#  6: Size of Dominant Genotype
#  7: Copied Size of Dominant Genotype
#  8: Executed Size of Dominant Genotype
#  9: Abundance of Dominant Genotype
# 10: Number of Births
# 11: Number of Dominant Breed True?
# 12: Dominant Gene Depth
# 13: Dominant Breed In
# 14: Max Fitness?
# 15: Genotype ID of Dominant Genotype
# 16: Name of the Dominant Genotype

0 0 0 0 0 100 0 0 3600 0 0 0 0 2.22507e-308 1 100-aaaaa 
100 97 389 0.249357 0.00257069 100 100 0 1400 93 70 0 0 0.249357 1 100-aaaaa 
200 97 389 0.249357 0.00257069 100 100 0 459 7 6 0 0 0.249357 1 100-aaaaa 
300 97 389 0.249357 0.00257069 100 100 0 209 8 6 0 0 0.249357 1 100-aaaaa 
400 97 389 0.249357 0.00257069 100 100 0 89 12 9 0 0 0.249357 1 100-aaaaa 
500 97 389 0.249357 0.00257069 100 100 0 26 4 2 0 0 0.249357 1 100-aaaaa 
600 97 388 0.25 0.00257732 100 100 0 21 0 0 2 0 0.25 21756 100-aacea 
700 98 392 0.25 0.00255102 101 100.887 0 20 2 2 2 0 0.25 30528 101-aabht 
800 96 382 0.251309 0.0026178 99 99.0268 0 21 1 1 5 0 0.251309 31061 099-aabew 
900 97 383 0.253264 0.00261097 100 100.053 0 18 1 1 7 0 0.253264 43483 100-aadhx 
1000 91 380 0.239474 0.00263158 100 100 0 14 4 4 9 0 0.239474 51857 100-aadsa 
1100 95 379 0.25066 0.00263852 98 98 0 15 2 1 5 0 0.25066 33308 098-aaajy 
1200 101 396 0.255051 0.00252525 104 103.948 0 19 2 1 14 0 0.255051 53174 104-aaaby 
1300 94 382 0.246073 0.0026178 100 99.8333 0 13 1 1 14 0 0.246073 69891 100-aaekx 
1400 95 378 0.251323 0.0026455 100 99.9773 0 13 2 1 11 0 0.251323 73905 100-aaenn 
1500 97 386 0.251295 0.00259067 100 99.8571 0 15 0 0 8 0 0.251295 82938 100-aaevg 
1600 100 391 0.255754 0.00255754 103 103 0 19 2 1 15 0 0.255754 73760 103-aaahl 
1700 98 379 0.258575 0.00263852 101 101 0 11 1 1 16 0 0.258575 96272 101-aadei 
1800 97 384 0.252604 0.00260417 100 100 0 17 4 4 8 0 0.252604 96765 100-aafhe 
1900 94 368 0.255435 0.00271739 97 97 0 14 1 1 17 0 0.255435 107480 097-aabbj 
2000 96 370 0.259459 0.0027027 100 100 0 13 1 1 23 0 0.259459 109070 100-aafrn 
2100 96 370 0.259459 0.0027027 100 100 0 17 0 0 23 0 0.259459 109070 100-aafrn 
2200 93 351 0.264957 0.002849 96 96 0 13 0 0 27 0 0.264957 123985 096-aaaoh 
2300 192 376 0.510638 0.00265957 99 99 0 58 13 10 21 0 0.510638 131117 099-aaemi 
2400 146.979 376 0.390901 0.00265957 99 99 0 78 6 6 21 0 0.510638 131117 099-aaemi 
2500 96 272 0.352941 0.00367647 100 100 0 46 1 0 26 0 0.352941 139628 100-aagme 
2600 96 272 0.352941 0.00367647 100 100 0 68 2 1 26 0 0.352941 139628 100-aagme 
2700 96 272 0.352941 0.00367647 100 100 0 81 12 6 26 0 0.352941 139628 100-aagme 
2800 96 271 0.354244 0.00369004 100 100 0 53 8 8 26 0 0.354244 153486 100-aagze 
2900 96 272 0.352941 0.00367647 100 100 0 31 1 0 27 0 0.352941 153894 100-aahax 
3000 96 269 0.356877 0.00371747 100 100 0 21 2 1 29 0 0.356877 164637 100-aahux 
3100 96 270 0.355556 0.0037037 100 100 0 62 9 7 27 0 0.355556 146448 100-aagsx 
3200 97 270 0.359259 0.0037037 100 100 0 57 6 6 31 0 0.359259 179897 100-aakbh 
3300 97 273 0.355311 0.003663 100 100 0 84 11 10 33 0 0.355311 184292 100-aakoc 
3400 97 270 0.359259 0.0037037 100 100 0 100 7 5 31 0 0.359259 179897 100-aakbh 
3500 96 271 0.354244 0.00369004 100 100 0 99 7 6 29 0 0.354244 184195 100-aakjv 
3600 96 273 0.351648 0.003663 100 100 0 116 12 12 29 0 0.351648 179914 100-aajum 
3700 97 270 0.359259 0.0037037 101 100.999 0 134 14 11 31 0 0.359259 174213 101-aaemz 
3800 97 270 0.359259 0.0037037 101 101 0 221 23 21 31 0 0.359259 174213 101-aaemz 
3900 97 270 0.359259 0.0037037 100 100 0 141 13 10 31 0 0.359259 179897 100-aakbh 
4000 96 271 0.354244 0.00369004 100 100 0 126 8 8 29 0 0.354244 184195 100-aakjv 
4100 96 269 0.356877 0.00371747 100 100 0 155 21 19 29 0 0.356877 184073 100-aakny 
4200 97 269 0.360595 0.00371747 100 99.9997 0 155 15 13 35 0 0.360595 195946 100-aaktv 
4300 97 269 0.360595 0.00371747 100 99.9998 0 178 22 20 35 1 0.360595 195946 100-aaktv 
4400 97 269 0.360595 0.00371747 100 99.9998 0 188 15 14 35 0 0.360595 195946 100-aaktv 
4500 96.8483 270.848 0.357573 0.00369211 100 100 0 162 20 19 33 0 0.357934 202460 100-aakwm 
4600 97 269 0.360595 0.00371747 100 99.9999 0 194 14 13 35 0 0.360595 195946 100-aaktv 
4700 97 269 0.360595 0.00371747 100 99.9999 0 244 18 15 35 0 0.360595 195946 100-aaktv 
4800 97 269 0.360595 0.00371747 100 100 0 261 22 20 35 0 0.360595 195946 100-aaktv 
4900 97 269 0.360595 0.00371747 100 100 0 264 33 28 35 0 0.360595 195946 100-aaktv 
5000 97 269 0.360595 0.00371747 100 100 0 225 18 18 35 0 0.360595 195946 100-aaktv 
5100 99 270 0.366667 0.0037037 102 101.999 0 268 23 22 36 0 0.366667 196897 102-aacka 
5200 99 270 0.366667 0.0037037 102 102 0 335 27 24 36 0 0.366667 196897 102-aacka 
5300 99 270 0.366667 0.0037037 102 102 0 548 45 40 36 0 0.366667 196897 102-aacka 
5400 99 270 0.366667 0.0037037 102 102 0 592 37 34 36 1 0.366667 196897 102-aacka 
5500 99 270 0.366667 0.0037037 102 102 0 747 58 52 36 0 0.366667 196897 102-aacka 
5600 99 270 0.366667 0.0037037 102 102 0 748 52 46 36 0 0.366667 196897 102-aacka 
5700 98 237 0.413502 0.00421941 101 100.999 0 733 49 47 38 0 0.413502 238993 101-aaexu 
5800 98 237 0.413502 0.00421941 101 101 0 1437 131 119 38 0 0.413502 238993 101-aaexu 
5900 98 237 0.413502 0.00421941 101 101 0 2000 180 156 38 1 0.413502 238993 101-aaexu 
6000 98 237 0.413502 0.00421941 101 101 0 2247 214 191 38 0 0.413502 238993 101-aaexu 
6100 98 237 0.413502 0.00421941 101 101 0 2330 211 187 38 0 0.413502 238993 101-aaexu 
6200 98 237 0.413502 0.00421941 101 101 0 2105 188 173 38 1 0.413502 238993 101-aaexu 
6300 98 237 0.413502 0.00421941 101 101 0 1655 135 123 38 1 0.413502 238993 101-aaexu 
6400 98 237 0.413502 0.00421941 101 101 0 1378 106 94 38 0 0.413502 238993 101-aaexu 
6500 99 222 0.445946 0.0045045 102 102 0 1129 111 101 39 0 0.445946 252638 102-aacow 
6600 99 222 0.445946 0.0045045 102 102 0 1438 114 104 39 0 0.445946 252638 102-aacow 
6700 99 222 0.445946 0.0045045 102 102 0 1480 152 137 39 0 0.445946 252638 102-aacow 
6800 99 222 0.445946 0.0045045 102 102 0 1494 113 96 39 0 0.445946 252638 102-aacow 
6900 99 222 0.445946 0.0045045 102 102 0 1530 171 158 39 0 0.445946 252638 102-aacow 
7000 99 222 0.445946 0.0045045 102 102 0 1466 121 110 39 0 0.445946 252638 102-aacow 
7100 99 222 0.445946 0.0045045 102 102 0 1426 134 118 39 0 0.445946 252638 102-aacow 
7200 99 222 0.445946 0.0045045 102 102 0 1415 132 128 39 0 0.445946 252638 102-aacow 
7300 99 222 0.445946 0.0045045 102 102 0 1435 138 124 39 0 0.445946 252638 102-aacow 
7400 99 222 0.445946 0.0045045 102 102 0 1427 132 118 39 0 0.445946 252638 102-aacow 
7500 99 222 0.445946 0.0045045 102 102 0 1259 139 122 39 0 0.445946 252638 102-aacow 
7600 99 222 0.445946 0.0045045 102 102 0 1280 111 101 39 0 0.445946 252638 102-aacow 
7700 99 222 0.445946 0.0045045 102 102 0 1218 124 115 39 0 0.445946 252638 102-aacow 
7800 99 222 0.445946 0.0045045 102 102 0 998 108 102 39 0 0.445946 252638 102-aacow 
7900 99 222 0.445946 0.0045045 102 102 0 1079 98 93 39 0 0.445946 252638 102-aacow 
8000 99 222 0.445946 0.0045045 102 102 0 1048 116 102 39 0 0.445946 252638 102-aacow 
8100 99 222 0.445946 0.0045045 102 102 0 1029 108 96 39 0 0.445946 252638 102-aacow 
8200 99 222 0.445946 0.0045045 102 102 0 926 72 65 39 1 0.445946 252638 102-aacow 
8300 99 222 0.445946 0.0045045 102 102 0 880 101 92 39 0 0.445946 252638 102-aacow 
8400 99 222 0.445946 0.0045045 102 102 0 794 68 61 39 0 0.445946 252638 102-aacow 
8500 99 222 0.445946 0.0045045 102 102 0 806 68 64 39 0 0.445946 252638 102-aacow 
8600 99 222 0.445946 0.0045045 102 102 0 650 58 53 39 0 0.445946 252638 102-aacow 
8700 99 222 0.445946 0.0045045 102 102 0 688 69 65 39 0 0.445946 252638 102-aacow 
8800 99 222 0.445946 0.0045045 102 102 0 540 67 62 39 0 0.445946 252638 102-aacow 
8900 99 222 0.445946 0.0045045 102 102 0 525 50 39 39 0 0.445946 252638 102-aacow 
9000 99 222 0.445946 0.0045045 102 102 0 502 41 35 39 0 0.445946 252638 102-aacow 
9100 99 222 0.445946 0.0045045 102 102 0 494 50 42 39 0 0.445946 252638 102-aacow 
9200 99 222 0.445946 0.0045045 102 102 0 402 33 29 39 0 0.445946 252638 102-aacow 
9300 100 222 0.45045 0.0045045 103 103 0 346 41 35 41 0 0.45045 302586 103-aabex 
9400 99 222 0.445946 0.0045045 102 102 0 326 24 24 39 0 0.445946 252638 102-aacow 
9500 99 222 0.445946 0.0045045 102 102 0 349 29 24 39 0 0.445946 252638 102-aacow 
9600 100 222 0.45045 0.0045045 103 103 0 306 34 29 41 0 0.45045 302586 103-aabex 
9700 99 222 0.445946 0.0045045 102 102 0 262 34 33 42 0 0.445946 288599 102-aacxv 
9800 100 223 0.44843 0.0044843 103 103 0 261 23 19 40 1 0.44843 263330 103-aabbt 
9900 100 223 0.44843 0.0044843 103 103 0 288 32 31 40 0 0.44843 263330 103-aabbt 
10000 99 221 0.447964 0.00452489 102 102 0 338 26 23 41 0 0.447964 337915 102-aadpv 
10100 100 223 0.44843 0.0044843 103 103 0 276 29 28 40 0 0.44843 263330 103-aabbt 
10200 100 222 0.45045 0.0045045 103 103 0 297 35 31 41 0 0.45045 302586 103-aabex 
10300 100 223 0.44843 0.0044843 103 103 0 281 27 25 40 0 0.44843 283962 103-aabdh 
10400 100 223 0.44843 0.0044843 103 103 0 256 31 27 40 0 0.44843 283962 103-aabdh 
10500 100 223 0.44843 0.0044843 103 103 0 236 19 16 40 0 0.44843 283962 103-aabdh 
10600 100 223 0.44843 0.0044843 103 103 0 293 31 30 40 0 0.44843 283962 103-aabdh 
10700 100 223 0.44843 0.0044843 103 103 0 284 23 22 40 0 0.44843 283962 103-aabdh 
10800 100 223 0.44843 0.0044843 103 103 0 299 26 22 40 0 0.44843 283962 103-aabdh 
10900 100 222 0.45045 0.0045045 103 103 0 264 24 21 41 0 0.45045 302586 103-aabex 
11000 100 222 0.45045 0.0045045 103 103 0 320 26 22 41 0 0.45045 302586 103-aabex 
11100 100 222 0.45045 0.0045045 103 103 0 388 30 26 41 0 0.45045 302586 103-aabex 
11200 100 222 0.45045 0.0045045 103 103 0 487 54 48 41 0 0.45045 302586 103-aabex 
11300 100 222 0.45045 0.0045045 103 103 0 386 35 32 41 0 0.45045 302586 103-aabex 
11400 100 222 0.45045 0.0045045 103 103 0 373 35 32 41 0 0.45045 302586 103-aabex 
11500 100 222 0.45045 0.0045045 103 103 0 348 34 28 41 0 0.45045 302586 103-aabex 
11600 100 222 0.45045 0.0045045 103 103 0 333 39 34 41 0 0.45045 302586 103-aabex 
11700 100 222 0.45045 0.0045045 103 103 0 357 23 21 41 0 0.45045 302586 103-aabex 
11800 100 222 0.45045 0.0045045 103 103 0 469 70 60 41 0 0.45045 302586 103-aabex 
11900 100 222 0.45045 0.0045045 103 103 0 513 32 28 41 0 0.45045 302586 103-aabex 
12000 100 222 0.45045 0.0045045 103 103 0 515 54 48 41 0 0.45045 302586 103-aabex 
12100 100 222 0.45045 0.0045045 103 103 0 534 62 56 41 0 0.45045 302586 103-aabex 
12200 100 222 0.45045 0.0045045 103 103 0 516 45 41 41 0 0.45045 302586 103-aabex 
12300 100 222 0.45045 0.0045045 103 103 0 458 39 34 41 0 0.45045 302586 103-aabex 
12400 100 222 0.45045 0.0045045 103 103 0 352 30 24 41 0 0.45045 302586 103-aabex 
12500 100 222 0.45045 0.0045045 103 103 0 355 33 31 41 0 0.45045 302586 103-aabex 
12600 100 222 0.45045 0.0045045 103 103 0 344 26 24 41 0 0.45045 302586 103-aabex 
12700 100 222 0.45045 0.0045045 103 103 0 343 34 31 41 0 0.45045 302586 103-aabex 
12800 100 222 0.45045 0.0045045 103 103 0 294 24 22 41 0 0.45045 302586 103-aabex 
12900 100 222 0.45045 0.0045045 103 103 0 290 29 26 41 0 0.45045 302586 103-aabex 
13000 100 222 0.45045 0.0045045 103 103 0 359 29 25 41 0 0.45045 302586 103-aabex 
13100 101 225 0.448889 0.00444444 104 104 0 288 35 31 42 0 0.448889 415562 104-aaavw 
13200 101 225 0.448889 0.00444444 104 104 0 344 39 38 42 0 0.448889 415562 104-aaavw 
13300 101 225 0.448889 0.00444444 104 104 0 317 41 38 42 0 0.448889 415562 104-aaavw 
13400 101 224 0.450893 0.00446429 104 104 0 254 17 15 41 0 0.450893 348293 104-aaaqx 
13500 101 224 0.450893 0.00446429 104 104 0 333 29 28 41 0 0.450893 348293 104-aaaqx 
13600 100 221 0.452489 0.00452489 103 103 0 242 15 12 43 0 0.452489 344128 103-aablw 
13700 101 225 0.448889 0.00444444 104 104 0 282 40 34 42 0 0.448889 415562 104-aaavw 
13800 100 221 0.452489 0.00452489 103 103 0 281 30 24 43 0 0.452489 344128 103-aablw 
13900 101 225 0.448889 0.00444444 104 104 0 253 25 20 42 0 0.448889 415562 104-aaavw 
14000 101 224 0.450893 0.00446429 104 104 0 310 34 27 41 0 0.450893 373325 104-aaasb 
14100 100 221 0.452489 0.00452489 103 103 0 300 41 38 43 0 0.452489 344128 103-aablw 
14200 100 221 0.452489 0.00452489 103 103 0 323 20 20 43 0 0.452489 344128 103-aablw 
14300 100 221 0.452489 0.00452489 103 103 0 270 20 18 43 0 0.452489 344128 103-aablw 
14400 100 221 0.452489 0.00452489 103 103 0 278 31 25 43 0 0.452489 344128 103-aablw 
14500 101 224 0.450893 0.00446429 104 104 0 258 16 15 41 0 0.450893 348293 104-aaaqx 
14600 101 224 0.450893 0.00446429 104 104 0 277 37 33 41 0 0.450893 373325 104-aaasb 
14700 100 220 0.454545 0.00454545 103 103 0 311 38 36 46 0 0.454545 458372 103-aactm 
14800 101 224 0.450893 0.00446429 104 104 0 319 46 40 41 0 0.450893 373325 104-aaasb 
14900 100 220 0.454545 0.00454545 103 103 0 403 36 34 46 0 0.454545 458372 103-aactm 
15000 101 221 0.457014 0.00452489 104 104 0 413 51 41 45 0 0.457014 446416 104-aabap 
15100 101 221 0.457014 0.00452489 104 104 0 364 25 23 45 0 0.457014 446416 104-aabap 
15200 101 221 0.457014 0.00452489 104 104 0 410 25 21 45 0 0.457014 446416 104-aabap 
15300 101 221 0.457014 0.00452489 104 104 0 368 36 31 45 0 0.457014 446416 104-aabap 
15400 101 224 0.450893 0.00446429 104 104 0 213 21 19 41 0 0.450893 373325 104-aaasb 
15500 101 221 0.457014 0.00452489 104 104 0 211 16 15 45 0 0.457014 446416 104-aabap 
15600 101 221 0.457014 0.00452489 104 104 0 283 37 35 45 0 0.457014 446416 104-aabap 
15700 101 221 0.457014 0.00452489 104 104 0 270 17 16 45 0 0.457014 446416 104-aabap 
15800 101 221 0.457014 0.00452489 104 104 0 380 40 36 45 0 0.457014 446416 104-aabap 
15900 101 221 0.457014 0.00452489 104 104 0 437 53 46 45 0 0.457014 446416 104-aabap 
16000 100 220 0.454545 0.00454545 103 103 0 412 61 57 46 0 0.454545 458372 103-aactm 
16100 101 221 0.457014 0.00452489 104 104 0 470 49 42 45 0 0.457014 446416 104-aabap 
16200 101 221 0.457014 0.00452489 104 104 0 548 42 40 45 0 0.457014 446416 104-aabap 
16300 101 221 0.457014 0.00452489 104 104 0 546 60 54 45 0 0.457014 446416 104-aabap 
16400 101 221 0.457014 0.00452489 104 104 0 459 41 38 45 0 0.457014 446416 104-aabap 
16500 101 221 0.457014 0.00452489 104 104 0 419 21 21 45 0 0.457014 446416 104-aabap 
16600 101 221 0.457014 0.00452489 104 104 0 379 37 32 45 0 0.457014 446416 104-aabap 
16700 101 221 0.457014 0.00452489 104 104 0 411 31 29 45 0 0.457014 446416 104-aabap 
16800 101 221 0.457014 0.00452489 104 104 0 375 33 29 45 1 0.457014 446416 104-aabap 
16900 101 221 0.457014 0.00452489 104 104 0 367 50 43 45 0 0.457014 446416 104-aabap 
17000 101 221 0.457014 0.00452489 104 104 0 318 37 33 45 0 0.457014 446416 104-aabap 
17100 101 221 0.457014 0.00452489 104 104 0 273 22 19 45 0 0.457014 446416 104-aabap 
17200 101 221 0.457014 0.00452489 104 104 0 329 33 31 45 0 0.457014 446416 104-aabap 
17300 101 221 0.457014 0.00452489 104 104 0 276 22 19 45 0 0.457014 446416 104-aabap 
17400 101 221 0.457014 0.00452489 104 104 0 300 26 24 45 0 0.457014 446416 104-aabap 
17500 101 211 0.478673 0.00473934 104 104 0 249 28 24 47 0 0.478673 543793 104-aabux 
17600 101 211 0.478673 0.00473934 104 104 0 322 41 40 47 0 0.478673 543793 104-aabux 
17700 100 209 0.478469 0.00478469 103 103 0 466 54 44 47 0 0.478469 560988 103-aaeur 
17800 100 209 0.478469 0.00478469 103 103 0 577 74 65 47 0 0.478469 560988 103-aaeur 
17900 100 209 0.478469 0.00478469 103 103 0 742 57 52 47 0 0.478469 560988 103-aaeur 
18000 100 209 0.478469 0.00478469 103 103 0 826 66 57 47 0 0.478469 560988 103-aaeur 
18100 101 211 0.478673 0.00473934 104 104 0 937 107 101 47 0 0.478673 543793 104-aabux 
18200 101 211 0.478673 0.00473934 104 104 0 961 84 73 47 0 0.478673 543793 104-aabux 
18300 101 211 0.478673 0.00473934 104 104 0 1050 105 94 47 0 0.478673 543793 104-aabux 
18400 100 209 0.478469 0.00478469 103 103 0 984 99 94 47 0 0.478469 560988 103-aaeur 
18500 101 211 0.478673 0.00473934 104 104 0 1008 105 96 47 0 0.478673 543793 104-aabux 
18600 100 209 0.478469 0.00478469 103 103 0 1029 100 84 47 0 0.478469 560988 103-aaeur 
18700 100 209 0.478469 0.00478469 103 103 0 1070 93 86 47 0 0.478469 560988 103-aaeur 
18800 100 209 0.478469 0.00478469 103 103 0 1072 92 83 47 0 0.478469 560988 103-aaeur 
18900 101 211 0.478673 0.00473934 104 104 0 1122 92 84 47 0 0.478673 543793 104-aabux 
19000 101 211 0.478673 0.00473934 104 104 0 949 79 72 47 0 0.478673 543793 104-aabux 
19100 100 209 0.478469 0.00478469 103 103 0 933 92 81 47 0 0.478469 560988 103-aaeur 
19200 101 211 0.478673 0.00473934 104 104 0 853 90 83 47 0 0.478673 543793 104-aabux 
19300 100 209 0.478469 0.00478469 103 103 0 961 92 84 47 0 0.478469 560988 103-aaeur 
19400 100 209 0.478469 0.00478469 103 103 0 1017 106 98 47 0 0.478469 560988 103-aaeur 
19500 100 209 0.478469 0.00478469 103 103 0 1104 106 96 47 0 0.478469 560988 103-aaeur 
19600 100 209 0.478469 0.00478469 103 103 0 913 102 93 47 0 0.478469 560988 103-aaeur 
19700 100 209 0.478469 0.00478469 103 103 0 835 115 101 47 0 0.478469 560988 103-aaeur 
19800 100 209 0.478469 0.00478469 103 103 0 775 84 75 47 0 0.478469 560988 103-aaeur 
19900 101 204 0.495098 0.00490196 104 104 0 665 68 60 48 0 0.495098 615992 104-aacmh 
20000 101 204 0.495098 0.00490196 104 104 0 668 73 65 48 0 0.495098 615992 104-aacmh 
20100 101 204 0.495098 0.00490196 104 104 0 928 106 92 48 0 0.495098 615992 104-aacmh 
20200 101 204 0.495098 0.00490196 104 104 0 1029 81 74 48 0 0.495098 615992 104-aacmh 
20300 101 204 0.495098 0.00490196 104 104 0 1090 139 125 48 0 0.495098 615992 104-aacmh 
20400 101 204 0.495098 0.00490196 104 104 0 1089 85 72 48 0 0.495098 615992 104-aacmh 
20500 101 204 0.495098 0.00490196 104 104 0 1115 120 102 48 0 0.495098 615992 104-aacmh 
20600 101 204 0.495098 0.00490196 104 104 0 849 94 82 48 0 0.495098 615992 104-aacmh 
20700 109.154 204 0.53507 0.00490196 104 104 0 935 158 148 49 0 0.990196 663086 104-aacxl 
20800 107.329 204 0.526124 0.00490196 104 104 0 1110 118 107 49 0 0.990196 663086 104-aacxl 
20900 106.179 204 0.520484 0.00490196 104 104 0 1373 152 133 49 0 0.990196 663086 104-aacxl 
21000 105.44 204 0.516862 0.00490196 104 104 0 1484 162 144 49 0 0.990196 663086 104-aacxl 
21100 104.922 204 0.514323 0.00490196 104 104 0 1558 184 166 49 0 0.990196 663086 104-aacxl 
21200 104.566 204 0.512577 0.00490196 104 104 0 1629 166 148 49 0 0.990196 663086 104-aacxl 
21300 104.268 204 0.511117 0.00490196 104 104 0 1810 184 174 49 0 0.990196 663086 104-aacxl 
21400 104.04 204 0.510002 0.00490196 104 104 0 1897 192 178 49 0 0.990196 663086 104-aacxl 
21500 103.86 204 0.509117 0.00490196 104 104 0 1920 243 222 49 0 0.990196 663086 104-aacxl 
21600 103.713 204 0.508395 0.00490196 104 104 0 2079 175 153 49 0 0.990196 663086 104-aacxl 
21700 103.58 204 0.507746 0.00490196 104 104 0 2097 212 192 49 0 0.990196 663086 104-aacxl 
21800 103.478 204 0.507245 0.00490196 104 104 0 1991 209 196 49 2 0.990196 663086 104-aacxl 
21900 103.393 204 0.506828 0.00490196 104 104 0 2132 224 210 49 0 0.990196 663086 104-aacxl 
22000 103.317 204 0.506455 0.00490196 104 104 0 2063 243 219 49 0 0.990196 663086 104-aacxl 
22100 103.249 204 0.506122 0.00490196 104 104 0 1957 202 184 49 0 0.990196 663086 104-aacxl 
22200 103.194 204 0.505853 0.00490196 104 104 0 1939 169 152 49 0 0.990196 663086 104-aacxl 
22300 103.141 204 0.505592 0.00490196 104 104 0 1979 203 177 49 0 0.990196 663086 104-aacxl 
22400 103.093 204 0.505357 0.00490196 104 104 0 1967 216 185 49 0 0.990196 663086 104-aacxl 
22500 103.051 204 0.50515 0.00490196 104 104 0 2003 204 185 49 0 0.990196 663086 104-aacxl 
22600 103.012 204 0.504963 0.00490196 104 104 0 2177 242 212 49 0 0.990196 663086 104-aacxl 
22700 102.977 204 0.504787 0.00490196 104 104 0 2032 242 226 49 0 0.990196 663086 104-aacxl 
22800 102.945 204 0.504633 0.00490196 104 104 0 1874 223 205 49 0 0.990196 663086 104-aacxl 
22900 102.918 204 0.504502 0.00490196 104 104 0 1808 178 165 49 0 0.990196 663086 104-aacxl 
23000 102.894 204 0.504383 0.00490196 104 104 0 1832 226 198 49 0 0.990196 663086 104-aacxl 
23100 102.874 204 0.504283 0.00490196 104 104 0 1673 186 172 49 0 0.990196 663086 104-aacxl 
23200 102.854 204 0.504187 0.00490196 104 104 0 1640 158 145 49 0 0.990196 663086 104-aacxl 
23300 102.835 204 0.504094 0.00490196 104 104 0 1644 132 121 49 0 0.990196 663086 104-aacxl 
23400 102.817 204 0.504003 0.00490196 104 104 0 1760 152 134 49 1 0.990196 663086 104-aacxl 
23500 102.799 204 0.503916 0.00490196 104 104 0 1616 183 169 49 1 0.990196 663086 104-aacxl 
23600 102.783 204 0.503838 0.00490196 104 104 0 1563 175 157 49 0 0.990196 663086 104-aacxl 
23700 102.768 204 0.503766 0.00490196 104 104 0 1538 174 156 49 0 0.990196 663086 104-aacxl 
23800 102.755 204 0.5037 0.00490196 104 104 0 1305 133 123 49 0 0.990196 663086 104-aacxl 
23900 102.743 204 0.503644 0.00490196 104 104 0 1319 181 167 49 0 0.990196 663086 104-aacxl 
24000 102.733 204 0.503593 0.00490196 104 104 0 1104 129 114 49 0 0.990196 663086 104-aacxl 
24100 102.724 204 0.503551 0.00490196 104 104 0 1016 100 89 49 0 0.990196 663086 104-aacxl 
24200 102.716 204 0.503509 0.00490196 104 104 0 1136 119 106 49 0 0.990196 663086 104-aacxl 
24300 102.707 204 0.503467 0.00490196 104 104 0 1234 138 126 49 0 0.990196 663086 104-aacxl 
24400 102.698 204 0.503423 0.00490196 104 104 0 1145 142 132 49 0 0.990196 663086 104-aacxl 
24500 102.69 204 0.503383 0.00490196 104 104 0 1207 115 100 49 0 0.990196 663086 104-aacxl 
24600 102.682 204 0.503345 0.00490196 104 104 0 1076 121 106 49 0 0.990196 663086 104-aacxl 
24700 102.676 204 0.503313 0.00490196 104 104 0 1088 96 86 49 0 0.990196 663086 104-aacxl 
24800 102.669 204 0.50328 0.00490196 104 104 0 1006 110 90 49 0 0.990196 663086 104-aacxl 
24900 102.663 204 0.503252 0.00490196 104 104 0 876 71 59 49 0 0.990196 663086 104-aacxl 
25000 102.658 204 0.503224 0.00490196 104 104 0 926 88 82 49 0 0.990196 663086 104-aacxl 
25100 102.653 204 0.503199 0.00490196 104 104 0 922 98 90 49 0 0.990196 663086 104-aacxl 
25200 102.648 204 0.503175 0.00490196 104 104 0 684 80 70 49 0 0.990196 663086 104-aacxl 
25300 102.643 204 0.503154 0.00490196 104 104 0 716 85 77 49 0 0.990196 663086 104-aacxl 
25400 102.64 204 0.503135 0.00490196 104 104 0 610 81 74 49 0 0.990196 663086 104-aacxl 
25500 102.637 204 0.50312 0.00490196 104 104 0 500 48 40 49 0 0.990196 663086 104-aacxl 
25600 102.634 204 0.503108 0.00490196 104 104 0 394 46 40 49 0 0.990196 663086 104-aacxl 
25700 103.249 205 0.503653 0.00487805 105 105 0 447 65 62 50 0 0.579516 714360 105-aabgj 
25800 103.247 205 0.503644 0.00487805 105 105 0 528 51 47 50 0 0.579516 714360 105-aabgj 
25900 103.246 205 0.50364 0.00487805 105 105 0 472 41 39 50 0 0.579516 714360 105-aabgj 
26000 103.246 205 0.50364 0.00487805 105 105 0 459 56 47 50 0 0.579516 714360 105-aabgj 
26100 103.246 205 0.50364 0.00487805 105 105 0 434 39 36 50 0 0.579516 714360 105-aabgj 
26200 103.246 205 0.503639 0.00487805 105 105 0 564 56 50 50 0 0.579516 714360 105-aabgj 
26300 103.247 205 0.503646 0.00487805 105 105 0 583 54 48 50 0 0.579516 714360 105-aabgj 
26400 103.247 205 0.503645 0.00487805 105 105 0 487 69 65 50 0 0.579516 714360 105-aabgj 
26500 103.248 205 0.503647 0.00487805 105 105 0 548 66 62 50 0 0.579516 714360 105-aabgj 
26600 103.248 205 0.503648 0.00487805 105 105 0 618 66 63 50 1 0.579516 714360 105-aabgj 
26700 103.25 205 0.503658 0.00487805 105 105 0 534 54 46 50 0 0.579516 714360 105-aabgj 
26800 103.252 205 0.50367 0.00487805 105 105 0 518 53 51 50 0 0.579516 714360 105-aabgj 
26900 103.254 205 0.50368 0.00487805 105 105 0 580 65 58 50 0 0.579516 714360 105-aabgj 
27000 103.255 205 0.503684 0.00487805 105 105 0 552 46 44 50 0 0.579516 714360 105-aabgj 
27100 103.256 205 0.503687 0.00487805 105 105 0 618 37 34 50 0 0.579516 714360 105-aabgj 
27200 103.258 205 0.503697 0.00487805 105 105 0 615 77 73 50 0 0.579516 714360 105-aabgj 
27300 103.26 205 0.503706 0.00487805 105 105 0 659 59 53 50 0 0.579516 714360 105-aabgj 
27400 103.261 205 0.503712 0.00487805 105 105 0 627 55 51 50 0 0.579516 714360 105-aabgj 
27500 103.263 205 0.50372 0.00487805 105 105 0 568 81 77 50 0 0.579516 714360 105-aabgj 
27600 103.263 205 0.503722 0.00487805 105 105 0 616 69 64 50 0 0.579516 714360 105-aabgj 
27700 103.263 205 0.503724 0.00487805 105 105 0 517 59 51 50 0 0.579516 714360 105-aabgj 
27800 103.265 205 0.503732 0.00487805 105 105 0 470 43 35 50 0 0.579516 714360 105-aabgj 
27900 103.265 205 0.503734 0.00487805 105 105 0 368 47 41 50 0 0.579516 714360 105-aabgj 
28000 103.266 205 0.503737 0.00487805 105 105 0 333 32 26 50 0 0.579516 714360 105-aabgj 
28100 103.267 205 0.503739 0.00487805 105 105 0 335 35 30 50 0 0.603283 714360 105-aabgj 
28200 103.267 205 0.503743 0.00487805 105 105 0 426 60 50 50 0 0.603283 714360 105-aabgj 
28300 103.269 205 0.50375 0.00487805 105 105 0 444 44 38 50 0 0.603283 714360 105-aabgj 
28400 103.269 205 0.50375 0.00487805 105 105 0 392 44 39 50 0 0.603283 714360 105-aabgj 
28500 103.269 205 0.503749 0.00487805 105 105 0 364 51 46 50 0 0.603283 714360 105-aabgj 
28600 103.269 205 0.50375 0.00487805 105 105 0 295 23 21 50 0 0.603283 714360 105-aabgj 
28700 103.268 205 0.503748 0.00487805 105 105 0 296 35 32 50 0 0.603283 714360 105-aabgj 
28800 104.295 206 0.506284 0.00485437 106 106 0 411 55 48 52 0 0.571958 790944 106-aaafy 
28900 104.295 206 0.506287 0.00485437 106 106 0 522 62 57 52 0 0.571958 790944 106-aaafy 
29000 104.296 206 0.506292 0.00485437 106 106 0 514 50 46 52 0 0.571958 790944 106-aaafy 
29100 104.301 206 0.506313 0.00485437 106 106 0 533 72 67 52 0 0.571958 790944 106-aaafy 
29200 104.298 206 0.5063 0.00485437 106 106 0 617 73 64 52 0 0.571958 790944 106-aaafy 
29300 104.297 206 0.506295 0.00485437 106 106 0 577 52 46 52 0 0.571958 790944 106-aaafy 
29400 104.3 206 0.506309 0.00485437 106 106 0 546 66 57 52 0 0.571958 790944 106-aaafy 
29500 104.302 206 0.506318 0.00485437 106 106 0 664 98 91 52 0 0.571958 790944 106-aaafy 
29600 104.303 206 0.506323 0.00485437 106 106 0 562 71 66 52 0 0.571958 790944 106-aaafy 
29700 104.308 206 0.506348 0.00485437 106 106 0 564 51 48 52 0 0.574341 790944 106-aaafy 
29800 104.312 206 0.506369 0.00485437 106 106 0 515 36 34 52 0 0.574341 790944 106-aaafy 
29900 104.315 206 0.506382 0.00485437 106 106 0 467 42 39 52 0 0.574341 790944 106-aaafy 
30000 104.317 206 0.506395 0.00485437 106 106 0 472 52 47 52 0 0.574341 790944 106-aaafy 
30100 104.32 206 0.506406 0.00485437 106 106 0 471 60 56 52 0 0.574341 790944 106-aaafy 
30200 104.32 206 0.506407 0.00485437 106 106 0 347 45 37 52 0 0.574341 790944 106-aaafy 
30300 103.313 204 0.506436 0.00490196 105 105 0 303 36 35 52 0 0.584783 855086 105-aacfm 
30400 102.302 201 0.508963 0.00497512 105 105 0 317 29 23 54 0 0.5881 873102 105-aacjz 
30500 102.304 201 0.508973 0.00497512 105 105 0 323 23 21 54 0 0.5881 873102 105-aacjz 
30600 103.314 204 0.506443 0.00490196 105 105 0 371 41 36 52 0 0.584783 855086 105-aacfm 
30700 104.321 206 0.506413 0.00485437 106 106 0 398 33 29 52 0 0.590075 790944 106-aaafy 
30800 104.321 206 0.506412 0.00485437 106 106 0 489 60 58 52 0 0.590075 790944 106-aaafy 
30900 104.32 206 0.506409 0.00485437 106 106 0 512 46 41 52 0 0.590075 790944 106-aaafy 
31000 103.315 204 0.506445 0.00490196 105 105 0 653 72 65 52 0 0.584783 855086 105-aacfm 
31100 103.313 204 0.506438 0.00490196 105 105 0 555 64 53 52 0 0.584783 855086 105-aacfm 
31200 103.313 204 0.506434 0.00490196 105 105 0 546 59 51 52 0 0.584783 855086 105-aacfm 
31300 103.311 204 0.506425 0.00490196 105 105 0 380 35 32 52 0 0.584783 855086 105-aacfm 
31400 103.311 204 0.506425 0.00490196 105 105 0 406 45 40 52 0 0.584783 855086 105-aacfm 
31500 103.309 204 0.506416 0.00490196 105 105 0 420 34 30 52 0 0.584783 855086 105-aacfm 
31600 103.308 204 0.506412 0.00490196 105 105 0 404 37 35 52 0 0.584783 855086 105-aacfm 
31700 102.293 201 0.50892 0.00497512 105 105 0 404 49 44 54 0 0.5881 873102 105-aacjz 
31800 102.293 201 0.508922 0.00497512 105 105 0 372 39 33 54 0 0.5881 873102 105-aacjz 
31900 102.294 201 0.508926 0.00497512 105 105 0 367 40 33 54 1 0.5881 873102 105-aacjz 
32000 102.295 201 0.508928 0.00497512 105 105 0 391 34 32 54 0 0.5881 873102 105-aacjz 
32100 102.294 201 0.508925 0.00497512 105 105 0 261 27 26 54 0 0.5881 873102 105-aacjz 
32200 104.325 204 0.511395 0.00490196 106 106 0 258 22 22 55 0 0.583601 947033 106-aaaul 
32300 104.331 204 0.511424 0.00490196 106 106 0 315 33 27 55 0 0.583601 947033 106-aaaul 
32400 104.328 204 0.511413 0.00490196 106 106 0 238 26 25 55 0 0.583601 947033 106-aaaul 
32500 102.291 201 0.508912 0.00497512 105 105 0 260 29 27 54 0 0.5881 873102 105-aacjz 
32600 102.291 201 0.508911 0.00497512 105 105 0 296 33 30 54 0 0.5881 873102 105-aacjz 
32700 103.296 205 0.503883 0.00487805 105 105 0 238 28 27 51 0 0.583142 783934 105-aabqi 
32800 102.289 201 0.508899 0.00497512 105 105 0 241 28 27 54 0 0.5881 873102 105-aacjz 
32900 104.292 205 0.508742 0.00487805 106 106 0 222 32 25 53 0 0.575545 980973 106-aaazy 
33000 102.289 201 0.508899 0.00497512 105 105 0 291 26 23 54 0 0.5881 873102 105-aacjz 
33100 102.287 201 0.508889 0.00497512 105 105 0 281 30 29 54 0 0.5881 873102 105-aacjz 
33200 105.304 207 0.508713 0.00483092 107 107 0 272 25 24 54 0 0.569961 975100 107-aaafq 
33300 104.294 205 0.508752 0.00487805 106 106 0 327 39 35 53 0 0.575545 980973 106-aaazy 
33400 105.297 207 0.508679 0.00483092 107 107 0 353 25 22 54 0 0.573527 975100 107-aaafq 
33500 105.296 207 0.508679 0.00483092 107 107 0 310 38 32 54 0 0.573527 975100 107-aaafq 
33600 105.3 207 0.508694 0.00483092 107 107 0 497 57 51 54 0 0.573527 975100 107-aaafq 
33700 105.307 207 0.508728 0.00483092 107 107 0 476 62 54 54 0 0.573527 975100 107-aaafq 
33800 105.309 207 0.508739 0.00483092 107 107 0 358 37 36 54 0 0.573527 975100 107-aaafq 
33900 104.304 204 0.511293 0.00490196 106 106 0 452 41 39 55 0 0.583601 947033 106-aaaul 
34000 104.304 204 0.511293 0.00490196 106 106 0 502 50 47 55 0 0.583601 947033 106-aaaul 
34100 104.306 204 0.511303 0.00490196 106 106 0 548 44 34 55 0 0.583601 947033 106-aaaul 
34200 104.303 204 0.511291 0.00490196 106 106 0 427 51 47 55 0 0.583601 947033 106-aaaul 
34300 104.305 204 0.511297 0.00490196 106 106 0 397 41 36 55 0 0.583601 947033 106-aaaul 
34400 104.307 204 0.51131 0.00490196 106 106 0 383 39 37 55 0 0.583601 947033 106-aaaul 
34500 104.309 204 0.511318 0.00490196 106 106 0 520 75 64 55 0 0.583601 947033 106-aaaul 
34600 104.31 204 0.511325 0.00490196 106 106 0 517 43 40 55 0 0.583601 947033 106-aaaul 
34700 104.31 204 0.511325 0.00490196 106 106 0 528 51 48 55 0 0.583601 947033 106-aaaul 
34800 104.311 204 0.511328 0.00490196 106 106 0 422 51 47 55 0 0.583601 947033 106-aaaul 
34900 104.311 204 0.511326 0.00490196 106 106 0 551 63 55 55 0 0.583601 947033 106-aaaul 
35000 104.31 204 0.511323 0.00490196 106 106 0 587 57 52 55 0 0.583601 947033 106-aaaul 
35100 104.308 204 0.511314 0.00490196 106 106 0 515 55 50 55 0 0.583601 947033 106-aaaul 
35200 104.306 204 0.511305 0.00490196 106 106 0 488 45 40 55 0 0.583601 947033 106-aaaul 
35300 104.305 204 0.5113 0.00490196 106 106 0 517 44 41 55 0 0.583601 947033 106-aaaul 
35400 104.304 204 0.511295 0.00490196 106 106 0 621 61 55 55 0 0.583601 947033 106-aaaul 
35500 104.303 204 0.511291 0.00490196 106 106 0 545 54 50 55 0 0.583601 947033 106-aaaul 
35600 104.302 204 0.511286 0.00490196 106 106 0 548 55 49 55 0 0.583601 947033 106-aaaul 
35700 104.303 204 0.511287 0.00490196 106 106 0 571 59 58 55 0 0.583601 947033 106-aaaul 
35800 104.303 204 0.511291 0.00490196 106 106 0 618 59 47 55 0 0.583601 947033 106-aaaul 
35900 104.303 204 0.511288 0.00490196 106 106 0 594 55 52 55 0 0.583601 947033 106-aaaul 
36000 104.302 204 0.511285 0.00490196 106 106 0 626 60 57 55 0 0.583601 947033 106-aaaul 
36100 104.302 204 0.511283 0.00490196 106 106 0 619 66 57 55 0 0.583601 947033 106-aaaul 
36200 104.301 204 0.511281 0.00490196 106 106 0 498 54 47 55 0 0.583601 947033 106-aaaul 
36300 104.302 204 0.511283 0.00490196 106 106 0 454 35 32 55 0 0.583601 947033 106-aaaul 
36400 104.301 204 0.511281 0.00490196 106 106 0 385 44 41 55 0 0.583601 947033 106-aaaul 
36500 104.301 203 0.5138 0.00492611 107 107 0 267 20 18 56 0 0.574408 1074305 107-aaamd 
36600 104.3 203 0.513796 0.00492611 107 107 0 329 30 27 56 0 0.574408 1074305 107-aaamd 
36700 104.304 203 0.513813 0.00492611 107 107 0 413 33 31 56 0 0.574408 1074305 107-aaamd 
36800 104.307 203 0.513826 0.00492611 107 107 0 362 43 39 56 0 0.574408 1074305 107-aaamd 
36900 104.307 203 0.513826 0.00492611 107 107 0 436 26 23 56 0 0.574408 1074305 107-aaamd 
37000 104.306 203 0.513822 0.00492611 107 107 0 380 48 43 56 0 0.574408 1074305 107-aaamd 
37100 104.307 203 0.513827 0.00492611 107 107 0 313 30 23 56 0 0.574408 1074305 107-aaamd 
37200 104.308 203 0.513835 0.00492611 107 107 0 362 45 39 56 0 0.574408 1074305 107-aaamd 
37300 104.312 203 0.513853 0.00492611 107 107 0 336 32 28 56 0 0.580813 1074305 107-aaamd 
37400 104.314 203 0.513864 0.00492611 107 107 0 272 24 21 56 0 0.580813 1074305 107-aaamd 
37500 104.334 204 0.511439 0.00490196 106 106 0 246 27 23 57 0 0.568039 1097254 106-aabxn 
37600 104.318 203 0.513883 0.00492611 107 107 0 233 28 25 56 0 0.580813 1074305 107-aaamd 
37700 104.319 203 0.513886 0.00492611 107 107 0 275 40 36 56 0 0.580813 1074305 107-aaamd 
37800 104.34 203 0.513988 0.00492611 106 106.002 0 286 32 31 58 0 0.572421 1145453 106-aacjm 
37900 104.34 203 0.513989 0.00492611 106 106.001 0 307 20 17 58 0 0.573613 1145453 106-aacjm 
38000 104.346 203 0.514021 0.00492611 106 106.001 0 316 35 28 58 0 0.582022 1145453 106-aacjm 
38100 104.346 203 0.514018 0.00492611 106 106.001 0 292 37 35 58 0 0.582022 1145453 106-aacjm 
38200 104.347 203 0.514023 0.00492611 106 106.001 0 295 31 27 58 0 0.582022 1145453 106-aacjm 
38300 103.36 201 0.514229 0.00497512 106 106 0 325 46 43 57 0 0.598883 1159987 106-aacnp 
38400 106.406 206 0.516535 0.00485437 108 108 0 280 27 23 57 0 0.587119 1141219 108-aaaez 
38500 104.354 203 0.514058 0.00492611 106 106.001 0 314 29 26 58 0 0.585663 1145453 106-aacjm 
38600 106.407 206 0.51654 0.00485437 108 108 0 327 36 34 57 0 0.587119 1141219 108-aaaez 
38700 106.407 206 0.516541 0.00485437 108 108 0 390 49 48 57 0 0.587119 1141219 108-aaaez 
38800 104.358 203 0.514078 0.00492611 106 106.001 0 339 38 32 58 0 0.585663 1145453 106-aacjm 
38900 104.359 203 0.514081 0.00492611 106 106.001 0 306 36 35 58 0 0.585663 1145453 106-aacjm 
39000 105.353 204 0.516438 0.00490196 107 107 0 321 34 31 57 0 0.591312 1128169 107-aaasi 
39100 105.356 204 0.516453 0.00490196 107 107 0 358 35 33 57 0 0.591312 1128169 107-aaasi 
39200 105.358 204 0.516459 0.00490196 107 107 0 418 55 48 57 0 0.591312 1128169 107-aaasi 
39300 105.363 204 0.516485 0.00490196 107 107 0 542 64 53 57 0 0.591312 1128169 107-aaasi 
39400 105.363 204 0.516486 0.00490196 107 107 0 513 44 39 57 0 0.591312 1128169 107-aaasi 
39500 106.391 205 0.518979 0.00487805 108 108 0 545 71 67 58 0 0.604468 1158379 108-aaafk 
39600 105.363 204 0.516484 0.00490196 107 107 0 494 45 38 57 0 0.591312 1128169 107-aaasi 
39700 106.389 205 0.518972 0.00487805 108 108 0 440 48 43 58 0 0.604468 1158379 108-aaafk 
39800 105.369 204 0.516517 0.00490196 107 107 0 467 44 39 57 0 0.591312 1128169 107-aaasi 
39900 106.392 205 0.518984 0.00487805 108 108 0 515 61 52 58 0 0.604468 1158379 108-aaafk 
40000 105.37 204 0.516517 0.00490196 107 107 0 493 72 64 57 0 0.591312 1128169 107-aaasi 
40100 106.39 205 0.518976 0.00487805 108 108 0 551 43 42 58 0 0.604468 1158379 108-aaafk 
40200 106.392 205 0.518987 0.00487805 108 108 0 530 67 61 58 0 0.604468 1158379 108-aaafk 
40300 106.394 205 0.518996 0.00487805 108 108 0 505 46 44 58 0 0.604468 1158379 108-aaafk 
40400 106.397 205 0.519011 0.00487805 108 108 0 524 56 51 58 0 0.604468 1158379 108-aaafk 
40500 106.398 205 0.519012 0.00487805 108 108 0 508 49 44 58 0 0.604468 1158379 108-aaafk 
40600 106.397 205 0.519012 0.00487805 108 108 0 462 45 39 58 0 0.604468 1158379 108-aaafk 
40700 106.396 205 0.519006 0.00487805 108 108 0 458 46 40 58 0 0.604468 1158379 108-aaafk 
40800 106.394 205 0.518997 0.00487805 108 108 0 580 47 43 58 0 0.604468 1158379 108-aaafk 
40900 106.393 205 0.51899 0.00487805 108 108 0 707 75 68 58 0 0.604468 1158379 108-aaafk 
41000 106.391 205 0.518982 0.00487805 108 108 0 716 71 67 58 0 0.604468 1158379 108-aaafk 
41100 106.391 205 0.518979 0.00487805 108 108 0 642 55 51 58 0 0.604468 1158379 108-aaafk 
41200 106.391 205 0.518979 0.00487805 108 108 0 609 65 60 58 0 0.604468 1158379 108-aaafk 
41300 106.389 205 0.518971 0.00487805 108 108 0 579 73 71 58 1 0.604468 1158379 108-aaafk 
41400 106.389 205 0.51897 0.00487805 108 108 0 571 57 51 58 0 0.604468 1158379 108-aaafk 
41500 106.39 205 0.518974 0.00487805 108 108 0 650 70 59 58 0 0.604468 1158379 108-aaafk 
41600 106.39 205 0.518976 0.00487805 108 108 0 575 78 71 58 0 0.604468 1158379 108-aaafk 
41700 106.39 205 0.518977 0.00487805 108 108 0 694 62 51 58 0 0.604468 1158379 108-aaafk 
41800 106.39 205 0.518976 0.00487805 108 108 0 690 77 71 58 0 0.604468 1158379 108-aaafk 
41900 106.391 205 0.518979 0.00487805 108 108 0 609 65 62 58 0 0.604468 1158379 108-aaafk 
42000 106.391 205 0.518978 0.00487805 108 108 0 646 53 49 58 0 0.604468 1158379 108-aaafk 
42100 106.392 205 0.518985 0.00487805 108 108 0 625 70 62 58 1 0.604468 1158379 108-aaafk 
42200 106.393 205 0.51899 0.00487805 108 108 0 653 66 62 58 0 0.604468 1158379 108-aaafk 
42300 106.393 205 0.518992 0.00487805 108 108 0 647 60 57 58 0 0.604468 1158379 108-aaafk 
42400 106.393 205 0.518992 0.00487805 108 108 0 630 63 57 58 0 0.604468 1158379 108-aaafk 
42500 106.394 205 0.518995 0.00487805 108 108 0 710 89 80 58 0 0.604468 1158379 108-aaafk 
42600 106.394 205 0.518995 0.00487805 108 108 0 691 72 64 58 0 0.604468 1158379 108-aaafk 
42700 106.393 205 0.518989 0.00487805 108 108 0 665 90 79 58 0 0.604468 1158379 108-aaafk 
42800 106.392 205 0.518986 0.00487805 108 108 0 657 82 72 58 0 0.604468 1158379 108-aaafk 
42900 106.391 205 0.518982 0.00487805 108 108 0 526 69 62 58 0 0.604468 1158379 108-aaafk 
43000 106.391 205 0.518978 0.00487805 108 108 0 532 51 45 58 0 0.604468 1158379 108-aaafk 
43100 106.39 205 0.518977 0.00487805 108 108 0 661 55 53 58 0 0.604468 1158379 108-aaafk 
43200 106.39 205 0.518975 0.00487805 108 108 0 634 59 51 58 0 0.604468 1158379 108-aaafk 
43300 106.39 205 0.518974 0.00487805 108 108 0 602 57 49 58 0 0.604468 1158379 108-aaafk 
43400 106.389 205 0.518972 0.00487805 108 108 0 678 80 72 58 0 0.604468 1158379 108-aaafk 
43500 106.389 205 0.518973 0.00487805 108 108 0 703 76 65 58 0 0.604468 1158379 108-aaafk 
43600 106.389 205 0.518971 0.00487805 108 108 0 820 71 63 58 0 0.604468 1158379 108-aaafk 
43700 106.388 205 0.518967 0.00487805 108 108 0 777 106 94 58 0 0.604468 1158379 108-aaafk 
43800 106.388 205 0.518967 0.00487805 108 108 0 734 78 66 58 0 0.604468 1158379 108-aaafk 
43900 106.389 205 0.518968 0.00487805 108 108 0 708 71 67 58 0 0.604468 1158379 108-aaafk 
44000 106.388 205 0.518968 0.00487805 108 108 0 727 73 63 58 0 0.604468 1158379 108-aaafk 
44100 106.388 205 0.518968 0.00487805 108 108 0 722 100 93 58 0 0.604468 1158379 108-aaafk 
44200 106.389 205 0.518969 0.00487805 108 108 0 675 70 63 58 0 0.604468 1158379 108-aaafk 
44300 106.39 205 0.518974 0.00487805 108 108 0 572 68 64 58 0 0.604468 1158379 108-aaafk 
44400 106.39 205 0.518975 0.00487805 108 108 0 566 63 59 58 0 0.604468 1158379 108-aaafk 
44500 106.39 205 0.518976 0.00487805 108 108 0 559 43 41 58 0 0.604468 1158379 108-aaafk 
44600 106.39 205 0.518975 0.00487805 108 108 0 436 37 33 58 0 0.604468 1158379 108-aaafk 
44700 106.39 205 0.518975 0.00487805 108 108 0 402 35 33 58 0 0.604468 1158379 108-aaafk 
44800 106.371 204 0.521425 0.00490196 108 108 0 304 30 28 59 0 0.601566 1356487 108-aabfw 
44900 106.389 205 0.51897 0.00487805 108 108 0 336 34 30 58 0 0.604468 1158379 108-aaafk 
45000 106.388 205 0.518965 0.00487805 108 108 0 386 39 37 58 0 0.604468 1158379 108-aaafk 
45100 106.387 205 0.518961 0.00487805 108 108 0 379 38 31 58 0 0.604468 1158379 108-aaafk 
45200 106.386 205 0.518956 0.00487805 108 108 0 424 39 37 58 0 0.604468 1158379 108-aaafk 
45300 106.385 205 0.518953 0.00487805 108 108 0 439 41 37 58 0 0.604468 1158379 108-aaafk 
45400 106.385 205 0.518951 0.00487805 108 108 0 370 47 46 58 0 0.604468 1158379 108-aaafk 
45500 106.384 205 0.518949 0.00487805 108 108 0 500 53 48 58 0 0.604468 1158379 108-aaafk 
45600 106.383 205 0.518943 0.00487805 108 108 0 556 60 55 58 0 0.604468 1158379 108-aaafk 
45700 106.383 205 0.51894 0.00487805 108 108 0 517 48 45 58 0 0.604468 1158379 108-aaafk 
45800 106.383 205 0.518939 0.00487805 108 108 0 461 53 51 58 0 0.604468 1158379 108-aaafk 
45900 106.382 205 0.518937 0.00487805 108 108 0 384 39 37 58 0 0.604468 1158379 108-aaafk 
46000 106.382 205 0.518936 0.00487805 108 108 0 310 42 38 58 0 0.604468 1158379 108-aaafk 
46100 106.36 204 0.521374 0.00490196 108 108 0 289 39 31 61 0 0.592875 1374024 108-aabii 
46200 106.357 204 0.521356 0.00490196 108 108 0 311 38 31 61 0 0.592875 1374024 108-aabii 
46300 106.352 204 0.521334 0.00490196 108 108 0 291 37 36 61 0 0.592875 1374024 108-aabii 
46400 106.349 204 0.52132 0.00490196 108 108 0 350 35 28 61 0 0.592875 1374024 108-aabii 
46500 106.344 204 0.521294 0.00490196 108 108 0 283 28 25 61 0 0.592875 1374024 108-aabii 
46600 106.344 204 0.521292 0.00490196 108 108 0 278 27 23 61 0 0.592875 1374024 108-aabii 
46700 109.378 208 0.525853 0.00480769 111 110.999 0 306 38 32 62 0 0.57333 1466739 111-aaabs 
46800 106.339 204 0.521271 0.00490196 108 108 0 345 33 30 61 0 0.592875 1374024 108-aabii 
46900 106.338 204 0.521264 0.00490196 108 108 0 341 30 25 61 0 0.592875 1374024 108-aabii 
47000 106.335 204 0.52125 0.00490196 108 108 0 303 25 23 61 0 0.592875 1374024 108-aabii 
47100 105.327 203 0.518852 0.00492611 107 107 0 334 45 41 61 0 0.595049 1366048 107-aadke 
47200 105.325 203 0.518844 0.00492611 107 107 0 299 34 29 61 0 0.595049 1366048 107-aadke 
47300 106.333 204 0.521242 0.00490196 108 108 0 401 42 39 61 0 0.592875 1374024 108-aabii 
47400 106.334 204 0.521245 0.00490196 108 108 0 469 49 42 61 0 0.596584 1374024 108-aabii 
47500 106.336 204 0.521257 0.00490196 108 108 0 532 36 33 61 0 0.596584 1374024 108-aabii 
47600 106.335 204 0.521252 0.00490196 108 108 0 632 54 51 61 0 0.596584 1374024 108-aabii 
47700 106.334 204 0.521248 0.00490196 108 108 0 622 59 53 61 0 0.596584 1374024 108-aabii 
47800 106.332 204 0.521237 0.00490196 108 108 0 639 65 64 61 0 0.596584 1374024 108-aabii 
47900 106.332 204 0.521234 0.00490196 108 108 0 596 70 60 61 0 0.600733 1374024 108-aabii 
48000 106.331 204 0.521232 0.00490196 108 108 0 479 43 41 61 0 0.600733 1374024 108-aabii 
48100 109.369 208 0.525812 0.00480769 111 111 0 515 50 44 62 0 0.604755 1466739 111-aaabs 
48200 109.363 208 0.525785 0.00480769 111 111 0 481 38 36 62 0 0.604755 1466739 111-aaabs 
48300 109.359 208 0.525766 0.00480769 111 111 0 558 44 40 62 0 0.604755 1466739 111-aaabs 
48400 109.359 208 0.525764 0.00480769 111 111 0 628 56 50 62 0 0.604755 1466739 111-aaabs 
48500 109.358 208 0.525758 0.00480769 111 111 0 795 86 80 62 0 0.604755 1466739 111-aaabs 
48600 109.358 208 0.52576 0.00480769 111 111 0 939 77 66 62 0 0.604755 1466739 111-aaabs 
48700 109.362 208 0.525779 0.00480769 111 111 0 921 114 103 62 0 0.604755 1466739 111-aaabs 
48800 109.365 208 0.525792 0.00480769 111 111 0 878 88 80 62 0 0.604755 1466739 111-aaabs 
48900 109.366 208 0.525798 0.00480769 111 111 0 838 92 84 62 0 0.604755 1466739 111-aaabs 
49000 109.365 208 0.525796 0.00480769 111 111 0 898 105 95 62 0 0.604755 1466739 111-aaabs 
49100 109.367 208 0.525803 0.00480769 111 111 0 867 79 73 62 0 0.604755 1466739 111-aaabs 
49200 109.368 208 0.525809 0.00480769 111 111 0 926 96 86 62 0 0.604755 1466739 111-aaabs 
49300 109.369 208 0.525813 0.00480769 111 111 0 981 87 74 62 0 0.604755 1466739 111-aaabs 
49400 109.37 208 0.525816 0.00480769 111 111 0 961 111 105 62 0 0.604755 1466739 111-aaabs 
49500 109.372 208 0.525826 0.00480769 111 111 0 1067 99 90 62 0 0.604755 1466739 111-aaabs 
49600 109.372 208 0.525828 0.00480769 111 111 0 1208 120 112 62 0 0.604755 1466739 111-aaabs 
49700 109.372 208 0.525829 0.00480769 111 111 0 1282 153 138 62 0 0.604755 1466739 111-aaabs 
49800 109.374 208 0.525838 0.00480769 111 111 0 1234 139 125 62 0 0.604755 1466739 111-aaabs 
49900 109.377 208 0.52585 0.00480769 111 111 0 1273 140 131 62 1 0.604755 1466739 111-aaabs 
50000 109.379 208 0.525863 0.00480769 111 111 0 1183 112 102 62 0 0.605594 1466739 111-aaabs 
