# Avida resource data
# Mon Jun  4 16:56:49 2018
# First column gives the current update, all further columns give the quantity
# of the particular resource at that update.
#  1: Update
#  2: resNOT

0 9.94893 
100 634.434 
200 863.016 
300 946.685 
400 977.31 
500 988.52 
600 992.623 
700 994.125 
800 994.675 
900 994.876 
1000 994.95 
1100 994.977 
1200 994.986 
1300 994.99 
1400 994.991 
1500 994.992 
1600 994.992 
1700 994.026 
1800 992.086 
1900 993.928 
2000 994.603 
2100 994.85 
2200 991.285 
2300 412.674 
2400 0.451898 
2500 0.575834 
2600 0 
2700 0.812533 
2800 0.0624399 
2900 0.0219998 
3000 1.1803 
3100 0.9975 
3200 1.45678 
3300 1.43065 
3400 0.208978 
3500 0.0349994 
3600 0.0709975 
3700 0.264965 
3800 0.266964 
3900 1.38703 
4000 0.28096 
4100 0.0809967 
4200 1.21026 
4300 0.878612 
4400 0.0589983 
4500 0.0789969 
4600 0.208978 
4700 0.0129999 
4800 0.0139999 
4900 0.99967 
5000 0.298955 
5100 1.50007 
5200 0.0649979 
5300 0.608814 
5400 0.770702 
5500 0.576833 
5600 0.107994 
5700 0.0609982 
5800 1.36606 
5900 1.62567 
6000 0.502873 
6100 0.0889961 
6200 0.590825 
6300 5.38344 
6400 7.83667 
6500 2.22956 
6600 4.09406 
6700 3.56245 
6800 0.207978 
6900 0.185983 
7000 2.38794 
7100 2.90312 
7200 2.72483 
7300 0.260628 
7400 0.492878 
7500 3.10693 
7600 0.608814 
7700 0.814667 
7800 0.735728 
7900 5.35719 
8000 0.189304 
8100 0.131991 
8200 2.20928 
8300 8.77482 
8400 1.75146 
8500 1.72233 
8600 3.44545 
8700 0.194981 
8800 0.704751 
8900 1.41599 
9000 1.20889 
9100 0.300955 
9200 5.24447 
9300 0.0889961 
9400 0.246969 
9500 8.54427 
9600 1.89314 
9700 1.32412 
9800 4.79851 
9900 2.37108 
10000 0.205979 
10100 5.40454 
10200 5.24712 
10300 8.023 
10400 6.25143 
10500 4.67585 
10600 1.54926 
10700 0.22179 
10800 0.116993 
10900 0.396921 
11000 0.436461 
11100 10.6364 
11200 4.68195 
11300 1.01249 
11400 0.235972 
11500 6.34163 
11600 0.333944 
11700 13.4125 
11800 3.24258 
11900 0.291957 
12000 6.47674 
12100 1.91116 
12200 4.41396 
12300 0.210978 
12400 1.60611 
12500 1.97404 
12600 6.78398 
12700 0.992667 
12800 1.4957 
12900 7.19123 
13000 1.46864 
13100 2.73179 
13200 10.9591 
13300 0.111994 
13400 0.896596 
13500 0.585828 
13600 3.38707 
13700 1.53981 
13800 1.3371 
13900 1.05045 
14000 0.043999 
14100 5.41444 
14200 1.23063 
14300 8.37593 
14400 3.4932 
14500 9.05642 
14600 3.49142 
14700 0.285959 
14800 3.12244 
14900 0.762708 
15000 1.07201 
15100 10.0846 
15200 6.27116 
15300 15.9719 
15400 3.97148 
15500 1.73484 
15600 0.827656 
15700 2.91924 
15800 0.436904 
15900 2.78585 
16000 3.02263 
16100 0.14099 
16200 0.443901 
16300 2.13072 
16400 6.45466 
16500 0.25744 
16600 14.8229 
16700 4.84577 
16800 0.121993 
16900 8.40917 
17000 0.853634 
17100 1.55065 
17200 4.32665 
17300 2.04825 
17400 10.5966 
17500 1.04382 
17600 2.40944 
17700 2.68637 
17800 3.69814 
17900 3.68608 
18000 0.496876 
18100 2.85055 
18200 1.50348 
18300 8.52088 
18400 2.17517 
18500 0.149989 
18600 1.45047 
18700 0.0109999 
18800 0.37493 
18900 2.87611 
19000 3.17819 
19100 4.77885 
19200 7.79022 
19300 1.99872 
19400 1.06294 
19500 2.26688 
19600 13.4808 
19700 1.07707 
19800 5.49798 
19900 0.253968 
20000 5.81838 
20100 10.0081 
20200 3.82718 
20300 2.05794 
20400 0.0249997 
20500 0.114993 
20600 0.0119999 
20700 0.0169999 
20800 0.0379993 
20900 0.0199998 
21000 0.0219998 
21100 0.0719974 
21200 0.0599982 
21300 0.0359994 
21400 0.00499999 
21500 0 
21600 0.0119999 
21700 0.0839965 
21800 0.0659978 
21900 0.00799997 
22000 0.0149999 
22100 0.0159999 
22200 0.0839965 
22300 0.0529986 
22400 0.0559985 
22500 0.0349994 
22600 0.0199998 
22700 0 
22800 0.0159999 
22900 0.0109999 
23000 0.00599998 
23100 0.00599998 
23200 0.00399999 
23300 0.001 
23400 0.0199998 
23500 0.0299996 
23600 0.0179998 
23700 0.003 
23800 0.00699998 
23900 0 
24000 0.0249997 
24100 0.00399999 
24200 0.0289996 
24300 0.0209998 
24400 0.002 
24500 0.0279996 
24600 0.0139999 
24700 0.002 
24800 0.0129999 
24900 0.002 
25000 0.00499999 
25100 0.0279996 
25200 0.0309995 
25300 0.0129999 
25400 0.0129999 
25500 0.003 
25600 0.00399999 
25700 0.0129999 
25800 0.0209998 
25900 0.002 
26000 0.00899996 
26100 0 
26200 0.0429991 
26300 0.0199998 
26400 0.00399999 
26500 0.0139999 
26600 0.00599998 
26700 0.00399999 
26800 0.0249997 
26900 0.0199998 
27000 0.0129999 
27100 0.0279996 
27200 0 
27300 0.0189998 
27400 0.00899996 
27500 0.0149999 
27600 0.003 
27700 0.0559985 
27800 0.0299996 
27900 0.0139999 
28000 0.002 
28100 0.0169999 
28200 0.0569984 
28300 0.002 
28400 0.0129999 
28500 0 
28600 0.001 
28700 0.0149999 
28800 0.045999 
28900 0.001 
29000 0.0269996 
29100 0.0109999 
29200 0.00899996 
29300 0.003 
29400 0.0249997 
29500 0.0579983 
29600 0.00599998 
29700 0.00899996 
29800 0.0369993 
29900 0.0119999 
30000 0.0149999 
30100 0 
30200 0.002 
30300 0.002 
30400 0.00999995 
30500 0.001 
30600 0.001 
30700 0.0249997 
30800 0.0759971 
30900 0.0119999 
31000 0.0239997 
31100 0.00699998 
31200 0.003 
31300 0.0209998 
31400 0.0239997 
31500 0.0159999 
31600 0 
31700 0 
31800 0.002 
31900 0.001 
32000 0.062998 
32100 0.0149999 
32200 0.0189998 
32300 0.00699998 
32400 0.00899996 
32500 0.0109999 
32600 0.0129999 
32700 0 
32800 0.0559985 
32900 0.0149999 
33000 0.0119999 
33100 0.0239997 
33200 0.0199998 
33300 0.00499999 
33400 0.0129999 
33500 0.0139999 
33600 0.002 
33700 0.0129999 
33800 0.123992 
33900 0.0109999 
34000 0.00399999 
34100 0.0169999 
34200 0.0489988 
34300 0.0369993 
34400 0.0109999 
34500 0.0139999 
34600 0.0119999 
34700 0.00799997 
34800 0.00599998 
34900 0.0119999 
35000 0.0149999 
35100 0.0279996 
35200 0.0229997 
35300 0.0339994 
35400 0.0599982 
35500 0.0299996 
35600 0.0169999 
35700 0.0819967 
35800 0.003 
35900 0.0109999 
36000 0.001 
36100 0.00699998 
36200 0.001 
36300 0 
36400 0 
36500 0.0249997 
36600 0.0119999 
36700 0.0309995 
36800 0.002 
36900 0.0869962 
37000 0.00699998 
37100 0.00799997 
37200 0 
37300 0.00399999 
37400 0.0109999 
37500 0.0109999 
37600 0.00999995 
37700 0.0159999 
37800 0.00999995 
37900 0.0229997 
38000 0.003 
38100 0.00799997 
38200 0.0159999 
38300 0.002 
38400 0.0339994 
38500 0.0119999 
38600 0.0209998 
38700 0.003 
38800 0 
38900 0.0109999 
39000 0.00999995 
39100 0.00499999 
39200 0.0119999 
39300 0.00399999 
39400 0.00599998 
39500 0.0159999 
39600 0.00999995 
39700 0.00699998 
39800 0.002 
39900 0.0329995 
40000 0.0399992 
40100 0.00599998 
40200 0.002 
40300 0.0909959 
40400 0.0369993 
40500 0.00999995 
40600 0.0309995 
40700 0.002 
40800 0.0249997 
40900 0.00499999 
41000 0.0179998 
41100 0.00899996 
41200 0.0259997 
41300 0.0149999 
41400 0.00399999 
41500 0.0579983 
41600 0.00899996 
41700 0 
41800 0.0139999 
41900 0.0179998 
42000 0.00999995 
42100 0.002 
42200 0.0429991 
42300 0.0149999 
42400 0.0159999 
42500 0.0319995 
42600 0.00699998 
42700 0.0299996 
42800 0.00999995 
42900 0.0479989 
43000 0.003 
43100 0 
43200 0.00899996 
43300 0.0169999 
43400 0.00599998 
43500 0 
43600 0.0519987 
43700 0.00999995 
43800 0.001 
43900 0.0259997 
44000 0.003 
44100 0.00499999 
44200 0.0149999 
44300 0.0239997 
44400 0.0109999 
44500 0.0259997 
44600 0.001 
44700 0.0149999 
44800 0.0619981 
44900 0.00599998 
45000 0.0129999 
45100 0.0179998 
45200 0.00899996 
45300 0.0109999 
45400 0.0419991 
45500 0.00499999 
45600 0.00499999 
45700 0.0119999 
45800 0.0179998 
45900 0.0289996 
46000 0.0389993 
46100 0.0169999 
46200 0 
46300 0.0169999 
46400 0.003 
46500 0.0169999 
46600 0.00699998 
46700 0.00499999 
46800 0 
46900 0.0209998 
47000 0 
47100 0 
47200 0.0669978 
47300 0 
47400 0.0369993 
47500 0.00499999 
47600 0.0359994 
47700 0.002 
47800 0.0129999 
47900 0.0689976 
48000 0.0219998 
48100 0.0399992 
48200 0.0209998 
48300 0.0289996 
48400 0.045999 
48500 0.001 
48600 0.0109999 
48700 0.002 
48800 0.00599998 
48900 0.0109999 
49000 0.0719974 
49100 0.0329995 
49200 0.00699998 
49300 0.0109999 
49400 0.0619981 
49500 0.0179998 
49600 0.0189998 
49700 0.0229997 
49800 0.00699998 
49900 0.00899996 
50000 0.0279996 
