# Avida tasks data
# Mon Jun  4 16:56:49 2018
# First column gives the current update, next columns give the number
# of organisms that have the particular task as a component of their merit
#  1: Update
#  2: Not

0 0 
100 0 
200 0 
300 0 
400 0 
500 0 
600 0 
700 0 
800 0 
900 0 
1000 0 
1100 0 
1200 0 
1300 0 
1400 0 
1500 0 
1600 0 
1700 0 
1800 0 
1900 0 
2000 0 
2100 0 
2200 2 
2300 209 
2400 517 
2500 570 
2600 565 
2700 369 
2800 263 
2900 215 
3000 185 
3100 170 
3200 168 
3300 179 
3400 208 
3500 204 
3600 177 
3700 175 
3800 217 
3900 205 
4000 207 
4100 224 
4200 193 
4300 180 
4400 227 
4500 195 
4600 208 
4700 176 
4800 192 
4900 187 
5000 211 
5100 233 
5200 195 
5300 253 
5400 212 
5500 166 
5600 182 
5700 181 
5800 150 
5900 138 
6000 112 
6100 98 
6200 120 
6300 117 
6400 87 
6500 116 
6600 86 
6700 114 
6800 107 
6900 107 
7000 100 
7100 83 
7200 86 
7300 74 
7400 82 
7500 94 
7600 88 
7700 104 
7800 102 
7900 86 
8000 124 
8100 97 
8200 76 
8300 87 
8400 79 
8500 96 
8600 92 
8700 62 
8800 79 
8900 87 
9000 88 
9100 82 
9200 70 
9300 84 
9400 76 
9500 72 
9600 95 
9700 99 
9800 90 
9900 90 
10000 83 
10100 88 
10200 74 
10300 73 
10400 81 
10500 67 
10600 74 
10700 99 
10800 83 
10900 83 
11000 83 
11100 71 
11200 86 
11300 75 
11400 96 
11500 81 
11600 95 
11700 99 
11800 88 
11900 90 
12000 81 
12100 71 
12200 85 
12300 88 
12400 88 
12500 82 
12600 82 
12700 93 
12800 73 
12900 73 
13000 90 
13100 97 
13200 55 
13300 100 
13400 84 
13500 94 
13600 79 
13700 72 
13800 88 
13900 78 
14000 96 
14100 77 
14200 111 
14300 88 
14400 92 
14500 85 
14600 87 
14700 106 
14800 92 
14900 109 
15000 80 
15100 81 
15200 89 
15300 80 
15400 66 
15500 100 
15600 91 
15700 86 
15800 79 
15900 67 
16000 81 
16100 101 
16200 94 
16300 96 
16400 70 
16500 91 
16600 82 
16700 80 
16800 121 
16900 75 
17000 89 
17100 98 
17200 80 
17300 89 
17400 73 
17500 75 
17600 82 
17700 92 
17800 76 
17900 72 
18000 92 
18100 74 
18200 79 
18300 62 
18400 72 
18500 86 
18600 83 
18700 100 
18800 83 
18900 79 
19000 72 
19100 82 
19200 88 
19300 87 
19400 58 
19500 78 
19600 54 
19700 83 
19800 70 
19900 83 
20000 86 
20100 50 
20200 80 
20300 79 
20400 102 
20500 344 
20600 833 
20700 1134 
20800 1368 
20900 1658 
21000 1883 
21100 2091 
21200 2250 
21300 2454 
21400 2507 
21500 2495 
21600 2696 
21700 2810 
21800 2805 
21900 2893 
22000 2931 
22100 3081 
22200 3079 
22300 3255 
22400 3216 
22500 3216 
22600 3255 
22700 3285 
22800 3277 
22900 3313 
23000 3293 
23100 3311 
23200 3375 
23300 3417 
23400 3443 
23500 3505 
23600 3557 
23700 3552 
23800 3542 
23900 3571 
24000 3558 
24100 3564 
24200 3574 
24300 3564 
24400 3509 
24500 3557 
24600 3556 
24700 3541 
24800 3548 
24900 3569 
25000 3580 
25100 3565 
25200 3583 
25300 3565 
25400 3572 
25500 3578 
25600 3571 
25700 3568 
25800 3571 
25900 3561 
26000 3563 
26100 3576 
26200 3569 
26300 3566 
26400 3568 
26500 3568 
26600 3496 
26700 3451 
26800 3394 
26900 3439 
27000 3509 
27100 3494 
27200 3429 
27300 3434 
27400 3436 
27500 3463 
27600 3503 
27700 3430 
27800 3429 
27900 3466 
28000 3407 
28100 3473 
28200 3368 
28300 3438 
28400 3497 
28500 3511 
28600 3516 
28700 3526 
28800 3506 
28900 3470 
29000 3496 
29100 3528 
29200 3457 
29300 3455 
29400 3399 
29500 3404 
29600 3362 
29700 3250 
29800 3229 
29900 3263 
30000 3332 
30100 3338 
30200 3318 
30300 3346 
30400 3288 
30500 3344 
30600 3413 
30700 3415 
30800 3459 
30900 3414 
31000 3405 
31100 3470 
31200 3459 
31300 3427 
31400 3489 
31500 3447 
31600 3467 
31700 3373 
31800 3408 
31900 3378 
32000 3391 
32100 3419 
32200 3392 
32300 3428 
32400 3527 
32500 3540 
32600 3525 
32700 3476 
32800 3450 
32900 3472 
33000 3509 
33100 3562 
33200 3523 
33300 3486 
33400 3476 
33500 3467 
33600 3373 
33700 3407 
33800 3376 
33900 3462 
34000 3447 
34100 3457 
34200 3471 
34300 3423 
34400 3401 
34500 3430 
34600 3402 
34700 3409 
34800 3457 
34900 3444 
35000 3503 
35100 3471 
35200 3481 
35300 3507 
35400 3525 
35500 3472 
35600 3424 
35700 3478 
35800 3492 
35900 3476 
36000 3486 
36100 3458 
36200 3478 
36300 3493 
36400 3410 
36500 3404 
36600 3347 
36700 3379 
36800 3368 
36900 3432 
37000 3440 
37100 3383 
37200 3327 
37300 3252 
37400 3257 
37500 3248 
37600 3245 
37700 3168 
37800 3215 
37900 3243 
38000 3287 
38100 3327 
38200 3273 
38300 3301 
38400 3312 
38500 3344 
38600 3279 
38700 3313 
38800 3342 
38900 3359 
39000 3334 
39100 3272 
39200 3311 
39300 3357 
39400 3369 
39500 3373 
39600 3297 
39700 3288 
39800 3246 
39900 3302 
40000 3236 
40100 3282 
40200 3218 
40300 3254 
40400 3283 
40500 3337 
40600 3322 
40700 3370 
40800 3364 
40900 3387 
41000 3366 
41100 3328 
41200 3322 
41300 3304 
41400 3291 
41500 3278 
41600 3245 
41700 3288 
41800 3342 
41900 3332 
42000 3210 
42100 3221 
42200 3228 
42300 3288 
42400 3263 
42500 3316 
42600 3317 
42700 3331 
42800 3375 
42900 3333 
43000 3294 
43100 3367 
43200 3362 
43300 3387 
43400 3319 
43500 3350 
43600 3328 
43700 3339 
43800 3327 
43900 3337 
44000 3335 
44100 3310 
44200 3219 
44300 3191 
44400 3277 
44500 3332 
44600 3381 
44700 3366 
44800 3409 
44900 3443 
45000 3481 
45100 3485 
45200 3504 
45300 3458 
45400 3443 
45500 3468 
45600 3476 
45700 3445 
45800 3418 
45900 3405 
46000 3424 
46100 3483 
46200 3476 
46300 3527 
46400 3516 
46500 3496 
46600 3499 
46700 3483 
46800 3480 
46900 3514 
47000 3506 
47100 3485 
47200 3439 
47300 3423 
47400 3445 
47500 3468 
47600 3446 
47700 3439 
47800 3505 
47900 3420 
48000 3450 
48100 3514 
48200 3561 
48300 3502 
48400 3483 
48500 3436 
48600 3454 
48700 3415 
48800 3417 
48900 3489 
49000 3465 
49100 3460 
49200 3476 
49300 3443 
49400 3462 
49500 3473 
49600 3445 
49700 3459 
49800 3431 
49900 3429 
50000 3409 
