# Avida count data
# Fri Jun 15 12:07:29 2018
#  1: update
#  2: number of insts executed this update
#  3: number of organisms
#  4: number of different genotypes
#  5: number of different threshold genotypes
#  6: (deprecated) number of different species
#  7: (deprecated) number of different threshold species
#  8: (deprecated) number of different lineages
#  9: number of births in this update
# 10: number of deaths in this update
# 11: number of breed true
# 12: number of breed true organisms?
# 13: number of no-birth organisms
# 14: number of single-threaded organisms
# 15: number of multi-threaded organisms
# 16: number of modified organisms

0 30 1 1 1 0 0 0 1 0 1 1 1 1 0 0 
100 3840 128 34 8 0 0 0 0 0 0 95 64 128 0 0 
200 108000 3600 1411 335 0 0 0 166 166 109 2459 1824 3600 0 300300 108000 3600 1745 606 0 0 0 261 261 166 2467 1818 3600 0 0 
400 108000 3600 1900 643 0 0 0 256 256 158 2353 1836 3600 0 0 
500 108000 3600 1960 653 0 0 0 167 167 105 2334 1835 3600 0 0 
600 108000 3600 1953 693 0 0 0 183 183 124 2354 1859 3600 0 0 
700 108000 3600 1922 700 0 0 0 194 194 125 2336 1844 3600 0 0 
800 108000 3600 1836 618 0 0 0 190 190 117 2356 1887 3600 0 0 
900 108000 3600 1766 580 0 0 0 190 190 142 2395 1903 3600 0 0 
1000 108000 3600 1833 599 0 0 0 233 233 147 2299 1927 3600 0 0 
1100 108000 3600 1896 585 0 0 0 196 196 115 2262 1945 3600 0 0 
1200 108000 3600 1795 598 0 0 0 241 241 151 2377 1913 3600 0 0 
1300 108000 3600 1849 585 0 0 0 255 255 161 2319 1954 3600 0 0 
1400 108000 3600 1851 623 0 0 0 236 236 159 2344 1912 3600 0 0 
1500 108000 3600 1788 609 0 0 0 223 223 138 2433 1944 3600 0 0 
1600 108000 3600 1820 632 0 0 0 230 230 154 2430 1909 3600 0 0 
1700 108000 3600 1663 566 0 0 0 259 259 186 2517 1918 3600 0 0 
1800 108000 3600 1582 450 0 0 0 227 227 158 2493 1915 3600 0 0 
1900 108000 3600 1560 517 0 0 0 279 279 189 2588 1895 3600 0 0 
2000 108000 3600 1638 521 0 0 0 245 245 164 2533 1928 3600 0 0 
2100 108000 3600 1662 540 0 0 0 253 253 164 2515 1913 3600 0 0 
2200 108000 3600 1669 524 0 0 0 279 279 201 2507 1937 3600 0 0 
2300 108000 3600 1644 538 0 0 0 232 232 171 2548 1910 3600 0 0 
2400 108000 3600 1650 532 0 0 0 261 261 183 2526 1934 3600 0 0 
2500 108000 3600 1678 529 0 0 0 263 263 182 2490 1928 3600 0 0 
2600 108000 3600 1750 560 0 0 0 277 277 192 2472 1939 3600 0 0 
2700 108000 3600 1551 397 0 0 0 231 231 164 2468 1918 3600 0 0 
2800 108000 3600 1547 443 0 0 0 297 297 193 2527 1933 3600 0 0 
2900 108000 3600 1611 489 0 0 0 294 294 211 2509 1942 3600 0 0 
3000 108000 3600 1654 497 0 0 0 250 250 173 2508 1934 3600 0 0 
3100 108000 3600 1638 517 0 0 0 243 243 158 2508 1932 3600 0 0 
3200 108000 3600 1602 453 0 0 0 283 283 187 2477 1939 3600 0 0 
3300 108000 3600 1459 350 0 0 0 246 246 175 2495 1925 3600 0 0 
3400 108000 3600 1523 391 0 0 0 272 272 193 2477 1928 3600 0 0 
3500 108000 3600 1532 411 0 0 0 254 254 172 2532 1929 3600 0 0 
3600 108000 3600 1409 283 0 0 0 347 347 248 2472 1951 3600 0 0 
3700 108000 3600 1399 301 0 0 0 295 295 207 2505 1915 3600 0 0 
3800 108000 3600 1506 348 0 0 0 275 275 197 2508 1955 3600 0 0 
3900 108000 3600 1544 416 0 0 0 296 296 201 2519 1923 3600 0 0 
4000 108000 3600 1353 288 0 0 0 207 207 150 2556 1935 3600 0 0 
4100 108000 3600 1438 312 0 0 0 272 272 179 2535 1913 3600 0 0 
4200 108000 3600 1523 387 0 0 0 283 283 187 2516 1938 3600 0 0 
4300 108000 3600 1484 393 0 0 0 259 259 191 2573 1886 3600 0 0 
4400 108000 3600 1562 400 0 0 0 318 318 241 2483 1919 3600 0 0 
4500 108000 3600 1422 340 0 0 0 239 239 183 2561 1935 3600 0 0 
4600 108000 3600 1395 282 0 0 0 241 241 179 2517 1933 3600 0 0 
4700 108000 3600 1494 342 0 0 0 286 286 199 2488 1931 3600 0 0 
4800 108000 3600 1292 247 0 0 0 245 245 178 2526 1933 3600 0 0 
4900 108000 3600 1413 321 0 0 0 295 295 202 2521 1908 3600 0 0 
5000 108000 3600 1401 307 0 0 0 273 273 193 2538 1931 3600 0 0 
5100 108000 3600 1398 279 0 0 0 280 280 205 2529 1912 3600 0 0 
5200 108000 3600 1388 324 0 0 0 315 315 227 2568 1927 3600 0 0 
5300 108000 3600 1534 358 0 0 0 283 283 197 2500 1901 3600 0 0 
5400 108000 3600 1495 350 0 0 0 281 281 207 2535 1910 3600 0 0 
5500 108000 3600 1546 391 0 0 0 266 266 179 2502 1926 3600 0 0 
5600 108000 3600 1564 400 0 0 0 257 257 170 2517 1934 3600 0 0 
5700 108000 3600 1511 385 0 0 0 253 253 183 2513 1918 3600 0 0 
5800 108000 3600 1594 398 0 0 0 277 277 192 2485 1963 3600 0 0 
5900 108000 3600 1562 413 0 0 0 275 275 189 2529 1947 3600 0 0 
6000 108000 3600 1501 382 0 0 0 277 277 202 2536 1930 3600 0 0 
6100 108000 3600 1543 389 0 0 0 233 233 151 2502 1933 3600 0 0 
6200 108000 3600 1575 380 0 0 0 281 281 201 2471 1902 3600 0 0 
6300 108000 3600 1366 267 0 0 0 320 320 217 2515 1930 3600 0 0 
6400 108000 3600 1412 267 0 0 0 305 305 203 2472 1920 3600 0 0 
6500 108000 3600 1404 300 0 0 0 280 280 197 2550 1918 3600 0 0 
6600 108000 3600 1514 339 0 0 0 292 292 186 2488 1934 3600 0 0 
6700 108000 3600 1520 342 0 0 0 282 282 190 2484 1966 3600 0 0 
6800 108000 3600 1505 354 0 0 0 325 325 222 2522 1926 3600 0 0 
6900 108000 3600 1521 364 0 0 0 271 271 195 2500 1924 3600 0 0 
7000 108000 3600 1546 372 0 0 0 286 286 198 2496 1945 3600 0 0 
7100 108000 3600 1588 388 0 0 0 236 236 150 2461 1975 3600 0 0 
7200 108000 3600 1474 386 0 0 0 281 281 203 2560 1922 3600 0 0 
7300 108000 3600 1527 389 0 0 0 265 265 187 2501 1932 3600 0 0 
7400 108000 3600 1545 346 0 0 0 288 288 197 2450 1933 3600 0 0 
7500 108000 3600 1551 388 0 0 0 246 246 167 2508 1938 3600 0 0 
7600 108000 3600 1536 368 0 0 0 297 297 199 2488 1935 3600 0 0 
7700 108000 3600 1534 369 0 0 0 268 268 173 2511 1915 3600 0 0 
7800 108000 3600 1519 357 0 0 0 302 302 216 2526 1950 3600 0 0 
7900 108000 3600 1546 379 0 0 0 289 289 197 2489 1929 3600 0 0 
8000 108000 3600 1496 367 0 0 0 284 284 198 2521 1947 3600 0 0 
8100 108000 3600 1516 353 0 0 0 297 297 212 2508 1935 3600 0 0 
8200 108000 3600 1532 374 0 0 0 291 291 203 2523 1914 3600 0 0 
8300 108000 3600 1535 384 0 0 0 282 282 206 2508 1941 3600 0 0 
8400 108000 3600 1542 372 0 0 0 281 281 188 2479 1924 3600 0 0 
8500 108000 3600 1483 362 0 0 0 253 253 180 2535 1921 3600 0 0 
8600 108000 3600 1412 276 0 0 0 232 232 156 2496 1921 3600 0 0 
8700 108000 3600 1380 252 0 0 0 247 247 171 2519 1954 3600 0 0 
8800 108000 3600 1396 295 0 0 0 272 272 210 2549 1924 3600 0 0 
8900 108000 3600 1476 323 0 0 0 252 252 170 2474 1931 3600 0 0 
9000 108000 3600 1471 347 0 0 0 265 265 180 2540 1902 3600 0 0 
9100 108000 3600 1440 335 0 0 0 304 304 216 2549 1898 3600 0 0 
9200 108000 3600 1484 350 0 0 0 299 299 212 2533 1933 3600 0 0 
9300 108000 3600 1501 352 0 0 0 263 263 173 2517 1942 3600 0 0 
9400 108000 3600 1506 368 0 0 0 264 264 186 2513 1910 3600 0 0 
9500 108000 3600 1538 359 0 0 0 292 292 199 2475 1934 3600 0 0 
9600 108000 3600 1449 341 0 0 0 288 288 220 2558 1924 3600 0 0 
9700 108000 3600 1482 336 0 0 0 296 296 205 2557 1904 3600 0 0 
9800 108000 3600 1510 340 0 0 0 278 278 204 2491 1934 3600 0 0 
9900 108000 3600 1506 368 0 0 0 345 345 251 2525 1911 3600 0 0 
10000 108000 3600 1510 349 0 0 0 280 280 189 2488 1934 3600 0 0 
10100 108000 3600 1518 342 0 0 0 312 312 222 2508 1928 3600 0 0 
10200 108000 3600 1519 335 0 0 0 303 303 219 2509 1924 3600 0 0 
10300 108000 3600 1489 342 0 0 0 317 317 221 2533 1908 3600 0 0 
10400 108000 3600 1549 331 0 0 0 321 321 209 2469 1911 3600 0 0 
10500 108000 3600 1523 346 0 0 0 304 304 224 2491 1961 3600 0 0 
10600 108000 3600 1526 347 0 0 0 289 289 192 2495 1884 3600 0 0 
10700 108000 3600 1561 359 0 0 0 318 318 200 2477 1932 3600 0 0 
10800 108000 3600 1546 383 0 0 0 307 307 206 2496 1912 3600 0 0 
10900 108000 3600 1547 363 0 0 0 298 298 204 2510 1925 3600 0 0 
11000 108000 3600 1508 333 0 0 0 296 296 223 2498 1930 3600 0 0 
11100 108000 3600 1528 345 0 0 0 316 316 210 2503 1916 3600 0 0 
11200 108000 3600 1494 363 0 0 0 349 349 259 2521 1948 3600 0 0 
11300 108000 3600 1549 358 0 0 0 297 297 198 2479 1901 3600 0 0 
11400 108000 3600 1497 391 0 0 0 275 275 192 2545 1941 3600 0 0 
11500 108000 3600 1502 340 0 0 0 311 311 211 2505 1911 3600 0 0 
11600 108000 3600 1507 346 0 0 0 285 285 189 2490 1919 3600 0 0 
11700 108000 3600 1497 346 0 0 0 269 269 188 2515 1941 3600 0 0 
11800 108000 3600 1501 357 0 0 0 312 312 202 2536 1926 3600 0 0 
11900 108000 3600 1539 323 0 0 0 294 294 217 2458 1936 3600 0 0 
12000 108000 3600 1560 331 0 0 0 321 321 214 2448 1924 3600 0 0 
12100 108000 3600 1549 362 0 0 0 318 318 228 2485 1950 3600 0 0 
12200 108000 3600 1544 362 0 0 0 357 357 250 2492 1947 3600 0 0 
12300 108000 3600 1515 370 0 0 0 285 285 197 2537 1931 3600 0 0 
12400 108000 3600 1576 377 0 0 0 334 334 233 2476 1938 3600 0 0 
12500 108000 3600 1537 367 0 0 0 282 282 197 2507 1937 3600 0 0 
12600 108000 3600 1500 372 0 0 0 340 340 234 2522 1899 3600 0 0 
12700 108000 3600 1497 359 0 0 0 326 326 238 2495 1915 3600 0 0 
12800 108000 3600 1534 379 0 0 0 310 310 214 2503 1896 3600 0 0 
12900 108000 3600 1522 351 0 0 0 273 273 187 2490 1920 3600 0 0 
13000 108000 3600 1526 351 0 0 0 331 331 229 2495 1948 3600 0 0 
13100 108000 3600 1530 330 0 0 0 298 298 199 2481 1936 3600 0 0 
13200 108000 3600 1484 354 0 0 0 292 292 201 2553 1951 3600 0 0 
13300 108000 3600 1568 380 0 0 0 306 306 219 2477 1931 3600 0 0 
13400 108000 3600 1525 371 0 0 0 324 324 226 2508 1957 3600 0 0 
13500 108000 3600 1581 371 0 0 0 293 293 208 2458 1954 3600 0 0 
13600 108000 3600 1571 369 0 0 0 319 319 216 2462 1934 3600 0 0 
13700 108000 3600 1555 376 0 0 0 321 321 237 2476 1919 3600 0 0 
13800 108000 3600 1512 364 0 0 0 304 304 211 2520 1915 3600 0 0 
13900 108000 3600 1510 364 0 0 0 313 313 217 2517 1928 3600 0 0 
14000 108000 3600 1467 366 0 0 0 333 333 235 2559 1909 3600 0 0 
14100 107970 3600 1543 375 0 0 0 304 303 212 2497 1917 3600 0 0 
14200 108000 3600 1474 343 0 0 0 321 321 224 2532 1903 3600 0 0 
14300 108000 3600 1528 360 0 0 0 325 325 240 2511 1947 3600 0 0 
14400 108000 3600 1541 368 0 0 0 280 280 184 2501 1939 3600 0 0 
14500 108000 3600 1562 366 0 0 0 309 309 217 2482 1925 3600 0 0 
14600 108000 3600 1499 348 0 0 0 332 332 226 2502 1924 3600 0 0 
14700 108000 3600 1512 385 0 0 0 278 278 194 2552 1928 3600 0 0 
14800 108000 3600 1524 345 0 0 0 343 343 222 2500 1913 3600 0 0 
14900 108000 3600 1559 367 0 0 0 313 313 215 2473 1940 3600 0 0 
15000 108000 3600 1511 362 0 0 0 294 294 206 2521 1943 3600 0 0 
15100 108000 3600 1502 352 0 0 0 312 312 208 2523 1932 3600 0 0 
15200 108000 3600 1512 382 0 0 0 343 343 237 2528 1924 3600 0 0 
15300 108000 3600 1477 356 0 0 0 272 272 206 2546 1902 3600 0 0 
15400 108000 3600 1517 369 0 0 0 335 335 239 2521 1925 3600 0 0 
15500 108000 3600 1540 355 0 0 0 326 326 222 2489 1935 3600 0 0 
15600 108000 3600 1565 358 0 0 0 308 308 215 2452 1958 3600 0 0 
15700 108000 3600 1539 354 0 0 0 306 306 215 2473 1934 3600 0 0 
15800 108000 3600 1495 337 0 0 0 344 344 243 2512 1909 3600 0 0 
15900 108000 3600 1514 375 0 0 0 306 306 213 2525 1950 3600 0 0 
16000 108000 3600 1556 359 0 0 0 305 305 206 2481 1942 3600 0 0 
16100 108000 3600 1495 365 0 0 0 291 291 200 2535 1946 3600 0 0 
16200 108000 3600 1588 385 0 0 0 312 312 220 2452 1944 3600 0 0 
16300 108000 3600 1543 379 0 0 0 333 333 235 2513 1893 3600 0 0 
16400 108000 3600 1480 368 0 0 0 349 349 250 2552 1924 3600 0 0 
16500 108000 3600 1560 378 0 0 0 288 288 201 2477 1983 3600 0 0 
16600 108000 3600 1514 375 0 0 0 327 327 235 2511 1929 3600 0 0 
16700 108000 3600 1516 340 0 0 0 281 281 186 2482 1936 3600 0 0 
16800 108000 3600 1524 332 0 0 0 289 289 190 2488 1921 3600 0 0 
16900 108000 3600 1546 361 0 0 0 300 300 204 2461 1931 3600 0 0 
17000 108000 3600 1577 377 0 0 0 296 296 221 2460 1949 3600 0 0 
17100 108000 3600 1569 375 0 0 0 283 283 204 2455 1952 3600 0 0 
17200 108000 3600 1529 361 0 0 0 317 317 209 2495 1918 3600 0 0 
17300 108000 3600 1499 350 0 0 0 323 323 230 2545 1958 3600 0 0 
17400 108000 3600 1499 383 0 0 0 286 286 202 2547 1909 3600 0 0 
17500 108000 3600 1555 392 0 0 0 326 326 232 2534 1930 3600 0 0 
17600 108000 3600 1573 369 0 0 0 303 303 207 2470 1954 3600 0 0 
17700 108000 3600 1562 358 0 0 0 312 312 217 2473 1923 3600 0 0 
17800 108000 3600 1532 370 0 0 0 346 346 236 2506 1942 3600 0 0 
17900 108000 3600 1518 379 0 0 0 277 277 193 2547 1942 3600 0 0 
18000 108000 3600 1529 369 0 0 0 309 309 201 2522 1937 3600 0 0 
18100 108000 3600 1568 363 0 0 0 312 312 219 2464 1928 3600 0 0 
18200 108000 3600 1575 363 0 0 0 319 319 221 2454 1945 3600 0 0 
18300 108000 3600 1553 378 0 0 0 306 306 213 2503 1924 3600 0 0 
18400 108000 3600 1457 365 0 0 0 323 323 214 2547 1928 3600 0 0 
18500 108000 3600 1548 366 0 0 0 294 294 208 2487 1935 3600 0 0 
18600 108000 3600 1568 393 0 0 0 311 311 217 2487 1901 3600 0 0 
18700 108000 3600 1530 347 0 0 0 344 344 243 2484 1934 3600 0 0 
18800 108000 3600 1503 348 0 0 0 285 285 191 2506 1914 3600 0 0 
18900 108000 3600 1556 374 0 0 0 293 293 202 2490 1953 3600 0 0 
19000 108000 3600 1574 378 0 0 0 345 345 249 2479 1927 3600 0 0 
19100 108000 3600 1566 384 0 0 0 306 306 224 2480 1938 3600 0 0 
19200 108000 3600 1595 389 0 0 0 311 311 216 2458 1927 3600 0 0 
19300 108000 3600 1555 375 0 0 0 293 293 195 2488 1919 3600 0 0 
19400 108000 3600 1532 353 0 0 0 337 337 228 2506 1940 3600 0 0 
19500 108000 3600 1543 365 0 0 0 329 329 215 2517 1931 3600 0 0 
19600 108000 3600 1576 376 0 0 0 311 311 208 2487 1941 3600 0 0 
19700 108000 3600 1587 380 0 0 0 321 321 230 2453 1948 3600 0 0 
19800 108000 3600 1539 377 0 0 0 308 308 214 2503 1950 3600 0 0 
19900 108000 3600 1546 367 0 0 0 297 297 206 2476 1950 3600 0 0 
20000 108000 3600 1559 348 0 0 0 340 340 220 2459 1940 3600 0 0 
20100 108000 3600 1538 362 0 0 0 313 313 229 2505 1943 3600 0 0 
20200 108000 3600 1521 366 0 0 0 336 336 221 2518 1911 3600 0 0 
20300 108000 3600 1511 365 0 0 0 300 300 199 2515 1943 3600 0 0 
20400 108000 3600 1514 369 0 0 0 321 321 219 2510 1931 3600 0 0 
20500 108000 3600 1565 373 0 0 0 306 306 199 2474 1900 3600 0 0 
20600 108000 3600 1524 352 0 0 0 320 320 221 2518 1958 3600 0 0 
20700 108000 3600 1506 364 0 0 0 331 331 225 2524 1927 3600 0 0 
20800 108000 3600 1571 408 0 0 0 306 306 217 2493 1923 3600 0 0 
20900 108000 3600 1535 384 0 0 0 341 341 237 2509 1950 3600 0 0 
21000 108000 3600 1525 382 0 0 0 281 281 194 2526 1932 3600 0 0 
21100 108000 3600 1565 358 0 0 0 331 331 224 2489 1945 3600 0 0 
21200 108000 3600 1536 348 0 0 0 311 311 221 2486 1950 3600 0 0 
21300 108000 3600 1544 367 0 0 0 294 294 203 2493 1935 3600 0 0 
21400 108000 3600 1562 377 0 0 0 324 324 220 2474 1952 3600 0 0 
21500 108000 3600 1543 373 0 0 0 366 366 258 2498 1938 3600 0 0 
21600 108000 3600 1575 361 0 0 0 313 313 204 2462 1920 3600 0 0 
21700 108000 3600 1532 383 0 0 0 321 321 232 2506 1925 3600 0 0 
21800 108000 3600 1597 375 0 0 0 342 342 232 2439 1954 3600 0 0 
21900 108000 3600 1542 369 0 0 0 304 304 203 2498 1906 3600 0 0 
22000 108000 3600 1512 390 0 0 0 341 341 243 2531 1883 3600 0 0 
22100 108000 3600 1557 382 0 0 0 330 330 230 2496 1964 3600 0 0 
22200 108000 3600 1558 362 0 0 0 279 279 197 2483 1954 3600 0 0 
22300 108000 3600 1483 362 0 0 0 331 331 222 2544 1936 3600 0 0 
22400 108000 3600 1584 364 0 0 0 235 235 154 2436 1916 3600 0 0 
22500 108000 3600 1525 344 0 0 0 327 327 215 2478 1943 3600 0 0 
22600 108000 3600 1542 354 0 0 0 279 279 196 2500 1966 3600 0 0 
22700 108000 3600 1502 359 0 0 0 324 324 228 2512 1920 3600 0 0 
22800 108000 3600 1541 340 0 0 0 316 316 228 2470 1946 3600 0 0 
22900 108000 3600 1544 345 0 0 0 328 328 224 2476 1967 3600 0 0 
23000 108000 3600 1515 368 0 0 0 299 299 206 2511 1923 3600 0 0 
23100 108000 3600 1519 371 0 0 0 317 317 216 2514 1936 3600 0 0 
23200 108000 3600 1558 378 0 0 0 288 288 205 2489 1934 3600 0 0 
23300 108000 3600 1538 390 0 0 0 301 301 202 2515 1923 3600 0 0 
23400 108000 3600 1541 382 0 0 0 297 297 210 2529 1943 3600 0 0 
23500 108000 3600 1548 390 0 0 0 338 338 227 2491 1951 3600 0 0 
23600 108000 3600 1583 352 0 0 0 300 300 209 2440 1931 3600 0 0 
23700 108000 3600 1597 355 0 0 0 332 332 205 2417 1936 3600 0 0 
23800 108000 3600 1530 365 0 0 0 265 265 186 2488 1897 3600 0 0 
23900 108000 3600 1543 354 0 0 0 292 292 197 2473 1941 3600 0 0 
24000 108000 3600 1510 369 0 0 0 338 338 244 2515 1935 3600 0 0 
24100 108000 3600 1550 367 0 0 0 297 297 191 2484 1936 3600 0 0 
24200 108000 3600 1559 374 0 0 0 317 317 207 2486 1961 3600 0 0 
24300 108000 3600 1532 361 0 0 0 331 331 232 2486 1934 3600 0 0 
24400 108000 3600 1546 379 0 0 0 296 296 187 2477 1929 3600 0 0 
24500 108000 3600 1522 378 0 0 0 335 335 238 2520 1933 3600 0 0 
24600 108000 3600 1530 369 0 0 0 322 322 218 2512 1951 3600 0 0 
24700 108000 3600 1525 368 0 0 0 285 285 191 2506 1950 3600 0 0 
24800 108000 3600 1576 369 0 0 0 298 298 204 2466 1937 3600 0 0 
24900 108000 3600 1499 370 0 0 0 293 293 208 2567 1925 3600 0 0 
25000 108000 3600 1494 360 0 0 0 340 340 245 2518 1918 3600 0 0 
25100 108000 3600 1609 392 0 0 0 368 368 254 2436 1928 3600 0 0 
25200 108000 3600 1575 359 0 0 0 313 313 211 2454 1946 3600 0 0 
25300 108000 3600 1548 389 0 0 0 311 311 204 2494 1918 3600 0 0 
25400 108000 3600 1543 359 0 0 0 303 303 213 2482 1939 3600 0 0 
25500 108000 3600 1589 371 0 0 0 339 339 216 2461 1908 3600 0 0 
25600 108000 3600 1612 398 0 0 0 313 313 215 2456 1924 3600 0 0 
25700 108000 3600 1579 389 0 0 0 336 336 218 2485 1963 3600 0 0 
25800 108000 3600 1522 369 0 0 0 297 297 206 2494 1931 3600 0 0 
25900 108000 3600 1551 359 0 0 0 336 336 236 2476 1928 3600 0 0 
26000 108000 3600 1547 385 0 0 0 313 313 220 2497 1928 3600 0 0 
26100 108000 3600 1563 373 0 0 0 298 298 214 2479 1920 3600 0 0 
26200 108000 3600 1576 359 0 0 0 263 263 176 2452 1931 3600 0 0 
26300 108000 3600 1538 369 0 0 0 349 349 248 2498 1938 3600 0 0 
26400 108000 3600 1514 356 0 0 0 323 323 227 2509 1899 3600 0 0 
26500 108000 3600 1531 362 0 0 0 361 361 244 2488 1931 3600 0 0 
26600 108000 3600 1572 372 0 0 0 273 273 189 2442 1920 3600 0 0 
26700 108000 3600 1543 390 0 0 0 298 298 223 2527 1936 3600 0 0 
26800 108000 3600 1580 374 0 0 0 283 283 199 2466 1969 3600 0 0 
26900 108000 3600 1583 379 0 0 0 312 312 228 2476 1959 3600 0 0 
27000 108000 3600 1569 350 0 0 0 308 308 201 2456 1936 3600 0 0 
27100 108000 3600 1565 367 0 0 0 312 312 224 2436 1918 3600 0 0 
27200 108000 3600 1577 385 0 0 0 306 306 216 2462 1933 3600 0 0 
27300 108000 3600 1557 361 0 0 0 278 278 182 2445 1926 3600 0 0 
27400 108000 3600 1603 349 0 0 0 297 297 185 2417 1920 3600 0 0 
27500 108000 3600 1603 383 0 0 0 325 325 210 2449 1932 3600 0 0 
27600 108000 3600 1564 388 0 0 0 345 345 229 2480 1958 3600 0 0 
27700 108000 3600 1499 379 0 0 0 316 316 224 2533 1926 3600 0 0 
27800 108000 3600 1591 366 0 0 0 310 310 211 2456 1936 3600 0 0 
27900 108000 3600 1576 366 0 0 0 256 256 173 2455 1943 3600 0 0 
28000 108000 3600 1566 376 0 0 0 341 341 224 2469 1955 3600 0 0 
28100 108000 3600 1556 375 0 0 0 288 288 193 2470 1935 3600 0 0 
28200 108000 3600 1565 385 0 0 0 337 337 236 2481 1948 3600 0 0 
28300 108000 3600 1558 383 0 0 0 303 303 203 2486 1959 3600 0 0 
28400 108000 3600 1576 387 0 0 0 299 299 208 2477 1949 3600 0 0 
28500 108000 3600 1569 365 0 0 0 330 330 222 2468 1959 3600 0 0 
28600 108000 3600 1548 409 0 0 0 272 272 181 2507 1928 3600 0 0 
28700 108000 3600 1550 397 0 0 0 297 297 201 2509 1927 3600 0 0 
28800 108000 3600 1600 376 0 0 0 276 276 189 2424 1929 3600 0 0 
28900 108000 3600 1600 375 0 0 0 275 275 190 2472 1923 3600 0 0 
29000 108000 3600 1588 383 0 0 0 310 310 201 2453 1962 3600 0 0 
29100 108000 3600 1527 391 0 0 0 306 306 209 2509 1970 3600 0 0 
29200 108000 3600 1611 387 0 0 0 317 317 226 2428 1942 3600 0 0 
29300 108000 3600 1555 380 0 0 0 290 290 202 2492 1943 3600 0 0 
29400 108000 3600 1563 377 0 0 0 321 321 215 2460 1930 3600 0 0 
29500 108000 3600 1627 397 0 0 0 347 347 235 2441 1959 3600 0 0 
29600 108000 3600 1572 380 0 0 0 315 315 219 2472 1960 3600 0 0 
29700 108000 3600 1622 394 0 0 0 309 309 200 2441 1935 3600 0 0 
29800 108000 3600 1552 387 0 0 0 305 305 209 2504 1954 3600 0 0 
29900 108000 3600 1563 399 0 0 0 313 313 220 2486 1943 3600 0 0 
30000 108000 3600 1595 391 0 0 0 320 320 207 2445 1966 3600 0 0 
30100 108000 3600 1545 370 0 0 0 286 286 196 2508 1924 3600 0 0 
30200 108000 3600 1588 388 0 0 0 288 288 190 2462 1931 3600 0 0 
30300 108000 3600 1540 378 0 0 0 328 328 228 2506 1957 3600 0 0 
30400 108000 3600 1555 395 0 0 0 310 310 232 2520 1918 3600 0 0 
30500 108000 3600 1554 409 0 0 0 297 297 202 2535 1942 3600 0 0 
30600 108000 3600 1623 381 0 0 0 319 319 218 2422 1961 3600 0 0 
30700 108000 3600 1572 421 0 0 0 284 284 194 2531 1959 3600 0 0 
30800 108000 3600 1632 411 0 0 0 270 270 177 2459 1916 3600 0 0 
30900 108000 3600 1557 389 0 0 0 301 301 201 2481 1914 3600 0 0 
31000 108000 3600 1566 385 0 0 0 305 305 206 2462 1932 3600 0 0 
31100 108000 3600 1609 386 0 0 0 301 301 212 2447 1940 3600 0 0 
31200 108000 3600 1563 372 0 0 0 307 307 210 2485 1919 3600 0 0 
31300 108000 3600 1602 424 0 0 0 312 312 216 2491 1927 3600 0 0 
31400 108000 3600 1596 413 0 0 0 354 354 245 2466 1929 3600 0 0 
31500 108000 3600 1552 404 0 0 0 303 303 207 2514 1909 3600 0 0 
31600 108000 3600 1604 429 0 0 0 290 290 199 2483 1929 3600 0 0 
31700 108000 3600 1614 390 0 0 0 305 305 217 2439 1940 3600 0 0 
31800 108000 3600 1559 384 0 0 0 256 256 173 2485 1914 3600 0 0 
31900 108000 3600 1566 391 0 0 0 292 292 204 2489 1933 3600 0 0 
32000 108000 3600 1598 386 0 0 0 305 305 208 2460 1950 3600 0 0 
32100 108000 3600 1547 380 0 0 0 311 311 215 2495 1930 3600 0 0 
32200 108000 3600 1595 380 0 0 0 322 322 213 2471 1943 3600 0 0 
32300 108000 3600 1590 398 0 0 0 308 308 196 2464 1912 3600 0 0 
32400 108000 3600 1584 381 0 0 0 322 322 212 2454 1940 3600 0 0 
32500 108000 3600 1621 396 0 0 0 337 337 235 2432 1948 3600 0 0 
32600 108000 3600 1607 400 0 0 0 304 304 215 2474 1979 3600 0 0 
32700 108000 3600 1583 376 0 0 0 312 312 203 2432 1924 3600 0 0 
32800 108000 3600 1507 361 0 0 0 296 296 214 2522 1943 3600 0 0 
32900 108000 3600 1604 369 0 0 0 318 318 225 2418 1948 3600 0 0 
33000 108000 3600 1550 372 0 0 0 283 283 203 2493 1941 3600 0 0 
33100 108000 3600 1582 384 0 0 0 288 288 201 2466 1918 3600 0 0 
33200 108000 3600 1582 397 0 0 0 300 300 208 2471 1910 3600 0 0 
33300 108000 3600 1616 396 0 0 0 342 342 216 2453 1925 3600 0 0 
33400 108000 3600 1559 382 0 0 0 351 351 240 2471 1913 3600 0 0 
33500 108000 3600 1613 376 0 0 0 299 299 199 2411 1948 3600 0 0 
33600 108000 3600 1565 375 0 0 0 278 278 191 2483 1947 3600 0 0 
33700 108000 3600 1540 371 0 0 0 311 311 219 2492 1940 3600 0 0 
33800 108000 3600 1603 378 0 0 0 292 292 207 2409 1927 3600 0 0 
33900 108000 3600 1575 391 0 0 0 314 314 208 2495 1930 3600 0 0 
34000 108000 3600 1568 376 0 0 0 288 288 200 2473 1935 3600 0 0 
34100 108000 3600 1593 398 0 0 0 363 363 253 2489 1931 3600 0 0 
34200 108000 3600 1582 339 0 0 0 301 301 212 2433 1934 3600 0 0 
34300 108000 3600 1619 385 0 0 0 286 286 201 2429 1942 3600 0 0 
34400 108000 3600 1654 385 0 0 0 329 329 223 2418 1908 3600 0 0 
34500 108000 3600 1570 387 0 0 0 335 335 231 2473 1925 3600 0 0 
34600 108000 3600 1532 384 0 0 0 313 313 221 2474 1912 3600 0 0 
34700 108000 3600 1596 395 0 0 0 290 290 196 2466 1921 3600 0 0 
34800 108000 3600 1610 381 0 0 0 270 270 184 2426 1919 3600 0 0 
34900 108000 3600 1602 384 0 0 0 318 318 208 2444 1956 3600 0 0 
35000 108000 3600 1614 375 0 0 0 283 283 190 2429 1939 3600 0 0 
35100 108000 3600 1610 384 0 0 0 282 282 188 2425 1957 3600 0 0 
35200 108000 3600 1565 385 0 0 0 285 285 197 2486 1951 3600 0 0 
35300 108000 3600 1517 371 0 0 0 315 315 209 2511 1890 3600 0 0 
35400 108000 3600 1563 363 0 0 0 309 309 203 2460 1950 3600 0 0 
35500 108000 3600 1607 389 0 0 0 312 312 211 2445 1917 3600 0 0 
35600 108000 3600 1579 364 0 0 0 343 343 230 2462 1913 3600 0 0 
35700 108000 3600 1573 380 0 0 0 302 302 202 2471 1942 3600 0 0 
35800 108000 3600 1559 388 0 0 0 302 302 202 2470 1928 3600 0 0 
35900 108000 3600 1597 393 0 0 0 318 318 223 2450 1951 3600 0 0 
36000 108000 3600 1596 388 0 0 0 353 353 234 2468 1921 3600 0 0 
36100 108000 3600 1540 364 0 0 0 329 329 229 2487 1923 3600 0 0 
36200 108000 3600 1568 383 0 0 0 312 312 213 2466 1944 3600 0 0 
36300 108000 3600 1612 383 0 0 0 295 295 198 2460 1951 3600 0 0 
36400 108000 3600 1580 368 0 0 0 311 311 222 2459 1935 3600 0 0 
36500 108000 3600 1574 381 0 0 0 271 271 160 2460 1947 3600 0 0 
36600 108000 3600 1595 372 0 0 0 300 300 206 2444 1945 3600 0 0 
36700 108000 3600 1536 378 0 0 0 304 304 202 2494 1908 3600 0 0 
36800 108000 3600 1601 393 0 0 0 289 289 207 2447 1953 3600 0 0 
36900 108000 3600 1586 381 0 0 0 286 286 193 2443 1922 3600 0 0 
37000 108000 3600 1567 360 0 0 0 347 347 234 2468 1931 3600 0 0 
37100 108000 3600 1560 369 0 0 0 298 298 208 2468 1931 3600 0 0 
37200 108000 3600 1544 358 0 0 0 311 311 201 2487 1938 3600 0 0 
37300 108000 3600 1597 377 0 0 0 298 298 187 2446 1943 3600 0 0 
37400 108000 3600 1560 372 0 0 0 327 327 227 2484 1916 3600 0 0 
37500 108000 3600 1565 376 0 0 0 266 266 194 2492 1945 3600 0 0 
37600 108000 3600 1586 364 0 0 0 291 291 210 2457 1963 3600 0 0 
37700 108000 3600 1590 386 0 0 0 331 331 222 2455 1913 3600 0 0 
37800 108000 3600 1581 366 0 0 0 305 305 208 2439 1960 3600 0 0 
37900 108000 3600 1559 370 0 0 0 281 281 185 2488 1925 3600 0 0 
38000 108000 3600 1541 360 0 0 0 289 289 197 2476 1930 3600 0 0 
38100 108000 3600 1517 328 0 0 0 340 340 249 2489 1934 3600 0 0 
38200 108000 3600 1559 363 0 0 0 313 313 201 2473 1944 3600 0 0 
38300 108000 3600 1615 372 0 0 0 301 301 208 2432 1961 3600 0 0 
38400 108000 3600 1603 374 0 0 0 292 292 206 2446 1929 3600 0 0 
38500 108000 3600 1572 384 0 0 0 347 347 248 2467 1953 3600 0 0 
38600 108000 3600 1582 358 0 0 0 272 272 180 2445 1960 3600 0 0 
38700 108000 3600 1613 390 0 0 0 281 281 185 2443 1926 3600 0 0 
38800 108000 3600 1614 365 0 0 0 306 306 212 2422 1929 3600 0 0 
38900 108000 3600 1531 357 0 0 0 309 309 206 2493 1941 3600 0 0 
39000 108000 3600 1606 388 0 0 0 323 323 214 2424 1957 3600 0 0 
39100 108000 3600 1593 366 0 0 0 298 298 203 2445 1935 3600 0 0 
39200 108000 3600 1548 366 0 0 0 265 265 190 2484 1928 3600 0 0 
39300 108000 3600 1570 355 0 0 0 298 298 212 2461 1935 3600 0 0 
39400 108000 3600 1560 361 0 0 0 315 315 216 2466 1936 3600 0 0 
39500 108000 3600 1580 335 0 0 0 340 340 219 2428 1964 3600 0 0 
39600 108000 3600 1536 374 0 0 0 284 284 198 2517 1930 3600 0 0 
39700 108000 3600 1575 383 0 0 0 301 301 204 2504 1946 3600 0 0 
39800 108000 3600 1616 398 0 0 0 287 287 196 2443 1957 3600 0 0 
39900 108000 3600 1645 374 0 0 0 319 319 215 2397 1960 3600 0 0 
40000 108000 3600 1577 369 0 0 0 338 338 232 2451 1945 3600 0 0 
40100 108000 3600 1594 365 0 0 0 296 296 207 2429 1961 3600 0 0 
40200 108000 3600 1569 362 0 0 0 290 290 197 2453 1934 3600 0 0 
40300 108000 3600 1571 359 0 0 0 288 288 207 2433 1917 3600 0 0 
40400 108000 3600 1585 343 0 0 0 256 256 168 2416 1984 3600 0 0 
40500 108000 3600 1559 364 0 0 0 281 281 186 2475 1963 3600 0 0 
40600 108000 3600 1537 357 0 0 0 279 279 177 2474 1940 3600 0 0 
40700 108000 3600 1562 359 0 0 0 294 294 212 2461 1952 3600 0 0 
40800 108000 3600 1561 350 0 0 0 327 327 224 2479 1937 3600 0 0 
40900 108000 3600 1600 368 0 0 0 297 297 194 2425 1947 3600 0 0 
41000 108000 3600 1587 380 0 0 0 275 275 189 2455 1944 3600 0 0 
41100 108000 3600 1631 359 0 0 0 297 297 195 2416 1930 3600 0 0 
41200 108000 3600 1565 369 0 0 0 274 274 178 2450 1953 3600 0 0 
41300 108000 3600 1615 335 0 0 0 265 265 183 2396 1985 3600 0 0 
41400 108000 3600 1544 338 0 0 0 305 305 215 2462 1942 3600 0 0 
41500 108000 3600 1629 378 0 0 0 319 319 204 2393 1943 3600 0 0 
41600 108000 3600 1645 374 0 0 0 273 273 189 2387 1971 3600 0 0 
41700 108000 3600 1572 367 0 0 0 296 296 201 2444 1937 3600 0 0 
41800 108000 3600 1601 358 0 0 0 305 305 208 2426 1932 3600 0 0 
41900 108000 3600 1599 362 0 0 0 321 321 230 2417 1941 3600 0 0 
42000 108000 3600 1629 372 0 0 0 308 308 198 2407 1968 3600 0 0 
42100 108000 3600 1565 366 0 0 0 295 295 202 2457 1961 3600 0 0 
42200 108000 3600 1574 371 0 0 0 354 354 244 2466 1933 3600 0 0 
42300 108000 3600 1653 389 0 0 0 347 347 226 2384 1924 3600 0 0 
42400 108000 3600 1593 358 0 0 0 298 298 208 2451 1930 3600 0 0 
42500 108000 3600 1597 373 0 0 0 303 303 194 2438 1926 3600 0 0 
42600 108000 3600 1644 361 0 0 0 273 273 173 2374 1943 3600 0 0 
42700 108000 3600 1587 375 0 0 0 310 310 216 2441 1927 3600 0 0 
42800 108000 3600 1540 361 0 0 0 362 362 253 2477 1921 3600 0 0 
42900 108000 3600 1602 371 0 0 0 309 309 193 2412 1914 3600 0 0 
43000 108000 3600 1609 379 0 0 0 281 281 187 2444 1938 3600 0 0 
43100 108000 3600 1594 379 0 0 0 277 277 182 2438 1948 3600 0 0 
43200 108000 3600 1582 382 0 0 0 307 307 212 2455 1938 3600 0 0 
43300 108000 3600 1585 374 0 0 0 322 322 227 2448 1935 3600 0 0 
43400 108000 3600 1580 387 0 0 0 341 341 223 2476 1932 3600 0 0 
43500 108000 3600 1616 344 0 0 0 306 306 211 2413 1938 3600 0 0 
43600 108000 3600 1608 382 0 0 0 290 290 197 2441 1945 3600 0 0 
43700 108000 3600 1633 390 0 0 0 289 289 193 2422 1935 3600 0 0 
43800 108000 3600 1627 376 0 0 0 285 285 194 2429 1966 3600 0 0 
43900 108000 3600 1586 375 0 0 0 303 303 196 2459 1932 3600 0 0 
44000 108000 3600 1575 389 0 0 0 284 284 209 2472 1931 3600 0 0 
44100 108000 3600 1579 366 0 0 0 274 274 184 2454 1923 3600 0 0 
44200 108000 3600 1581 378 0 0 0 286 286 192 2448 1929 3600 0 0 
44300 108000 3600 1586 382 0 0 0 312 312 218 2454 1944 3600 0 0 
44400 108000 3600 1556 345 0 0 0 278 278 192 2456 1931 3600 0 0 
44500 108000 3600 1601 355 0 0 0 285 285 205 2421 1946 3600 0 0 
44600 108000 3600 1567 363 0 0 0 311 311 205 2468 1945 3600 0 0 
44700 108000 3600 1576 362 0 0 0 308 308 212 2438 1939 3600 0 0 
44800 108000 3600 1618 371 0 0 0 305 305 217 2409 1910 3600 0 0 
44900 108000 3600 1575 363 0 0 0 317 317 214 2456 1927 3600 0 0 
45000 108000 3600 1577 372 0 0 0 328 328 215 2452 1948 3600 0 0 
45100 108000 3600 1567 346 0 0 0 315 315 215 2467 1922 3600 0 0 
45200 108000 3600 1625 365 0 0 0 287 287 190 2396 1930 3600 0 0 
45300 108000 3600 1577 370 0 0 0 301 301 194 2443 1937 3600 0 0 
45400 108000 3600 1562 338 0 0 0 286 286 192 2470 1930 3600 0 0 
45500 108000 3600 1584 352 0 0 0 309 309 215 2406 1939 3600 0 0 
45600 108000 3600 1650 359 0 0 0 334 334 213 2378 1936 3600 0 0 
45700 108000 3600 1618 393 0 0 0 290 290 195 2426 1932 3600 0 0 
45800 108000 3600 1561 367 0 0 0 315 315 220 2458 1980 3600 0 0 
45900 108000 3600 1618 406 0 0 0 311 311 220 2432 1949 3600 0 0 
46000 108000 3600 1585 392 0 0 0 302 302 208 2465 1952 3600 0 0 
46100 108000 3600 1533 372 0 0 0 287 287 196 2499 1948 3600 0 0 
46200 108000 3600 1605 373 0 0 0 267 267 182 2447 1919 3600 0 0 
46300 108000 3600 1580 380 0 0 0 288 288 201 2413 1966 3600 0 0 
46400 108000 3600 1592 367 0 0 0 287 287 204 2440 1958 3600 0 0 
46500 108000 3600 1542 384 0 0 0 309 309 214 2496 1949 3600 0 0 
46600 108000 3600 1608 383 0 0 0 315 315 205 2453 1943 3600 0 0 
46700 108000 3600 1597 367 0 0 0 277 277 191 2425 1941 3600 0 0 
46800 108000 3600 1661 388 0 0 0 290 290 181 2386 1930 3600 0 0 
46900 108000 3600 1571 337 0 0 0 306 306 216 2431 1950 3600 0 0 
47000 108000 3600 1539 366 0 0 0 347 347 234 2503 1946 3600 0 0 
47100 108000 3600 1586 376 0 0 0 336 336 227 2470 1924 3600 0 0 
47200 108000 3600 1585 364 0 0 0 270 270 175 2445 1917 3600 0 0 
47300 108000 3600 1580 386 0 0 0 273 273 185 2475 1950 3600 0 0 
47400 108000 3600 1576 354 0 0 0 266 266 175 2458 1947 3600 0 0 
47500 108000 3600 1580 343 0 0 0 298 298 202 2441 1943 3600 0 0 
47600 108000 3600 1610 373 0 0 0 355 355 252 2448 1949 3600 0 0 
47700 108000 3600 1606 364 0 0 0 286 286 191 2415 1946 3600 0 0 
47800 108000 3600 1603 381 0 0 0 296 296 205 2454 1955 3600 0 0 
47900 108000 3600 1639 368 0 0 0 305 305 199 2403 1940 3600 0 0 
48000 108000 3600 1605 350 0 0 0 317 317 208 2416 1941 3600 0 0 
48100 108000 3600 1651 372 0 0 0 323 323 200 2380 1961 3600 0 0 
48200 108000 3600 1604 384 0 0 0 280 280 190 2422 1944 3600 0 0 
48300 108000 3600 1614 376 0 0 0 301 301 222 2412 1974 3600 0 0 
48400 108000 3600 1600 371 0 0 0 318 318 218 2426 1941 3600 0 0 
48500 108000 3600 1614 382 0 0 0 358 358 241 2435 1956 3600 0 0 
48600 108000 3600 1583 371 0 0 0 266 266 180 2432 1923 3600 0 0 
48700 108000 3600 1567 372 0 0 0 256 256 169 2476 1933 3600 0 0 
48800 108000 3600 1596 370 0 0 0 296 296 219 2450 1936 3600 0 0 
48900 108000 3600 1624 386 0 0 0 288 288 199 2408 1928 3600 0 0 
49000 108000 3600 1645 385 0 0 0 293 293 202 2411 1939 3600 0 0 
49100 108000 3600 1647 412 0 0 0 293 293 208 2417 1956 3600 0 0 
49200 108000 3600 1662 375 0 0 0 292 292 187 2390 1933 3600 0 0 
49300 108000 3600 1640 390 0 0 0 278 278 179 2406 1945 3600 0 0 
49400 108000 3600 1645 377 0 0 0 317 317 217 2401 1928 3600 0 0 
49500 108000 3600 1610 381 0 0 0 330 330 213 2443 1905 3600 0 0 
49600 108000 3600 1532 375 0 0 0 310 310 198 2487 1892 3600 0 0 
49700 108000 3600 1535 382 0 0 0 290 290 197 2516 1936 3600 0 0 
49800 108000 3600 1525 354 0 0 0 289 289 200 2505 1932 3600 0 0 
49900 108000 3600 1596 385 0 0 0 309 309 218 2454 1923 3600 0 0 
50000 108000 3600 1545 372 0 0 0 355 355 266 2492 1910 3600 0 0 
50100 108000 3600 1628 385 0 0 0 273 273 186 2423 1971 3600 0 0 
50200 108000 3600 1575 360 0 0 0 310 310 220 2452 1935 3600 0 0 
50300 108000 3600 1571 370 0 0 0 293 293 203 2460 1939 3600 0 0 
50400 108000 3600 1599 375 0 0 0 327 327 213 2433 1927 3600 0 0 
50500 108000 3600 1620 399 0 0 0 306 306 204 2434 1958 3600 0 0 
50600 108000 3600 1578 380 0 0 0 282 282 184 2462 1913 3600 0 0 
50700 108000 3600 1583 377 0 0 0 345 345 239 2461 1951 3600 0 0 
50800 108000 3600 1597 367 0 0 0 294 294 204 2437 1935 3600 0 0 
50900 108000 3600 1588 365 0 0 0 282 282 177 2456 1937 3600 0 0 
51000 108000 3600 1642 391 0 0 0 273 273 192 2414 1959 3600 0 0 
51100 108000 3600 1672 377 0 0 0 277 277 174 2378 1931 3600 0 0 
51200 108000 3600 1580 363 0 0 0 327 327 224 2437 1925 3600 0 0 
51300 108000 3600 1613 374 0 0 0 301 301 207 2423 1944 3600 0 0 
51400 108000 3600 1586 365 0 0 0 307 307 204 2454 1963 3600 0 0 
51500 108000 3600 1589 364 0 0 0 314 314 217 2459 1918 3600 0 0 
51600 108000 3600 1601 342 0 0 0 289 289 209 2410 1931 3600 0 0 
51700 108000 3600 1525 353 0 0 0 294 294 203 2491 1924 3600 0 0 
51800 108000 3600 1596 377 0 0 0 276 276 192 2424 1936 3600 0 0 
51900 108000 3600 1593 386 0 0 0 284 284 182 2445 1945 3600 0 0 
52000 108000 3600 1638 376 0 0 0 294 294 203 2440 1942 3600 0 0 
52100 108000 3600 1595 377 0 0 0 285 285 205 2448 1922 3600 0 0 
52200 108000 3600 1571 369 0 0 0 304 304 195 2468 1952 3600 0 0 
52300 108000 3600 1567 352 0 0 0 315 315 213 2444 1948 3600 0 0 
52400 108000 3600 1535 365 0 0 0 278 278 199 2478 1908 3600 0 0 
52500 108000 3600 1627 349 0 0 0 268 268 175 2388 1938 3600 0 0 
52600 108000 3600 1592 395 0 0 0 325 325 225 2452 1915 3600 0 0 
52700 108000 3600 1639 362 0 0 0 293 293 204 2395 1938 3600 0 0 
52800 108000 3600 1611 360 0 0 0 284 284 203 2420 1949 3600 0 0 
52900 108000 3600 1625 353 0 0 0 301 301 192 2395 1965 3600 0 0 
53000 108000 3600 1616 391 0 0 0 343 343 229 2448 1932 3600 0 0 
53100 108000 3600 1574 373 0 0 0 308 308 208 2475 1940 3600 0 0 
53200 108000 3600 1599 361 0 0 0 316 316 208 2433 1950 3600 0 0 
53300 108000 3600 1602 375 0 0 0 297 297 208 2435 1962 3600 0 0 
53400 108000 3600 1644 360 0 0 0 322 322 210 2381 1947 3600 0 0 
53500 108000 3600 1642 388 0 0 0 317 317 208 2410 1932 3600 0 0 
53600 108000 3600 1569 373 0 0 0 327 327 213 2460 1950 3600 0 0 
53700 108000 3600 1606 387 0 0 0 268 268 180 2454 1943 3600 0 0 
53800 108000 3600 1607 374 0 0 0 369 369 243 2430 1945 3600 0 0 
53900 108000 3600 1645 371 0 0 0 306 306 202 2402 1953 3600 0 0 
54000 108000 3600 1581 376 0 0 0 292 292 199 2461 1923 3600 0 0 
54100 108000 3600 1552 388 0 0 0 314 314 221 2497 1942 3600 0 0 
54200 108000 3600 1568 364 0 0 0 260 260 180 2475 1941 3600 0 0 
54300 108000 3600 1644 391 0 0 0 304 304 205 2407 1934 3600 0 0 
54400 108000 3600 1579 388 0 0 0 302 302 215 2459 1924 3600 0 0 
54500 108000 3600 1591 375 0 0 0 308 308 204 2441 1928 3600 0 0 
54600 108000 3600 1600 389 0 0 0 288 288 195 2441 1943 3600 0 0 
54700 108000 3600 1625 355 0 0 0 291 291 198 2403 1925 3600 0 0 
54800 108000 3600 1569 367 0 0 0 325 325 220 2478 1929 3600 0 0 
54900 108000 3600 1601 381 0 0 0 310 310 209 2447 1916 3600 0 0 
55000 108000 3600 1654 347 0 0 0 320 320 206 2376 1941 3600 0 0 
55100 108000 3600 1570 375 0 0 0 282 282 182 2452 1946 3600 0 0 
55200 108000 3600 1621 381 0 0 0 329 329 222 2450 1930 3600 0 0 
55300 108000 3600 1678 389 0 0 0 268 268 178 2388 1954 3600 0 0 
55400 108000 3600 1521 369 0 0 0 372 372 245 2507 1919 3600 0 0 
55500 108000 3600 1557 368 0 0 0 320 320 208 2486 1899 3600 0 0 
55600 108000 3600 1538 382 0 0 0 292 292 218 2510 1918 3600 0 0 
55700 108000 3600 1596 357 0 0 0 269 269 182 2432 1953 3600 0 0 
55800 108000 3600 1600 381 0 0 0 287 287 191 2453 1920 3600 0 0 
55900 108000 3600 1580 368 0 0 0 316 316 222 2442 1952 3600 0 0 
56000 108000 3600 1535 378 0 0 0 322 322 225 2490 1945 3600 0 0 
56100 108000 3600 1597 365 0 0 0 333 333 224 2442 1912 3600 0 0 
56200 108000 3600 1616 368 0 0 0 316 316 217 2410 1920 3600 0 0 
56300 108000 3600 1577 358 0 0 0 309 309 214 2468 1953 3600 0 0 
56400 108000 3600 1582 358 0 0 0 286 286 186 2454 1929 3600 0 0 
56500 108000 3600 1663 399 0 0 0 327 327 224 2397 1964 3600 0 0 
56600 108000 3600 1579 372 0 0 0 329 329 221 2458 1899 3600 0 0 
56700 108000 3600 1579 379 0 0 0 284 284 208 2446 1913 3600 0 0 
56800 108000 3600 1628 356 0 0 0 315 315 217 2412 1950 3600 0 0 
56900 108000 3600 1613 367 0 0 0 302 302 221 2417 1951 3600 0 0 
57000 108000 3600 1600 371 0 0 0 294 294 212 2443 1971 3600 0 0 
57100 108000 3600 1598 366 0 0 0 296 296 197 2432 1931 3600 0 0 
57200 108000 3600 1621 359 0 0 0 260 260 172 2415 1939 3600 0 0 
57300 108000 3600 1543 359 0 0 0 326 326 219 2479 1945 3600 0 0 
57400 108000 3600 1556 373 0 0 0 296 296 199 2502 1921 3600 0 0 
57500 108000 3600 1622 383 0 0 0 327 327 225 2418 1943 3600 0 0 
57600 108000 3600 1591 372 0 0 0 298 298 206 2442 1938 3600 0 0 
57700 108000 3600 1637 386 0 0 0 326 326 233 2425 1946 3600 0 0 
57800 108000 3600 1645 378 0 0 0 330 330 221 2398 1957 3600 0 0 
57900 108000 3600 1579 364 0 0 0 321 321 211 2426 1945 3600 0 0 
58000 108000 3600 1584 380 0 0 0 266 266 175 2460 1937 3600 0 0 
58100 108000 3600 1641 398 0 0 0 305 305 201 2413 1945 3600 0 0 
58200 108000 3600 1617 389 0 0 0 335 335 223 2424 1925 3600 0 0 
58300 108000 3600 1595 377 0 0 0 276 276 177 2460 1928 3600 0 0 
58400 108000 3600 1623 358 0 0 0 288 288 200 2408 1943 3600 0 0 
58500 108000 3600 1635 394 0 0 0 272 272 188 2431 1955 3600 0 0 
58600 108000 3600 1587 377 0 0 0 324 324 225 2449 1928 3600 0 0 
58700 108000 3600 1614 369 0 0 0 289 289 197 2415 1936 3600 0 0 
58800 108000 3600 1581 367 0 0 0 303 303 194 2446 1931 3600 0 0 
58900 108000 3600 1626 386 0 0 0 272 272 181 2424 1944 3600 0 0 
59000 108000 3600 1643 387 0 0 0 277 277 185 2390 1934 3600 0 0 
59100 108000 3600 1571 356 0 0 0 320 320 213 2432 1947 3600 0 0 
59200 108000 3600 1606 359 0 0 0 283 283 182 2416 1920 3600 0 0 
59300 108000 3600 1593 378 0 0 0 292 292 208 2442 1931 3600 0 0 
59400 108000 3600 1625 371 0 0 0 282 282 193 2408 1932 3600 0 0 
59500 108000 3600 1587 375 0 0 0 265 265 183 2468 1941 3600 0 0 
59600 108000 3600 1661 375 0 0 0 327 327 198 2400 1945 3600 0 0 
59700 108000 3600 1584 363 0 0 0 346 346 240 2443 1946 3600 0 0 
59800 108000 3600 1621 361 0 0 0 268 268 177 2393 1925 3600 0 0 
59900 108000 3600 1598 388 0 0 0 285 285 195 2448 1932 3600 0 0 
60000 108000 3600 1634 393 0 0 0 304 304 191 2420 1952 3600 0 0 
60100 108000 3600 1604 396 0 0 0 320 320 207 2453 1941 3600 0 0 
60200 108000 3600 1587 386 0 0 0 282 282 197 2442 1937 3600 0 0 
60300 108000 3600 1604 350 0 0 0 291 291 199 2407 1935 3600 0 0 
60400 108000 3600 1626 369 0 0 0 309 309 196 2419 1937 3600 0 0 
60500 108000 3600 1586 345 0 0 0 292 292 206 2436 1942 3600 0 0 
60600 108000 3600 1575 363 0 0 0 308 308 210 2462 1947 3600 0 0 
60700 108000 3600 1591 356 0 0 0 290 290 198 2430 1955 3600 0 0 
60800 108000 3600 1647 378 0 0 0 373 373 248 2391 1968 3600 0 0 
60900 108000 3600 1561 363 0 0 0 303 303 228 2469 1955 3600 0 0 
61000 108000 3600 1605 365 0 0 0 274 274 177 2420 1925 3600 0 0 
61100 108000 3600 1582 376 0 0 0 297 297 187 2444 1961 3600 0 0 
61200 108000 3600 1556 364 0 0 0 316 316 217 2479 1938 3600 0 0 
61300 108000 3600 1571 373 0 0 0 290 290 201 2454 1931 3600 0 0 
61400 108000 3600 1633 379 0 0 0 310 310 209 2404 1938 3600 0 0 
61500 108000 3600 1654 378 0 0 0 328 328 218 2387 1959 3600 0 0 
61600 108000 3600 1632 393 0 0 0 290 290 201 2427 1938 3600 0 0 
61700 108000 3600 1604 347 0 0 0 265 265 178 2409 1902 3600 0 0 
61800 108000 3600 1601 369 0 0 0 348 348 240 2435 1935 3600 0 0 
61900 108000 3600 1587 375 0 0 0 310 310 224 2472 1947 3600 0 0 
62000 108000 3600 1665 390 0 0 0 335 335 224 2383 1949 3600 0 0 
62100 108000 3600 1571 371 0 0 0 279 279 194 2461 1937 3600 0 0 
62200 108000 3600 1667 381 0 0 0 337 337 210 2389 1925 3600 0 0 
62300 108000 3600 1612 390 0 0 0 327 327 229 2427 1912 3600 0 0 
62400 108000 3600 1544 352 0 0 0 287 287 202 2483 1924 3600 0 0 
62500 108000 3600 1567 366 0 0 0 322 322 225 2477 1934 3600 0 0 
62600 108000 3600 1612 348 0 0 0 324 324 205 2413 1974 3600 0 0 
62700 108000 3600 1601 378 0 0 0 289 289 208 2439 1966 3600 0 0 
62800 108000 3600 1617 384 0 0 0 265 265 181 2420 1925 3600 0 0 
62900 108000 3600 1635 383 0 0 0 276 276 172 2410 1941 3600 0 0 
63000 108000 3600 1639 398 0 0 0 265 265 170 2418 1938 3600 0 0 
63100 108000 3600 1586 368 0 0 0 322 322 212 2461 1951 3600 0 0 
63200 108000 3600 1578 369 0 0 0 298 298 198 2458 1926 3600 0 0 
63300 108000 3600 1618 376 0 0 0 280 280 192 2436 1959 3600 0 0 
63400 108000 3600 1611 373 0 0 0 266 266 191 2417 1941 3600 0 0 
63500 108000 3600 1607 357 0 0 0 311 311 204 2444 1968 3600 0 0 
63600 108000 3600 1615 364 0 0 0 325 325 220 2425 1928 3600 0 0 
63700 108000 3600 1586 369 0 0 0 332 332 224 2448 1955 3600 0 0 
63800 108000 3600 1619 363 0 0 0 303 303 194 2407 1934 3600 0 0 
63900 108000 3600 1609 361 0 0 0 294 294 195 2437 1961 3600 0 0 
64000 108000 3600 1626 372 0 0 0 285 285 209 2405 1928 3600 0 0 
64100 108000 3600 1607 395 0 0 0 303 303 218 2434 1955 3600 0 0 
64200 108000 3600 1667 385 0 0 0 276 276 191 2389 1924 3600 0 0 
64300 108000 3600 1559 371 0 0 0 317 317 235 2468 1968 3600 0 0 
64400 108000 3600 1547 353 0 0 0 319 319 233 2469 1925 3600 0 0 
64500 108000 3600 1537 352 0 0 0 317 317 211 2492 1951 3600 0 0 
64600 108000 3600 1566 366 0 0 0 284 284 179 2463 1943 3600 0 0 
64700 108000 3600 1603 382 0 0 0 303 303 203 2443 1950 3600 0 0 
64800 108000 3600 1588 371 0 0 0 304 304 210 2458 1916 3600 0 0 
64900 108000 3600 1611 389 0 0 0 349 349 235 2437 1938 3600 0 0 
65000 108000 3600 1598 375 0 0 0 296 296 204 2457 1918 3600 0 0 
65100 108000 3600 1624 373 0 0 0 316 316 218 2423 1981 3600 0 0 
65200 108000 3600 1640 368 0 0 0 315 315 203 2379 1926 3600 0 0 
65300 108000 3600 1621 395 0 0 0 313 313 214 2429 1965 3600 0 0 
65400 108000 3600 1588 360 0 0 0 308 308 218 2443 1952 3600 0 0 
65500 108000 3600 1580 364 0 0 0 334 334 230 2438 1930 3600 0 0 
65600 108000 3600 1559 343 0 0 0 294 294 213 2456 1929 3600 0 0 
65700 108000 3600 1564 373 0 0 0 334 334 214 2477 1939 3600 0 0 
65800 108000 3600 1615 358 0 0 0 287 287 180 2409 1936 3600 0 0 
65900 108000 3600 1599 379 0 0 0 347 347 232 2447 1925 3600 0 0 
66000 108000 3600 1625 390 0 0 0 303 303 200 2444 1939 3600 0 0 
66100 108000 3600 1603 375 0 0 0 272 272 187 2434 1941 3600 0 0 
66200 108000 3600 1597 391 0 0 0 277 277 170 2468 1963 3600 0 0 
66300 108000 3600 1595 399 0 0 0 311 311 207 2474 1928 3600 0 0 
66400 108000 3600 1586 339 0 0 0 322 322 208 2421 1944 3600 0 0 
66500 108000 3600 1573 356 0 0 0 333 333 214 2432 1945 3600 0 0 
66600 108000 3600 1537 369 0 0 0 304 304 205 2494 1932 3600 0 0 
66700 108000 3600 1578 354 0 0 0 299 299 206 2470 1941 3600 0 0 
66800 108000 3600 1597 373 0 0 0 293 293 190 2443 1933 3600 0 0 
66900 108000 3600 1561 341 0 0 0 327 327 232 2437 1935 3600 0 0 
67000 108000 3600 1621 365 0 0 0 278 278 189 2417 1961 3600 0 0 
67100 108000 3600 1568 375 0 0 0 264 264 171 2475 1936 3600 0 0 
67200 108000 3600 1517 333 0 0 0 333 333 230 2477 1922 3600 0 0 
67300 108000 3600 1597 354 0 0 0 315 315 206 2422 1936 3600 0 0 
67400 108000 3600 1537 368 0 0 0 318 318 206 2502 1928 3600 0 0 
67500 108000 3600 1558 371 0 0 0 307 307 200 2489 1928 3600 0 0 
67600 108000 3600 1563 367 0 0 0 324 324 216 2469 1914 3600 0 0 
67700 108000 3600 1549 353 0 0 0 310 310 210 2453 1922 3600 0 0 
67800 108000 3600 1593 377 0 0 0 302 302 222 2436 1926 3600 0 0 
67900 108000 3600 1597 382 0 0 0 311 311 218 2431 1944 3600 0 0 
68000 108000 3600 1553 355 0 0 0 323 323 225 2467 1923 3600 0 0 
68100 108000 3600 1582 353 0 0 0 309 309 220 2448 1942 3600 0 0 
68200 108000 3600 1553 355 0 0 0 338 338 230 2472 1962 3600 0 0 
68300 108000 3600 1605 371 0 0 0 301 301 201 2431 1912 3600 0 0 
68400 108000 3600 1554 389 0 0 0 311 311 218 2507 1917 3600 0 0 
68500 108000 3600 1562 377 0 0 0 321 321 214 2464 1930 3600 0 0 
68600 108000 3600 1525 354 0 0 0 287 287 184 2488 1939 3600 0 0 
68700 108000 3600 1563 359 0 0 0 340 340 237 2470 1913 3600 0 0 
68800 108000 3600 1565 380 0 0 0 260 260 172 2467 1953 3600 0 0 
68900 108000 3600 1604 389 0 0 0 333 333 232 2460 1936 3600 0 0 
69000 108000 3600 1598 365 0 0 0 270 270 185 2425 1937 3600 0 0 
69100 108000 3600 1607 370 0 0 0 300 300 204 2422 1948 3600 0 0 
69200 108000 3600 1634 361 0 0 0 351 351 230 2391 1960 3600 0 0 
69300 108000 3600 1619 366 0 0 0 269 269 187 2407 1916 3600 0 0 
69400 108000 3600 1650 387 0 0 0 333 333 205 2423 1945 3600 0 0 
69500 108000 3600 1578 371 0 0 0 287 287 189 2468 1939 3600 0 0 
69600 108000 3600 1605 397 0 0 0 269 269 188 2454 1910 3600 0 0 
69700 108000 3600 1531 355 0 0 0 275 275 176 2476 1940 3600 0 0 
69800 108000 3600 1561 354 0 0 0 308 308 211 2452 1938 3600 0 0 
69900 108000 3600 1601 392 0 0 0 330 330 223 2447 1922 3600 0 0 
70000 108000 3600 1653 377 0 0 0 276 276 194 2392 1950 3600 0 0 
70100 108000 3600 1594 370 0 0 0 319 319 226 2443 1946 3600 0 0 
70200 108000 3600 1526 365 0 0 0 335 335 226 2495 1937 3600 0 0 
70300 108000 3600 1589 377 0 0 0 297 297 209 2439 1954 3600 0 0 
70400 108000 3600 1577 366 0 0 0 301 301 196 2451 1916 3600 0 0 
70500 108000 3600 1605 399 0 0 0 274 274 190 2445 1938 3600 0 0 
70600 108000 3600 1574 383 0 0 0 291 291 186 2480 1935 3600 0 0 
70700 108000 3600 1579 376 0 0 0 312 312 222 2462 1932 3600 0 0 
70800 108000 3600 1611 385 0 0 0 246 246 159 2445 1936 3600 0 0 
70900 108000 3600 1573 349 0 0 0 293 293 202 2420 1927 3600 0 0 
71000 108000 3600 1597 375 0 0 0 292 292 208 2446 1956 3600 0 0 
71100 108000 3600 1585 365 0 0 0 320 320 205 2454 1945 3600 0 0 
71200 108000 3600 1623 373 0 0 0 316 316 223 2394 1939 3600 0 0 
71300 108000 3600 1596 378 0 0 0 363 363 239 2465 1930 3600 0 0 
71400 108000 3600 1581 355 0 0 0 287 287 197 2456 1976 3600 0 0 
71500 108000 3600 1595 375 0 0 0 282 282 189 2442 1949 3600 0 0 
71600 108000 3600 1520 365 0 0 0 353 353 240 2501 1912 3600 0 0 
71700 108000 3600 1550 363 0 0 0 342 342 235 2474 1950 3600 0 0 
71800 108000 3600 1607 381 0 0 0 299 299 200 2461 1915 3600 0 0 
71900 108000 3600 1633 384 0 0 0 342 342 222 2431 1918 3600 0 0 
72000 108000 3600 1610 371 0 0 0 307 307 217 2426 1951 3600 0 0 
72100 108000 3600 1633 377 0 0 0 313 313 222 2417 1954 3600 0 0 
72200 108000 3600 1573 384 0 0 0 346 346 233 2488 1922 3600 0 0 
72300 108000 3600 1592 378 0 0 0 262 262 166 2452 1955 3600 0 0 
72400 108000 3600 1585 380 0 0 0 319 319 220 2451 1950 3600 0 0 
72500 108000 3600 1648 382 0 0 0 301 301 200 2399 1932 3600 0 0 
72600 108000 3600 1618 377 0 0 0 314 314 223 2403 1960 3600 0 0 
72700 108000 3600 1620 387 0 0 0 256 256 167 2431 1910 3600 0 0 
72800 108000 3600 1642 424 0 0 0 300 300 209 2451 1950 3600 0 0 
72900 108000 3600 1660 391 0 0 0 283 283 179 2403 1938 3600 0 0 
73000 108000 3600 1598 390 0 0 0 370 370 265 2453 1945 3600 0 0 
73100 108000 3600 1597 367 0 0 0 269 269 175 2437 1938 3600 0 0 
73200 108000 3600 1639 396 0 0 0 281 281 193 2443 1954 3600 0 0 
73300 108000 3600 1595 385 0 0 0 304 304 194 2458 1944 3600 0 0 
73400 108000 3600 1597 391 0 0 0 272 272 198 2453 1921 3600 0 0 
73500 108000 3600 1626 385 0 0 0 312 312 216 2422 1929 3600 0 0 
73600 108000 3600 1594 384 0 0 0 331 331 214 2457 1948 3600 0 0 
73700 108000 3600 1639 409 0 0 0 291 291 205 2449 1982 3600 0 0 
73800 108000 3600 1667 399 0 0 0 299 299 195 2410 1968 3600 0 0 
73900 108000 3600 1617 407 0 0 0 332 332 224 2480 1953 3600 0 0 
74000 108000 3600 1645 398 0 0 0 313 313 207 2433 1965 3600 0 0 
74100 108000 3600 1659 395 0 0 0 309 309 208 2408 1933 3600 0 0 
74200 108000 3600 1632 398 0 0 0 325 325 214 2449 1968 3600 0 0 
74300 108000 3600 1628 411 0 0 0 303 303 209 2447 1963 3600 0 0 
74400 108000 3600 1656 412 0 0 0 303 303 209 2406 1948 3600 0 0 
74500 108000 3600 1580 377 0 0 0 309 309 205 2460 1985 3600 0 0 
74600 108000 3600 1609 370 0 0 0 306 306 204 2434 1938 3600 0 0 
74700 108000 3600 1667 386 0 0 0 348 348 226 2391 1929 3600 0 0 
74800 108000 3600 1578 378 0 0 0 320 320 226 2465 1931 3600 0 0 
74900 108000 3600 1607 394 0 0 0 260 260 185 2467 1935 3600 0 0 
75000 108000 3600 1559 393 0 0 0 317 317 229 2480 1934 3600 0 0 
75100 108000 3600 1549 371 0 0 0 285 285 203 2464 1926 3600 0 0 
75200 108000 3600 1659 364 0 0 0 292 292 192 2360 1925 3600 0 0 
75300 108000 3600 1623 381 0 0 0 313 313 214 2421 1951 3600 0 0 
75400 108000 3600 1605 386 0 0 0 330 330 233 2458 1911 3600 0 0 
75500 108000 3600 1602 396 0 0 0 315 315 208 2442 1915 3600 0 0 
75600 108000 3600 1643 383 0 0 0 333 333 217 2418 1946 3600 0 0 
75700 108000 3600 1613 407 0 0 0 284 284 190 2460 1928 3600 0 0 
75800 108000 3600 1603 377 0 0 0 303 303 204 2432 1924 3600 0 0 
75900 108000 3600 1575 384 0 0 0 340 340 259 2468 1937 3600 0 0 
76000 108000 3600 1636 391 0 0 0 289 289 190 2432 1929 3600 0 0 
76100 108000 3600 1695 415 0 0 0 332 332 216 2358 1943 3600 0 0 
76200 108000 3600 1629 412 0 0 0 296 296 197 2439 1958 3600 0 0 
76300 108000 3600 1654 394 0 0 0 295 295 193 2397 1971 3600 0 0 
76400 108000 3600 1614 371 0 0 0 300 300 190 2411 1951 3600 0 0 
76500 108000 3600 1576 369 0 0 0 324 324 227 2464 1950 3600 0 0 
76600 108000 3600 1569 367 0 0 0 314 314 196 2470 1944 3600 0 0 
76700 108000 3600 1609 366 0 0 0 320 320 219 2432 1943 3600 0 0 
76800 108000 3600 1617 397 0 0 0 279 279 187 2449 1928 3600 0 0 
76900 108000 3600 1566 373 0 0 0 291 291 196 2472 1922 3600 0 0 
77000 108000 3600 1647 384 0 0 0 279 279 194 2427 1936 3600 0 0 
77100 108000 3600 1657 409 0 0 0 286 286 196 2407 1969 3600 0 0 
77200 108000 3600 1593 401 0 0 0 305 305 212 2459 1934 3600 0 0 
77300 108000 3600 1689 417 0 0 0 315 315 216 2387 1947 3600 0 0 
77400 108000 3600 1636 382 0 0 0 271 271 184 2398 1941 3600 0 0 
77500 108000 3600 1637 357 0 0 0 282 282 181 2391 1943 3600 0 0 
77600 108000 3600 1602 405 0 0 0 323 323 212 2444 1899 3600 0 0 
77700 108000 3600 1636 412 0 0 0 337 337 220 2442 1954 3600 0 0 
77800 108000 3600 1670 406 0 0 0 321 321 220 2398 1912 3600 0 0 
77900 108000 3600 1644 376 0 0 0 291 291 186 2389 1912 3600 0 0 
78000 108000 3600 1655 394 0 0 0 287 287 193 2409 1965 3600 0 0 
78100 108000 3600 1626 368 0 0 0 300 300 201 2417 1947 3600 0 0 
78200 108000 3600 1586 348 0 0 0 291 291 201 2432 1946 3600 0 0 
78300 108000 3600 1623 354 0 0 0 304 304 196 2421 1942 3600 0 0 
78400 108000 3600 1603 376 0 0 0 334 334 227 2441 1940 3600 0 0 
78500 108000 3600 1621 400 0 0 0 273 273 192 2448 1947 3600 0 0 
78600 108000 3600 1618 394 0 0 0 289 289 194 2438 1943 3600 0 0 
78700 108000 3600 1629 389 0 0 0 305 305 198 2438 1963 3600 0 0 
78800 108000 3600 1594 368 0 0 0 328 328 217 2433 1952 3600 0 0 
78900 108000 3600 1626 380 0 0 0 321 321 227 2417 1932 3600 0 0 
79000 108000 3600 1639 391 0 0 0 307 307 202 2420 1939 3600 0 0 
79100 108000 3600 1589 388 0 0 0 320 320 228 2455 1920 3600 0 0 
79200 108000 3600 1633 368 0 0 0 325 325 220 2413 1931 3600 0 0 
79300 108000 3600 1539 371 0 0 0 297 297 213 2509 1944 3600 0 0 
79400 108000 3600 1635 381 0 0 0 357 357 244 2421 1975 3600 0 0 
79500 108000 3600 1660 375 0 0 0 309 309 204 2379 1937 3600 0 0 
79600 108000 3600 1663 405 0 0 0 312 312 202 2394 1929 3600 0 0 
79700 108000 3600 1638 401 0 0 0 308 308 211 2400 1934 3600 0 0 
79800 108000 3600 1586 372 0 0 0 298 298 204 2452 1930 3600 0 0 
79900 108000 3600 1591 379 0 0 0 344 344 217 2466 1949 3600 0 0 
80000 108000 3600 1549 355 0 0 0 288 288 179 2457 1952 3600 0 0 
80100 108000 3600 1575 371 0 0 0 338 338 233 2464 1946 3600 0 0 
80200 108000 3600 1592 383 0 0 0 296 296 203 2457 1938 3600 0 0 
80300 108000 3600 1607 380 0 0 0 332 332 215 2452 1927 3600 0 0 
80400 108000 3600 1596 375 0 0 0 297 297 203 2445 1902 3600 0 0 
80500 108000 3600 1603 376 0 0 0 279 279 179 2444 1951 3600 0 0 
80600 108000 3600 1638 388 0 0 0 306 306 195 2440 1958 3600 0 0 
80700 108000 3600 1612 397 0 0 0 295 295 209 2467 1939 3600 0 0 
80800 108000 3600 1667 417 0 0 0 298 298 201 2407 1942 3600 0 0 
80900 108000 3600 1569 386 0 0 0 302 302 215 2467 1949 3600 0 0 
81000 108000 3600 1577 374 0 0 0 260 260 177 2449 1940 3600 0 0 
81100 108000 3600 1609 378 0 0 0 312 312 212 2413 1939 3600 0 0 
81200 108000 3600 1663 398 0 0 0 326 326 220 2406 1957 3600 0 0 
81300 108000 3600 1573 360 0 0 0 323 323 231 2454 1917 3600 0 0 
81400 108000 3600 1597 375 0 0 0 301 301 193 2448 1927 3600 0 0 
81500 108000 3600 1608 377 0 0 0 285 285 203 2418 1914 3600 0 0 
81600 108000 3600 1626 380 0 0 0 296 296 191 2414 1909 3600 0 0 
81700 108000 3600 1611 381 0 0 0 321 321 219 2435 1914 3600 0 0 
81800 108000 3600 1596 359 0 0 0 307 307 192 2467 1943 3600 0 0 
81900 108000 3600 1579 369 0 0 0 292 292 189 2456 1933 3600 0 0 
82000 108000 3600 1630 382 0 0 0 322 322 209 2415 1953 3600 0 0 
82100 108000 3600 1568 386 0 0 0 309 309 217 2462 1955 3600 0 0 
82200 108000 3600 1588 351 0 0 0 288 288 206 2441 1968 3600 0 0 
82300 108000 3600 1621 352 0 0 0 303 303 193 2416 1961 3600 0 0 
82400 108000 3600 1659 375 0 0 0 284 284 185 2389 1942 3600 0 0 
82500 108000 3600 1653 383 0 0 0 295 295 206 2405 1935 3600 0 0 
82600 108000 3600 1637 380 0 0 0 313 313 211 2409 1938 3600 0 0 
82700 108000 3600 1581 372 0 0 0 263 263 190 2454 1946 3600 0 0 
82800 108000 3600 1575 382 0 0 0 304 304 213 2471 1941 3600 0 0 
82900 108000 3600 1644 381 0 0 0 298 298 195 2414 1947 3600 0 0 
83000 108000 3600 1656 382 0 0 0 304 304 202 2386 1946 3600 0 0 
83100 108000 3600 1620 372 0 0 0 306 306 202 2419 1940 3600 0 0 
83200 108000 3600 1611 379 0 0 0 295 295 191 2442 1939 3600 0 0 
83300 108000 3600 1641 382 0 0 0 268 268 175 2401 1942 3600 0 0 
83400 108000 3600 1611 388 0 0 0 300 300 188 2435 1904 3600 0 0 
83500 108000 3600 1614 386 0 0 0 254 254 171 2440 1927 3600 0 0 
83600 108000 3600 1660 389 0 0 0 280 280 178 2405 1926 3600 0 0 
83700 108000 3600 1642 377 0 0 0 309 309 203 2376 1946 3600 0 0 
83800 108000 3600 1610 378 0 0 0 277 277 190 2440 1917 3600 0 0 
83900 108000 3600 1639 378 0 0 0 282 282 195 2402 1916 3600 0 0 
84000 108000 3600 1619 378 0 0 0 327 327 230 2428 1930 3600 0 0 
84100 108000 3600 1662 403 0 0 0 303 303 199 2415 1938 3600 0 0 
84200 108000 3600 1637 402 0 0 0 313 313 203 2434 1922 3600 0 0 
84300 108000 3600 1671 392 0 0 0 296 296 205 2391 1963 3600 0 0 
84400 108000 3600 1623 381 0 0 0 315 315 218 2413 1922 3600 0 0 
84500 108000 3600 1621 386 0 0 0 277 277 172 2426 1942 3600 0 0 
84600 108000 3600 1644 404 0 0 0 297 297 192 2414 1937 3600 0 0 
84700 108000 3600 1630 420 0 0 0 332 332 223 2447 1924 3600 0 0 
84800 108000 3600 1664 381 0 0 0 299 299 192 2398 1939 3600 0 0 
84900 108000 3600 1632 397 0 0 0 329 329 226 2470 1932 3600 0 0 
85000 108000 3600 1661 368 0 0 0 299 299 213 2393 1954 3600 0 0 
85100 108000 3600 1630 352 0 0 0 309 309 205 2390 1961 3600 0 0 
85200 108000 3600 1663 390 0 0 0 319 319 213 2409 1945 3600 0 0 
85300 108000 3600 1617 375 0 0 0 298 298 201 2426 1942 3600 0 0 
85400 108000 3600 1663 395 0 0 0 306 306 209 2400 1964 3600 0 0 
85500 108000 3600 1602 387 0 0 0 334 334 234 2460 1936 3600 0 0 
85600 108000 3600 1628 388 0 0 0 293 293 195 2430 1961 3600 0 0 
85700 108000 3600 1639 387 0 0 0 298 298 201 2420 1947 3600 0 0 
85800 108000 3600 1689 395 0 0 0 294 294 189 2382 1942 3600 0 0 
85900 108000 3600 1611 376 0 0 0 261 261 186 2423 1935 3600 0 0 
86000 108000 3600 1632 399 0 0 0 280 280 191 2407 1920 3600 0 0 
86100 108000 3600 1625 389 0 0 0 280 280 191 2430 1938 3600 0 0 
86200 108000 3600 1710 400 0 0 0 272 272 180 2367 1978 3600 0 0 
86300 108000 3600 1626 379 0 0 0 305 305 190 2409 1953 3600 0 0 
86400 108000 3600 1644 359 0 0 0 276 276 187 2380 1951 3600 0 0 
86500 108000 3600 1650 376 0 0 0 311 311 214 2379 1932 3600 0 0 
86600 108000 3600 1659 384 0 0 0 298 298 199 2376 1896 3600 0 0 
86700 108000 3600 1676 356 0 0 0 271 271 170 2353 1962 3600 0 0 
86800 108000 3600 1657 381 0 0 0 262 262 166 2391 1924 3600 0 0 
86900 108000 3600 1635 385 0 0 0 314 314 211 2393 1961 3600 0 0 
87000 108000 3600 1664 385 0 0 0 282 282 184 2371 1981 3600 0 0 
87100 108000 3600 1654 391 0 0 0 341 341 240 2418 1964 3600 0 0 
87200 108000 3600 1683 371 0 0 0 308 308 195 2345 1915 3600 0 0 
87300 108000 3600 1635 393 0 0 0 312 312 212 2433 1953 3600 0 0 
87400 108000 3600 1648 389 0 0 0 349 349 228 2406 1963 3600 0 0 
87500 108000 3600 1709 414 0 0 0 294 294 194 2364 1936 3600 0 0 
87600 108000 3600 1649 400 0 0 0 271 271 182 2396 1911 3600 0 0 
87700 108000 3600 1672 365 0 0 0 323 323 222 2359 1899 3600 0 0 
87800 108000 3600 1669 372 0 0 0 307 307 189 2371 1924 3600 0 0 
87900 108000 3600 1613 386 0 0 0 263 263 186 2427 1935 3600 0 0 
88000 108000 3600 1667 371 0 0 0 301 301 206 2368 1924 3600 0 0 
88100 108000 3600 1764 384 0 0 0 311 311 194 2291 1947 3600 0 0 
88200 108000 3600 1634 387 0 0 0 295 295 204 2408 1952 3600 0 0 
88300 108000 3600 1666 386 0 0 0 281 281 172 2359 1927 3600 0 0 
88400 108000 3600 1665 400 0 0 0 282 282 192 2385 1897 3600 0 0 
88500 108000 3600 1710 388 0 0 0 314 314 200 2351 1942 3600 0 0 
88600 108000 3600 1708 393 0 0 0 260 260 168 2343 1932 3600 0 0 
88700 108000 3600 1667 410 0 0 0 277 277 175 2408 1945 3600 0 0 
88800 108000 3600 1624 376 0 0 0 293 293 190 2410 1928 3600 0 0 
88900 108000 3600 1654 383 0 0 0 313 313 207 2388 1939 3600 0 0 
89000 108000 3600 1633 383 0 0 0 313 313 213 2426 1932 3600 0 0 
89100 108000 3600 1610 367 0 0 0 273 273 185 2424 1944 3600 0 0 
89200 108000 3600 1628 389 0 0 0 304 304 194 2420 1911 3600 0 0 
89300 108000 3600 1667 365 0 0 0 256 256 180 2348 1972 3600 0 0 
89400 108000 3600 1685 401 0 0 0 324 324 215 2365 1940 3600 0 0 
89500 108000 3600 1615 368 0 0 0 334 334 226 2415 1936 3600 0 0 
89600 108000 3600 1573 369 0 0 0 305 305 218 2469 1937 3600 0 0 
89700 108000 3600 1636 382 0 0 0 297 297 195 2407 1937 3600 0 0 
89800 108000 3600 1674 406 0 0 0 301 301 208 2372 1923 3600 0 0 
89900 108000 3600 1626 385 0 0 0 285 285 195 2410 1932 3600 0 0 
90000 108000 3600 1699 385 0 0 0 333 333 202 2353 1969 3600 0 0 
90100 108000 3600 1656 359 0 0 0 310 310 203 2360 1949 3600 0 0 
90200 108000 3600 1668 397 0 0 0 277 277 186 2384 1969 3600 0 0 
90300 108000 3600 1619 418 0 0 0 308 308 215 2439 1960 3600 0 0 
90400 108000 3600 1639 397 0 0 0 315 315 210 2399 1909 3600 0 0 
90500 108000 3600 1631 403 0 0 0 267 267 190 2436 1934 3600 0 0 
90600 108000 3600 1619 410 0 0 0 351 351 243 2450 1933 3600 0 0 
90700 108000 3600 1651 399 0 0 0 315 315 206 2415 1963 3600 0 0 
90800 108000 3600 1625 371 0 0 0 281 281 167 2399 1919 3600 0 0 
90900 108000 3600 1631 404 0 0 0 269 269 180 2426 1963 3600 0 0 
91000 108000 3600 1666 393 0 0 0 296 296 172 2375 1933 3600 0 0 
91100 108000 3600 1681 396 0 0 0 306 306 198 2382 1933 3600 0 0 
91200 108000 3600 1665 383 0 0 0 282 282 185 2380 1901 3600 0 0 
91300 108000 3600 1713 379 0 0 0 290 290 201 2329 1953 3600 0 0 
91400 108000 3600 1652 381 0 0 0 291 291 193 2360 1948 3600 0 0 
91500 108000 3600 1674 396 0 0 0 294 294 185 2397 1952 3600 0 0 
91600 108000 3600 1650 392 0 0 0 350 350 246 2405 1961 3600 0 0 
91700 108000 3600 1677 401 0 0 0 358 358 257 2386 1908 3600 0 0 
91800 108000 3600 1652 369 0 0 0 298 298 201 2381 1952 3600 0 0 
91900 108000 3600 1674 392 0 0 0 335 335 218 2386 1937 3600 0 0 
92000 108000 3600 1693 393 0 0 0 297 297 201 2370 1947 3600 0 0 
92100 108000 3600 1687 409 0 0 0 317 317 218 2373 1937 3600 0 0 
92200 108000 3600 1691 393 0 0 0 257 257 173 2373 1935 3600 0 0 
92300 108000 3600 1685 391 0 0 0 270 270 183 2375 1955 3600 0 0 
92400 108000 3600 1715 401 0 0 0 294 294 209 2358 1951 3600 0 0 
92500 108000 3600 1707 402 0 0 0 292 292 192 2344 1942 3600 0 0 
92600 108000 3600 1684 405 0 0 0 283 283 188 2365 1945 3600 0 0 
92700 108000 3600 1669 424 0 0 0 313 313 228 2421 1933 3600 0 0 
92800 108000 3600 1695 394 0 0 0 262 262 174 2357 1938 3600 0 0 
92900 108000 3600 1608 366 0 0 0 293 293 206 2418 1946 3600 0 0 
93000 108000 3600 1684 382 0 0 0 262 262 176 2375 1949 3600 0 0 
93100 108000 3600 1675 381 0 0 0 275 275 189 2394 1965 3600 0 0 
93200 108000 3600 1689 397 0 0 0 266 266 172 2393 1938 3600 0 0 
93300 108000 3600 1657 387 0 0 0 284 284 199 2375 1958 3600 0 0 
93400 108000 3600 1673 358 0 0 0 299 299 192 2356 1950 3600 0 0 
93500 108000 3600 1684 397 0 0 0 255 255 157 2372 1937 3600 0 0 
93600 108000 3600 1641 384 0 0 0 305 305 213 2403 1943 3600 0 0 
93700 108000 3600 1705 386 0 0 0 263 263 170 2335 1917 3600 0 0 
93800 108000 3600 1619 373 0 0 0 300 300 183 2430 1926 3600 0 0 
93900 108000 3600 1662 432 0 0 0 290 290 199 2408 1943 3600 0 0 
94000 108000 3600 1668 382 0 0 0 302 302 196 2380 1937 3600 0 0 
94100 108000 3600 1676 415 0 0 0 320 320 209 2386 1928 3600 0 0 
94200 108000 3600 1687 388 0 0 0 291 291 183 2375 1915 3600 0 0 
94300 108000 3600 1691 384 0 0 0 322 322 210 2353 1956 3600 0 0 
94400 108000 3600 1689 365 0 0 0 289 289 190 2345 1938 3600 0 0 
94500 108000 3600 1646 390 0 0 0 294 294 195 2410 1936 3600 0 0 
94600 108000 3600 1641 391 0 0 0 321 321 223 2407 1931 3600 0 0 
94700 108000 3600 1633 388 0 0 0 300 300 211 2430 1939 3600 0 0 
94800 108000 3600 1666 396 0 0 0 304 304 205 2403 1947 3600 0 0 
94900 108000 3600 1689 400 0 0 0 298 298 188 2367 1957 3600 0 0 
95000 108000 3600 1663 385 0 0 0 290 290 181 2379 1945 3600 0 0 
95100 108000 3600 1689 398 0 0 0 299 299 201 2359 1924 3600 0 0 
95200 108000 3600 1652 377 0 0 0 270 270 184 2367 1931 3600 0 0 
95300 108000 3600 1653 396 0 0 0 239 239 153 2415 1982 3600 0 0 
95400 108000 3600 1709 371 0 0 0 313 313 207 2341 1952 3600 0 0 
95500 108000 3600 1674 356 0 0 0 306 306 200 2353 1966 3600 0 0 
95600 108000 3600 1676 400 0 0 0 290 290 200 2386 1949 3600 0 0 
95700 108000 3600 1664 382 0 0 0 295 295 199 2388 1940 3600 0 0 
95800 108000 3600 1688 375 0 0 0 287 287 196 2351 1992 3600 0 0 
95900 108000 3600 1656 376 0 0 0 292 292 187 2396 1943 3600 0 0 
96000 108000 3600 1693 426 0 0 0 282 282 177 2382 1930 3600 0 0 
96100 108000 3600 1720 418 0 0 0 272 272 173 2372 1935 3600 0 0 
96200 108000 3600 1646 394 0 0 0 282 282 190 2418 1957 3600 0 0 
96300 108000 3600 1645 377 0 0 0 244 244 173 2396 1956 3600 0 0 
96400 108000 3600 1643 411 0 0 0 277 277 195 2417 1940 3600 0 0 
96500 108000 3600 1703 385 0 0 0 270 270 166 2343 1949 3600 0 0 
96600 108000 3600 1683 388 0 0 0 286 286 178 2353 1938 3600 0 0 
96700 108000 3600 1625 375 0 0 0 299 299 190 2423 1924 3600 0 0 
96800 108000 3600 1646 392 0 0 0 283 283 186 2395 1934 3600 0 0 
96900 108000 3600 1663 381 0 0 0 273 273 185 2380 1963 3600 0 0 
97000 108000 3600 1668 400 0 0 0 240 240 161 2387 1962 3600 0 0 
97100 108000 3600 1649 385 0 0 0 285 285 194 2413 1933 3600 0 0 
97200 108000 3600 1604 361 0 0 0 291 291 204 2427 1959 3600 0 0 
97300 108000 3600 1663 381 0 0 0 323 323 214 2381 1930 3600 0 0 
97400 108000 3600 1662 389 0 0 0 277 277 183 2395 1940 3600 0 0 
97500 108000 3600 1641 396 0 0 0 262 262 177 2410 1933 3600 0 0 
97600 108000 3600 1676 403 0 0 0 281 281 196 2391 1931 3600 0 0 
97700 108000 3600 1648 392 0 0 0 299 299 195 2398 1931 3600 0 0 
97800 108000 3600 1612 399 0 0 0 278 278 193 2432 1938 3600 0 0 
97900 108000 3600 1618 398 0 0 0 259 259 179 2443 1930 3600 0 0 
98000 108000 3600 1666 403 0 0 0 313 313 199 2401 1963 3600 0 0 
98100 108000 3600 1678 382 0 0 0 316 316 204 2384 1949 3600 0 0 
98200 108000 3600 1667 405 0 0 0 292 292 201 2408 1936 3600 0 0 
98300 108000 3600 1589 399 0 0 0 318 318 225 2473 1932 3600 0 0 
98400 108000 3600 1622 374 0 0 0 266 266 188 2423 1971 3600 0 0 
98500 108000 3600 1637 385 0 0 0 307 307 216 2418 1993 3600 0 0 
98600 108000 3600 1666 406 0 0 0 258 258 183 2431 1960 3600 0 0 
98700 108000 3600 1647 401 0 0 0 298 298 203 2402 1934 3600 0 0 
98800 108000 3600 1634 377 0 0 0 274 274 182 2403 1956 3600 0 0 
98900 108000 3600 1661 389 0 0 0 312 312 216 2398 1967 3600 0 0 
99000 108000 3600 1619 379 0 0 0 323 323 227 2438 1945 3600 0 0 
99100 108000 3600 1668 418 0 0 0 290 290 199 2398 1965 3600 0 0 
99200 108000 3600 1548 364 0 0 0 286 286 204 2488 1948 3600 0 0 
99300 108000 3600 1594 358 0 0 0 306 306 219 2431 1957 3600 0 0 
99400 108000 3600 1670 371 0 0 0 254 254 165 2366 1947 3600 0 0 
99500 108000 3600 1605 398 0 0 0 298 298 212 2470 1944 3600 0 0 
99600 108000 3600 1662 395 0 0 0 247 247 169 2386 1952 3600 0 0 
99700 108000 3600 1734 407 0 0 0 322 322 218 2341 1953 3600 0 0 
99800 108000 3600 1707 391 0 0 0 332 332 214 2356 1943 3600 0 0 
99900 108000 3600 1633 416 0 0 0 304 304 195 2428 1928 3600 0 0 
100000 108000 3600 1709 389 0 0 0 295 295 185 2350 1947 3600 0 0 
