# Avida Dominant Data
# Fri Jun 15 12:07:29 2018
#  1: Update
#  2: Average Merit of the Dominant Genotype
#  3: Average Gestation Time of the Dominant Genotype
#  4: Average Fitness of the Dominant Genotype
#  5: Repro Rate?
#  6: Size of Dominant Genotype
#  7: Copied Size of Dominant Genotype
#  8: Executed Size of Dominant Genotype
#  9: Abundance of Dominant Genotype
# 10: Number of Births
# 11: Number of Dominant Breed True?
# 12: Dominant Gene Depth
# 13: Dominant Breed In
# 14: Max Fitness?
# 15: Genotype ID of Dominant Genotype
# 16: Name of the Dominant Genotype

0 0 0 0 0 100 0 0 1 0 0 0 0 2.22507e-308 1 100-aaaaa 
100 97 389 0.249357 0.00257069 100 100 0 57 0 0 0 0 0.249357 1 100-aaaaa 
200 97 389 0.249357 0.00257069 100 99.9996 0 577 25 16 0 0 0.249357 1 100-a300 97300 97 389 0.249357 0.00257069 100 99.9996 0 243 20 10 0 0 0.249357 1 100-aaaaa 
400 97 389 0.249357 0.00257069 100 99.9997 0 86 9 6 0 0 0.249357 1 100-aaaaa 
500 97 389 0.249357 0.00257069 100 99.9997 0 25 1 0 0 0 0.249357 1 100-aaaaa 
600 98 288 0.340278 0.00347222 101 100.994 0 25 4 3 3 0 0.340278 13145 101-aaapl 
700 98 286 0.342657 0.0034965 101 101 0 46 0 0 5 0 0.342657 20196 101-aaaxn 
800 98 286 0.342657 0.0034965 101 101 0 70 10 4 5 0 0.342657 20196 101-aaaxn 
900 98 287 0.341463 0.00348432 101 101 0 51 1 1 4 0 0.341463 18922 101-aaaub 
1000 98 287 0.341463 0.00348432 101 101 0 49 5 3 6 0 0.341463 30548 101-aabgp 
1100 98 287 0.341463 0.00348432 101 101 0 23 0 0 6 0 0.341463 30548 101-aabgp 
1200 98 287 0.341463 0.00348432 101 101 0 26 2 2 6 0 0.341463 30548 101-aabgp 
1300 98 281 0.348754 0.00355872 101 101 0 26 5 3 11 0 0.348754 57298 101-aadrv 
1400 98 283 0.34629 0.00353357 101 101 0 31 0 0 9 0 0.34629 68712 101-aafhh 
1500 98 286 0.342657 0.0034965 101 101 0 26 1 0 8 0 0.342657 67212 101-aaeyv 
1600 98 281 0.348754 0.00355872 101 101 0 19 1 0 11 0 0.348754 73990 101-aafvz 
1700 190 277 0.685921 0.00361011 101 101 0 335 53 41 20 0 0.685921 98258 101-aaigl 
1800 190 277 0.685921 0.00361011 101 101 0 413 37 30 20 0 0.685921 98258 101-aaigl 
1900 190 277 0.685921 0.00361011 101 101 0 201 13 9 20 0 0.685921 98258 101-aaigl 
2000 190 277 0.685921 0.00361011 101 101 0 118 8 6 20 0 0.685921 98258 101-aaigl 
2100 190 277 0.685921 0.00361011 101 101 0 71 3 2 20 0 0.685921 98258 101-aaigl 
2200 198 248 0.798387 0.00403226 102 102 0 53 8 6 23 0 0.798387 118087 102-aabek 
2300 198 248 0.798387 0.00403226 102 102 0 41 4 4 23 0 0.798387 118087 102-aabek 
2400 198 248 0.798387 0.00403226 102 102 0 27 5 5 26 0 0.798387 138214 102-aabou 
2500 198 247 0.801619 0.00404858 102 102 0 33 8 7 25 0 0.801619 130858 102-aabiq 
2600 396 248 1.59677 0.00403226 102 102 0 37 7 6 26 0 1.59677 168936 102-aadxe 
2700 396 248 1.59677 0.00403226 102 102 0 349 30 22 26 0 1.59677 168936 102-aadxe 
2800 396 248 1.59677 0.00403226 102 102 0 281 24 19 26 0 1.59677 168936 102-aadxe 
2900 396 248 1.59677 0.00403226 102 102 0 164 14 11 26 0 1.59677 168936 102-aadxe 
3000 396 248 1.59677 0.00403226 102 102 0 102 6 5 26 0 1.59677 168936 102-aadxe 
3100 396 248 1.59677 0.00403226 102 102 0 51 4 4 26 0 1.59677 168936 102-aadxe 
3200 792 247 3.20648 0.00404858 102 102 0 561 79 53 29 0 3.20648 213360 102-aaipo 
3300 792 247 3.20648 0.00404858 102 102 0 661 59 47 29 0 3.20648 213360 102-aaipo 
3400 792 247 3.20648 0.00404858 102 102 0 449 36 23 29 0 3.20648 213360 102-aaipo 
3500 792 247 3.20648 0.00404858 102 102 0 333 32 25 29 0 3.20648 213360 102-aaipo 
3600 3168 243 13.037 0.00411523 102 102 0 1020 141 106 32 0 13.037 248124 102-aalux 
3700 3168 243 13.037 0.00411523 102 102 0 765 89 62 32 0 13.037 248124 102-aalux 
3800 3168 243 13.037 0.00411523 102 102 0 463 51 41 32 0 13.037 248124 102-aalux 
3900 3168 243 13.037 0.00411523 102 102 0 196 24 20 32 0 13.037 248124 102-aalux 
4000 6336 243 26.0741 0.00411523 102 102 0 754 61 44 37 0 26.0741 273720 102-aanup 
4100 6336 243 26.0741 0.00411523 102 102 0 428 29 21 37 0 26.0741 273720 102-aanup 
4200 6336 243 26.0741 0.00411523 102 102 0 225 18 16 37 0 26.0741 273720 102-aanup 
4300 6336 243 26.0741 0.00411523 102 102 0 121 8 6 37 0 26.0741 273720 102-aanup 
4400 6336 243 26.0741 0.00411523 102 102 0 90 4 3 37 0 26.0741 273720 102-aanup 
4500 12800 244 52.459 0.00409836 103 103 0 613 50 38 44 0 52.459 318238 103-aaawo 
4600 12800 244 52.459 0.00409836 103 103 0 571 59 44 44 0 52.459 318238 103-aaawo 
4700 12800 244 52.459 0.00409836 103 103 0 427 48 29 44 0 52.459 318238 103-aaawo 
4800 102400 244 419.672 0.00409836 103 103 0 1046 107 81 46 0 419.672 343503 103-aabun 
4900 102400 244 419.672 0.00409836 103 103 0 661 77 59 46 0 419.672 343503 103-aabun 
5000 204800 245 835.918 0.00408163 103 103 0 654 70 51 49 0 835.918 357582 103-aacyq 
5100 204800 245 835.918 0.00408163 103 103 0 669 72 51 49 0 835.918 357582 103-aacyq 
5200 204800 245 835.918 0.00408163 103 103 0 475 47 35 49 0 835.918 357582 103-aacyq 
5300 204800 245 835.918 0.00408163 103 103 0 297 24 17 49 0 835.918 357582 103-aacyq 
5400 204800 245 835.918 0.00408163 103 103 0 222 17 10 49 0 835.918 357582 103-aacyq 
5500 204800 245 835.918 0.00408163 103 103 0 126 15 12 49 0 835.918 357582 103-aacyq 
5600 204800 245 835.918 0.00408163 103 103 0 86 2 1 49 0 835.918 357582 103-aacyq 
5700 204800 246 832.52 0.00406504 103 103 0 58 3 3 51 0 832.52 402877 103-aafze 
5800 204800 246 832.52 0.00406504 103 103 0 64 6 3 51 0 832.52 402877 103-aafze 
5900 204800 246 832.52 0.00406504 103 103 0 73 1 1 51 0 832.52 402877 103-aafze 
6000 204800 245 835.918 0.00408163 103 103 0 43 3 2 51 0 835.918 418842 103-aagyf 
6100 202752 244 830.951 0.00409836 102 102 0 46 0 0 54 0 830.951 426895 102-aasdv 
6200 202752 244 830.951 0.00409836 102 102 0 44 6 4 53 0 830.951 413270 102-aasdh 
6300 819200 242 3385.12 0.00413223 103 103 0 792 81 62 56 0 3385.12 468162 103-aajtn 
6400 819200 242 3385.12 0.00413223 103 103 0 585 78 52 56 0 3385.12 468162 103-aajtn 
6500 819200 242 3385.12 0.00413223 103 103 0 422 33 22 56 0 3385.12 468162 103-aajtn 
6600 819200 242 3385.12 0.00413223 103 103 0 316 39 27 56 0 3385.12 468162 103-aajtn 
6700 819200 242 3385.12 0.00413223 103 103 0 200 27 21 56 0 3385.12 468162 103-aajtn 
6800 819200 242 3385.12 0.00413223 103 103 0 111 13 8 56 0 3385.12 468162 103-aajtn 
6900 819200 241 3399.17 0.00414938 103 103 0 51 12 10 57 0 3399.17 468910 103-aajty 
7000 819200 243 3371.19 0.00411523 103 103 0 35 5 4 62 0 3371.19 504495 103-aambx 
7100 819200 243 3371.19 0.00411523 103 103 0 53 4 4 62 0 3371.19 504495 103-aambx 
7200 819200 242 3385.12 0.00413223 103 103 0 63 4 4 57 0 3385.12 485957 103-aakzn 
7300 819200 243 3371.19 0.00411523 103 103 0 37 0 0 63 0 3371.19 539186 103-aaodb 
7400 819200 244 3357.38 0.00409836 103 103 0 44 11 8 68 0 3357.38 544810 103-aaolh 
7500 819200 243 3371.19 0.00411523 103 103 0 50 2 2 63 0 3371.19 539186 103-aaodb 
7600 819200 241 3399.17 0.00414938 103 103 0 41 7 6 57 0 3399.17 549247 103-aaosy 
7700 819200 242 3385.12 0.00413223 103 103 0 54 10 5 62 0 3385.12 541465 103-aaogb 
7800 819200 242 3385.12 0.00413223 103 103 0 59 2 2 62 0 3385.12 541465 103-aaogb 
7900 811008 240 3379.2 0.00416667 103 103 0 51 8 6 62 0 3379.2 490237 103-aalfe 
8000 819200 239 3427.62 0.0041841 103 103 0 51 6 3 64 1 3427.62 548931 103-aaorq 
8100 819200 239 3427.62 0.0041841 103 103 0 43 9 6 64 0 3427.62 548931 103-aaorq 
8200 811008 239 3393.34 0.0041841 103 103 0 43 6 5 62 0 3393.34 597346 103-aarfv 
8300 819200 239 3427.62 0.0041841 103 103 0 42 1 1 66 0 3427.62 610270 103-aaryr 
8400 819200 243 3371.19 0.00411523 103 103 0 56 2 2 61 0 3371.19 600298 103-aarjq 
8500 1.13038e+06 240 4709.9 0.00416667 103 103 0 217 22 14 69 0 6826.67 643309 103-aatsx 
8600 1.6384e+06 241 6798.34 0.00414938 103 103 0 674 64 45 71 0 6798.34 657679 103-aaunf 
8700 1.6384e+06 241 6798.34 0.00414938 103 103 0 711 53 37 71 0 6798.34 657679 103-aaunf 
8800 1.6384e+06 241 6798.34 0.00414938 103 103 0 633 59 47 71 0 6798.34 657679 103-aaunf 
8900 1.6384e+06 241 6798.34 0.00414938 103 103 0 418 30 23 71 0 6798.34 657679 103-aaunf 
9000 1.6384e+06 241 6798.34 0.00414938 103 103 0 215 26 19 71 0 6798.34 657679 103-aaunf 
9100 1.6384e+06 241 6798.34 0.00414938 103 103 0 156 20 15 71 0 6798.34 657679 103-aaunf 
9200 1.6384e+06 241 6798.34 0.00414938 103 103 0 93 9 6 71 0 6798.34 657679 103-aaunf 
9300 1.6384e+06 241 6798.34 0.00414938 103 103 0 80 9 8 73 0 6798.34 666339 103-aaval 
9400 1.62989e+06 239 6819.61 0.0041841 103 103 0 62 4 2 74 0 6855.23 704957 103-aaxhs 
9500 1.65478e+06 226 7322.05 0.00442478 104 103.999 0 74 5 5 74 0 7322.05 712209 104-aabii 
9600 1.65478e+06 226 7322.05 0.00442478 104 103.999 0 87 5 4 74 0 7322.05 712209 104-aabii 
9700 1.65478e+06 226 7322.05 0.00442478 104 103.999 0 96 12 9 74 0 7322.05 712209 104-aabii 
9800 1.65478e+06 226 7322.05 0.00442478 104 104 0 101 11 7 74 0 7322.05 712209 104-aabii 
9900 1.65478e+06 226 7322.05 0.00442478 104 104 0 84 17 10 74 0 7322.05 712209 104-aabii 
10000 1.65478e+06 226 7322.05 0.00442478 104 104 0 106 6 5 74 0 7322.05 712209 104-aabii 
10100 1.65478e+06 226 7322.05 0.00442478 104 104 0 134 16 13 74 0 7322.05 712209 104-aabii 
10200 1.65478e+06 226 7322.05 0.00442478 104 104 0 129 22 17 75 0 7322.05 745352 104-aabmu 
10300 1.65478e+06 226 7322.05 0.00442478 104 104 0 56 6 4 75 0 7322.05 745352 104-aabmu 
10400 1.65478e+06 226 7322.05 0.00442478 104 104 0 68 10 6 75 0 7322.05 745352 104-aabmu 
10500 1.65478e+06 226 7322.05 0.00442478 104 104 0 66 7 6 79 0 7322.05 790183 104-aaclg 
10600 1.65478e+06 226 7322.05 0.00442478 104 104 0 78 9 5 76 0 7322.05 788522 104-aacji 
10700 1.65478e+06 226 7322.05 0.00442478 104 104 0 100 20 13 76 0 7322.05 788522 104-aacji 
10800 1.65478e+06 228 7257.82 0.00438596 104 104 0 44 5 3 77 0 7257.82 842425 104-aaexm 
10900 1.65478e+06 219 7556.09 0.00456621 105 105 0 44 8 5 80 0 7556.09 839767 105-aaagl 
11000 1.65478e+06 225 7354.6 0.00444444 104 104 0 56 5 4 80 0 7354.6 843997 104-aaexe 
11100 1.65478e+06 225 7354.6 0.00444444 104 104 0 64 4 2 80 0 7354.6 843997 104-aaexe 
11200 1.65478e+06 225 7354.6 0.00444444 104 104 0 48 5 5 80 0 7354.6 843997 104-aaexe 
11300 1.65478e+06 218 7590.75 0.00458716 105 105 0 56 6 3 82 0 7590.75 869645 105-aaanb 
11400 1.65478e+06 219 7556.09 0.00456621 105 105 0 71 9 6 82 0 7556.09 879749 105-aaase 
11500 1.65478e+06 219 7556.09 0.00456621 105 105 0 54 4 4 83 0 7556.09 895793 105-aabat 
11600 1.65478e+06 219 7556.09 0.00456621 105 105 0 49 7 7 83 0 7556.09 895793 105-aabat 
11700 1.65478e+06 219 7556.09 0.00456621 105 105 0 52 2 1 83 0 7556.09 903159 105-aabgl 
11800 1.65478e+06 219 7556.09 0.00456621 105 105 0 88 6 5 83 0 7556.09 903159 105-aabgl 
11900 1.65478e+06 220 7521.75 0.00454545 105 105 0 60 6 5 83 0 7521.75 929553 105-aacev 
12000 1.65478e+06 218 7590.75 0.00458716 105 105 0 59 15 12 82 0 7590.75 883488 105-aaatq 
12100 1.65478e+06 218 7590.75 0.00458716 105 105 0 81 11 10 82 0 7590.75 883488 105-aaatq 
12200 1.68755e+06 220 7670.69 0.00454545 106 105.999 0 56 10 6 81 0 7670.69 899175 106-aaacy 
12300 1.65478e+06 217 7625.73 0.00460829 105 105 0 72 7 5 84 0 7625.73 951739 105-aadcb 
12400 1.67117e+06 218 7665.91 0.00458716 105 105 0 53 4 2 82 0 7665.91 920364 105-aabwo 
12500 1.67117e+06 218 7665.91 0.00458716 105 105 0 62 6 3 82 0 7665.91 920364 105-aabwo 
12600 1.67117e+06 218 7665.91 0.00458716 105 105 0 63 4 3 82 0 7665.91 920364 105-aabwo 
12700 1.67117e+06 219 7630.9 0.00456621 105 105 0 50 1 0 85 0 7630.9 975723 105-aaecj 
12800 1.68755e+06 218 7741.06 0.00458716 106 106 0 54 4 4 84 0 7741.06 1019927 106-aabdk 
12900 1.65478e+06 218 7590.75 0.00458716 105 105 0 49 5 4 85 0 7590.75 1021779 105-aagcn 
13000 1.65478e+06 218 7590.75 0.00458716 105 105 0 59 2 0 89 0 7590.75 1042011 105-aagwx 
13100 1.67117e+06 219 7630.9 0.00456621 105 105 0 81 11 9 85 0 7630.9 975723 105-aaecj 
13200 1.67117e+06 219 7630.9 0.00456621 105 105 0 63 9 6 85 0 7630.9 975723 105-aaecj 
13300 1.65478e+06 216 7661.04 0.00462963 105 105 0 39 3 3 86 0 7661.04 1036891 105-aaguc 
13400 1.65775e+06 220 7535.24 0.00454545 105 105 0 35 6 2 88 0 7596.22 1084859 105-aailk 
13500 1.68755e+06 219 7705.72 0.00456621 105 105 0 40 0 0 89 0 7705.72 1054496 105-aahkq 
13600 1.68755e+06 220 7670.69 0.00454545 106 106 0 45 12 11 86 0 7670.69 1082758 106-aacdy 
13700 1.67117e+06 218 7665.91 0.00458716 105 105 0 42 4 4 87 0 7665.91 1071789 105-aaibn 
13800 1.67117e+06 219 7630.9 0.00456621 105 105 0 45 8 4 89 0 7630.9 1119552 105-aajsv 
13900 1.67117e+06 219 7630.9 0.00456621 105 105 0 61 8 6 89 0 7630.9 1119552 105-aajsv 
14000 1.67117e+06 219 7630.9 0.00456621 105 105 0 61 2 1 89 0 7630.9 1119552 105-aajsv 
14100 1.67117e+06 217 7701.24 0.00460829 105 105 0 53 8 4 89 0 7701.24 1118302 105-aajsg 
14200 1.68755e+06 219 7705.72 0.00456621 106 106 0 49 6 4 88 0 7705.72 1119631 106-aacvp 
14300 1.68755e+06 219 7705.72 0.00456621 105 105 0 57 9 8 93 0 7705.72 1149213 105-aakwc 
14400 1.68755e+06 220 7670.69 0.00454545 106 106 0 57 1 1 98 0 7670.69 1173908 106-aadzn 
14500 1.6384e+06 215 7620.47 0.00465116 105 105 0 43 5 4 89 0 7620.47 1188925 105-aameg 
14600 1.6384e+06 215 7620.47 0.00465116 105 105 0 51 3 2 89 0 7620.47 1188925 105-aameg 
14700 1.6384e+06 215 7620.47 0.00465116 105 105 0 50 4 3 89 0 7620.47 1188925 105-aameg 
14800 1.68755e+06 220 7670.69 0.00454545 106 106 0 43 5 3 101 0 7670.69 1185873 106-aaefa 
14900 1.67597e+06 216.293 7748.57 0.00462337 106 106 0 51 8 4 91 0 7776.74 1195737 106-aaekf 
15000 1.68755e+06 220 7670.69 0.00454545 106 106 0 49 7 6 99 0 7670.69 1220378 106-aafac 
15100 1.68755e+06 215 7849.08 0.00465116 106 106 0 32 1 0 94 0 7849.08 1238492 106-aafms 
15200 1.68755e+06 219 7705.72 0.00456621 105 105 0 38 5 3 94 0 7705.72 1233658 105-aanno 
15300 1.67117e+06 219 7630.9 0.00456621 105 105 0 44 4 3 97 0 7630.9 1252224 105-aaofn 
15400 1.6384e+06 217 7550.23 0.00460829 105 105 0 62 10 7 99 0 7550.23 1253494 105-aaodr 
15500 1.6384e+06 217 7550.23 0.00460829 105 105 0 45 7 6 99 0 7550.23 1253494 105-aaodr 
15600 1.6384e+06 217 7550.23 0.00460829 105 105 0 55 9 6 99 0 7550.23 1253494 105-aaodr 
15700 1.67117e+06 214 7809.2 0.0046729 105 105 0 45 4 3 95 0 7809.2 1287468 105-aapgc 
15800 1.67117e+06 214 7809.2 0.0046729 105 105 0 71 11 4 95 0 7809.2 1287468 105-aapgc 
15900 1.67117e+06 214 7809.2 0.0046729 105 105 0 67 8 7 95 0 7809.2 1287468 105-aapgc 
16000 1.67117e+06 214 7809.2 0.0046729 105 105 0 72 9 7 95 0 7809.2 1287468 105-aapgc 
16100 1.67117e+06 214 7809.2 0.0046729 105 105 0 77 14 9 95 0 7809.2 1287468 105-aapgc 
16200 1.67117e+06 214 7809.2 0.0046729 105 105 0 41 6 3 95 0 7809.2 1287468 105-aapgc 
16300 1.68755e+06 218 7741.06 0.00458716 106 106 0 49 12 9 97 0 7741.06 1348414 106-aaieb 
16400 1.67117e+06 214 7809.2 0.0046729 105 105 0 78 8 5 96 0 7809.2 1367839 105-aarrv 
16500 1.68755e+06 221 7635.98 0.00452489 106 106 0 44 8 4 100 0 7635.98 1372644 106-aaitm 
16600 1.67117e+06 214 7809.2 0.0046729 105 105 0 47 5 4 96 0 7809.2 1367839 105-aarrv 
16700 1.67117e+06 215 7772.87 0.00465116 105 105 0 57 1 1 99 0 7772.87 1379717 105-aarzh 
16800 1.68755e+06 217 7776.74 0.00460829 106 106 0 71 11 8 102 0 7776.74 1392272 106-aajgj 
16900 1.67117e+06 214 7809.2 0.0046729 105 105 0 64 11 7 97 0 7809.2 1401631 105-aaspz 
17000 1.67117e+06 214 7809.2 0.0046729 105 105 0 61 9 7 97 0 7809.2 1401631 105-aaspz 
17100 1.65478e+06 216 7661.04 0.00462963 104 104 0 41 0 0 100 0 7661.04 1417913 104-aajyk 
17200 1.65478e+06 216 7661.04 0.00462963 105 105 0 45 5 4 97 0 7661.04 1388183 105-aases 
17300 1.70394e+06 219 7780.53 0.00456621 106 106 0 51 5 5 108 0 7780.53 1394699 106-aajim 
17400 1.67117e+06 218 7665.91 0.00458716 105 105 0 53 5 4 103 0 7665.91 1402717 105-aasty 
17500 1.68755e+06 214 7885.76 0.0046729 106 106 0 50 1 1 104 0 7885.76 1457245 106-aakor 
17600 1.68755e+06 214 7885.76 0.0046729 106 106 0 79 14 9 104 0 7885.76 1457245 106-aakor 
17700 1.68755e+06 214 7885.76 0.0046729 106 106 0 97 11 8 104 0 7885.76 1457245 106-aakor 
17800 1.70394e+06 218 7816.22 0.00458716 107 107 0 45 11 7 105 0 7816.22 1443075 107-aaayf 
17900 1.68755e+06 214 7885.76 0.0046729 106 106 0 66 12 11 105 0 7885.76 1489218 106-aalep 
18000 1.70394e+06 218 7816.22 0.00458716 107 107 0 61 12 4 106 0 7816.22 1512085 107-aabfq 
18100 1.67117e+06 213 7845.86 0.00469484 105 105 0 65 8 6 99 0 7845.86 1471419 105-aauxw 
18200 1.70394e+06 218 7816.22 0.00458716 107 107 0 62 8 5 106 0 7816.22 1512085 107-aabfq 
18300 1.67609e+06 215.3 7784.85 0.0046447 105 105 0 67 4 3 115 0 7812.74 1545065 105-aaxig 
18400 1.70394e+06 218 7816.22 0.00458716 107 107 0 61 8 7 105 0 7816.22 1443075 107-aaayf 
18500 1.70394e+06 219 7780.53 0.00456621 106 106 0 46 1 1 114 0 7780.53 1530019 106-aalzr 
18600 1.70394e+06 219 7780.53 0.00456621 106 106 0 53 11 8 114 0 7780.53 1530019 106-aalzr 
18700 1.64693e+06 211.521 7786.11 0.00472769 104 104 0 55 14 12 115 0 7805.58 1572569 104-aakrn 
18800 1.67952e+06 215.51 7793.2 0.00464018 105 105 0 67 3 3 113 0 7812.74 1588845 105-aaylz 
18900 1.70394e+06 219 7780.53 0.00456621 107 107 0 40 7 5 108 0 7780.53 1542886 107-aabme 
19000 1.70394e+06 218 7816.22 0.00458716 107 107 0 50 8 4 107 0 7816.22 1589307 107-aacav 
19100 1.70394e+06 218 7816.22 0.00458716 107 107 0 86 7 6 107 0 7816.22 1589307 107-aacav 
19200 1.70394e+06 218 7816.22 0.00458716 107 107 0 66 8 5 107 0 7816.22 1589307 107-aacav 
19300 1.70394e+06 218 7816.22 0.00458716 107 107 0 58 2 1 107 0 7816.22 1589307 107-aacav 
19400 1.66333e+06 212.522 7826.6 0.00470542 104 104 0 58 7 5 119 0 7845.86 1632617 104-aalbu 
19500 1.68755e+06 218 7741.06 0.00458716 105 105 0 40 4 2 117 0 7741.06 1652449 105-abaap 
19600 1.68755e+06 215 7849.08 0.00465116 106 106 0 42 3 3 111 0 7849.08 1644038 106-aanyn 
19700 1.68755e+06 215 7849.08 0.00465116 106 106 0 61 10 8 111 0 7849.08 1644038 106-aanyn 
19800 1.68755e+06 215 7849.08 0.00465116 106 106 0 57 6 5 111 0 7849.08 1644038 106-aanyn 
19900 1.68755e+06 215 7849.08 0.00465116 106 106 0 45 4 1 111 0 7849.08 1644038 106-aanyn 
20000 1.67975e+06 215.524 7793.75 0.00463989 105 105 0 59 6 5 116 0 7812.74 1655915 105-abacu 
20100 1.67981e+06 215.528 7793.91 0.0046398 105 105 0 51 5 3 116 0 7812.74 1655915 105-abacu 
20200 1.67974e+06 214.523 7830.07 0.00466152 105 105 0 92 20 17 117 0 7849.08 1685537 105-abavq 
20300 1.67977e+06 214.525 7830.15 0.00466148 105 105 0 43 3 2 117 0 7849.08 1685537 105-abavq 
20400 1.68755e+06 215 7849.08 0.00465116 106 106 0 41 6 4 114 0 7849.08 1694747 106-aaoti 
20500 1.70394e+06 217 7852.24 0.00460829 107 107 0 41 6 6 120 0 7852.24 1735936 107-aaduw 
20600 1.70394e+06 217 7852.24 0.00460829 107 107 0 52 3 1 120 0 7852.24 1735936 107-aaduw 
20700 1.65478e+06 213 7768.94 0.00469484 105 105 0 48 3 2 128 0 7768.94 1776606 105-abddv 
20800 1.70394e+06 216 7888.59 0.00462963 106 106 0 42 8 5 128 0 7888.59 1778131 106-aaqju 
20900 1.70394e+06 216 7888.59 0.00462963 106 106 0 97 12 7 128 0 7888.59 1778131 106-aaqju 
21000 1.70394e+06 216 7888.59 0.00462963 106 106 0 77 6 6 128 0 7888.59 1778131 106-aaqju 
21100 1.70394e+06 216 7888.59 0.00462963 106 106 0 55 5 1 129 0 7888.59 1789444 106-aaqqc 
21200 1.70394e+06 218 7816.22 0.00458716 107 107 0 42 6 5 114 0 7816.22 1791168 107-aaeih 
21300 1.65478e+06 213 7768.94 0.00469484 105 105 0 44 2 1 131 0 7768.94 1810005 105-abdym 
21400 1.68755e+06 215 7849.08 0.00465116 106 106 0 40 6 4 116 0 7849.08 1850869 106-aascu 
21500 1.67117e+06 215 7772.87 0.00465116 104 104 0 44 13 10 124 0 7772.87 1812800 104-aalzp 
21600 1.67615e+06 212.304 7895 0.00471025 106 106 0 61 7 4 121 0 7922.78 1850211 106-aascq 
21700 1.68755e+06 214 7885.76 0.0046729 106 106 0 50 6 4 133 0 7885.76 1870267 106-aasrt 
21800 1.68755e+06 215 7849.08 0.00465116 106 106 0 46 9 7 123 0 7849.08 1862781 106-aaslm 
21900 1.67612e+06 212.302 7894.94 0.00471028 106 106 0 46 4 2 121 0 7922.78 1850211 106-aascq 
22000 1.67117e+06 216 7736.89 0.00462963 104 104 0 47 9 7 128 0 7736.89 1880299 104-aammk 
22100 1.65189e+06 213.307 7744.22 0.00468811 104 104 0 46 6 6 128 0 7768.94 1887691 104-aamnu 
22200 1.70394e+06 216 7888.59 0.00462963 106 106 0 72 5 3 131 0 7888.59 1835975 106-aarum 
22300 1.68755e+06 215 7849.08 0.00465116 106 106 0 74 9 3 125 0 7849.08 1917522 106-aaugn 
22400 1.65478e+06 210 7879.92 0.0047619 105 105.003 0 45 6 3 123 0 7879.92 1881796 105-abfft 
22500 1.68755e+06 215 7849.08 0.00465116 106 106 0 83 5 3 125 0 7849.08 1926563 106-aaupa 
22600 1.68755e+06 215 7849.08 0.00465116 106 106 0 74 10 7 125 0 7849.08 1926563 106-aaupa 
22700 1.67621e+06 212.307 7895.14 0.00471017 106 106 0 58 2 1 125 0 7922.78 1958113 106-aavud 
22800 1.75309e+06 219 8004.97 0.00456621 109 109 0 55 2 2 132 0 8004.97 1977149 109-aaacj 
22900 1.65478e+06 210 7879.92 0.0047619 105 105.001 0 63 3 2 123 0 7879.92 1881796 105-abfft 
23000 1.65478e+06 210 7879.92 0.0047619 105 105.001 0 82 11 8 123 0 7879.92 1881796 105-abfft 
23100 1.75309e+06 219 8004.97 0.00456621 109 109 0 42 3 2 132 0 8004.97 1977149 109-aaacj 
23200 1.70394e+06 217 7852.24 0.00460829 106 106 0 57 10 8 134 0 7852.24 1987586 106-aawyg 
23300 1.65478e+06 211 7842.58 0.00473934 105 105 0 29 1 1 125 0 7842.58 2038566 105-abhff 
23400 1.68755e+06 215 7849.08 0.00465116 106 106 0 38 0 0 130 0 7849.08 2014764 106-aaxys 
23500 1.70394e+06 215 7925.28 0.00465116 106 106 0 50 6 5 134 0 7925.28 2044627 106-aayxv 
23600 1.70394e+06 215 7925.28 0.00465116 106 106 0 40 5 3 134 0 7925.28 2044627 106-aayxv 
23700 1.68755e+06 216 7812.74 0.00462963 106 106 0 42 4 3 131 0 7812.74 2051806 106-aazdc 
23800 1.75309e+06 220 7968.58 0.00454545 109 109 0 54 4 3 137 0 7968.58 2074705 109-aaahq 
23900 1.75309e+06 220 7968.58 0.00454545 109 109 0 59 7 6 137 0 7968.58 2074705 109-aaahq 
24000 1.68755e+06 217 7776.74 0.00460829 106 106 0 56 9 6 122 0 7776.74 2039473 106-aaysh 
24100 1.68755e+06 213 7922.78 0.00469484 106 106 0 66 1 1 134 0 7922.78 2092069 106-abaie 
24200 1.68755e+06 213 7922.78 0.00469484 106 106 0 48 4 1 134 0 7922.78 2092069 106-abaie 
24300 1.68755e+06 213 7922.78 0.00469484 106 106 0 75 9 6 134 0 7922.78 2092069 106-abaie 
24400 1.68755e+06 213 7922.78 0.00469484 106 106 0 54 3 3 134 0 7922.78 2092069 106-abaie 
24500 1.70861e+06 216.285 7899.75 0.00462355 108 108 0 64 2 2 133 0 7927.74 2112124 108-aabar 
24600 1.70883e+06 216.298 7900.28 0.00462326 108 108 0 64 6 6 133 0 7927.74 2112124 108-aabar 
24700 1.70394e+06 215 7925.28 0.00465116 106 106 0 43 1 1 140 0 7925.28 2167099 106-abccw 
24800 1.70394e+06 215 7925.28 0.00465116 106 106 0 61 4 1 140 0 7925.28 2167099 106-abccw 
24900 1.70892e+06 216.304 7900.5 0.00462314 108 108 0 63 7 5 133 0 7927.74 2112124 108-aabar 
25000 1.70892e+06 216.304 7900.51 0.00462313 108 108 0 69 5 1 133 0 7927.74 2112124 108-aabar 
25100 1.70892e+06 216.304 7900.51 0.00462313 108 108 0 72 9 4 133 0 7927.74 2112124 108-aabar 
25200 1.70892e+06 216.304 7900.5 0.00462314 108 108 0 104 10 7 133 0 7927.74 2112124 108-aabar 
25300 1.70893e+06 216.305 7900.53 0.00462312 108 108 0 101 15 9 133 0 7927.74 2112124 108-aabar 
25400 1.70892e+06 216.304 7900.5 0.00462314 108 108 0 87 13 11 133 0 7927.74 2112124 108-aabar 
25500 1.70893e+06 216.305 7900.52 0.00462313 108 108 0 72 7 6 133 0 7927.74 2112124 108-aabar 
25600 1.70892e+06 216.304 7900.5 0.00462314 108 108 0 61 12 7 133 0 7927.74 2112124 108-aabar 
25700 1.7092e+06 215.321 7937.85 0.00464425 108 108 0 49 1 1 137 0 7964.44 2262011 108-aabrv 
25800 1.70914e+06 215.318 7937.72 0.00464432 108 108 0 75 9 7 137 0 7964.44 2262011 108-aabrv 
25900 1.68755e+06 217 7776.74 0.00460829 105 105 0 58 12 8 138 0 7776.74 2259247 105-abklu 
26000 1.68755e+06 213 7922.78 0.00469484 106 106 0 54 8 7 139 0 7922.78 2252116 106-abelk 
26100 1.70394e+06 216 7888.59 0.00462963 106 106 0 50 5 4 143 0 7888.59 2279980 106-abfdw 
26200 1.72543e+06 220.312 7831.73 0.00453904 108 108 0 52 4 2 149 0 7858.39 2304183 108-aacbp 
26300 1.75309e+06 221 7932.52 0.00452489 110 110 0 56 10 6 157 0 7932.52 2305653 110-aaaxx 
26400 1.72032e+06 217 7927.74 0.00460829 107 106.999 0 62 2 1 136 0 7927.74 2248184 107-aahgx 
26500 1.72032e+06 217 7927.74 0.00460829 107 106.999 0 42 6 5 136 0 7927.74 2248184 107-aahgx 
26600 1.75309e+06 222 7896.79 0.0045045 109 109 0 52 7 4 151 0 7896.79 2328001 109-aacip 
26700 1.75309e+06 221 7932.52 0.00452489 110 110 0 39 1 1 153 0 7932.52 2326814 110-aabcm 
26800 1.70394e+06 215 7925.28 0.00465116 108 108 0 60 11 7 137 0 7925.28 2355312 108-aacmg 
26900 1.70394e+06 215 7925.28 0.00465116 108 108 0 35 9 5 137 0 7925.28 2355312 108-aacmg 
27000 1.75309e+06 217 8078.75 0.00460829 110 110 0 62 4 2 158 0 8078.75 2366452 110-aabno 
27100 1.75309e+06 217 8078.75 0.00460829 110 110 0 46 11 6 158 0 8078.75 2366452 110-aabno 
27200 1.70394e+06 216 7888.59 0.00462963 108 108 0 51 7 5 137 0 7888.59 2349865 108-aackq 
27300 1.7367e+06 221 7858.39 0.00452489 109 109 0 49 11 8 146 0 7858.39 2369388 109-aacru 
27400 1.76947e+06 223 7934.85 0.0044843 110 110 0 43 6 4 151 0 7934.85 2398772 110-aabxc 
27500 1.74523e+06 222.52 7842.97 0.00449399 109 109 0 33 3 1 154 0 7861.38 2433665 109-aadgq 
27600 1.75309e+06 217 8078.75 0.00460829 110 110 0 51 5 3 161 0 8078.75 2403440 110-aabyq 
27700 1.68755e+06 213 7922.78 0.00469484 105 105 0 56 9 7 144 0 7922.78 2372665 105-ablmi 
27800 1.68755e+06 213 7922.78 0.00469484 105 105 0 73 10 6 144 0 7922.78 2372665 105-ablmi 
27900 1.68755e+06 213 7922.78 0.00469484 105 105 0 46 3 1 144 0 7922.78 2372665 105-ablmi 
28000 1.68755e+06 213 7922.78 0.00469484 105 105 0 51 8 6 144 0 7922.78 2372665 105-ablmi 
28100 1.75309e+06 218 8041.69 0.00458716 110 110 0 50 2 2 166 0 8041.69 2475371 110-aadde 
28200 1.7367e+06 216 8040.3 0.00462963 109 109.006 0 40 3 2 164 0 8040.3 2495250 109-aadtw 
28300 1.70394e+06 214 7962.32 0.0046729 106 106 0 54 5 4 155 0 7962.32 2495041 106-abize 
28400 1.76947e+06 221 8006.66 0.00452489 111 111 0 51 5 1 160 0 8006.66 2476185 111-aaanj 
28500 1.75309e+06 219 8004.97 0.00456621 110 110 0 65 4 2 163 0 8004.97 2491136 110-aadju 
28600 1.7367e+06 217 8003.24 0.00460829 110 110 0 52 6 4 163 0 8003.24 2520215 110-aadxv 
28700 1.7367e+06 217 8003.24 0.00460829 110 110 0 38 4 3 163 0 8003.24 2520215 110-aadxv 
28800 1.70394e+06 218 7816.22 0.00458716 108 108.001 0 41 6 5 147 0 7816.22 2525420 108-aadqd 
28900 1.70394e+06 217 7852.24 0.00460829 106 106 0 35 5 4 159 0 7852.24 2556509 106-abjzz 
29000 1.76947e+06 219 8079.78 0.00456621 110 110 0 38 3 2 160 0 8079.78 2436395 110-aacly 
29100 1.75309e+06 218 8041.69 0.00458716 110 110 0 37 3 3 165 0 8041.69 2591320 110-aafoi 
29200 1.7646e+06 219.703 8031.74 0.00455162 110 110 0 43 7 5 166 0 8043.05 2590581 110-aafnk 
29300 1.75309e+06 216 8116.15 0.00462963 110 110 0 52 9 7 164 0 8116.15 2527294 110-aaecd 
29400 1.75309e+06 216 8116.15 0.00462963 110 110 0 58 2 0 164 0 8116.15 2527294 110-aaecd 
29500 1.75309e+06 216 8116.15 0.00462963 110 110 0 61 8 7 164 0 8116.15 2527294 110-aaecd 
29600 1.75309e+06 216 8116.15 0.00462963 110 110 0 76 8 5 164 0 8116.15 2527294 110-aaecd 
29700 1.75309e+06 216 8116.15 0.00462963 110 110 0 65 2 1 164 0 8116.15 2527294 110-aaecd 
29800 1.76447e+06 219.695 8031.42 0.00455179 110 110 0 55 12 11 166 0 8043.05 2590581 110-aafnk 
29900 1.7452e+06 217.518 8023.18 0.00459734 109 109.005 0 60 2 1 167 0 8041.69 2650248 109-aaevn 
30000 1.68004e+06 215.541 7794.45 0.00463951 108 108 0 49 3 1 175 0 7812.74 2678449 108-aadxl 
30100 1.75309e+06 218 8041.69 0.00458716 110 110 0 46 5 3 170 0 8041.69 2647578 110-aahgb 
30200 1.70394e+06 216 7888.59 0.00462963 106 106 0 54 3 3 170 0 7888.59 2683452 106-ablos 
30300 1.70394e+06 216 7888.59 0.00462963 106 106 0 58 11 9 170 0 7888.59 2683452 106-ablos 
30400 1.70394e+06 216 7888.59 0.00462963 106 106 0 43 7 7 170 0 7888.59 2683452 106-ablos 
30500 1.76947e+06 218 8116.84 0.00458716 110 110 0 33 4 3 168 0 8116.84 2705917 110-aaizq 
30600 1.70394e+06 216 7888.59 0.00462963 106 106 0 34 6 4 170 0 7888.59 2683452 106-ablos 
30700 1.70394e+06 216 7888.59 0.00462963 106 106 0 35 4 2 167 0 7888.59 2690791 106-ablqx 
30800 1.70394e+06 216 7888.59 0.00462963 106 106 0 45 6 6 167 0 7888.59 2690791 106-ablqx 
30900 1.68755e+06 216 7812.74 0.00462963 106 106 0 58 14 7 157 0 7812.74 2737690 106-abmhd 
31000 1.76947e+06 218 8116.84 0.00458716 110 110 0 45 11 6 169 0 8116.84 2760162 110-aakeh 
31100 1.75309e+06 217 8078.75 0.00460829 110 110 0 46 2 0 173 0 8078.75 2764965 110-aakgk 
31200 1.75309e+06 217 8078.75 0.00460829 110 110 0 56 3 2 173 0 8078.75 2764965 110-aakgk 
31300 1.70394e+06 216 7888.59 0.00462963 106 106 0 38 3 2 167 0 7888.59 2690791 106-ablqx 
31400 1.70394e+06 216 7888.59 0.00462963 106 106 0 37 2 1 171 0 7888.59 2792875 106-abnjc 
31500 1.75309e+06 217 8078.75 0.00460829 110 110 0 40 1 1 174 0 8078.75 2811743 110-aaldy 
31600 1.76947e+06 219 8079.78 0.00456621 110 110 0 36 7 6 174 0 8079.78 2817826 110-aalgf 
31700 1.70394e+06 216 7888.59 0.00462963 106 106 0 36 1 1 175 0 7888.59 2833367 106-aboel 
31800 1.76947e+06 218 8116.84 0.00458716 110 110 0 38 7 7 174 0 8116.84 2813299 110-aalfa 
31900 1.70394e+06 217 7852.24 0.00460829 106 106 0 39 0 0 172 0 7852.24 2833068 106-abodn 
32000 1.75309e+06 220 7968.58 0.00454545 110 110 0 47 9 8 177 0 7968.58 2854785 110-aalyq 
32100 1.70394e+06 219 7780.53 0.00456621 106 106 0 47 3 1 175 0 7780.53 2851587 106-abomp 
32200 1.75309e+06 220 7968.58 0.00454545 109 109.004 0 45 2 1 177 0 7968.58 2854846 109-aagxn 
32300 1.75309e+06 217 8078.75 0.00460829 110 110 0 34 3 2 174 0 8078.75 2811743 110-aaldy 
32400 1.76947e+06 221 8006.66 0.00452489 110 110 0 42 7 4 179 0 8006.66 2877523 110-aamkc 
32500 1.74554e+06 220.539 7914.83 0.00453436 109 109 0 40 6 6 180 0 7932.52 2903701 109-aahng 
32600 1.76947e+06 221 8006.66 0.00452489 110 110 0 42 4 3 179 0 8006.66 2921280 110-aanja 
32700 1.75309e+06 217 8078.75 0.00460829 110 110 0 81 9 7 176 0 8078.75 2921737 110-aanjn 
32800 1.75309e+06 217 8078.75 0.00460829 110 110 0 49 6 3 176 0 8078.75 2921737 110-aanjn 
32900 1.75309e+06 217 8078.75 0.00460829 110 110 0 54 11 10 176 0 8078.75 2921737 110-aanjn 
33000 1.72032e+06 218 7891.38 0.00458716 109 109 0 43 2 1 182 0 7891.38 2933622 109-aahxv 
33100 1.76947e+06 218 8116.84 0.00458716 111 111 0 42 11 10 180 0 8116.84 2973327 111-aacfz 
33200 1.70394e+06 215 7925.28 0.00465116 106 106 0 40 3 2 175 0 7925.28 2854059 106-abons 
33300 1.7289e+06 216.524 7984.76 0.00461846 108 108 0 35 2 2 182 0 8003.24 2973119 108-aaeuf 
33400 1.76947e+06 220 8043.05 0.00454545 110 110.003 0 69 19 15 188 0 8043.05 2984111 110-aapdd 
33500 1.76947e+06 220 8043.05 0.00454545 110 110.002 0 53 11 8 188 0 8043.05 2984111 110-aapdd 
33600 1.76947e+06 220 8043.05 0.00454545 110 110.001 0 61 4 1 188 0 8043.05 2984111 110-aapdd 
33700 1.76947e+06 217 8154.25 0.00460829 110 110 0 95 20 16 179 0 8154.25 2989747 110-aapjf 
33800 1.76947e+06 217 8154.25 0.00460829 110 110 0 53 4 2 179 0 8154.25 2989747 110-aapjf 
33900 1.75309e+06 220 7968.58 0.00454545 109 109 0 35 2 0 185 0 7968.58 3018037 109-aajgm 
34000 1.75309e+06 216 8116.15 0.00462963 110 110 0 52 3 2 180 0 8116.15 2978552 110-aaozl 
34100 1.75309e+06 216 8116.15 0.00462963 110 110 0 55 3 3 180 0 8116.15 2978552 110-aaozl 
34200 1.75309e+06 216 8116.15 0.00462963 110 110 0 80 13 7 180 0 8116.15 2978552 110-aaozl 
34300 1.76947e+06 217 8154.25 0.00460829 110 110 0 43 4 4 179 0 8154.25 2989747 110-aapjf 
34400 1.76947e+06 222 7970.59 0.0045045 110 110 0 35 9 7 190 0 7970.59 3091740 110-aasbr 
34500 1.75309e+06 218 8041.69 0.00458716 109 109 0 42 2 2 184 0 8041.69 3106267 109-aakqs 
34600 1.78586e+06 221 8080.8 0.00452489 111 111 0 58 5 4 185 0 8080.8 3106457 111-aadik 
34700 1.78586e+06 221 8080.8 0.00452489 111 111 0 44 6 6 185 0 8080.8 3106457 111-aadik 
34800 1.7367e+06 215 8077.69 0.00465116 109 109 0 41 5 3 182 0 8077.69 3108150 109-aaksj 
34900 1.7367e+06 215 8077.69 0.00465116 109 109 0 63 9 6 182 0 8077.69 3108150 109-aaksj 
35000 1.72032e+06 217 7927.74 0.00460829 108 108.005 0 44 12 8 188 0 7927.74 3107166 108-aafnp 
35100 1.76947e+06 218 8116.84 0.00458716 110 110 0 41 11 7 182 0 8116.84 3147231 110-aaths 
35200 1.7367e+06 215 8077.69 0.00465116 109 109 0 48 10 6 182 0 8077.69 3108150 109-aaksj 
35300 1.72032e+06 217 7927.74 0.00460829 107 107 0 36 3 3 195 0 7927.74 3186326 107-aakjb 
35400 1.7367e+06 219 7930.16 0.00456621 108 108.004 0 46 13 10 188 0 7930.16 3154052 108-aafuk 
35500 1.76947e+06 219 8079.78 0.00456621 110 110 0 48 3 2 186 0 8079.78 3100302 110-aashu 
35600 1.72032e+06 218 7891.38 0.00458716 107 107.005 0 41 7 6 194 0 7891.38 3175399 107-aakit 
35700 1.76947e+06 217 8154.25 0.00460829 110 110 0 40 4 2 183 0 8154.25 3172189 110-aatuh 
35800 1.76947e+06 219 8079.78 0.00456621 110 110 0 47 11 8 186 0 8079.78 3193561 110-aaufg 
35900 1.7367e+06 219 7930.16 0.00456621 108 108.001 0 35 3 3 188 0 7930.16 3154052 108-aafuk 
36000 1.7367e+06 219 7930.16 0.00456621 108 108.001 0 43 7 5 188 0 7930.16 3154052 108-aafuk 
36100 1.75309e+06 217 8078.75 0.00460829 111 110.993 0 46 7 6 184 0 8078.75 3225729 111-aafay 
36200 1.75309e+06 217 8078.75 0.00460829 111 110.995 0 50 5 3 184 0 8078.75 3225729 111-aafay 
36300 1.76947e+06 217 8154.25 0.00460829 110 110 0 44 9 7 184 0 8154.25 3257614 110-aavto 
36400 1.76947e+06 217 8154.25 0.00460829 110 110 0 71 5 4 184 0 8154.25 3257614 110-aavto 
36500 1.75309e+06 217 8078.75 0.00460829 111 110.996 0 51 3 2 184 0 8078.75 3225729 111-aafay 
36600 1.76947e+06 217 8154.25 0.00460829 110 110 0 52 8 7 183 0 8154.25 3180300 110-aatyw 
36700 1.75309e+06 217 8078.75 0.00460829 110 110 0 43 3 1 186 0 8078.75 3270400 110-aawcz 
36800 1.76947e+06 218 8116.84 0.00458716 110 110 0 47 5 3 187 0 8116.84 3308583 110-aaxbd 
36900 1.76947e+06 218 8116.84 0.00458716 110 110 0 54 6 5 187 0 8116.84 3308583 110-aaxbd 
37000 1.76947e+06 217 8154.25 0.00460829 110 110 0 67 12 7 183 0 8154.25 3180300 110-aatyw 
37100 1.75309e+06 218 8041.69 0.00458716 109 109 0 78 11 10 186 0 8041.69 3294028 109-aanue 
37200 1.76947e+06 217 8154.25 0.00460829 110 110 0 55 0 0 189 0 8154.25 3329581 110-aaxst 
37300 1.80224e+06 218 8267.16 0.00458716 113 113 0 64 4 2 195 0 8267.16 3317671 113-aaage 
37400 1.80224e+06 218 8267.16 0.00458716 113 113 0 99 14 10 195 0 8267.16 3317671 113-aaage 
37500 1.80224e+06 218 8267.16 0.00458716 113 113 0 96 12 10 195 0 8267.16 3317671 113-aaage 
37600 1.80224e+06 218 8267.16 0.00458716 113 113 0 122 6 5 195 0 8267.16 3317671 113-aaage 
37700 1.80224e+06 218 8267.16 0.00458716 113 113 0 80 9 7 195 0 8267.16 3317671 113-aaage 
37800 1.80224e+06 218 8267.16 0.00458716 113 113 0 110 16 13 195 0 8267.16 3317671 113-aaage 
37900 1.80224e+06 218 8267.16 0.00458716 113 113 0 47 6 3 195 0 8267.16 3317671 113-aaage 
38000 1.76947e+06 219 8079.78 0.00456621 110 110 0 52 3 3 186 0 8079.78 3415792 110-abajo 
38100 1.76947e+06 219 8079.78 0.00456621 110 110 0 51 9 5 186 0 8079.78 3415792 110-abajo 
38200 1.75309e+06 218 8041.69 0.00458716 109 109.003 0 59 8 2 193 0 8041.69 3422973 109-aapqp 
38300 1.76947e+06 219 8079.78 0.00456621 110 110 0 52 2 0 188 0 8079.78 3436252 110-abaxj 
38400 1.75309e+06 218 8041.69 0.00458716 109 109.001 0 49 6 5 193 0 8041.69 3422973 109-aapqp 
38500 1.76947e+06 218 8116.84 0.00458716 110 110 0 57 9 7 187 0 8116.84 3479681 110-abcch 
38600 1.78586e+06 217 8229.75 0.00460829 112 112 0 46 4 3 198 0 8229.75 3487948 112-aaavh 
38700 1.80224e+06 218 8267.16 0.00458716 113 113 0 52 2 0 198 0 8267.16 3456152 113-aaauf 
38800 1.76947e+06 220 8043.05 0.00454545 110 110 0 37 6 4 191 0 8043.05 3524317 110-abdjd 
38900 1.76947e+06 220 8043.05 0.00454545 110 110 0 74 8 4 189 0 8043.05 3494186 110-abcnv 
39000 1.76947e+06 217 8154.25 0.00460829 110 110 0 60 12 9 189 0 8154.25 3464622 110-abbrh 
39100 1.80224e+06 219 8229.41 0.00456621 113 113 0 84 13 9 201 0 8229.41 3519473 113-aabje 
39200 1.80224e+06 219 8229.41 0.00456621 113 113 0 64 4 2 201 0 8229.41 3519473 113-aabje 
39300 1.80224e+06 219 8229.41 0.00456621 113 113 0 70 12 10 201 0 8229.41 3519473 113-aabje 
39400 1.80224e+06 218 8267.16 0.00458716 113 113 0 63 3 1 199 0 8267.16 3548255 113-aabrh 
39500 1.80224e+06 219 8229.41 0.00456621 113 113 0 44 4 3 201 0 8229.41 3519473 113-aabje 
39600 1.76947e+06 217 8154.25 0.00460829 110 110 0 49 10 9 191 0 8154.25 3541406 110-abdvn 
39700 1.78586e+06 219 8154.59 0.00456621 112 112 0 35 0 0 204 0 8154.59 3596799 112-aabgj 
39800 1.80224e+06 218 8267.16 0.00458716 113 113 0 70 9 5 204 0 8267.16 3612204 113-aacpk 
39900 1.80224e+06 218 8267.16 0.00458716 113 113 0 49 3 3 204 0 8267.16 3612204 113-aacpk 
40000 1.80224e+06 218 8267.16 0.00458716 113 113 0 87 18 13 204 0 8267.16 3612204 113-aacpk 
40100 1.80224e+06 218 8267.16 0.00458716 113 113 0 51 8 5 204 0 8267.16 3612204 113-aacpk 
40200 1.75309e+06 217 8078.75 0.00460829 109 109 0 57 7 4 192 0 8078.75 3633794 109-aasde 
40300 1.80224e+06 218 8267.16 0.00458716 113 113 0 51 4 3 204 0 8267.16 3659057 113-aadky 
40400 1.81862e+06 219 8304.22 0.00456621 113 113 0 69 8 4 204 0 8304.22 3646342 113-aadfw 
40500 1.81862e+06 220 8266.47 0.00454545 113 113.002 0 53 4 2 210 0 8266.47 3651265 113-aadhd 
40600 1.81862e+06 220 8266.47 0.00454545 113 113.001 0 50 4 3 210 0 8266.47 3651265 113-aadhd 
40700 1.83501e+06 221 8303.2 0.00452489 114 113.993 0 46 9 6 206 0 8303.2 3692457 114-aaatk 
40800 1.83501e+06 221 8303.2 0.00452489 114 113.997 0 81 3 3 206 0 8303.2 3692457 114-aaatk 
40900 1.83501e+06 221 8303.2 0.00452489 114 113.998 0 44 11 9 206 0 8303.2 3692457 114-aaatk 
41000 1.83501e+06 221 8303.2 0.00452489 114 113.998 0 53 1 1 206 0 8303.2 3692457 114-aaatk 
41100 1.81862e+06 221 8229.07 0.00452489 113 113 0 46 6 5 212 0 8229.07 3709494 113-aaekw 
41200 1.81862e+06 221 8229.07 0.00452489 113 113 0 64 3 2 212 0 8229.07 3709494 113-aaekw 
41300 1.81862e+06 221 8229.07 0.00452489 113 113 0 80 11 10 212 0 8229.07 3709494 113-aaekw 
41400 1.81862e+06 221 8229.07 0.00452489 113 113 0 84 8 7 212 0 8229.07 3709494 113-aaekw 
41500 1.81862e+06 219 8304.22 0.00456621 113 113 0 43 8 5 216 0 8304.22 3758449 113-aafkd 
41600 1.85139e+06 223 8302.21 0.0044843 115 115 0 48 7 6 216 0 8302.21 3786072 115-aaaqg 
41700 1.81862e+06 221 8229.07 0.00452489 113 113 0 53 7 4 212 0 8229.07 3709494 113-aaekw 
41800 1.81862e+06 219 8304.22 0.00456621 113 113 0 60 9 6 208 0 8304.22 3799493 113-aagma 
41900 1.81862e+06 219 8304.22 0.00456621 113 113 0 60 5 3 208 0 8304.22 3799493 113-aagma 
42000 1.83501e+06 222 8265.8 0.0045045 114 114 0 32 3 2 213 0 8265.8 3826886 114-aacga 
42100 1.83501e+06 222 8265.8 0.0045045 114 114 0 50 4 3 216 0 8265.8 3802944 114-aacao 
42200 1.83501e+06 222 8265.8 0.0045045 114 114 0 74 5 5 216 0 8265.8 3802944 114-aacao 
42300 1.83501e+06 222 8265.8 0.0045045 114 114 0 74 10 8 216 0 8265.8 3802944 114-aacao 
42400 1.81862e+06 219 8304.22 0.00456621 113 113 0 39 3 3 220 0 8304.22 3859310 113-aaigz 
42500 1.81862e+06 219 8304.22 0.00456621 113 113 0 54 9 7 211 0 8304.22 3843958 113-aahue 
42600 1.81862e+06 219 8304.22 0.00456621 113 113 0 48 2 1 211 0 8304.22 3843958 113-aahue 
42700 1.81862e+06 219 8304.22 0.00456621 113 113 0 54 9 6 211 0 8304.22 3843958 113-aahue 
42800 1.81862e+06 219 8304.22 0.00456621 113 113 0 41 6 4 211 0 8304.22 3843958 113-aahue 
42900 1.81066e+06 221 8193.02 0.00452489 114 114 0 42 9 5 215 0 8229.07 3908355 114-aaddu 
43000 1.81862e+06 220 8266.47 0.00454545 113 113 0 69 9 6 214 0 8266.47 3910505 113-aajqc 
43100 1.80224e+06 219 8229.41 0.00456621 113 113 0 67 8 6 215 0 8229.41 3898744 113-aajiy 
43200 1.81862e+06 220 8266.47 0.00454545 113 113 0 44 3 3 215 0 8266.47 3944313 113-aakjj 
43300 1.78586e+06 220 8117.53 0.00454545 112 112 0 49 8 8 214 0 8117.53 3906439 112-aaech 
43400 1.81862e+06 222 8192 0.0045045 113 113 0 38 10 7 217 0 8192 3957713 113-aakqq 
43500 1.81862e+06 220 8266.47 0.00454545 113 113 0 50 8 6 217 0 8266.47 3972332 113-aalas 
43600 1.81862e+06 223 8155.26 0.0044843 113 113 0 47 3 3 219 0 8155.26 3974563 113-aalbf 
43700 1.78586e+06 218 8192 0.00458716 112 112 0 45 7 4 212 0 8192 3973038 112-aafcr 
43800 1.78586e+06 219 8154.59 0.00456621 112 112 0 46 2 2 216 0 8154.59 4011847 112-aafsp 
43900 1.78586e+06 218 8192 0.00458716 112 112 0 48 2 2 212 0 8192 3973038 112-aafcr 
44000 1.81095e+06 219 8269.18 0.00456621 113 113 0 50 7 6 221 0 8304.22 4025547 113-aamgy 
44100 1.78586e+06 219 8154.59 0.00456621 113 113 0 81 6 3 220 0 8154.59 3989415 113-aaljp 
44200 1.78586e+06 218 8192 0.00458716 112 112 0 55 3 2 212 0 8192 3973038 112-aafcr 
44300 1.78586e+06 218 8192 0.00458716 112 112 0 43 6 3 212 0 8192 3973038 112-aafcr 
44400 1.78586e+06 218 8192 0.00458716 112 112 0 50 3 2 212 0 8192 3973038 112-aafcr 
44500 1.80224e+06 220 8192 0.00454545 113 113 0 53 6 5 222 0 8192 4045140 113-aamta 
44600 1.80224e+06 220 8192 0.00454545 113 113 0 67 10 6 216 0 8192 4056473 113-aamzx 
44700 1.80224e+06 222 8118.2 0.0045045 113 113 0 54 12 6 219 0 8118.2 4078744 113-aanpo 
44800 1.78586e+06 218 8192 0.00458716 111 111 0 39 3 2 230 0 8192 4095317 111-aajxg 
44900 1.81862e+06 220 8266.47 0.00454545 113 113 0 52 8 7 227 0 8266.47 4075961 113-aanqj 
45000 1.78586e+06 219 8154.59 0.00456621 111 111 0 60 4 4 233 0 8154.59 4107009 111-aajyk 
45100 1.81862e+06 221 8229.07 0.00452489 113 113 0 48 12 8 227 0 8229.07 4138268 113-aaphx 
45200 1.78586e+06 218 8192 0.00458716 111 111 0 52 11 5 230 0 8192 4095317 111-aajxg 
45300 1.81862e+06 218 8342.31 0.00458716 113 113 0 50 10 6 218 0 8342.31 4054676 113-aamzt 
45400 1.79415e+06 218.506 8210.93 0.00457656 112 112 0 47 9 9 223 0 8229.41 4163565 112-aahwq 
45500 1.81862e+06 218 8342.31 0.00458716 113 113 0 72 12 9 219 0 8342.31 4140856 113-aapka 
45600 1.81862e+06 222 8192 0.0045045 113 113 0 58 3 1 221 0 8192 4096868 113-aaocr 
45700 1.81862e+06 222 8192 0.0045045 113 113 0 65 9 6 221 0 8192 4096868 113-aaocr 
45800 1.81862e+06 222 8192 0.0045045 113 113 0 68 2 2 221 0 8192 4096868 113-aaocr 
45900 1.81862e+06 222 8192 0.0045045 113 113 0 89 4 3 221 0 8192 4096868 113-aaocr 
46000 1.81862e+06 222 8192 0.0045045 113 113 0 52 9 8 221 0 8192 4096868 113-aaocr 
46100 1.80224e+06 218 8267.16 0.00458716 112 112.003 0 52 11 9 234 0 8267.16 4224645 112-aaioq 
46200 1.81862e+06 218 8342.31 0.00458716 113 113 0 89 0 0 223 0 8342.31 4219722 113-aarnb 
46300 1.81862e+06 218 8342.31 0.00458716 113 113 0 79 3 3 223 0 8342.31 4219722 113-aarnb 
46400 1.80224e+06 218 8267.16 0.00458716 112 112.001 0 49 5 3 234 0 8267.16 4224645 112-aaioq 
46500 1.80224e+06 218 8267.16 0.00458716 112 112 0 60 5 5 226 0 8267.16 4257613 112-aaiyv 
46600 1.80224e+06 218 8267.16 0.00458716 114 114 0 55 7 5 226 0 8267.16 4260313 114-aahjx 
46700 1.80224e+06 218 8267.16 0.00458716 114 114 0 46 5 4 226 0 8267.16 4260313 114-aahjx 
46800 1.81862e+06 221 8229.07 0.00452489 113 113 0 37 0 0 228 0 8229.07 4284172 113-aatck 
46900 1.81862e+06 219 8304.22 0.00456621 113 113 0 43 11 8 224 0 8304.22 4272234 113-aasvm 
47000 1.80224e+06 218 8267.16 0.00458716 112 112 0 49 3 0 234 0 8267.16 4224645 112-aaioq 
47100 1.80224e+06 218 8267.16 0.00458716 112 112 0 39 3 1 234 0 8267.16 4224645 112-aaioq 
47200 1.80224e+06 217 8305.25 0.00460829 112 112.011 0 45 8 6 226 0 8305.25 4325503 112-aakbo 
47300 1.80224e+06 219 8229.41 0.00456621 112 112 0 40 0 0 236 0 8229.41 4330530 112-aakds 
47400 1.81862e+06 217 8380.76 0.00460829 113 113 0 38 3 1 222 0 8380.76 4357001 113-aauru 
47500 1.81862e+06 217 8380.76 0.00460829 113 113 0 47 7 5 223 0 8380.76 4273252 113-aasvv 
47600 1.80224e+06 219 8229.41 0.00456621 112 112 0 47 3 3 237 0 8229.41 4367798 112-aaksa 
47700 1.80224e+06 218 8267.16 0.00458716 112 112 0 49 2 2 229 0 8267.16 4340504 112-aakgw 
47800 1.76947e+06 215 8230.1 0.00465116 112 112.024 0 46 6 4 224 0 8230.1 4389638 112-aalau 
47900 1.81862e+06 217 8380.76 0.00460829 113 113 0 35 10 5 226 0 8380.76 4389512 113-aavmn 
48000 1.81862e+06 217 8380.76 0.00460829 113 113 0 67 7 7 226 0 8380.76 4389512 113-aavmn 
48100 1.81862e+06 218 8342.31 0.00458716 113 113 0 39 4 2 227 0 8342.31 4412836 113-aawag 
48200 1.81862e+06 221 8229.07 0.00452489 113 113 0 36 8 6 229 0 8229.07 4330956 113-aaubo 
48300 1.81862e+06 219 8304.22 0.00456621 113 113 0 49 2 2 228 0 8304.22 4434645 113-aawrv 
48400 1.81862e+06 222 8192 0.0045045 114 114 0 71 2 2 233 0 8192 4364251 114-aaiqp 
48500 1.85139e+06 222 8339.6 0.0045045 115 115 0 53 10 7 231 0 8339.6 4440733 115-aacjj 
48600 1.81862e+06 218 8342.31 0.00458716 113 113 0 68 7 4 225 0 8342.31 4393646 113-aavnr 
48700 1.81862e+06 218 8342.31 0.00458716 113 113 0 54 6 4 225 0 8342.31 4393646 113-aavnr 
48800 1.85139e+06 223 8302.21 0.0044843 115 115 0 33 3 3 233 0 8302.21 4487824 115-aacqo 
48900 1.79436e+06 219.519 8174 0.00455544 112 112 0 37 6 4 240 0 8192 4479915 112-aammz 
49000 1.81862e+06 221 8229.07 0.00452489 113 113 0 35 1 1 238 0 8229.07 4491190 113-aayed 
49100 1.81862e+06 218 8342.31 0.00458716 113 113 0 36 4 3 228 0 8342.31 4479956 113-aaxvt 
49200 1.78586e+06 218 8192 0.00458716 111 111 0 47 4 3 245 0 8192 4529369 111-aamhg 
49300 1.78586e+06 218 8192 0.00458716 111 111 0 34 4 1 245 0 8192 4529369 111-aamhg 
49400 1.80224e+06 219 8229.41 0.00456621 113 113 0 37 4 4 233 0 8229.41 4560354 113-abact 
49500 1.81862e+06 216 8419.56 0.00462963 113 113 0 41 6 4 232 0 8419.56 4541335 113-aazpe 
49600 1.81862e+06 216 8419.56 0.00462963 113 113 0 61 8 6 232 0 8419.56 4541335 113-aazpe 
49700 1.81862e+06 216 8419.56 0.00462963 113 113 0 79 9 5 232 0 8419.56 4541335 113-aazpe 
49800 1.81862e+06 216 8419.56 0.00462963 113 113 0 74 6 4 232 0 8419.56 4541335 113-aazpe 
49900 1.81862e+06 216 8419.56 0.00462963 113 113 0 71 8 6 232 0 8419.56 4541335 113-aazpe 
50000 1.81862e+06 216 8419.56 0.00462963 113 113 0 92 11 9 232 0 8419.56 4541335 113-aazpe 
50100 1.81862e+06 216 8419.56 0.00462963 113 113 0 72 7 6 232 0 8419.56 4541335 113-aazpe 
50200 1.81862e+06 216 8419.56 0.00462963 113 113 0 119 6 4 232 0 8419.56 4541335 113-aazpe 
50300 1.81862e+06 216 8419.56 0.00462963 113 113 0 103 17 9 232 0 8419.56 4541335 113-aazpe 
50400 1.81862e+06 216 8419.56 0.00462963 113 113 0 49 6 4 232 0 8419.56 4541335 113-aazpe 
50500 1.81862e+06 220 8266.47 0.00454545 113 113 0 52 9 7 234 0 8266.47 4652003 113-abcqy 
50600 1.80224e+06 215 8382.51 0.00465116 112 112.009 0 37 1 0 233 0 8382.51 4650650 112-aapdr 
50700 1.80224e+06 217 8305.25 0.00460829 112 112 0 54 7 7 236 0 8305.25 4674528 112-aapoj 
50800 1.81862e+06 220 8266.47 0.00454545 113 113 0 52 10 7 234 0 8266.47 4676152 113-abdin 
50900 1.81862e+06 219 8304.22 0.00456621 113 113 0 42 0 0 235 0 8304.22 4671290 113-abdex 
51000 1.81862e+06 216 8419.56 0.00462963 113 113 0 57 7 5 232 0 8419.56 4541335 113-aazpe 
51100 1.81862e+06 216 8419.56 0.00462963 113 113 0 60 9 4 232 0 8419.56 4541335 113-aazpe 
51200 1.80224e+06 217 8305.25 0.00460829 113 113 0 39 3 1 233 0 8305.25 4719985 113-abena 
51300 1.80224e+06 215 8382.51 0.00465116 112 112 0 63 14 11 234 0 8382.51 4687253 112-aapuq 
51400 1.81862e+06 221 8229.07 0.00452489 113 113 0 52 8 6 235 0 8229.07 4701550 113-abedr 
51500 1.80224e+06 215 8382.51 0.00465116 112 112 0 52 7 6 234 0 8382.51 4687253 112-aapuq 
51600 1.83501e+06 217 8456.26 0.00460829 114 113.99 0 43 5 3 234 0 8456.26 4767083 114-aalao 
51700 1.81862e+06 221 8229.07 0.00452489 113 113 0 67 6 4 236 0 8229.07 4737585 113-abexo 
51800 1.80224e+06 218 8267.16 0.00458716 112 112 0 62 13 8 236 0 8267.16 4752085 112-aarft 
51900 1.80224e+06 218 8267.16 0.00458716 112 112 0 50 4 3 238 0 8267.16 4776855 112-aarut 
52000 1.81862e+06 216 8419.56 0.00462963 113 113 0 50 6 6 235 0 8419.56 4768889 113-abfpl 
52100 1.80224e+06 218 8267.16 0.00458716 112 112 0 61 6 5 238 0 8267.16 4776855 112-aarut 
52200 1.80224e+06 218 8267.16 0.00458716 112 112 0 54 3 2 238 0 8267.16 4776855 112-aarut 
52300 1.80224e+06 217 8305.25 0.00460829 112 112.006 0 70 5 2 233 0 8305.25 4832610 112-aasxv 
52400 1.80224e+06 217 8305.25 0.00460829 112 112.003 0 45 1 1 233 0 8305.25 4832610 112-aasxv 
52500 1.80224e+06 217 8305.25 0.00460829 112 112.002 0 66 17 12 233 0 8305.25 4832610 112-aasxv 
52600 1.80224e+06 217 8305.25 0.00460829 112 112.001 0 55 5 4 233 0 8305.25 4832610 112-aasxv 
52700 1.78586e+06 217 8229.75 0.00460829 111 111.003 0 45 4 4 242 0 8229.75 4826523 111-aaokl 
52800 1.80224e+06 218 8267.16 0.00458716 112 112 0 47 2 1 235 0 8267.16 4870199 112-aatph 
52900 1.81862e+06 220 8266.47 0.00454545 113 113 0 45 2 1 240 0 8266.47 4882709 113-abimi 
53000 1.81862e+06 219 8304.22 0.00456621 113 113 0 58 5 5 237 0 8304.22 4794389 113-abgfj 
53100 1.81862e+06 217 8380.76 0.00460829 114 114 0 50 9 6 238 0 8380.76 4903067 114-aalsv 
53200 1.81862e+06 219 8304.22 0.00456621 113 113 0 50 15 11 237 0 8304.22 4794389 113-abgfj 
53300 1.81862e+06 217 8380.76 0.00460829 114 114 0 65 12 10 238 0 8380.76 4903067 114-aalsv 
53400 1.83501e+06 217 8456.26 0.00460829 114 114 0 67 11 8 239 0 8456.26 4919012 114-aalun 
53500 1.81862e+06 220 8266.47 0.00454545 113 113 0 56 6 4 236 0 8266.47 4939242 113-abkaj 
53600 1.83501e+06 217 8456.26 0.00460829 114 114 0 35 7 6 240 0 8456.26 4969021 114-aamgj 
53700 1.80224e+06 218 8267.16 0.00458716 112 112 0 36 6 6 235 0 8267.16 4928240 112-aaupi 
53800 1.81862e+06 219 8304.22 0.00456621 114 114 0 60 10 8 241 0 8304.22 4979143 114-aamja 
53900 1.80224e+06 218 8267.16 0.00458716 112 112 0 54 3 1 235 0 8267.16 4928240 112-aaupi 
54000 1.80224e+06 217 8305.25 0.00460829 114 114 0 42 4 4 242 0 8305.25 4985820 114-aamkw 
54100 1.83501e+06 219 8379.03 0.00456621 114 114 0 49 12 10 241 0 8379.03 4987139 114-aammh 
54200 1.81862e+06 216 8419.56 0.00462963 114 114 0 53 3 2 240 0 8419.56 4996527 114-aamot 
54300 1.83501e+06 218 8417.47 0.00458716 114 114 0 45 8 6 242 0 8417.47 5004714 114-aamrr 
54400 1.81862e+06 216 8419.56 0.00462963 114 114 0 63 7 6 240 0 8419.56 4996527 114-aamot 
54500 1.80224e+06 217 8305.25 0.00460829 113 113 0 66 8 5 243 0 8305.25 5034783 113-ablzt 
54600 1.81862e+06 216 8419.56 0.00462963 114 114 0 84 11 5 240 0 8419.56 4996527 114-aamot 
54700 1.83501e+06 217 8456.26 0.00460829 114 114 0 39 10 6 242 0 8456.26 5069292 114-aanqj 
54800 1.80224e+06 217 8305.25 0.00460829 112 112.016 0 37 7 6 242 0 8305.25 5082954 112-aawqv 
54900 1.81862e+06 219 8304.22 0.00456621 113 113 0 42 6 5 249 0 8304.22 5070083 113-abmsl 
55000 1.78586e+06 216 8267.85 0.00462963 111 111 0 42 11 9 253 0 8267.85 5018998 111-aapyw 
55100 1.81862e+06 217 8380.76 0.00460829 113 113 0 37 0 0 240 0 8380.76 5080915 113-abmyq 
55200 1.81862e+06 217 8380.76 0.00460829 113 113 0 48 8 7 241 0 8380.76 5112167 113-abnpo 
55300 1.81862e+06 217 8380.76 0.00460829 113 113 0 65 8 4 240 0 8380.76 5080915 113-abmyq 
55400 1.81862e+06 217 8380.76 0.00460829 113 113 0 44 11 6 241 0 8380.76 5112167 113-abnpo 
55500 1.81862e+06 217 8380.76 0.00460829 113 113 0 54 4 1 241 0 8380.76 5112167 113-abnpo 
55600 1.81862e+06 218 8342.31 0.00458716 113 113 0 44 4 3 246 0 8342.31 5162253 113-abosi 
55700 1.81862e+06 217 8380.76 0.00460829 113 113 0 51 6 4 243 0 8380.76 5162584 113-abosq 
55800 1.83501e+06 219 8379.03 0.00456621 114 114 0 44 2 2 245 0 8379.03 5155523 114-aaphe 
55900 1.81862e+06 220 8266.47 0.00454545 113 113 0 43 9 8 249 0 8266.47 5196434 113-abppx 
56000 1.83501e+06 217 8456.26 0.00460829 115 114.998 0 43 5 3 247 0 8456.26 5185402 115-aadrt 
56100 1.81862e+06 217 8380.76 0.00460829 113 113 0 51 5 4 242 0 8380.76 5165765 113-aboug 
56200 1.81862e+06 217 8380.76 0.00460829 113 113 0 45 7 5 242 0 8380.76 5165765 113-aboug 
56300 1.81862e+06 217 8380.76 0.00460829 113 113 0 52 5 3 242 0 8380.76 5165765 113-aboug 
56400 1.83501e+06 220 8340.95 0.00454545 114 114 0 46 0 0 253 0 8340.95 5245648 114-aaqrg 
56500 1.83501e+06 220 8340.95 0.00454545 114 114 0 47 7 7 253 0 8340.95 5245648 114-aaqrg 
56600 1.81862e+06 221 8229.07 0.00452489 114 114 0 40 9 8 251 0 8229.07 5256376 114-aaqvt 
56700 1.83501e+06 220 8340.95 0.00454545 114 114 0 42 6 5 253 0 8340.95 5245648 114-aaqrg 
56800 1.78586e+06 217 8229.75 0.00460829 112 112 0 39 3 2 250 0 8229.75 5286639 112-aaypm 
56900 1.81862e+06 219 8304.22 0.00456621 114 114 0 42 3 2 254 0 8304.22 5285765 114-aaria 
57000 1.81862e+06 219 8304.22 0.00456621 113 113 0 39 1 0 246 0 8304.22 5235555 113-abqtd 
57100 1.83501e+06 220 8340.95 0.00454545 114 114 0 50 0 0 256 0 8340.95 5284038 114-aarhb 
57200 1.80224e+06 217 8305.25 0.00460829 113 113 0 31 2 0 254 0 8305.25 5326542 113-abswq 
57300 1.81862e+06 218 8342.31 0.00458716 114 114 0 57 2 2 252 0 8342.31 5302696 114-aarrj 
57400 1.81862e+06 218 8342.31 0.00458716 114 114 0 44 5 3 252 0 8342.31 5302696 114-aarrj 
57500 1.81862e+06 218 8342.31 0.00458716 114 114 0 57 4 4 252 0 8342.31 5302696 114-aarrj 
57600 1.80224e+06 219 8229.41 0.00456621 112 112 0 72 9 7 247 0 8229.41 5307736 112-aaytx 
57700 1.81862e+06 219 8304.22 0.00456621 113 113 0 60 14 9 257 0 8304.22 5375173 113-abtvm 
57800 1.81862e+06 219 8304.22 0.00456621 113 113 0 93 7 2 257 0 8304.22 5375173 113-abtvm 
57900 1.81862e+06 219 8304.22 0.00456621 113 113 0 96 5 4 257 0 8304.22 5375173 113-abtvm 
58000 1.83501e+06 218 8417.47 0.00458716 114 114 0 71 3 1 253 0 8417.47 5369351 114-aaszs 
58100 1.83501e+06 218 8417.47 0.00458716 114 114 0 46 3 2 253 0 8417.47 5369351 114-aaszs 
58200 1.83501e+06 218 8417.47 0.00458716 114 114 0 43 10 7 253 0 8417.47 5369351 114-aaszs 
58300 1.83501e+06 220 8340.95 0.00454545 115 115 0 55 4 2 253 0 8340.95 5361482 115-aaeup 
58400 1.81862e+06 219 8304.22 0.00456621 113 113 0 76 10 3 257 0 8304.22 5375173 113-abtvm 
58500 1.81862e+06 220 8266.47 0.00454545 114 114 0 46 5 5 256 0 8266.47 5451489 114-aauyt 
58600 1.81862e+06 219 8304.22 0.00456621 113 113 0 62 8 5 257 0 8304.22 5375173 113-abtvm 
58700 1.81862e+06 219 8304.22 0.00456621 113 113 0 56 8 4 257 0 8304.22 5375173 113-abtvm 
58800 1.83501e+06 218 8417.47 0.00458716 114 114 0 50 8 7 253 0 8417.47 5369351 114-aaszs 
58900 1.81862e+06 219 8304.22 0.00456621 113 113 0 48 8 5 257 0 8304.22 5375173 113-abtvm 
59000 1.83501e+06 219 8379.03 0.00456621 114 114 0 52 4 2 251 0 8379.03 5472592 114-aavor 
59100 1.83501e+06 219 8379.03 0.00456621 114 114 0 67 6 3 251 0 8379.03 5472592 114-aavor 
59200 1.83501e+06 219 8379.03 0.00456621 114 114 0 91 17 12 251 0 8379.03 5472592 114-aavor 
59300 1.83501e+06 219 8379.03 0.00456621 114 114 0 96 12 8 251 0 8379.03 5472592 114-aavor 
59400 1.83501e+06 219 8379.03 0.00456621 114 114 0 91 13 5 251 0 8379.03 5472592 114-aavor 
59500 1.76947e+06 216 8192 0.00462963 111 111 0 61 4 3 260 0 8192 5518131 111-aarqt 
59600 1.81862e+06 218 8342.31 0.00458716 115 115 0 64 9 5 258 0 8342.31 5501640 115-aagcp 
59700 1.81862e+06 218 8342.31 0.00458716 115 115 0 53 2 2 258 0 8342.31 5501640 115-aagcp 
59800 1.81862e+06 218 8342.31 0.00458716 115 115 0 57 6 4 258 0 8342.31 5501640 115-aagcp 
59900 1.83501e+06 219 8379.03 0.00456621 114 114 0 42 6 5 253 0 8379.03 5548014 114-aaxmx 
60000 1.83501e+06 220 8340.95 0.00454545 114 114 0 45 7 5 255 0 8340.95 5578976 114-aaygg 
60100 1.83501e+06 219 8379.03 0.00456621 114 114 0 50 2 2 255 0 8379.03 5603746 114-aaysp 
60200 1.83501e+06 219 8379.03 0.00456621 114 114 0 44 6 3 253 0 8379.03 5548014 114-aaxmx 
60300 1.83501e+06 219 8379.03 0.00456621 114 114 0 39 5 2 254 0 8379.03 5571707 114-aaybs 
60400 1.81862e+06 220 8266.47 0.00454545 114 114 0 36 10 7 267 0 8266.47 5632739 114-aaziu 
60500 1.81862e+06 220 8266.47 0.00454545 114 114 0 46 4 3 267 0 8266.47 5632739 114-aaziu 
60600 1.85139e+06 220 8415.42 0.00454545 115 115 0 44 1 1 258 0 8415.42 5574094 115-aagui 
60700 1.85139e+06 220 8415.42 0.00454545 115 115 0 53 4 1 258 0 8415.42 5574094 115-aagui 
60800 1.81862e+06 220 8266.47 0.00454545 114 114 0 54 4 2 266 0 8266.47 5585697 114-aayjt 
60900 1.83501e+06 219 8379.03 0.00456621 114 114 0 65 6 4 259 0 8379.03 5641123 114-aaznt 
61000 1.76947e+06 217 8154.25 0.00460829 112 112 0 54 11 5 264 0 8154.25 5682374 112-abbvb 
61100 1.85139e+06 222 8339.6 0.0045045 115 114.997 0 85 9 4 262 0 8339.6 5683985 115-aahqc 
61200 1.83501e+06 220 8340.95 0.00454545 115 115 0 55 3 2 258 0 8340.95 5711243 115-aahtw 
61300 1.80224e+06 218 8267.16 0.00458716 112 112 0 55 5 4 264 0 8267.16 5685220 112-abbvq 
61400 1.80224e+06 219 8229.41 0.00456621 113 113 0 41 8 6 265 0 8229.41 5710012 113-abzeh 
61500 1.85139e+06 220 8415.42 0.00454545 115 115 0 37 5 4 262 0 8415.42 5748471 115-aaibp 
61600 1.83501e+06 220 8340.95 0.00454545 114 114 0 42 8 6 258 0 8340.95 5717838 114-abbkj 
61700 1.85139e+06 220 8415.42 0.00454545 115 115 0 43 3 2 262 0 8415.42 5748471 115-aaibp 
61800 1.80224e+06 217 8305.25 0.00460829 112 112 0 39 7 5 259 0 8305.25 5769619 112-abcnh 
61900 1.80224e+06 218 8267.16 0.00458716 112 112 0 39 3 2 266 0 8267.16 5753434 112-abcjt 
62000 1.85139e+06 220 8415.42 0.00454545 115 115 0 52 8 7 262 0 8415.42 5748471 115-aaibp 
62100 1.81862e+06 218 8342.31 0.00458716 114 114 0 39 1 1 263 0 8342.31 5746566 114-abcbu 
62200 1.81862e+06 218 8342.31 0.00458716 114 114 0 40 6 5 263 0 8342.31 5746566 114-abcbu 
62300 1.81862e+06 220 8266.47 0.00454545 114 114 0 53 7 4 269 0 8266.47 5813609 114-abdqs 
62400 1.81862e+06 220 8266.47 0.00454545 114 114 0 61 9 6 269 0 8266.47 5813609 114-abdqs 
62500 1.83501e+06 221 8303.2 0.00452489 114 114 0 41 8 7 275 0 8303.2 5813776 114-abdpy 
62600 1.83501e+06 221 8303.2 0.00452489 114 114 0 59 8 7 275 0 8303.2 5813776 114-abdpy 
62700 1.81862e+06 218 8342.31 0.00458716 114 114 0 46 8 7 263 0 8342.31 5746566 114-abcbu 
62800 1.81862e+06 218 8342.31 0.00458716 114 114 0 40 2 2 268 0 8342.31 5872958 114-abffd 
62900 1.81862e+06 218 8342.31 0.00458716 114 114 0 47 8 6 268 0 8342.31 5872958 114-abffd 
63000 1.83501e+06 220 8340.95 0.00454545 114 114 0 55 10 6 262 0 8340.95 5836932 114-abedt 
63100 1.83501e+06 220 8340.95 0.00454545 114 114 0 49 9 7 266 0 8340.95 5909935 114-abggp 
63200 1.76947e+06 214 8268.56 0.0046729 111 111 0 38 3 0 263 0 8268.56 5871511 111-aathb 
63300 1.81862e+06 221 8229.07 0.00452489 113 113 0 42 3 2 263 0 8229.07 5908244 113-acbnd 
63400 1.81862e+06 218 8342.31 0.00458716 114 114 0 42 2 2 264 0 8342.31 5839909 114-abefw 
63500 1.81862e+06 221 8229.07 0.00452489 113 113 0 64 12 9 270 0 8229.07 5909859 113-acbna 
63600 1.83501e+06 222 8265.8 0.0045045 115 115 0 43 3 2 270 0 8265.8 5944631 115-aajrs 
63700 1.85139e+06 220 8415.42 0.00454545 115 115 0 48 1 0 265 0 8415.42 5884748 115-aajjd 
63800 1.85139e+06 220 8415.42 0.00454545 115 115 0 46 6 4 271 0 8415.42 5925512 115-aajoa 
63900 1.80224e+06 217 8305.25 0.00460829 112 112 0 46 2 2 267 0 8305.25 5939745 112-abecc 
64000 1.83501e+06 224 8192 0.00446429 114 114 0 42 3 3 287 0 8192 5973249 114-abhxm 
64100 1.81862e+06 217 8380.76 0.00460829 113 113 0 68 5 5 275 0 8380.76 5991123 113-accrq 
64200 1.81862e+06 217 8380.76 0.00460829 113 113 0 41 5 3 275 0 8380.76 5991123 113-accrq 
64300 1.81862e+06 217 8380.76 0.00460829 113 113 0 54 3 3 275 0 8380.76 5991123 113-accrq 
64400 1.81862e+06 218 8342.31 0.00458716 113 113 0 70 13 11 270 0 8342.31 6024593 113-acdex 
64500 1.81862e+06 218 8342.31 0.00458716 114 114 0 54 5 4 270 0 8342.31 5976638 114-abhzy 
64600 1.80224e+06 216 8343.7 0.00462963 113 113 0 43 5 3 277 0 8343.7 6047310 113-acdns 
64700 1.80224e+06 216 8343.7 0.00462963 113 113 0 49 3 3 267 0 8343.7 6005667 113-accwa 
64800 1.80224e+06 227 7939.38 0.00440529 112 112.003 0 45 6 5 273 0 7939.38 6071784 112-abfcw 
64900 1.83501e+06 221 8303.2 0.00452489 114 114 0 42 14 9 274 0 8303.2 6079220 114-abjxj 
65000 1.81862e+06 218 8342.31 0.00458716 113 113 0 50 0 0 276 0 8342.31 6041077 113-acdlf 
65100 1.85139e+06 220 8415.42 0.00454545 115 115 0 57 7 3 279 0 8415.42 6082187 115-aalcm 
65200 1.85139e+06 221 8377.34 0.00452489 115 115 0 47 4 2 270 0 8377.34 6086112 115-aaldj 
65300 1.78863e+06 216.169 8274.19 0.00462602 113 113 0 40 4 4 273 0 8305.25 6117462 113-aceug 
65400 1.85139e+06 222 8339.6 0.0045045 115 115 0 50 5 4 275 0 8339.6 6076003 115-aalan 
65500 1.85139e+06 222 8339.6 0.0045045 115 115 0 59 11 5 275 0 8339.6 6076003 115-aalan 
65600 1.86778e+06 223 8375.68 0.0044843 116 116 0 47 2 2 277 0 8375.68 6126122 116-aabpq 
65700 1.76947e+06 213 8307.38 0.00469484 110 110 0 53 13 6 274 0 8307.38 6133958 110-abjqs 
65800 1.85139e+06 220 8415.42 0.00454545 115 115 0 68 8 5 279 0 8415.42 6082187 115-aalcm 
65900 1.86778e+06 223 8375.68 0.0044843 116 116 0 60 6 3 280 0 8375.68 6171840 116-aabwr 
66000 1.81862e+06 219 8304.22 0.00456621 113 113 0 47 7 6 280 0 8304.22 6179980 113-acfsy 
66100 1.85139e+06 221 8377.34 0.00452489 115 115 0 44 7 4 280 0 8377.34 6195676 115-aambs 
66200 1.80224e+06 217 8305.25 0.00460829 112 112 0 40 2 2 277 0 8305.25 6189055 112-abggw 
66300 1.85139e+06 222 8339.6 0.0045045 115 115 0 51 16 9 280 0 8339.6 6205775 115-aamfi 
66400 1.85139e+06 222 8339.6 0.0045045 115 115 0 56 10 7 280 0 8339.6 6205775 115-aamfi 
66500 1.81105e+06 220.537 8211.92 0.0045344 113 113 0 82 7 4 289 0 8229.07 6224890 113-acgfr 
66600 1.81862e+06 219 8304.22 0.00456621 113 113 0 54 8 5 281 0 8304.22 6194866 113-acfxa 
66700 1.81862e+06 219 8304.22 0.00456621 113 113 0 64 2 2 282 0 8304.22 6198144 113-acfxv 
66800 1.81931e+06 217.042 8382.12 0.00460751 114 114 0 35 7 5 284 0 8417.47 6225985 114-abmay 
66900 1.83501e+06 221 8303.2 0.00452489 114 114 0 42 13 13 276 0 8303.2 6238044 114-abmfu 
67000 1.81862e+06 220 8266.47 0.00454545 113 113 0 47 5 4 283 0 8266.47 6225393 113-acgfz 
67100 1.81862e+06 220 8266.47 0.00454545 113 113 0 75 3 0 283 0 8266.47 6225393 113-acgfz 
67200 1.81862e+06 219 8304.22 0.00456621 113 113 0 70 10 7 283 0 8304.22 6281566 113-acgyj 
67300 1.75309e+06 213 8230.46 0.00469484 110 110 0 52 5 3 285 0 8230.46 6285420 110-abkgy 
67400 1.81862e+06 218 8342.31 0.00458716 113 113 0 53 8 5 285 0 8342.31 6301074 113-achhb 
67500 1.75309e+06 213 8230.46 0.00469484 110 110 0 54 3 1 285 0 8230.46 6285420 110-abkgy 
67600 1.81862e+06 218 8342.31 0.00458716 113 113 0 44 6 4 284 0 8342.31 6293168 113-achdk 
67700 1.75309e+06 213 8230.46 0.00469484 110 110 0 56 11 6 285 0 8230.46 6285420 110-abkgy 
67800 1.75309e+06 213 8230.46 0.00469484 110 110 0 58 7 5 285 0 8230.46 6285420 110-abkgy 
67900 1.75309e+06 213 8230.46 0.00469484 110 110 0 71 10 8 285 0 8230.46 6285420 110-abkgy 
68000 1.81862e+06 221 8229.07 0.00452489 113 113 0 53 6 6 288 0 8229.07 6359943 113-aciqm 
68100 1.78586e+06 218 8192 0.00458716 111 111 0 56 10 3 290 0 8192 6363028 111-aaviy 
68200 1.78586e+06 218 8192 0.00458716 111 111 0 88 19 13 290 0 8192 6363028 111-aaviy 
68300 1.78586e+06 218 8192 0.00458716 111 111 0 57 8 5 290 0 8192 6363028 111-aaviy 
68400 1.76947e+06 214 8268.56 0.0046729 110 110 0 49 7 6 285 0 8268.56 6376849 110-ablaj 
68500 1.76947e+06 214 8268.56 0.0046729 110 110 0 38 6 3 285 0 8268.56 6376849 110-ablaj 
68600 1.81862e+06 223 8155.26 0.0044843 113 113 0 47 7 4 288 0 8155.26 6417644 113-acjvi 
68700 1.79439e+06 219.521 8174.08 0.0045554 112 112 0 49 6 3 298 0 8192 6424481 112-abibi 
68800 1.81895e+06 217.02 8381.33 0.00460796 114 114 0 48 1 1 289 0 8417.47 6444459 114-abpip 
68900 1.81898e+06 217.022 8381.38 0.00460793 114 114 0 45 11 9 289 0 8417.47 6444459 114-abpip 
69000 1.81862e+06 221 8229.07 0.00452489 113 113 0 44 1 1 287 0 8229.07 6443612 113-ackic 
69100 1.81862e+06 220 8266.47 0.00454545 113 113 0 44 11 8 288 0 8266.47 6482546 113-ackyr 
69200 1.80224e+06 216 8343.7 0.00462963 113 113 0 55 4 4 290 0 8343.7 6437297 113-ackgr 
69300 1.81862e+06 222 8192 0.0045045 113 113 0 55 1 1 292 0 8192 6498816 113-aclgp 
69400 1.74488e+06 214.499 8134.62 0.00466206 109 109.003 0 40 6 3 294 0 8153.9 6490085 109-aatpo 
69500 1.81897e+06 219.021 8304.83 0.00456587 114 114 0 52 2 2 293 0 8340.95 6498150 114-abqgp 
69600 1.80224e+06 216 8343.7 0.00462963 113 113 0 59 4 3 290 0 8343.7 6437297 113-ackgr 
69700 1.80224e+06 216 8343.7 0.00462963 113 113 0 47 5 3 290 0 8343.7 6437297 113-ackgr 
69800 1.80224e+06 216 8343.7 0.00462963 113 113 0 55 11 6 290 0 8343.7 6437297 113-ackgr 
69900 1.81073e+06 218.518 8286.37 0.0045763 114 114 0 95 7 4 295 0 8304.22 6531324 114-abqsr 
70000 1.81076e+06 218.52 8286.43 0.00457627 114 114 0 87 3 2 295 0 8304.22 6531324 114-abqsr 
70100 1.8107e+06 218.516 8286.3 0.00457634 114 114 0 99 14 9 295 0 8304.22 6531324 114-abqsr 
70200 1.81068e+06 218.515 8286.25 0.00457636 114 114 0 89 10 7 295 0 8304.22 6531324 114-abqsr 
70300 1.7367e+06 215 8077.69 0.00465116 109 109 0 47 11 7 291 0 8077.69 6603056 109-aaucr 
70400 1.78586e+06 215 8306.31 0.00465116 111 111 0 39 2 2 297 0 8306.31 6568049 111-aavya 
70500 1.75309e+06 215 8153.9 0.00465116 109 109 0 47 10 7 295 0 8153.9 6606734 109-aauda 
70600 1.83501e+06 221 8303.2 0.00452489 114 114 0 55 1 1 296 0 8303.2 6578186 114-abrfl 
70700 1.83501e+06 221 8303.2 0.00452489 114 114 0 40 2 2 296 0 8303.2 6578186 114-abrfl 
70800 1.76947e+06 216 8192 0.00462963 111 111 0 33 2 2 294 0 8192 6635666 111-aawdc 
70900 1.79931e+06 216.821 8298.57 0.00461211 113 113 0 56 14 10 303 0 8305.25 6655131 113-acowg 
71000 1.79936e+06 216.824 8298.67 0.00461205 113 113 0 75 9 7 303 0 8305.25 6655131 113-acowg 
71100 1.80224e+06 217 8305.25 0.00460829 113 113 0 44 5 2 303 0 8305.25 6666857 113-acpbs 
71200 1.80224e+06 220 8192 0.00454545 113 113 0 72 13 8 301 0 8192 6672540 113-acpfb 
71300 1.81862e+06 218 8342.31 0.00458716 113 113 0 42 4 3 301 0 8342.31 6710215 113-acqcl 
71400 1.80224e+06 219 8229.41 0.00456621 113 113 0 54 5 2 301 0 8229.41 6643553 113-acopw 
71500 1.79437e+06 217.52 8249.2 0.0045973 114 114 0 71 13 9 301 0 8267.16 6700907 114-absvb 
71600 1.79413e+06 218.505 8210.88 0.00457658 112 112.005 0 60 2 2 298 0 8229.41 6730952 112-abksr 
71700 1.79424e+06 218.512 8211.14 0.00457644 112 112.002 0 79 8 6 298 0 8229.41 6730952 112-abksr 
71800 1.79428e+06 218.514 8211.24 0.00457638 112 112.001 0 91 6 6 298 0 8229.41 6730952 112-abksr 
71900 1.79423e+06 218.511 8211.12 0.00457645 112 112.001 0 69 6 4 298 0 8229.41 6730952 112-abksr 
72000 1.79428e+06 218.514 8211.23 0.00457639 112 112 0 51 2 1 298 0 8229.41 6730952 112-abksr 
72100 1.81862e+06 220 8266.47 0.00454545 114 114 0 43 2 1 304 0 8266.47 6787569 114-abubf 
72200 1.81862e+06 220 8266.47 0.00454545 114 114 0 50 9 7 304 0 8266.47 6787569 114-abubf 
72300 1.81072e+06 219.518 8248.59 0.00455547 114 114 0 48 7 6 301 0 8266.47 6755683 114-abtps 
72400 1.79433e+06 216.517 8287.21 0.00461859 114 114 0 35 5 3 305 0 8305.25 6770115 114-abtvm 
72500 1.83501e+06 223 8228.74 0.0044843 114 114 0 44 8 7 308 0 8228.74 6830857 114-aburn 
72600 1.81047e+06 219.503 8248.03 0.00455578 115 115 0 40 7 4 306 0 8266.47 6819207 115-aanof 
72700 1.79431e+06 216.516 8287.16 0.00461862 114 114 0 38 2 1 305 0 8305.25 6770115 114-abtvm 
72800 1.78586e+06 218 8192 0.00458716 112 112 0 42 6 3 310 0 8192 6837023 112-abmjb 
72900 1.83501e+06 220 8340.95 0.00454545 114 114 0 58 10 7 306 0 8340.95 6850988 114-abvcu 
73000 1.7867e+06 218.052 8193.77 0.00458616 112 112 0 59 14 11 315 0 8229.41 6857762 112-abmpb 
73100 1.83501e+06 223 8228.74 0.0044843 114 114 0 54 5 5 311 0 8228.74 6873879 114-abvus 
73200 1.81099e+06 219.534 8249.21 0.00455512 114 114 0 39 5 4 306 0 8266.47 6879205 114-abvxk 
73300 1.76152e+06 216.515 8135.76 0.00461865 112 112 0 47 5 3 312 0 8154.25 6884709 112-abmwl 
73400 1.83501e+06 223 8228.74 0.0044843 114 114 0 36 0 0 312 0 8228.74 6900746 114-abwmt 
73500 1.80221e+06 217.499 8285.92 0.00459775 114 114 0 40 5 3 311 0 8342.31 6904514 114-abwoo 
73600 1.81862e+06 219 8304.22 0.00456621 113 113.01 0 47 4 4 309 0 8304.22 6903744 113-actuz 
73700 1.80224e+06 218 8267.16 0.00458716 114 114 0 46 6 4 317 0 8267.16 6919981 114-abxbe 
73800 1.80448e+06 219.137 8234.28 0.00456348 113 113 0 42 4 1 317 0 8266.47 6914958 113-actzl 
73900 1.83501e+06 222 8265.8 0.0045045 114 114 0 41 4 4 314 0 8265.8 6953569 114-abyei 
74000 1.83501e+06 222 8265.8 0.0045045 114 114 0 42 4 4 314 0 8265.8 6953569 114-abyei 
74100 1.78586e+06 219 8154.59 0.00456621 112 112 0 45 8 8 319 0 8154.59 6971648 112-abnsx 
74200 1.79422e+06 217.51 8248.84 0.00459751 114 114.003 0 63 1 1 316 0 8267.16 6944501 114-abxvl 
74300 1.7941e+06 217.503 8248.58 0.00459766 114 114.002 0 46 6 5 316 0 8267.16 6944501 114-abxvl 
74400 1.79421e+06 217.51 8248.83 0.00459752 114 114.001 0 73 9 5 316 0 8267.16 6944501 114-abxvl 
74500 1.79422e+06 217.51 8248.84 0.00459751 114 114.001 0 66 7 5 316 0 8267.16 6944501 114-abxvl 
74600 1.82722e+06 223.525 8174.54 0.0044738 114 114 0 44 5 4 313 0 8192 6999965 114-abztj 
74700 1.78586e+06 219 8154.59 0.00456621 112 112 0 59 4 2 320 0 8154.59 6995332 112-abnzq 
74800 1.79426e+06 217.513 8248.93 0.00459746 114 114.001 0 49 5 3 316 0 8267.16 6944501 114-abxvl 
74900 1.80224e+06 219 8229.41 0.00456621 113 113 0 54 4 4 322 0 8229.41 7025291 113-acvww 
75000 1.83501e+06 222 8265.8 0.0045045 114 114 0 51 6 4 314 0 8265.8 7065395 114-acboy 
75100 1.81862e+06 219 8304.22 0.00456621 113 113 0 35 7 7 317 0 8304.22 7082930 113-acxcv 
75200 1.81862e+06 219 8304.22 0.00456621 113 113 0 43 2 2 317 0 8304.22 7082930 113-acxcv 
75300 1.80224e+06 220 8192 0.00454545 113 113 0 71 3 2 318 0 8192 7030701 113-acvzj 
75400 1.80224e+06 220 8192 0.00454545 113 113 0 60 3 1 318 0 8192 7030701 113-acvzj 
75500 1.81062e+06 220.512 8210.96 0.00453493 113 113.002 0 52 5 3 315 0 8229.07 7067730 113-acwup 
75600 1.81862e+06 220 8266.47 0.00454545 113 113.002 0 48 7 5 317 0 8266.47 7113557 113-acxvk 
75700 1.81862e+06 220 8266.47 0.00454545 113 113.001 0 68 5 3 317 0 8266.47 7113557 113-acxvk 
75800 1.81862e+06 222 8192 0.0045045 114 114 0 52 2 1 325 0 8192 7134691 114-acdkx 
75900 1.83501e+06 221 8303.2 0.00452489 114 114 0 58 1 1 321 0 8303.2 7142418 114-acdos 
76000 1.83501e+06 221 8303.2 0.00452489 114 114 0 58 4 2 321 0 8303.2 7142418 114-acdos 
76100 1.83501e+06 220 8340.95 0.00454545 114 114 0 48 15 7 317 0 8340.95 7158405 114-acdwu 
76200 1.81862e+06 221 8229.07 0.00452489 114 114 0 65 11 11 324 0 8229.07 7121412 114-acdcu 
76300 1.85139e+06 224 8265.14 0.00446429 115 115 0 51 5 3 320 0 8265.14 7166563 115-aapiu 
76400 1.85139e+06 224 8265.14 0.00446429 115 115 0 70 11 5 320 0 8265.14 7166563 115-aapiu 
76500 1.85139e+06 224 8265.14 0.00446429 115 115 0 62 6 4 320 0 8265.14 7166563 115-aapiu 
76600 1.77793e+06 217.516 8173.73 0.00459739 113 113 0 55 3 1 324 0 8192 7197734 113-adaaa 
76700 1.81862e+06 221 8229.07 0.00452489 113 113 0 58 10 8 329 0 8229.07 7207380 113-adagg 
76800 1.81862e+06 222 8192 0.0045045 114 114 0 39 3 3 328 0 8192 7208992 114-acexu 
76900 1.81862e+06 220 8266.47 0.00454545 114 114 0 33 1 1 317 0 8266.47 7218873 114-acfdx 
77000 1.83501e+06 220 8340.95 0.00454545 114 114 0 44 4 3 318 0 8340.95 7241760 114-acfpn 
77100 1.78586e+06 218 8192 0.00458716 112 112.001 0 32 1 0 332 0 8192 7244500 112-abqhk 
77200 1.80224e+06 221 8154.93 0.00452489 113 113 0 35 5 4 332 0 8154.93 7261881 113-adbiq 
77300 1.80224e+06 221 8154.93 0.00452489 113 113 0 50 8 6 332 0 8154.93 7261881 113-adbiq 
77400 1.82704e+06 221.513 8247.93 0.00451442 114 114 0 41 2 1 326 0 8265.8 7284099 114-acgnt 
77500 1.82705e+06 221.514 8247.95 0.00451441 114 114 0 50 8 7 326 0 8265.8 7284099 114-acgnt 
77600 1.81862e+06 223 8155.26 0.0044843 113 113 0 36 5 5 333 0 8155.26 7310589 113-adcgo 
77700 1.83501e+06 220 8340.95 0.00454545 114 114 0 36 5 5 319 0 8340.95 7278056 114-acglq 
77800 1.85139e+06 224 8265.14 0.00446429 115 115 0 40 4 2 325 0 8265.14 7322697 115-aaqsz 
77900 1.78586e+06 219 8154.59 0.00456621 112 112 0 41 5 0 337 0 8154.59 7347544 112-abrmd 
78000 1.77791e+06 218.515 8136.29 0.00457637 113 113 0 35 3 2 333 0 8154.59 7348688 113-adddx 
78100 1.83501e+06 220 8340.95 0.00454545 114 114 0 55 7 4 320 0 8340.95 7344972 114-achvg 
78200 1.83501e+06 219 8379.03 0.00456621 114 114 0 55 10 7 341 0 8379.03 7371521 114-acijn 
78300 1.83501e+06 219 8379.03 0.00456621 114 114 0 66 13 6 341 0 8379.03 7371521 114-acijn 
78400 1.83501e+06 220 8340.95 0.00454545 114 114 0 76 10 7 340 0 8340.95 7377137 114-acimo 
78500 1.83501e+06 220 8340.95 0.00454545 114 114 0 56 2 2 340 0 8340.95 7377137 114-acimo 
78600 1.83501e+06 220 8340.95 0.00454545 114 114 0 53 5 4 340 0 8340.95 7377137 114-acimo 
78700 1.81862e+06 221 8229.07 0.00452489 113 113.002 0 53 7 4 330 0 8229.07 7402750 113-adeho 
78800 1.83501e+06 219 8379.03 0.00456621 114 114 0 44 5 2 338 0 8379.03 7337053 114-achop 
78900 1.80224e+06 220 8192 0.00454545 113 113 0 58 4 2 341 0 8192 7424675 113-adewe 
79000 1.80224e+06 220 8192 0.00454545 113 113 0 47 13 9 341 0 8192 7424675 113-adewe 
79100 1.83501e+06 219 8379.03 0.00456621 114 114 0 39 6 6 339 0 8379.03 7458447 114-ackyk 
79200 1.83501e+06 220 8340.95 0.00454545 114 114 0 48 6 4 345 0 8340.95 7440627 114-ackke 
79300 1.83501e+06 220 8340.95 0.00454545 114 114 0 56 7 3 345 0 8340.95 7440627 114-ackke 
79400 1.81862e+06 220 8266.47 0.00454545 114 114 0 37 2 1 327 0 8266.47 7468359 114-acleb 
79500 1.83501e+06 220 8340.95 0.00454545 114 114 0 88 7 4 341 0 8340.95 7495902 114-aclub 
79600 1.83501e+06 220 8340.95 0.00454545 114 114 0 55 8 3 341 0 8340.95 7495902 114-aclub 
79700 1.80224e+06 220 8192 0.00454545 114 114 0 43 3 1 328 0 8192 7512162 114-acmdv 
79800 1.80224e+06 220 8192 0.00454545 114 114 0 59 5 3 328 0 8192 7512162 114-acmdv 
79900 1.80224e+06 219 8229.41 0.00456621 113 113 0 59 6 3 333 0 8229.41 7538517 113-adhfm 
80000 1.80224e+06 219 8229.41 0.00456621 113 113 0 41 3 2 333 0 8229.41 7538517 113-adhfm 
80100 1.85139e+06 225 8228.41 0.00444444 116 116 0 46 4 4 343 0 8228.41 7550726 116-aadlc 
80200 1.83501e+06 221 8303.2 0.00452489 116 116 0 58 10 8 341 0 8303.2 7557625 116-aadml 
80300 1.78586e+06 216 8267.85 0.00462963 113 113 0 64 7 6 345 0 8267.85 7546923 113-adhmx 
80400 1.83501e+06 219 8379.03 0.00456621 114 114 0 56 8 6 343 0 8379.03 7581477 114-acnsx 
80500 1.81862e+06 217 8380.76 0.00460829 113 113.007 0 42 1 0 351 0 8380.76 7598249 113-adime 
80600 1.78586e+06 217 8229.75 0.00460829 113 113 0 39 3 1 346 0 8229.75 7590166 113-adiid 
80700 1.81862e+06 223 8155.26 0.0044843 113 113 0 33 4 4 334 0 8155.26 7619271 113-adiys 
80800 1.83501e+06 223 8228.74 0.0044843 115 115 0 45 11 10 332 0 8228.74 7592751 115-aasfl 
80900 1.83501e+06 219 8379.03 0.00456621 114 114 0 45 5 3 351 0 8379.03 7623388 114-acopl 
81000 1.83501e+06 219 8379.03 0.00456621 114 114 0 43 4 2 351 0 8379.03 7623388 114-acopl 
81100 1.80224e+06 217 8305.25 0.00460829 113 113 0 36 2 2 355 0 8305.25 7658682 113-adjqw 
81200 1.83501e+06 219 8379.03 0.00456621 114 114 0 65 13 11 351 0 8379.03 7623388 114-acopl 
81300 1.80224e+06 219 8229.41 0.00456621 113 113 0 57 6 5 336 0 8229.41 7656498 113-adjqz 
81400 1.83501e+06 219 8379.03 0.00456621 114 114 0 57 8 5 355 0 8379.03 7680048 114-acppw 
81500 1.83501e+06 219 8379.03 0.00456621 114 114 0 49 5 5 355 0 8379.03 7680048 114-acppw 
81600 1.83501e+06 219 8379.03 0.00456621 114 114 0 58 8 7 355 0 8379.03 7680048 114-acppw 
81700 1.86778e+06 223 8375.68 0.0044843 117 117 0 51 10 6 350 0 8375.68 7691305 117-aaalb 
81800 1.86778e+06 223 8375.68 0.0044843 117 117 0 48 5 3 350 0 8375.68 7691305 117-aaalb 
81900 1.80224e+06 217 8305.25 0.00460829 113 113 0 44 10 5 355 0 8305.25 7722598 113-adkva 
82000 1.80224e+06 221 8154.93 0.00452489 112 112 0 45 7 3 344 0 8154.93 7745280 112-abttr 
82100 1.86778e+06 223 8375.68 0.0044843 117 117 0 58 7 4 351 0 8375.68 7718010 117-aaamw 
82200 1.86778e+06 223 8375.68 0.0044843 117 117 0 46 4 3 351 0 8375.68 7718010 117-aaamw 
82300 1.78586e+06 219 8154.59 0.00456621 112 112.003 0 46 7 7 363 0 8154.59 7761331 112-abtxg 
82400 1.81862e+06 218 8342.31 0.00458716 114 114 0 42 7 5 348 0 8342.31 7752495 114-acqpb 
82500 1.81862e+06 218 8342.31 0.00458716 114 114 0 39 3 1 348 0 8342.31 7752495 114-acqpb 
82600 1.90054e+06 225 8446.86 0.00444444 118 118 0 50 10 6 360 0 8446.86 7807532 118-aaalk 
82700 1.83501e+06 219 8379.03 0.00456621 114 114 0 44 6 5 354 0 8379.03 7789343 114-acrbs 
82800 1.90054e+06 225 8446.86 0.00444444 118 118 0 62 6 3 360 0 8446.86 7807532 118-aaalk 
82900 1.90054e+06 226 8409.49 0.00442478 118 118 0 54 5 3 356 0 8409.49 7828498 118-aaaos 
83000 1.90054e+06 226 8409.49 0.00442478 118 118 0 53 6 3 356 0 8409.49 7828498 118-aaaos 
83100 1.88416e+06 224 8411.43 0.00446429 118 118 0 65 3 3 361 0 8411.43 7805681 118-aaakq 
83200 1.90054e+06 226 8409.49 0.00442478 118 118 0 43 11 8 356 0 8409.49 7828498 118-aaaos 
83300 1.88416e+06 224 8411.43 0.00446429 118 118 0 43 3 2 361 0 8411.43 7805681 118-aaakq 
83400 1.88416e+06 225 8374.04 0.00444444 117 117 0 48 5 4 359 0 8374.04 7876984 117-aabza 
83500 1.90054e+06 225 8446.86 0.00444444 118 118 0 76 10 6 358 0 8446.86 7863357 118-aaayv 
83600 1.86778e+06 224 8338.29 0.00446429 117 117.003 0 78 9 6 363 0 8338.29 7883152 117-aacap 
83700 1.86778e+06 224 8338.29 0.00446429 117 117.002 0 64 6 3 363 0 8338.29 7883152 117-aacap 
83800 1.86778e+06 224 8338.29 0.00446429 117 117.001 0 54 7 5 363 0 8338.29 7883152 117-aacap 
83900 1.88416e+06 225 8374.04 0.00444444 118 118 0 33 3 3 359 0 8374.04 7926622 118-aabyc 
84000 1.81862e+06 220 8266.47 0.00454545 113 113 0 32 2 2 364 0 8266.47 7929970 113-adnqz 
84100 1.88416e+06 225 8374.04 0.00444444 118 118 0 37 9 5 359 0 8374.04 7926622 118-aabyc 
84200 1.81862e+06 218 8342.31 0.00458716 114 114 0 51 10 7 366 0 8342.31 7949234 114-acsvr 
84300 1.81862e+06 218 8342.31 0.00458716 114 114 0 52 8 5 366 0 8342.31 7949234 114-acsvr 
84400 1.81862e+06 218 8342.31 0.00458716 114 114 0 41 6 3 366 0 8342.31 7949234 114-acsvr 
84500 1.78586e+06 217 8229.75 0.00460829 112 112.002 0 53 2 1 357 0 8229.75 7967944 112-abuvz 
84600 1.90054e+06 225 8446.86 0.00444444 118 118 0 45 1 1 360 0 8446.86 7921108 118-aabwf 
84700 1.90054e+06 226 8409.49 0.00442478 118 118 0 41 5 1 362 0 8409.49 8021587 118-aadoq 
84800 1.88416e+06 225 8374.04 0.00444444 118 118 0 55 6 5 361 0 8374.04 8013201 118-aadlt 
84900 1.88416e+06 225 8374.04 0.00444444 118 118 0 61 3 2 361 0 8374.04 8013201 118-aadlt 
85000 1.88416e+06 225 8374.04 0.00444444 118 118 0 55 4 3 361 0 8374.04 8032660 118-aadtz 
85100 1.88416e+06 225 8374.04 0.00444444 118 118 0 72 12 10 361 0 8374.04 8032660 118-aadtz 
85200 1.88416e+06 225 8374.04 0.00444444 118 118 0 53 4 3 361 0 8374.04 8032660 118-aadtz 
85300 1.82709e+06 221.517 8248.05 0.00451435 115 115 0 50 2 0 372 0 8265.8 8069246 115-aaujf 
85400 1.81862e+06 219 8304.22 0.00456621 114 114 0 45 8 4 370 0 8304.22 8065968 114-acuhv 
85500 1.81862e+06 220 8266.47 0.00454545 113 113 0 48 10 6 370 0 8266.47 8082805 113-adovc 
85600 1.81862e+06 220 8266.47 0.00454545 113 113 0 42 8 4 370 0 8266.47 8082805 113-adovc 
85700 1.86778e+06 222 8413.41 0.0045045 118 118 0 38 4 3 369 0 8413.41 8075968 118-aaeqr 
85800 1.86778e+06 224 8338.29 0.00446429 117 117 0 42 3 3 367 0 8338.29 8102044 117-aaenj 
85900 1.81862e+06 219 8304.22 0.00456621 114 114 0 32 7 4 371 0 8304.22 8107703 114-acurg 
86000 1.88416e+06 225 8374.04 0.00444444 117 117 0 34 2 1 371 0 8374.04 8114622 117-aaeqc 
86100 1.88416e+06 225 8374.04 0.00444444 117 117 0 39 5 5 371 0 8374.04 8114622 117-aaeqc 
86200 1.86778e+06 224 8338.29 0.00446429 117 117 0 43 4 1 367 0 8338.29 8102044 117-aaenj 
86300 1.88416e+06 226 8336.99 0.00442478 117 117 0 62 6 3 368 0 8336.99 8032244 117-aadsn 
86400 1.88416e+06 225 8374.04 0.00444444 118 118 0 70 13 11 370 0 8374.04 8180312 118-aagyq 
86500 1.86778e+06 226 8264.5 0.00442478 118 118 0 51 8 5 371 0 8264.5 8154758 118-aagkt 
86600 1.85139e+06 222 8339.6 0.0045045 118 118 0 48 11 8 373 0 8339.6 8146394 118-aagfv 
86700 1.86778e+06 223 8375.68 0.0044843 117 117 0 44 4 4 365 0 8375.68 8162439 117-aafcc 
86800 1.88416e+06 222 8487.21 0.0045045 118 118 0 43 2 1 373 0 8487.21 8152321 118-aagki 
86900 1.86778e+06 224 8338.29 0.00446429 117 117 0 45 11 9 371 0 8338.29 8229682 117-aagfe 
87000 1.88416e+06 228 8263.86 0.00438596 117 117 0 47 7 4 373 0 8263.86 8224940 117-aagct 
87100 1.85139e+06 223 8302.21 0.0044843 117 117 0 58 9 5 374 0 8302.21 8216561 117-aafyr 
87200 1.86778e+06 223 8375.68 0.0044843 118 118 0 40 2 1 374 0 8375.68 8247218 118-aaiiq 
87300 1.85139e+06 222 8339.6 0.0045045 117 117 0 36 4 3 377 0 8339.6 8250183 117-aagqz 
87400 1.86778e+06 227 8228.09 0.00440529 118 118 0 46 4 2 375 0 8228.09 8254140 118-aailc 
87500 1.85139e+06 222 8339.6 0.0045045 117 117 0 44 5 2 377 0 8339.6 8250183 117-aagqz 
87600 1.90054e+06 226 8409.49 0.00442478 118 118 0 37 3 2 382 0 8409.49 8271813 118-aaivw 
87700 1.90054e+06 226 8409.49 0.00442478 118 118 0 39 9 6 382 0 8409.49 8274824 118-aaivb 
87800 1.90054e+06 227 8372.44 0.00440529 118 118 0 48 6 2 383 0 8372.44 8306502 118-aajno 
87900 1.81862e+06 220 8266.47 0.00454545 114 114 0 55 7 5 374 0 8266.47 8285730 114-acvxe 
88000 1.88416e+06 225 8374.04 0.00444444 118 118 0 35 6 4 377 0 8374.04 8345175 118-aakkd 
88100 1.81862e+06 220 8266.47 0.00454545 114 114 0 43 9 4 374 0 8266.47 8285730 114-acvxe 
88200 1.86778e+06 224 8338.29 0.00446429 116 116 0 45 3 1 380 0 8338.29 8346180 116-aaipj 
88300 1.90054e+06 227 8372.44 0.00440529 118 118 0 80 10 7 384 0 8372.44 8352928 118-aakod 
88400 1.90054e+06 227 8372.44 0.00440529 118 118 0 41 1 0 384 0 8372.44 8352928 118-aakod 
88500 1.91693e+06 227 8444.62 0.00440529 119 118.996 0 38 3 2 387 0 8444.62 8343530 119-aabek 
88600 1.90054e+06 228 8335.72 0.00438596 118 118 0 46 7 5 395 0 8335.72 8402321 118-aalrf 
88700 1.86778e+06 224 8338.29 0.00446429 117 117 0 48 4 2 391 0 8338.29 8399852 117-aajik 
88800 1.86778e+06 224 8338.29 0.00446429 117 117 0 52 8 6 391 0 8338.29 8399852 117-aajik 
88900 1.85139e+06 222 8339.6 0.0045045 117 117 0 39 7 6 385 0 8339.6 8420512 117-aajpv 
89000 1.88416e+06 224 8411.43 0.00446429 118 118 0 45 5 3 384 0 8411.43 8427874 118-aamiq 
89100 1.86778e+06 224 8338.29 0.00446429 118 118 0 39 2 1 385 0 8338.29 8438926 118-aamqd 
89200 1.90054e+06 228 8335.72 0.00438596 118 118 0 37 7 6 395 0 8335.72 8402321 118-aalrf 
89300 1.88416e+06 226 8336.99 0.00442478 118 118 0 30 0 0 385 0 8336.99 8434607 118-aamnf 
89400 1.85139e+06 223 8302.21 0.0044843 117 117 0 36 4 4 387 0 8302.21 8477336 117-aaknr 
89500 1.85139e+06 223 8302.21 0.0044843 117 117 0 81 12 7 387 0 8302.21 8477336 117-aaknr 
89600 1.85139e+06 223 8302.21 0.0044843 117 117 0 59 3 3 387 0 8302.21 8477336 117-aaknr 
89700 1.85139e+06 223 8302.21 0.0044843 117 117 0 40 5 3 387 0 8302.21 8477336 117-aaknr 
89800 1.81862e+06 222 8192 0.0045045 116 116 0 41 6 5 378 0 8192 8495314 116-aajxr 
89900 1.81862e+06 222 8192 0.0045045 116 116 0 51 1 1 378 0 8192 8495314 116-aajxr 
90000 1.88416e+06 227 8300.26 0.00440529 118 118 0 48 3 2 386 0 8300.26 8510850 118-aaomw 
90100 1.88416e+06 227 8300.26 0.00440529 118 118 0 39 8 7 386 0 8300.26 8510850 118-aaomw 
90200 1.90054e+06 227 8372.44 0.00440529 119 119 0 33 2 2 383 0 8372.44 8490466 119-aablg 
90300 1.88416e+06 227 8300.26 0.00440529 118 118 0 53 2 2 390 0 8300.26 8570059 118-aaqch 
90400 1.88416e+06 227 8300.26 0.00440529 118 118 0 49 5 4 390 0 8300.26 8570059 118-aaqch 
90500 1.86778e+06 224 8338.29 0.00446429 117 117 0 39 0 0 389 0 8338.29 8567692 117-aalzl 
90600 1.86778e+06 224 8338.29 0.00446429 117 117 0 39 5 3 389 0 8338.29 8567692 117-aalzl 
90700 1.88416e+06 227 8300.26 0.00440529 118 118 0 35 5 3 388 0 8300.26 8578007 118-aaqio 
90800 1.86778e+06 224 8338.29 0.00446429 117 117 0 62 6 5 390 0 8338.29 8607381 117-aamql 
90900 1.86778e+06 224 8338.29 0.00446429 117 117 0 38 6 3 390 0 8338.29 8607381 117-aamql 
91000 1.81862e+06 221 8229.07 0.00452489 115 115 0 39 3 3 393 0 8229.07 8587197 115-aavgb 
91100 1.86778e+06 224 8338.29 0.00446429 117 117 0 44 16 12 394 0 8338.29 8627479 117-aanar 
91200 1.88416e+06 225 8374.04 0.00444444 118 118 0 40 3 2 394 0 8374.04 8649229 118-aasbn 
91300 1.85139e+06 223 8302.21 0.0044843 118 118 0 47 6 4 388 0 8302.21 8639708 118-aarxc 
91400 1.88416e+06 228 8263.86 0.00438596 118 118 0 31 1 1 392 0 8263.86 8661393 118-aashl 
91500 1.86778e+06 223 8375.68 0.0044843 118 118 0 34 5 4 396 0 8375.68 8680574 118-aasrp 
91600 1.86778e+06 223 8375.68 0.0044843 117 117 0 34 8 6 398 0 8375.68 8692456 117-aaokc 
91700 1.86778e+06 223 8375.68 0.0044843 117 117 0 46 4 2 398 0 8375.68 8692456 117-aaokc 
91800 1.86778e+06 224 8338.29 0.00446429 117 117 0 30 5 3 398 0 8338.29 8701109 117-aaond 
91900 1.86778e+06 224 8338.29 0.00446429 117 117 0 32 1 0 398 0 8338.29 8701109 117-aaond 
92000 1.80224e+06 223 8081.79 0.0044843 115 115 0 34 6 5 399 0 8081.79 8738772 115-aavtm 
92100 1.88416e+06 227 8300.26 0.00440529 118 118 0 47 10 6 393 0 8300.26 8736429 118-aatvz 
92200 1.88416e+06 227 8300.26 0.00440529 118 118 0 50 3 3 393 0 8300.26 8736429 118-aatvz 
92300 1.88416e+06 227 8300.26 0.00440529 118 118 0 37 4 4 393 0 8300.26 8736429 118-aatvz 
92400 1.81862e+06 221 8229.07 0.00452489 116 116.003 0 38 6 5 399 0 8229.07 8754296 116-aamne 
92500 1.85139e+06 225 8228.41 0.00444444 116 116 0 45 8 6 395 0 8228.41 8745949 116-aamko 
92600 1.85139e+06 225 8228.41 0.00444444 116 116 0 41 3 1 395 0 8228.41 8745949 116-aamko 
92700 1.85139e+06 225 8228.41 0.00444444 116 116 0 54 5 4 395 0 8228.41 8745949 116-aamko 
92800 1.85139e+06 225 8228.41 0.00444444 116 116 0 40 3 3 395 0 8228.41 8745949 116-aamko 
92900 1.86778e+06 225 8301.23 0.00444444 118 118 0 41 7 5 401 0 8301.23 8819012 118-aavoo 
93000 1.88416e+06 225 8374.04 0.00444444 118 118 0 36 6 4 394 0 8374.04 8811868 118-aavmj 
93100 1.88416e+06 226 8336.99 0.00442478 118 118 0 33 4 3 399 0 8336.99 8814067 118-aavpp 
93200 1.85139e+06 223 8302.21 0.0044843 118 118 0 55 4 4 401 0 8302.21 8848558 118-aawfc 
93300 1.85139e+06 223 8302.21 0.0044843 118 118 0 62 8 6 401 0 8302.21 8848558 118-aawfc 
93400 1.91693e+06 228 8407.58 0.00438596 120 120 0 44 9 6 400 0 8407.58 8838571 120-aaase 
93500 1.91693e+06 228 8407.58 0.00438596 120 120 0 44 6 4 400 0 8407.58 8838571 120-aaase 
93600 1.86778e+06 226 8264.5 0.00442478 117 117 0 36 6 4 404 0 8264.5 8896177 117-aasfl 
93700 1.83501e+06 224 8192 0.00446429 115 115 0 46 8 6 399 0 8192 8895789 115-aawca 
93800 1.83501e+06 224 8192 0.00446429 115 115 0 60 8 5 399 0 8192 8895789 115-aawca 
93900 1.86778e+06 228 8192 0.00438596 117 117 0 37 5 4 403 0 8192 8921271 117-aasnx 
94000 1.83501e+06 221 8303.2 0.00452489 116 116 0 43 4 2 408 0 8303.2 8935277 116-aaoak 
94100 1.88416e+06 225 8374.04 0.00444444 118 118 0 49 6 2 412 0 8374.04 8922964 118-aayaa 
94200 1.88416e+06 225 8374.04 0.00444444 118 118 0 47 4 2 412 0 8374.04 8922964 118-aayaa 
94300 1.93331e+06 228 8479.44 0.00438596 120 120 0 84 13 8 408 0 8479.44 8943796 120-aabgj 
94400 1.93331e+06 228 8479.44 0.00438596 120 120 0 142 29 19 408 0 8479.44 8943796 120-aabgj 
94500 1.93331e+06 228 8479.44 0.00438596 120 120 0 72 13 7 408 0 8479.44 8943796 120-aabgj 
94600 1.93331e+06 228 8479.44 0.00438596 120 120 0 60 6 4 408 0 8479.44 8943796 120-aabgj 
94700 1.86778e+06 225 8301.23 0.00444444 118 118 0 47 12 8 402 0 8301.23 8949800 118-aayqh 
94800 1.93331e+06 228 8479.44 0.00438596 120 120 0 47 8 7 413 0 8479.44 9010434 120-aabsm 
94900 1.86778e+06 224 8338.29 0.00446429 118 118 0 56 5 4 400 0 8338.29 9021536 118-abaid 
95000 1.86778e+06 224 8338.29 0.00446429 118 118 0 53 12 4 400 0 8338.29 9021536 118-abaid 
95100 1.90054e+06 225 8446.86 0.00444444 118 118 0 37 7 4 403 0 8446.86 9015120 118-abafs 
95200 1.91693e+06 228 8407.58 0.00438596 119 119 0 46 2 1 408 0 8407.58 9044829 119-aadnx 
95300 1.86778e+06 226 8264.5 0.00442478 118 118 0 60 8 5 411 0 8264.5 9025472 118-abakk 
95400 1.93331e+06 227 8516.79 0.00440529 120 120 0 77 16 12 412 0 8516.79 9054813 120-aacfk 
95500 1.88416e+06 226 8336.99 0.00442478 118 118 0 48 2 1 419 0 8336.99 9084048 118-abbuj 
95600 1.88416e+06 226 8336.99 0.00442478 118 118 0 55 10 6 419 0 8336.99 9084048 118-abbuj 
95700 1.93331e+06 228 8479.44 0.00438596 120 120 0 61 9 6 413 0 8479.44 9091738 120-aacqf 
95800 1.88416e+06 226 8336.99 0.00442478 118 118 0 49 5 1 419 0 8336.99 9084048 118-abbuj 
95900 1.90054e+06 226 8409.49 0.00442478 119 119 0 41 3 2 418 0 8409.49 9119004 119-aaeie 
96000 1.90054e+06 226 8409.49 0.00442478 119 119 0 57 11 8 418 0 8409.49 9119004 119-aaeie 
96100 1.86778e+06 225 8301.23 0.00444444 118 118 0 38 4 2 415 0 8301.23 9150413 118-abdit 
96200 1.91693e+06 229 8370.86 0.00436681 120 120 0 54 4 4 415 0 8370.86 9127379 120-aaczn 
96300 1.90054e+06 225 8446.86 0.00444444 118 118 0 49 3 3 417 0 8446.86 9101067 118-abccu 
96400 1.90054e+06 225 8446.86 0.00444444 118 118 0 45 3 2 417 0 8446.86 9101067 118-abccu 
96500 1.91693e+06 227 8444.62 0.00440529 119 119 0 54 3 3 416 0 8444.62 9155028 119-aaeuj 
96600 1.91693e+06 227 8444.62 0.00440529 119 119 0 62 7 3 416 0 8444.62 9155028 119-aaeuj 
96700 1.90054e+06 226 8409.49 0.00442478 118 118 0 76 5 4 409 0 8409.49 9174405 118-abdyh 
96800 1.86778e+06 226 8264.5 0.00442478 116 116 0 45 10 7 426 0 8264.5 9220166 116-aapha 
96900 1.91693e+06 227 8444.62 0.00440529 119 119 0 29 1 1 417 0 8444.62 9219101 119-aafsj 
97000 1.91693e+06 232 8262.62 0.00431034 119 119 0 36 4 4 432 0 8262.62 9237432 119-aafyv 
97100 1.91693e+06 228 8407.58 0.00438596 119 119 0 50 2 0 420 0 8407.58 9239092 119-aagas 
97200 1.91693e+06 228 8407.58 0.00438596 119 119 0 89 21 18 420 0 8407.58 9239092 119-aagas 
97300 1.91693e+06 228 8407.58 0.00438596 119 119 0 54 12 8 420 0 8407.58 9239092 119-aagas 
97400 1.91693e+06 228 8407.58 0.00438596 119 119 0 59 10 6 420 0 8407.58 9239092 119-aagas 
97500 1.90054e+06 227 8372.44 0.00440529 118 118 0 49 5 4 419 0 8372.44 9263063 118-abfxx 
97600 1.93331e+06 228 8479.44 0.00438596 120 119.997 0 51 7 4 418 0 8479.44 9252408 120-aadyx 
97700 1.88416e+06 224 8411.43 0.00446429 117 117 0 49 10 6 420 0 8411.43 9288999 117-aaxet 
97800 1.90054e+06 227 8372.44 0.00440529 118 118.007 0 39 5 2 425 0 8372.44 9302245 118-abgsz 
97900 1.91693e+06 227 8444.62 0.00440529 119 119 0 59 6 5 420 0 8444.62 9284400 119-aagrd 
98000 1.85424e+06 223.174 8308.48 0.00448082 116 116 0 63 6 5 415 0 8338.29 9303932 116-aaprl 
98100 1.85139e+06 226 8192 0.00442478 117 117 0 47 9 7 431 0 8192 9298842 117-aaxiy 
98200 1.88416e+06 225 8374.04 0.00444444 117 117 0 36 11 9 422 0 8374.04 9336917 117-aaxzd 
98300 1.88416e+06 225 8374.04 0.00444444 117 117 0 39 4 2 422 0 8374.04 9336917 117-aaxzd 
98400 1.91693e+06 231 8298.39 0.004329 119 119 0 41 6 6 429 0 8298.39 9359605 119-aahrk 
98500 1.93331e+06 227 8516.79 0.00440529 120 120 0 57 13 12 428 0 8516.79 9349973 120-aaemq 
98600 1.91693e+06 229 8370.86 0.00436681 119 119 0 47 2 0 425 0 8370.86 9390466 119-aaidk 
98700 1.91693e+06 229 8370.86 0.00436681 119 119 0 49 2 2 425 0 8370.86 9390466 119-aaidk 
98800 1.91693e+06 229 8370.86 0.00436681 119 119 0 54 4 4 425 0 8370.86 9390466 119-aaidk 
98900 1.86778e+06 225 8301.23 0.00444444 117 117 0 40 6 4 420 0 8301.23 9397463 117-aayyq 
99000 1.86778e+06 225 8301.23 0.00444444 117 117 0 39 5 3 420 0 8301.23 9397463 117-aayyq 
99100 1.90054e+06 227 8372.44 0.00440529 119 119 0 31 5 5 427 0 8372.44 9445469 119-aajaq 
99200 1.93331e+06 227 8516.79 0.00440529 120 120 0 46 1 0 427 0 8516.79 9419282 120-aaeut 
99300 1.91693e+06 229 8370.86 0.00436681 119 119 0 44 3 1 425 0 8370.86 9390466 119-aaidk 
99400 1.86778e+06 223 8375.68 0.0044843 116 116 0 54 9 7 432 0 8375.68 9443062 116-aaqsw 
99500 1.88715e+06 225.182 8380.51 0.00444086 118 118 0 53 2 2 433 0 8409.49 9436511 118-abjbc 
99600 1.88416e+06 225 8374.04 0.00444444 117 117 0 42 4 3 425 0 8374.04 9478160 117-abadx 
99700 1.93331e+06 228 8479.44 0.00438596 120 120 0 41 6 4 431 0 8479.44 9492826 120-aafaw 
99800 1.90054e+06 225 8446.86 0.00444444 118 118 0 37 2 1 439 0 8446.86 9503263 118-abjzs 
99900 1.91693e+06 228 8407.58 0.00438596 119 119 0 45 6 3 428 0 8407.58 9510507 119-aajzk 
100000 1.85139e+06 223 8302.21 0.0044843 116 116 0 35 5 3 433 0 8302.21 9511647 116-aarqi 
