# Avida tasks data
# Fri Jun 15 12:07:29 2018
# First column gives the current update, next columns give the number
# of organisms that have the particular task as a component of their merit
#  1: Update
#  2: Not
#  3: Nand
#  4: And
#  5: OrNot
#  6: Or
#  7: AndNot
#  8: Nor
#  9: Xor
# 10: Equals

0 0 0 0 0 0 0 0 0 0 
100 0 0 0 0 0 0 0 0 0 
200 0 0 0 0 0 0 0 0 0 
300 0 0 0 0 0 0 0 0 0 
400 0 0 0 0 0 0 0 0 0 
500 0 0 0 0 0 0 0 0 0 
600 0 0 0 0 0 0 0 0 0 
700 0 0 0 0 0 0 0 0 0 
800 0 0 0 0 0 0 0 0 0 
900 0 0 0 0 0 0 0 0 0 
1000 0 0 0 0 0 0 0 0 0 
1100 0 0 0 0 0 0 0 0 0 
1200 0 0 0 0 0 0 0 0 0 
1300 0 0 0 0 0 0 0 0 0 
1400 0 0 0 0 0 0 0 0 0 
1500 0 0 0 0 0 0 0 0 0 
1600 4 0 0 0 0 0 0 0 0 
1700 949 0 0 0 0 0 0 0 0 
1800 3138 0 0 0 0 0 0 0 0 
1900 3365 0 0 0 0 0 0 0 0 
2000 3360 0 0 0 0 0 0 0 0 
2100 3355 0 0 0 0 0 0 0 0 
2200 3371 0 0 0 0 0 0 0 0 
2300 3332 0 0 0 0 0 0 0 0 
2400 3331 0 0 0 0 0 0 0 0 
2500 3339 0 0 0 0 0 0 0 0 
2600 3171 0 0 114 0 0 0 0 0 
2700 508 11 0 2886 0 0 0 0 0 
2800 44 9 0 3362 0 0 0 0 0 
2900 37 18 0 3364 0 0 0 0 0 
3000 37 16 0 3355 0 0 0 0 0 
3100 48 23 0 3366 0 0 0 0 0 
3200 48 1753 0 3372 0 0 0 0 0 
3300 33 3306 0 3391 0 0 0 0 0 
3400 33 3345 0 3378 0 0 0 0 0 
3500 33 3383 0 3397 0 0 0 0 0 
3600 33 400 8 3407 0 3009 0 0 0 
3700 36 10 5 3362 0 3393 0 0 0 
3800 52 25 6 3366 0 3396 0 0 0 
3900 215 35 7 3371 0 3383 0 0 0 
4000 3173 19 26 3421 0 3428 0 0 0 
4100 3455 13 18 3411 0 3410 0 0 0 
4200 3472 22 21 3413 0 3374 2 0 0 
4300 3469 14 16 3398 0 3411 0 0 0 
4400 3470 18 12 3407 0 3409 2 0 0 
4500 3487 2568 4 3420 0 3386 44 0 0 
4600 3485 3348 4 3463 0 3312 111 0 0 
4700 3475 3304 2 3423 0 3255 145 0 0 
4800 3465 43 3 3391 3436 46 3289 0 0 
4900 3470 21 4 3403 3458 19 3363 0 0 
5000 3469 1901 7 3410 3457 19 3344 0 0 
5100 3448 3495 0 3390 3444 10 3317 0 0 
5200 3485 3536 4 3432 3493 5 3333 0 0 
5300 3475 3534 6 3409 3451 11 3323 0 0 
5400 3457 3549 4 3362 3426 14 3286 0 0 
5500 3477 3542 3 3415 3461 5 3349 0 0 
5600 3480 3531 2 3401 3446 12 3328 0 0 
5700 3483 3554 0 3408 3430 24 3328 0 0 
5800 3448 3539 1 3409 3432 15 3303 0 0 
5900 3463 3543 2 3416 3457 3 3342 0 0 
6000 3487 3537 1 3421 3462 20 3356 0 0 
6100 3453 3532 2 3413 3441 12 3335 0 0 
6200 3467 3530 2 3371 3422 14 3289 0 0 
6300 3452 328 0 3363 3439 3220 3288 0 0 
6400 3460 17 1 3399 3448 3539 3338 0 0 
6500 3453 14 1 3422 3459 3546 3348 0 0 
6600 3480 19 0 3421 3461 3546 3329 0 0 
6700 3459 18 2 3402 3457 3537 3307 0 0 
6800 3464 16 4 3399 3455 3552 3330 0 0 
6900 3455 11 2 3379 3434 3542 3295 0 0 
7000 3484 15 2 3406 3472 3534 3332 0 0 
7100 3495 16 3 3410 3453 3539 3339 0 0 
7200 3463 21 0 3400 3442 3550 3362 0 0 
7300 3475 22 3 3401 3460 3522 3320 0 0 
7400 3462 17 2 3385 3447 3536 3326 0 0 
7500 3463 19 0 3423 3450 3545 3343 0 0 
7600 3493 20 2 3414 3458 3536 3330 0 0 
7700 3478 24 3 3389 3444 3541 3337 0 0 
7800 3480 16 2 3376 3446 3540 3321 0 0 
7900 3485 23 3 3412 3453 3532 3341 0 0 
8000 3493 15 1 3404 3463 3547 3377 0 0 
8100 3472 16 1 3409 3453 3545 3330 0 0 
8200 3464 18 2 3406 3471 3544 3337 0 0 
8300 3473 26 2 3384 3437 3527 3327 0 0 
8400 3474 24 3 3419 3459 3544 3344 0 0 
8500 3474 202 0 3417 3475 3529 3366 0 0 
8600 3514 2281 4 3426 3479 3542 3346 0 0 
8700 3484 3461 1 3413 3466 3537 3358 0 0 
8800 3477 3534 5 3388 3450 3532 3317 0 0 
8900 3493 3534 4 3396 3447 3536 3362 0 0 
9000 3464 3548 5 3426 3458 3534 3350 0 0 
9100 3474 3543 1 3394 3454 3541 3344 0 0 
9200 3468 3541 3 3400 3461 3543 3343 0 0 
9300 3482 3551 0 3416 3468 3538 3342 0 0 
9400 3478 3520 5 3410 3447 3538 3353 0 0 
9500 3494 3540 4 3426 3478 3541 3350 0 0 
9600 3471 3539 3 3405 3450 3537 3354 0 0 
9700 3463 3531 2 3403 3451 3554 3344 0 0 
9800 3448 3529 2 3389 3435 3544 3308 0 0 
9900 3477 3526 2 3385 3456 3538 3327 0 0 
10000 3485 3551 1 3406 3451 3528 3348 0 0 
10100 3470 3511 4 3408 3444 3532 3333 0 0 
10200 3498 3521 1 3396 3444 3542 3328 0 0 
10300 3479 3535 1 3404 3433 3533 3332 0 0 
10400 3482 3517 4 3407 3450 3524 3362 0 0 
10500 3482 3543 1 3387 3460 3542 3318 0 0 
10600 3483 3528 1 3397 3460 3534 3325 0 0 
10700 3491 3528 5 3409 3453 3516 3324 0 0 
10800 3457 3526 0 3414 3455 3531 3336 0 0 
10900 3446 3546 1 3368 3418 3529 3289 0 0 
11000 3483 3500 1 3393 3440 3533 3318 0 0 
11100 3469 3534 4 3399 3453 3538 3328 0 0 
11200 3493 3535 3 3399 3441 3528 3345 0 0 
11300 3458 3509 0 3412 3446 3521 3353 0 0 
11400 3480 3536 5 3399 3476 3535 3355 0 0 
11500 3459 3529 2 3388 3439 3538 3336 0 0 
11600 3485 3521 11 3419 3478 3522 3345 0 0 
11700 3508 3524 1 3424 3468 3518 3371 0 0 
11800 3472 3517 0 3425 3463 3527 3372 0 0 
11900 3464 3516 3 3409 3450 3540 3340 0 0 
12000 3481 3522 1 3393 3441 3547 3334 0 0 
12100 3463 3544 0 3394 3455 3552 3352 0 0 
12200 3473 3534 3 3389 3460 3524 3348 0 0 
12300 3485 3534 0 3433 3472 3541 3375 0 0 
12400 3474 3524 2 3388 3453 3515 3325 0 0 
12500 3476 3520 3 3396 3464 3534 3348 0 0 
12600 3478 3519 0 3435 3465 3534 3356 0 0 
12700 3496 3535 1 3444 3495 3529 3370 0 0 
12800 3472 3537 2 3390 3453 3524 3349 0 0 
12900 3472 3519 7 3372 3441 3535 3323 0 0 
13000 3497 3539 2 3418 3458 3541 3367 0 0 
13100 3480 3537 1 3369 3442 3539 3310 0 0 
13200 3474 3544 2 3405 3457 3545 3371 0 0 
13300 3474 3520 0 3412 3461 3531 3344 0 0 
13400 3489 3525 1 3433 3460 3537 3357 0 0 
13500 3461 3525 0 3354 3437 3535 3287 0 0 
13600 3480 3527 3 3402 3459 3530 3334 0 0 
13700 3471 3532 1 3413 3461 3540 3354 0 0 
13800 3476 3530 2 3446 3467 3534 3351 0 0 
13900 3478 3519 2 3420 3473 3532 3359 0 0 
14000 3476 3531 0 3425 3472 3532 3366 0 0 
14100 3469 3525 0 3411 3470 3527 3333 0 0 
14200 3479 3528 0 3395 3452 3545 3347 0 0 
14300 3459 3513 1 3402 3444 3526 3337 0 0 
14400 3506 3529 0 3417 3493 3537 3363 0 0 
14500 3470 3527 5 3401 3444 3544 3344 0 0 
14600 3514 3537 0 3426 3470 3535 3371 0 0 
14700 3494 3521 2 3433 3471 3554 3375 0 0 
14800 3470 3520 5 3414 3479 3518 3358 0 0 
14900 3454 3543 0 3395 3451 3545 3335 0 0 
15000 3495 3524 3 3414 3455 3519 3364 0 0 
15100 3481 3526 0 3427 3449 3546 3371 0 0 
15200 3496 3529 0 3424 3462 3546 3367 0 0 
15300 3476 3531 0 3414 3456 3550 3353 0 0 
15400 3506 3535 0 3427 3472 3543 3370 0 0 
15500 3486 3521 1 3404 3450 3531 3335 0 0 
15600 3487 3523 0 3406 3458 3518 3371 0 0 
15700 3459 3519 0 3412 3436 3529 3345 0 0 
15800 3502 3524 3 3439 3473 3533 3385 0 0 
15900 3479 3530 3 3408 3444 3549 3363 0 0 
16000 3481 3515 1 3428 3463 3537 3348 0 0 
16100 3490 3547 0 3437 3479 3532 3362 0 0 
16200 3483 3529 0 3394 3461 3533 3342 0 0 
16300 3482 3523 3 3394 3451 3538 3305 0 0 
16400 3508 3509 2 3417 3463 3539 3362 0 0 
16500 3480 3514 2 3419 3467 3529 3361 0 0 
16600 3493 3523 3 3424 3470 3536 3344 0 0 
16700 3481 3534 2 3423 3449 3541 3368 0 0 
16800 3495 3533 3 3409 3484 3532 3348 0 0 
16900 3451 3551 1 3420 3448 3550 3364 0 0 
17000 3461 3525 2 3407 3445 3539 3344 0 0 
17100 3475 3531 3 3413 3454 3524 3365 0 0 
17200 3469 3538 2 3410 3455 3546 3341 0 0 
17300 3469 3533 2 3407 3451 3552 3357 0 0 
17400 3498 3534 2 3404 3458 3535 3344 0 0 
17500 3477 3535 3 3414 3469 3539 3358 0 0 
17600 3481 3522 1 3441 3469 3546 3367 0 0 
17700 3458 3532 4 3409 3449 3535 3344 0 0 
17800 3482 3525 4 3412 3450 3526 3328 0 0 
17900 3494 3503 0 3410 3474 3529 3366 0 0 
18000 3485 3525 0 3402 3458 3517 3324 0 0 
18100 3483 3535 1 3404 3457 3538 3336 0 0 
18200 3470 3522 0 3399 3458 3534 3334 0 0 
18300 3478 3542 3 3414 3430 3525 3355 0 0 
18400 3451 3551 0 3427 3458 3544 3377 0 0 
18500 3452 3537 3 3417 3448 3539 3353 0 0 
18600 3490 3531 1 3398 3442 3548 3351 0 0 
18700 3492 3534 3 3401 3466 3521 3348 0 0 
18800 3482 3535 0 3402 3436 3554 3356 0 0 
18900 3444 3520 0 3395 3421 3527 3330 0 0 
19000 3482 3536 0 3400 3448 3541 3323 0 0 
19100 3464 3532 1 3393 3442 3529 3337 0 0 
19200 3494 3507 0 3406 3474 3528 3364 0 0 
19300 3486 3534 2 3424 3483 3555 3351 0 0 
19400 3463 3534 2 3414 3450 3530 3365 0 0 
19500 3461 3530 3 3420 3454 3536 3365 0 0 
19600 3478 3526 1 3403 3457 3519 3338 0 0 
19700 3492 3552 5 3417 3474 3538 3366 0 0 
19800 3506 3533 0 3439 3475 3549 3389 0 0 
19900 3471 3531 3 3403 3463 3540 3357 0 0 
20000 3480 3539 3 3425 3465 3534 3370 0 0 
20100 3488 3523 2 3395 3460 3556 3347 0 0 
20200 3472 3522 2 3407 3460 3544 3338 0 0 
20300 3501 3542 5 3422 3469 3538 3363 0 0 
20400 3464 3544 0 3398 3431 3559 3337 0 0 
20500 3490 3521 2 3405 3441 3542 3356 0 0 
20600 3478 3531 2 3410 3441 3554 3354 0 0 
20700 3486 3545 0 3431 3459 3546 3360 0 0 
20800 3508 3523 0 3405 3477 3537 3338 0 0 
20900 3475 3529 0 3405 3448 3541 3356 0 0 
21000 3470 3522 0 3424 3430 3541 3366 0 0 
21100 3483 3542 1 3405 3458 3533 3360 0 0 
21200 3495 3520 0 3426 3461 3542 3354 0 0 
21300 3460 3526 0 3383 3443 3546 3331 0 0 
21400 3506 3527 0 3408 3466 3539 3343 0 0 
21500 3462 3523 1 3393 3447 3529 3341 0 0 
21600 3506 3521 0 3429 3462 3532 3376 0 0 
21700 3503 3534 1 3430 3464 3541 3345 0 0 
21800 3474 3516 4 3432 3466 3535 3378 0 0 
21900 3470 3518 1 3378 3445 3547 3336 0 0 
22000 3495 3547 1 3394 3464 3563 3338 0 0 
22100 3472 3540 1 3445 3436 3546 3399 0 0 
22200 3494 3530 1 3432 3477 3541 3393 0 0 
22300 3493 3526 3 3434 3461 3541 3350 0 0 
22400 3471 3516 4 3408 3449 3544 3346 0 0 
22500 3497 3538 2 3400 3446 3563 3355 0 0 
22600 3496 3518 1 3433 3458 3540 3376 0 0 
22700 3481 3531 0 3424 3450 3535 3358 0 0 
22800 3461 3528 0 3406 3414 3549 3343 0 0 
22900 3493 3547 2 3441 3454 3554 3367 0 0 
23000 3491 3535 2 3446 3455 3541 3388 0 0 
23100 3489 3533 3 3427 3444 3554 3358 0 0 
23200 3484 3539 1 3420 3457 3526 3368 0 0 
23300 3501 3530 1 3407 3451 3530 3362 0 0 
23400 3481 3549 2 3427 3459 3529 3361 0 0 
23500 3480 3541 1 3442 3468 3538 3384 0 0 
23600 3488 3542 0 3389 3434 3538 3328 0 0 
23700 3494 3540 0 3415 3439 3534 3347 0 0 
23800 3502 3530 2 3383 3451 3529 3336 0 0 
23900 3490 3511 4 3411 3450 3523 3365 0 0 
24000 3476 3552 3 3421 3415 3536 3370 0 0 
24100 3485 3551 0 3392 3440 3534 3312 0 0 
24200 3516 3528 1 3417 3469 3547 3353 0 0 
24300 3489 3539 0 3420 3446 3541 3368 0 0 
24400 3524 3534 1 3418 3467 3535 3374 0 0 
24500 3493 3553 2 3431 3445 3553 3369 0 0 
24600 3482 3558 0 3438 3451 3541 3390 0 0 
24700 3510 3529 3 3431 3449 3538 3378 0 0 
24800 3496 3509 1 3438 3453 3542 3372 0 0 
24900 3509 3512 1 3429 3447 3539 3370 0 0 
25000 3483 3545 0 3405 3442 3542 3355 0 0 
25100 3479 3535 2 3408 3429 3535 3369 0 0 
25200 3497 3545 2 3391 3434 3532 3365 0 0 
25300 3499 3541 4 3421 3449 3542 3375 0 0 
25400 3494 3529 0 3424 3461 3529 3394 0 0 
25500 3503 3560 0 3436 3463 3557 3384 0 0 
25600 3471 3527 0 3395 3443 3541 3337 0 0 
25700 3491 3516 0 3438 3459 3543 3391 0 0 
25800 3499 3538 1 3432 3459 3544 3392 0 0 
25900 3507 3526 1 3421 3471 3522 3379 0 0 
26000 3489 3517 1 3414 3474 3534 3378 0 0 
26100 3480 3540 0 3414 3449 3533 3354 0 0 
26200 3490 3525 0 3423 3450 3556 3370 0 0 
26300 3484 3533 2 3397 3451 3555 3325 0 0 
26400 3489 3538 0 3420 3444 3534 3375 0 0 
26500 3490 3537 0 3420 3482 3552 3379 0 0 
26600 3489 3546 0 3428 3441 3545 3373 0 0 
26700 3494 3541 5 3423 3459 3540 3377 0 0 
26800 3486 3518 0 3423 3454 3543 3376 0 0 
26900 3505 3520 0 3414 3439 3533 3344 0 0 
27000 3521 3523 1 3430 3457 3534 3382 0 0 
27100 3481 3535 0 3388 3414 3541 3339 0 0 
27200 3486 3525 2 3407 3441 3548 3370 0 0 
27300 3493 3536 4 3423 3467 3535 3363 0 0 
27400 3464 3524 1 3388 3399 3542 3326 0 0 
27500 3502 3523 1 3418 3462 3529 3364 0 0 
27600 3480 3536 1 3390 3452 3547 3343 0 0 
27700 3492 3537 0 3403 3457 3538 3367 0 0 
27800 3515 3530 0 3415 3476 3542 3378 0 0 
27900 3477 3538 0 3450 3458 3538 3394 0 0 
28000 3506 3516 0 3437 3461 3544 3386 0 0 
28100 3511 3543 7 3462 3463 3549 3415 0 0 
28200 3502 3542 0 3447 3456 3546 3396 0 0 
28300 3509 3529 1 3456 3462 3544 3398 0 0 
28400 3507 3514 3 3446 3461 3544 3399 0 0 
28500 3501 3548 0 3432 3460 3539 3387 0 0 
28600 3506 3524 1 3448 3488 3539 3400 0 0 
28700 3511 3537 3 3425 3475 3535 3377 0 0 
28800 3511 3530 0 3424 3465 3544 3372 0 0 
28900 3512 3524 0 3445 3466 3534 3374 0 0 
29000 3493 3550 0 3416 3455 3546 3357 0 0 
29100 3511 3546 1 3434 3461 3543 3406 0 0 
29200 3474 3522 0 3420 3446 3545 3378 0 0 
29300 3491 3512 2 3445 3480 3544 3392 0 0 
29400 3503 3550 0 3432 3465 3551 3386 0 0 
29500 3496 3518 4 3450 3476 3528 3393 0 0 
29600 3501 3527 2 3401 3446 3532 3363 0 0 
29700 3510 3547 1 3442 3474 3549 3363 0 0 
29800 3477 3534 1 3449 3464 3537 3364 0 0 
29900 3517 3556 1 3434 3473 3540 3394 0 0 
30000 3503 3529 4 3432 3452 3538 3367 0 0 
30100 3503 3524 3 3413 3450 3539 3380 0 0 
30200 3508 3527 2 3425 3472 3527 3355 0 0 
30300 3511 3543 4 3441 3481 3550 3412 0 0 
30400 3498 3525 7 3419 3467 3517 3372 0 0 
30500 3505 3528 1 3436 3476 3543 3391 0 0 
30600 3510 3512 0 3453 3490 3533 3402 0 0 
30700 3488 3545 1 3412 3478 3535 3369 0 0 
30800 3500 3537 0 3430 3469 3533 3396 0 0 
30900 3498 3537 8 3421 3473 3535 3356 0 0 
31000 3511 3533 1 3446 3472 3530 3410 0 0 
31100 3502 3525 9 3425 3449 3510 3364 0 0 
31200 3490 3547 2 3417 3445 3535 3340 0 0 
31300 3512 3539 3 3438 3472 3527 3364 0 0 
31400 3513 3537 6 3412 3455 3532 3364 0 0 
31500 3508 3517 3 3419 3454 3538 3368 0 0 
31600 3507 3533 2 3422 3448 3516 3390 0 0 
31700 3490 3524 1 3402 3438 3530 3362 0 0 
31800 3505 3546 0 3434 3453 3540 3378 0 0 
31900 3491 3550 0 3422 3461 3545 3374 0 0 
32000 3482 3531 0 3423 3456 3519 3365 0 0 
32100 3517 3535 2 3428 3475 3545 3388 0 0 
32200 3508 3521 0 3408 3462 3520 3373 0 0 
32300 3477 3539 0 3403 3452 3523 3356 0 0 
32400 3497 3527 1 3416 3450 3519 3344 0 0 
32500 3501 3538 1 3423 3468 3520 3388 0 0 
32600 3512 3522 2 3424 3458 3538 3371 0 0 
32700 3496 3544 0 3402 3433 3533 3368 0 0 
32800 3494 3545 0 3420 3449 3544 3369 0 0 
32900 3501 3535 1 3401 3458 3528 3360 0 0 
33000 3505 3525 0 3404 3456 3519 3340 0 0 
33100 3499 3546 1 3399 3461 3530 3355 0 0 
33200 3514 3533 1 3408 3470 3533 3361 0 0 
33300 3508 3521 1 3435 3465 3524 3397 0 0 
33400 3504 3537 2 3415 3468 3526 3372 0 0 
33500 3475 3544 1 3425 3454 3538 3390 0 0 
33600 3508 3540 4 3400 3469 3523 3336 0 0 
33700 3495 3558 1 3405 3461 3538 3348 0 0 
33800 3502 3537 2 3399 3484 3521 3366 0 0 
33900 3495 3526 0 3410 3465 3537 3374 0 0 
34000 3503 3529 0 3408 3458 3520 3344 0 0 
34100 3482 3530 2 3408 3473 3530 3364 0 0 
34200 3498 3541 0 3413 3484 3526 3381 0 0 
34300 3473 3537 0 3417 3471 3534 3366 0 0 
34400 3476 3518 1 3411 3472 3524 3340 0 0 
34500 3482 3541 0 3391 3454 3543 3343 0 0 
34600 3501 3528 4 3430 3446 3533 3388 0 0 
34700 3496 3552 3 3405 3478 3546 3365 0 0 
34800 3480 3537 3 3372 3451 3531 3331 0 0 
34900 3485 3529 0 3398 3451 3545 3370 0 0 
35000 3502 3534 1 3410 3466 3520 3349 0 0 
35100 3484 3521 0 3402 3458 3539 3371 0 0 
35200 3488 3537 0 3436 3471 3532 3380 0 0 
35300 3486 3542 1 3398 3472 3537 3352 0 0 
35400 3507 3545 2 3412 3480 3535 3377 0 0 
35500 3485 3548 1 3428 3475 3535 3376 0 0 
35600 3490 3534 0 3409 3470 3520 3373 0 0 
35700 3498 3534 2 3398 3464 3547 3362 0 0 
35800 3493 3549 2 3425 3477 3549 3386 0 0 
35900 3483 3544 3 3420 3478 3541 3388 0 0 
36000 3473 3530 0 3437 3466 3544 3379 0 0 
36100 3510 3547 0 3414 3484 3538 3368 0 0 
36200 3485 3540 4 3407 3463 3534 3368 0 0 
36300 3482 3520 0 3401 3471 3514 3348 0 0 
36400 3478 3538 0 3406 3454 3523 3358 0 0 
36500 3475 3545 1 3394 3453 3544 3373 0 0 
36600 3500 3533 0 3425 3487 3541 3381 0 0 
36700 3484 3537 0 3425 3488 3542 3370 0 0 
36800 3482 3549 2 3395 3454 3541 3345 0 0 
36900 3511 3528 1 3409 3492 3518 3372 0 0 
37000 3486 3530 0 3377 3459 3528 3332 0 0 
37100 3506 3552 0 3427 3487 3547 3376 0 0 
37200 3488 3519 5 3410 3461 3529 3376 0 0 
37300 3507 3547 2 3418 3504 3533 3358 0 0 
37400 3489 3527 0 3394 3473 3518 3361 0 0 
37500 3462 3556 0 3418 3472 3540 3371 0 0 
37600 3483 3534 0 3409 3468 3539 3351 0 0 
37700 3470 3525 1 3395 3476 3518 3354 0 0 
37800 3500 3533 4 3405 3463 3529 3358 0 0 
37900 3498 3543 0 3413 3477 3538 3394 0 0 
38000 3455 3546 0 3396 3429 3543 3330 0 0 
38100 3467 3538 1 3374 3447 3535 3344 0 0 
38200 3496 3532 0 3392 3461 3541 3339 0 0 
38300 3491 3531 4 3396 3467 3536 3327 0 0 
38400 3493 3554 0 3379 3463 3539 3330 0 0 
38500 3504 3548 1 3421 3480 3544 3388 0 0 
38600 3470 3541 2 3394 3459 3543 3359 0 0 
38700 3492 3515 1 3436 3491 3531 3393 0 0 
38800 3472 3541 2 3402 3457 3540 3336 0 0 
38900 3494 3545 0 3419 3475 3543 3368 0 0 
39000 3495 3550 1 3409 3479 3535 3379 0 0 
39100 3466 3546 5 3391 3462 3540 3353 0 0 
39200 3503 3533 2 3416 3497 3531 3361 0 0 
39300 3502 3549 3 3404 3480 3526 3380 0 0 
39400 3485 3528 1 3407 3456 3540 3365 0 0 
39500 3494 3525 0 3414 3476 3521 3355 0 0 
39600 3504 3566 1 3388 3454 3539 3364 0 0 
39700 3503 3535 0 3438 3496 3539 3384 0 0 
39800 3493 3549 0 3413 3457 3541 3374 0 0 
39900 3511 3535 3 3410 3494 3552 3380 0 0 
40000 3512 3546 0 3425 3485 3551 3376 0 0 
40100 3485 3548 3 3357 3449 3517 3312 0 0 
40200 3489 3534 0 3384 3471 3546 3330 0 0 
40300 3506 3531 0 3419 3484 3521 3378 0 0 
40400 3495 3545 0 3395 3470 3539 3361 0 0 
40500 3503 3518 2 3387 3478 3532 3328 0 0 
40600 3507 3532 0 3394 3483 3526 3376 0 0 
40700 3473 3542 1 3386 3458 3519 3350 0 0 
40800 3495 3542 2 3413 3481 3539 3387 0 0 
40900 3495 3536 4 3423 3477 3526 3370 0 0 
41000 3479 3539 2 3421 3473 3531 3384 0 0 
41100 3477 3533 0 3447 3480 3507 3396 0 0 
41200 3503 3537 0 3386 3463 3543 3345 0 0 
41300 3497 3541 3 3410 3469 3523 3348 0 0 
41400 3518 3547 0 3396 3466 3534 3342 0 0 
41500 3495 3524 0 3400 3467 3533 3333 0 0 
41600 3474 3538 0 3416 3493 3546 3373 0 0 
41700 3486 3548 0 3419 3497 3534 3384 0 0 
41800 3484 3537 2 3389 3465 3518 3360 0 0 
41900 3490 3535 0 3419 3462 3531 3370 0 0 
42000 3506 3529 2 3425 3487 3534 3361 0 0 
42100 3506 3538 0 3413 3473 3544 3343 0 0 
42200 3513 3560 5 3420 3472 3539 3389 0 0 
42300 3506 3557 4 3406 3485 3534 3355 0 0 
42400 3485 3539 0 3385 3463 3523 3329 0 0 
42500 3477 3539 0 3413 3474 3538 3370 0 0 
42600 3511 3538 1 3388 3468 3528 3326 0 0 
42700 3493 3548 0 3407 3495 3542 3360 0 0 
42800 3500 3547 1 3389 3466 3553 3342 0 0 
42900 3500 3543 2 3417 3479 3531 3374 0 0 
43000 3494 3531 1 3397 3483 3511 3359 0 0 
43100 3493 3547 0 3397 3484 3542 3362 0 0 
43200 3513 3544 7 3446 3496 3544 3398 0 0 
43300 3527 3540 1 3407 3473 3543 3371 0 0 
43400 3512 3541 2 3426 3501 3544 3394 0 0 
43500 3473 3517 0 3388 3449 3532 3359 0 0 
43600 3496 3548 5 3413 3455 3545 3375 0 0 
43700 3483 3529 3 3401 3467 3531 3343 0 0 
43800 3500 3541 0 3401 3494 3524 3345 0 0 
43900 3499 3515 1 3417 3472 3536 3365 0 0 
44000 3477 3538 3 3448 3479 3562 3390 0 0 
44100 3491 3540 0 3393 3464 3549 3359 0 0 
44200 3506 3537 1 3413 3474 3549 3386 0 0 
44300 3486 3533 2 3433 3482 3537 3390 0 0 
44400 3497 3529 0 3418 3479 3523 3346 0 0 
44500 3503 3517 2 3371 3454 3526 3344 0 0 
44600 3479 3558 0 3415 3470 3545 3386 0 0 
44700 3502 3538 0 3415 3495 3538 3369 0 0 
44800 3509 3546 0 3397 3471 3538 3353 0 0 
44900 3505 3544 0 3442 3468 3534 3381 0 0 
45000 3500 3544 0 3450 3485 3537 3399 0 0 
45100 3496 3536 0 3411 3479 3528 3354 0 0 
45200 3484 3533 0 3415 3483 3527 3354 0 0 
45300 3457 3547 6 3419 3475 3528 3371 0 0 
45400 3503 3522 0 3409 3481 3508 3355 0 0 
45500 3507 3523 0 3415 3483 3535 3408 0 0 
45600 3478 3529 4 3367 3463 3521 3310 0 0 
45700 3506 3537 1 3403 3473 3539 3366 0 0 
45800 3513 3546 0 3425 3491 3536 3382 0 0 
45900 3478 3546 3 3420 3488 3538 3378 0 0 
46000 3482 3539 1 3380 3460 3540 3321 0 0 
46100 3496 3528 1 3433 3485 3532 3382 0 0 
46200 3486 3526 1 3438 3483 3530 3383 0 0 
46300 3517 3545 0 3428 3485 3557 3406 0 0 
46400 3504 3526 0 3437 3479 3523 3384 0 0 
46500 3513 3531 0 3439 3507 3536 3392 0 0 
46600 3501 3535 0 3410 3469 3540 3358 0 0 
46700 3515 3527 3 3443 3520 3526 3381 0 0 
46800 3514 3526 1 3416 3467 3522 3352 0 0 
46900 3533 3538 0 3431 3504 3524 3379 0 0 
47000 3515 3541 0 3420 3509 3528 3384 0 0 
47100 3499 3514 2 3408 3484 3522 3376 0 0 
47200 3508 3552 2 3425 3482 3541 3383 0 0 
47300 3501 3542 1 3430 3517 3534 3379 0 0 
47400 3499 3526 3 3460 3501 3528 3413 0 0 
47500 3498 3537 2 3425 3485 3525 3364 0 0 
47600 3491 3523 0 3407 3489 3525 3376 0 0 
47700 3518 3529 2 3404 3484 3519 3357 0 0 
47800 3507 3524 1 3437 3497 3530 3400 0 0 
47900 3487 3512 4 3404 3467 3522 3364 0 0 
48000 3487 3524 1 3429 3490 3522 3383 0 0 
48100 3471 3525 1 3412 3476 3524 3356 0 0 
48200 3499 3546 1 3449 3500 3527 3403 0 0 
48300 3498 3531 0 3411 3472 3528 3368 0 0 
48400 3501 3514 2 3400 3460 3528 3348 0 0 
48500 3490 3545 4 3408 3488 3537 3368 0 0 
48600 3489 3534 2 3409 3481 3526 3366 0 0 
48700 3489 3539 2 3434 3491 3544 3381 0 0 
48800 3482 3544 1 3403 3456 3545 3366 0 0 
48900 3483 3543 0 3430 3483 3521 3393 0 0 
49000 3495 3510 0 3409 3487 3518 3353 0 0 
49100 3502 3549 1 3407 3493 3537 3359 0 0 
49200 3462 3548 1 3399 3447 3547 3367 0 0 
49300 3518 3525 0 3446 3505 3522 3402 0 0 
49400 3477 3542 3 3411 3472 3540 3371 0 0 
49500 3482 3530 0 3419 3489 3525 3379 0 0 
49600 3494 3530 1 3435 3485 3537 3400 0 0 
49700 3476 3556 0 3434 3476 3537 3389 0 0 
49800 3476 3540 0 3420 3471 3545 3379 0 0 
49900 3499 3546 2 3407 3496 3531 3346 0 0 
50000 3506 3527 1 3417 3472 3540 3374 0 0 
50100 3494 3528 6 3431 3483 3514 3382 0 0 
50200 3465 3527 2 3405 3471 3529 3355 0 0 
50300 3494 3552 2 3406 3480 3540 3354 0 0 
50400 3489 3524 2 3400 3485 3517 3369 0 0 
50500 3503 3528 2 3437 3484 3531 3368 0 0 
50600 3494 3518 2 3414 3480 3523 3384 0 0 
50700 3502 3529 1 3410 3488 3541 3361 0 0 
50800 3481 3534 1 3425 3474 3531 3375 0 0 
50900 3494 3537 0 3406 3500 3534 3369 0 0 
51000 3487 3522 4 3400 3479 3525 3349 0 0 
51100 3468 3523 0 3397 3464 3524 3351 0 0 
51200 3474 3539 0 3391 3461 3537 3358 0 0 
51300 3476 3531 2 3407 3471 3543 3351 0 0 
51400 3489 3522 0 3402 3474 3527 3358 0 0 
51500 3476 3540 1 3412 3480 3530 3365 0 0 
51600 3489 3538 8 3415 3465 3539 3348 0 0 
51700 3469 3551 4 3397 3481 3519 3375 0 0 
51800 3473 3540 1 3391 3441 3541 3349 0 0 
51900 3475 3546 4 3401 3484 3545 3363 0 0 
52000 3488 3536 0 3386 3480 3512 3345 0 0 
52100 3501 3519 0 3383 3472 3522 3333 0 0 
52200 3471 3543 0 3423 3474 3539 3398 0 0 
52300 3487 3546 4 3420 3488 3530 3362 0 0 
52400 3477 3527 1 3403 3454 3534 3360 0 0 
52500 3470 3516 3 3389 3468 3516 3362 0 0 
52600 3499 3536 2 3410 3478 3546 3363 0 0 
52700 3501 3530 1 3422 3482 3536 3391 0 0 
52800 3462 3530 0 3388 3456 3524 3346 0 0 
52900 3485 3512 0 3387 3490 3510 3380 0 0 
53000 3469 3525 3 3385 3457 3523 3345 0 0 
53100 3490 3536 1 3391 3467 3523 3358 0 0 
53200 3500 3563 0 3421 3483 3534 3396 0 0 
53300 3490 3525 2 3407 3468 3533 3362 0 0 
53400 3471 3537 2 3366 3453 3524 3345 0 0 
53500 3469 3538 1 3386 3450 3529 3356 0 0 
53600 3504 3520 4 3408 3467 3527 3370 0 0 
53700 3487 3519 0 3406 3458 3525 3366 0 0 
53800 3490 3535 0 3388 3490 3535 3350 0 0 
53900 3456 3528 1 3379 3449 3503 3329 0 0 
54000 3471 3530 0 3378 3472 3536 3353 0 0 
54100 3492 3547 0 3426 3489 3548 3370 0 0 
54200 3494 3552 5 3414 3477 3540 3377 0 0 
54300 3478 3525 4 3411 3470 3540 3376 0 0 
54400 3488 3550 2 3416 3490 3522 3379 0 0 
54500 3494 3544 0 3392 3474 3535 3354 0 0 
54600 3472 3542 0 3406 3458 3554 3373 0 0 
54700 3488 3534 3 3406 3469 3526 3349 0 0 
54800 3473 3532 2 3410 3465 3527 3349 0 0 
54900 3471 3518 2 3417 3477 3525 3356 0 0 
55000 3493 3527 3 3386 3478 3529 3328 0 0 
55100 3503 3554 3 3393 3464 3548 3362 0 0 
55200 3453 3536 2 3384 3446 3545 3318 0 0 
55300 3469 3532 1 3387 3459 3521 3347 0 0 
55400 3462 3539 2 3410 3467 3545 3388 0 0 
55500 3490 3552 1 3406 3487 3534 3372 0 0 
55600 3502 3530 4 3411 3503 3521 3372 0 0 
55700 3495 3538 0 3405 3477 3540 3375 0 0 
55800 3488 3527 0 3397 3485 3537 3374 0 0 
55900 3499 3531 1 3413 3490 3537 3391 0 0 
56000 3495 3534 5 3428 3473 3535 3369 0 0 
56100 3460 3537 0 3388 3459 3546 3361 0 0 
56200 3489 3544 3 3444 3485 3520 3400 0 0 
56300 3467 3538 3 3365 3441 3540 3319 0 0 
56400 3485 3525 0 3392 3467 3538 3344 0 0 
56500 3461 3532 0 3395 3451 3533 3349 0 0 
56600 3496 3537 0 3392 3482 3520 3345 0 0 
56700 3488 3551 0 3421 3472 3531 3386 0 0 
56800 3459 3539 2 3384 3479 3528 3336 0 0 
56900 3480 3544 1 3399 3475 3543 3369 0 0 
57000 3493 3543 3 3418 3477 3531 3384 0 0 
57100 3477 3542 1 3369 3451 3540 3323 0 0 
57200 3481 3535 3 3402 3467 3532 3356 0 0 
57300 3480 3541 3 3412 3449 3553 3359 0 0 
57400 3489 3530 2 3397 3467 3533 3358 0 0 
57500 3483 3541 1 3413 3487 3548 3384 0 0 
57600 3489 3531 0 3413 3480 3526 3356 0 0 
57700 3465 3549 0 3383 3451 3543 3336 0 0 
57800 3487 3519 3 3393 3460 3530 3347 0 0 
57900 3485 3544 4 3402 3478 3544 3366 0 0 
58000 3510 3543 0 3400 3477 3534 3364 0 0 
58100 3494 3542 1 3399 3468 3526 3341 0 0 
58200 3509 3549 4 3409 3482 3535 3365 0 0 
58300 3496 3540 3 3400 3480 3509 3355 0 0 
58400 3492 3531 6 3422 3482 3523 3378 0 0 
58500 3477 3540 1 3416 3481 3528 3396 0 0 
58600 3479 3532 0 3406 3474 3535 3366 0 0 
58700 3497 3533 3 3406 3495 3531 3354 0 0 
58800 3498 3547 2 3395 3488 3536 3358 0 0 
58900 3475 3521 3 3407 3457 3540 3363 0 0 
59000 3482 3549 3 3380 3451 3540 3319 0 0 
59100 3514 3543 1 3427 3501 3529 3366 0 0 
59200 3494 3531 3 3414 3469 3518 3366 0 0 
59300 3513 3537 1 3417 3484 3536 3393 0 0 
59400 3476 3545 0 3388 3473 3531 3334 0 0 
59500 3470 3541 4 3394 3474 3521 3367 0 0 
59600 3461 3532 1 3406 3463 3538 3355 0 0 
59700 3492 3535 1 3430 3476 3534 3381 0 0 
59800 3466 3539 1 3392 3467 3541 3360 0 0 
59900 3512 3533 0 3401 3485 3533 3354 0 0 
60000 3483 3537 1 3432 3476 3542 3383 0 0 
60100 3475 3544 0 3406 3482 3525 3360 0 0 
60200 3489 3534 1 3400 3503 3534 3373 0 0 
60300 3487 3568 0 3412 3478 3528 3367 0 0 
60400 3488 3549 4 3389 3460 3540 3319 0 0 
60500 3473 3530 0 3407 3488 3523 3372 0 0 
60600 3477 3546 0 3361 3462 3544 3331 0 0 
60700 3464 3528 1 3379 3460 3531 3325 0 0 
60800 3518 3546 1 3423 3483 3543 3368 0 0 
60900 3495 3530 2 3404 3475 3517 3374 0 0 
61000 3486 3537 3 3427 3481 3530 3359 0 0 
61100 3481 3551 4 3415 3486 3528 3347 0 0 
61200 3491 3541 0 3424 3497 3539 3378 0 0 
61300 3481 3532 0 3420 3478 3526 3382 0 0 
61400 3468 3545 0 3392 3474 3521 3346 0 0 
61500 3481 3543 5 3387 3472 3528 3342 0 0 
61600 3475 3542 1 3403 3455 3533 3346 0 0 
61700 3488 3544 0 3402 3479 3539 3369 0 0 
61800 3460 3527 0 3423 3470 3547 3366 0 0 
61900 3494 3532 0 3399 3475 3553 3345 0 0 
62000 3451 3543 1 3404 3464 3546 3362 0 0 
62100 3463 3531 1 3392 3461 3536 3352 0 0 
62200 3487 3530 2 3392 3478 3541 3337 0 0 
62300 3505 3529 0 3409 3472 3532 3345 0 0 
62400 3482 3539 2 3423 3470 3545 3359 0 0 
62500 3496 3534 0 3434 3510 3526 3394 0 0 
62600 3480 3545 1 3384 3470 3540 3356 0 0 
62700 3461 3535 0 3402 3469 3546 3347 0 0 
62800 3464 3543 2 3399 3470 3542 3343 0 0 
62900 3501 3534 0 3390 3480 3525 3336 0 0 
63000 3487 3544 3 3411 3488 3538 3365 0 0 
63100 3488 3542 0 3425 3484 3520 3379 0 0 
63200 3498 3523 1 3392 3471 3512 3348 0 0 
63300 3505 3540 0 3387 3478 3531 3360 0 0 
63400 3490 3528 1 3398 3489 3525 3364 0 0 
63500 3481 3532 0 3411 3470 3538 3347 0 0 
63600 3503 3551 2 3391 3461 3536 3357 0 0 
63700 3492 3539 0 3418 3442 3555 3360 0 0 
63800 3469 3528 0 3389 3459 3519 3338 0 0 
63900 3491 3523 3 3407 3481 3547 3350 0 0 
64000 3487 3528 2 3409 3479 3529 3368 0 0 
64100 3494 3547 3 3415 3475 3548 3360 0 0 
64200 3488 3551 2 3383 3451 3539 3328 0 0 
64300 3507 3548 1 3408 3485 3544 3363 0 0 
64400 3470 3521 0 3393 3464 3526 3330 0 0 
64500 3497 3536 2 3423 3480 3536 3376 0 0 
64600 3498 3542 0 3444 3502 3544 3411 0 0 
64700 3498 3538 0 3421 3479 3533 3374 0 0 
64800 3504 3529 2 3428 3484 3512 3368 0 0 
64900 3484 3532 0 3431 3468 3541 3387 0 0 
65000 3469 3546 4 3403 3447 3541 3350 0 0 
65100 3473 3540 1 3405 3486 3539 3375 0 0 
65200 3477 3533 2 3424 3455 3527 3366 0 0 
65300 3511 3507 0 3421 3482 3527 3357 0 0 
65400 3482 3539 0 3400 3474 3529 3360 0 0 
65500 3510 3549 0 3414 3488 3548 3368 0 0 
65600 3500 3544 1 3413 3465 3546 3355 0 0 
65700 3486 3549 0 3456 3507 3547 3403 0 0 
65800 3492 3526 1 3381 3482 3531 3329 0 0 
65900 3482 3542 0 3417 3449 3539 3362 0 0 
66000 3498 3536 0 3417 3474 3530 3372 0 0 
66100 3500 3539 1 3396 3484 3540 3350 0 0 
66200 3478 3544 0 3434 3487 3531 3390 0 0 
66300 3495 3551 3 3418 3470 3543 3363 0 0 
66400 3521 3521 0 3421 3471 3519 3370 0 0 
66500 3486 3537 0 3437 3489 3538 3393 0 0 
66600 3506 3537 0 3420 3478 3536 3360 0 0 
66700 3484 3537 0 3392 3464 3538 3324 0 0 
66800 3509 3537 3 3391 3477 3537 3345 0 0 
66900 3470 3545 0 3388 3442 3546 3330 0 0 
67000 3493 3541 3 3399 3480 3540 3349 0 0 
67100 3510 3551 2 3422 3487 3541 3361 0 0 
67200 3502 3546 3 3414 3487 3544 3358 0 0 
67300 3479 3530 2 3417 3480 3532 3371 0 0 
67400 3499 3541 2 3408 3459 3543 3373 0 0 
67500 3492 3529 0 3424 3483 3539 3372 0 0 
67600 3500 3538 0 3424 3500 3554 3358 0 0 
67700 3493 3547 2 3418 3487 3538 3378 0 0 
67800 3473 3530 5 3425 3453 3532 3351 0 0 
67900 3488 3540 0 3402 3457 3542 3363 0 0 
68000 3500 3526 3 3392 3460 3534 3341 0 0 
68100 3492 3542 0 3390 3465 3542 3342 0 0 
68200 3502 3546 2 3433 3492 3542 3383 0 0 
68300 3491 3556 0 3385 3469 3545 3340 0 0 
68400 3513 3543 1 3412 3487 3540 3378 0 0 
68500 3527 3528 3 3430 3472 3512 3373 0 0 
68600 3504 3559 5 3451 3486 3543 3392 0 0 
68700 3480 3531 1 3439 3498 3529 3389 0 0 
68800 3514 3536 2 3416 3487 3533 3366 0 0 
68900 3527 3543 1 3397 3499 3538 3352 0 0 
69000 3530 3547 2 3430 3496 3532 3376 0 0 
69100 3507 3565 0 3388 3475 3555 3329 0 0 
69200 3495 3536 4 3438 3469 3539 3383 0 0 
69300 3495 3546 0 3380 3452 3534 3323 0 0 
69400 3503 3528 1 3373 3456 3512 3322 0 0 
69500 3512 3542 2 3406 3490 3525 3360 0 0 
69600 3500 3543 0 3410 3484 3532 3361 0 0 
69700 3497 3526 2 3427 3476 3523 3382 0 0 
69800 3487 3535 1 3391 3456 3524 3341 0 0 
69900 3519 3528 0 3391 3481 3529 3326 0 0 
70000 3488 3526 0 3413 3470 3529 3348 0 0 
70100 3500 3541 0 3403 3461 3524 3347 0 0 
70200 3529 3534 4 3430 3499 3533 3388 0 0 
70300 3521 3546 0 3416 3491 3526 3368 0 0 
70400 3520 3544 0 3415 3490 3548 3379 0 0 
70500 3513 3536 5 3408 3447 3540 3335 0 0 
70600 3509 3556 0 3401 3475 3557 3357 0 0 
70700 3508 3539 0 3415 3481 3541 3387 0 0 
70800 3505 3554 2 3420 3482 3519 3376 0 0 
70900 3499 3556 4 3387 3441 3549 3334 0 0 
71000 3510 3533 1 3426 3483 3534 3364 0 0 
71100 3487 3545 9 3417 3487 3540 3367 0 0 
71200 3500 3525 4 3431 3485 3509 3367 0 0 
71300 3491 3548 0 3415 3463 3539 3377 0 0 
71400 3497 3547 0 3437 3487 3538 3369 0 0 
71500 3511 3540 0 3389 3469 3528 3329 0 0 
71600 3519 3544 2 3421 3495 3538 3389 0 0 
71700 3508 3555 1 3432 3481 3545 3391 0 0 
71800 3474 3531 6 3394 3463 3549 3351 0 0 
71900 3501 3533 1 3373 3467 3548 3339 0 0 
72000 3486 3551 1 3418 3466 3542 3352 0 0 
72100 3492 3559 0 3388 3471 3542 3356 0 0 
72200 3507 3535 1 3387 3468 3532 3330 0 0 
72300 3481 3562 0 3409 3485 3532 3349 0 0 
72400 3511 3560 2 3448 3499 3535 3392 0 0 
72500 3504 3521 2 3404 3472 3537 3350 0 0 
72600 3517 3546 3 3419 3457 3516 3349 0 0 
72700 3482 3504 0 3385 3447 3514 3355 0 0 
72800 3465 3534 1 3403 3468 3519 3362 0 0 
72900 3504 3543 1 3435 3479 3535 3376 0 0 
73000 3493 3534 0 3412 3481 3543 3386 0 0 
73100 3498 3527 4 3399 3475 3539 3342 0 0 
73200 3473 3545 7 3383 3452 3540 3321 0 0 
73300 3498 3535 1 3431 3482 3544 3376 0 0 
73400 3499 3536 2 3395 3491 3537 3352 0 0 
73500 3502 3537 0 3437 3477 3530 3384 0 0 
73600 3497 3533 1 3402 3487 3534 3365 0 0 
73700 3522 3545 4 3411 3492 3531 3364 0 0 
73800 3510 3539 0 3402 3501 3516 3366 0 0 
73900 3473 3531 6 3447 3486 3527 3395 0 0 
74000 3495 3553 1 3397 3483 3538 3360 0 0 
74100 3479 3532 0 3389 3464 3536 3335 0 0 
74200 3479 3558 2 3412 3475 3568 3368 0 0 
74300 3516 3541 2 3433 3486 3545 3390 0 0 
74400 3497 3535 0 3409 3476 3524 3350 0 0 
74500 3515 3531 3 3429 3497 3550 3390 0 0 
74600 3496 3554 1 3412 3486 3553 3358 0 0 
74700 3493 3536 1 3396 3479 3541 3362 0 0 
74800 3533 3530 1 3432 3493 3535 3371 0 0 
74900 3508 3543 4 3403 3476 3527 3355 0 0 
75000 3515 3560 1 3411 3520 3542 3384 0 0 
75100 3502 3537 5 3395 3486 3522 3360 0 0 
75200 3486 3543 7 3391 3448 3525 3335 0 0 
75300 3490 3537 3 3383 3454 3531 3315 0 0 
75400 3505 3527 1 3391 3462 3530 3323 0 0 
75500 3526 3551 1 3416 3493 3545 3362 0 0 
75600 3485 3561 1 3386 3489 3538 3333 0 0 
75700 3509 3545 0 3423 3483 3535 3393 0 0 
75800 3502 3533 0 3394 3470 3521 3350 0 0 
75900 3481 3533 0 3415 3467 3540 3357 0 0 
76000 3514 3524 2 3417 3477 3518 3361 0 0 
76100 3493 3518 3 3433 3476 3535 3371 0 0 
76200 3515 3542 1 3434 3494 3546 3400 0 0 
76300 3497 3556 2 3415 3459 3535 3368 0 0 
76400 3497 3536 0 3404 3493 3538 3354 0 0 
76500 3521 3551 1 3414 3486 3544 3360 0 0 
76600 3502 3525 3 3434 3492 3537 3374 0 0 
76700 3485 3546 0 3414 3462 3530 3377 0 0 
76800 3452 3536 2 3400 3474 3530 3353 0 0 
76900 3491 3538 2 3392 3490 3515 3342 0 0 
77000 3486 3565 0 3409 3462 3536 3344 0 0 
77100 3482 3537 3 3406 3493 3536 3361 0 0 
77200 3508 3533 2 3417 3472 3532 3364 0 0 
77300 3509 3532 3 3416 3487 3541 3361 0 0 
77400 3508 3550 4 3403 3468 3534 3350 0 0 
77500 3505 3538 1 3412 3496 3532 3371 0 0 
77600 3480 3526 1 3398 3475 3535 3364 0 0 
77700 3513 3538 0 3422 3491 3546 3368 0 0 
77800 3507 3529 4 3412 3487 3532 3353 0 0 
77900 3503 3529 4 3373 3449 3534 3318 0 0 
78000 3502 3536 0 3411 3470 3542 3368 0 0 
78100 3495 3550 1 3410 3472 3547 3351 0 0 
78200 3480 3548 2 3429 3479 3540 3407 0 0 
78300 3513 3528 1 3415 3471 3525 3356 0 0 
78400 3524 3535 0 3421 3487 3533 3384 0 0 
78500 3522 3546 0 3415 3497 3540 3370 0 0 
78600 3465 3519 4 3401 3477 3523 3355 0 0 
78700 3522 3559 1 3418 3479 3540 3390 0 0 
78800 3500 3533 3 3401 3478 3527 3349 0 0 
78900 3503 3541 3 3403 3479 3544 3367 0 0 
79000 3491 3547 2 3396 3468 3540 3347 0 0 
79100 3501 3551 0 3394 3476 3533 3369 0 0 
79200 3491 3547 1 3375 3473 3533 3324 0 0 
79300 3497 3529 4 3428 3484 3527 3396 0 0 
79400 3501 3537 1 3406 3475 3545 3371 0 0 
79500 3498 3536 1 3380 3462 3528 3341 0 0 
79600 3486 3529 2 3384 3451 3520 3339 0 0 
79700 3484 3526 2 3425 3450 3545 3381 0 0 
79800 3498 3546 3 3385 3452 3545 3348 0 0 
79900 3518 3534 4 3425 3476 3521 3362 0 0 
80000 3525 3533 1 3451 3489 3525 3394 0 0 
80100 3497 3554 1 3408 3490 3552 3365 0 0 
80200 3469 3528 0 3398 3470 3524 3363 0 0 
80300 3497 3532 1 3404 3479 3535 3354 0 0 
80400 3513 3534 3 3412 3473 3532 3378 0 0 
80500 3458 3551 0 3377 3453 3546 3348 0 0 
80600 3498 3538 0 3399 3491 3539 3382 0 0 
80700 3516 3541 2 3420 3497 3534 3383 0 0 
80800 3499 3525 1 3422 3481 3518 3371 0 0 
80900 3496 3542 1 3407 3474 3527 3377 0 0 
81000 3497 3547 3 3393 3482 3538 3365 0 0 
81100 3487 3544 0 3440 3488 3542 3391 0 0 
81200 3465 3535 2 3419 3445 3536 3357 0 0 
81300 3496 3549 2 3419 3475 3527 3366 0 0 
81400 3488 3535 3 3409 3484 3533 3363 0 0 
81500 3486 3537 1 3383 3473 3524 3363 0 0 
81600 3487 3542 1 3416 3449 3539 3381 0 0 
81700 3498 3521 2 3398 3489 3514 3363 0 0 
81800 3478 3533 0 3392 3454 3540 3350 0 0 
81900 3461 3546 6 3405 3462 3531 3365 0 0 
82000 3478 3543 2 3364 3445 3531 3342 0 0 
82100 3471 3529 2 3418 3477 3540 3388 0 0 
82200 3477 3542 4 3385 3483 3541 3360 0 0 
82300 3479 3534 0 3345 3458 3528 3312 0 0 
82400 3487 3534 3 3408 3467 3539 3363 0 0 
82500 3488 3542 0 3382 3445 3524 3335 0 0 
82600 3500 3533 0 3400 3480 3530 3340 0 0 
82700 3495 3535 0 3404 3482 3533 3376 0 0 
82800 3485 3541 3 3383 3472 3535 3328 0 0 
82900 3446 3539 0 3403 3463 3542 3350 0 0 
83000 3470 3528 0 3377 3444 3535 3346 0 0 
83100 3467 3520 1 3397 3454 3528 3359 0 0 
83200 3481 3536 2 3401 3485 3533 3367 0 0 
83300 3503 3537 2 3400 3473 3528 3354 0 0 
83400 3485 3508 0 3398 3482 3519 3369 0 0 
83500 3509 3553 2 3384 3467 3558 3343 0 0 
83600 3496 3541 0 3412 3485 3535 3354 0 0 
83700 3498 3549 1 3361 3478 3520 3340 0 0 
83800 3517 3536 0 3420 3484 3538 3377 0 0 
83900 3504 3541 3 3388 3473 3530 3364 0 0 
84000 3491 3528 3 3431 3467 3529 3390 0 0 
84100 3490 3548 1 3404 3478 3529 3354 0 0 
84200 3485 3540 1 3384 3424 3544 3335 0 0 
84300 3500 3553 2 3384 3470 3541 3336 0 0 
84400 3474 3544 2 3390 3464 3546 3324 0 0 
84500 3476 3528 3 3417 3484 3528 3363 0 0 
84600 3507 3555 3 3392 3462 3540 3338 0 0 
84700 3507 3539 2 3403 3465 3530 3373 0 0 
84800 3481 3525 3 3372 3460 3527 3342 0 0 
84900 3474 3529 2 3383 3455 3534 3357 0 0 
85000 3473 3506 4 3393 3436 3530 3330 0 0 
85100 3505 3539 1 3407 3470 3522 3379 0 0 
85200 3484 3524 0 3426 3479 3526 3381 0 0 
85300 3510 3535 4 3404 3489 3521 3366 0 0 
85400 3480 3545 2 3384 3471 3525 3332 0 0 
85500 3495 3528 2 3388 3464 3528 3360 0 0 
85600 3505 3541 1 3374 3474 3535 3338 0 0 
85700 3480 3532 7 3402 3463 3526 3337 0 0 
85800 3498 3527 0 3410 3494 3517 3383 0 0 
85900 3499 3546 3 3409 3470 3529 3366 0 0 
86000 3489 3557 2 3427 3484 3553 3368 0 0 
86100 3496 3538 4 3408 3476 3534 3365 0 0 
86200 3491 3532 0 3391 3480 3544 3351 0 0 
86300 3484 3540 1 3397 3461 3515 3371 0 0 
86400 3495 3526 6 3384 3468 3535 3329 0 0 
86500 3503 3553 3 3389 3479 3514 3335 0 0 
86600 3484 3533 0 3390 3462 3522 3342 0 0 
86700 3500 3508 1 3382 3471 3496 3332 0 0 
86800 3491 3551 2 3392 3472 3526 3366 0 0 
86900 3490 3536 1 3397 3471 3551 3338 0 0 
87000 3479 3552 0 3381 3468 3528 3359 0 0 
87100 3491 3543 0 3402 3495 3536 3358 0 0 
87200 3493 3529 2 3382 3456 3515 3338 0 0 
87300 3486 3512 1 3406 3477 3510 3336 0 0 
87400 3515 3539 3 3407 3505 3527 3371 0 0 
87500 3501 3529 1 3376 3469 3501 3326 0 0 
87600 3496 3526 0 3405 3495 3523 3369 0 0 
87700 3486 3541 0 3382 3469 3511 3330 0 0 
87800 3475 3535 1 3344 3469 3479 3306 0 0 
87900 3499 3551 3 3415 3504 3514 3381 0 0 
88000 3474 3526 0 3385 3478 3499 3340 0 0 
88100 3472 3524 3 3352 3453 3505 3305 0 0 
88200 3520 3532 0 3412 3491 3515 3360 0 0 
88300 3510 3534 1 3413 3499 3525 3375 0 0 
88400 3489 3519 0 3418 3487 3499 3370 0 0 
88500 3500 3525 0 3377 3488 3508 3331 0 0 
88600 3483 3526 0 3419 3473 3536 3377 0 0 
88700 3494 3527 2 3403 3487 3511 3355 0 0 
88800 3481 3546 2 3393 3471 3531 3339 0 0 
88900 3489 3537 0 3419 3485 3519 3386 0 0 
89000 3498 3540 2 3392 3460 3522 3341 0 0 
89100 3503 3526 2 3421 3483 3544 3375 0 0 
89200 3502 3521 4 3406 3495 3520 3353 0 0 
89300 3509 3545 1 3419 3488 3539 3360 0 0 
89400 3494 3542 1 3394 3454 3536 3353 0 0 
89500 3513 3533 0 3404 3491 3516 3360 0 0 
89600 3513 3534 0 3422 3477 3536 3399 0 0 
89700 3517 3548 1 3414 3501 3520 3378 0 0 
89800 3501 3522 5 3427 3512 3515 3396 0 0 
89900 3497 3527 2 3427 3493 3521 3386 0 0 
90000 3512 3532 2 3409 3477 3517 3352 0 0 
90100 3512 3546 4 3417 3491 3529 3373 0 0 
90200 3505 3513 2 3416 3480 3513 3382 0 0 
90300 3531 3540 3 3427 3511 3535 3404 0 0 
90400 3504 3516 1 3445 3505 3507 3391 0 0 
90500 3507 3536 0 3434 3483 3526 3392 0 0 
90600 3519 3527 1 3419 3502 3518 3373 0 0 
90700 3491 3530 6 3434 3485 3522 3388 0 0 
90800 3503 3536 3 3427 3475 3528 3370 0 0 
90900 3517 3526 1 3434 3511 3544 3388 0 0 
91000 3518 3545 1 3430 3503 3517 3381 0 0 
91100 3490 3545 4 3409 3472 3520 3377 0 0 
91200 3504 3518 6 3403 3504 3523 3349 0 0 
91300 3481 3535 1 3387 3483 3520 3345 0 0 
91400 3483 3523 0 3428 3497 3529 3368 0 0 
91500 3488 3549 8 3423 3488 3542 3367 0 0 
91600 3488 3537 0 3413 3485 3547 3359 0 0 
91700 3482 3529 2 3386 3486 3500 3330 0 0 
91800 3513 3547 3 3403 3490 3533 3333 0 0 
91900 3499 3527 8 3438 3478 3533 3364 0 0 
92000 3505 3534 1 3412 3494 3522 3340 0 0 
92100 3489 3526 0 3401 3477 3548 3341 0 0 
92200 3471 3531 0 3391 3468 3530 3325 0 0 
92300 3484 3525 2 3406 3470 3518 3326 0 0 
92400 3489 3517 0 3409 3477 3518 3342 0 0 
92500 3492 3500 3 3421 3506 3502 3364 0 0 
92600 3479 3530 0 3396 3463 3535 3296 0 0 
92700 3486 3528 1 3415 3456 3530 3338 0 0 
92800 3492 3548 1 3402 3480 3548 3349 0 0 
92900 3494 3530 2 3404 3472 3521 3333 0 0 
93000 3493 3513 1 3415 3493 3518 3334 0 0 
93100 3467 3543 0 3372 3471 3540 3305 0 0 
93200 3480 3527 1 3389 3465 3525 3296 0 0 
93300 3478 3511 4 3424 3471 3527 3335 0 0 
93400 3453 3550 0 3398 3473 3528 3329 0 0 
93500 3485 3533 0 3398 3483 3531 3338 0 0 
93600 3501 3532 0 3427 3502 3530 3355 0 0 
93700 3466 3541 0 3386 3473 3534 3319 0 0 
93800 3483 3527 1 3407 3480 3494 3322 0 0 
93900 3503 3524 1 3429 3484 3533 3386 0 0 
94000 3452 3523 2 3390 3466 3528 3309 0 0 
94100 3470 3526 0 3426 3485 3527 3347 0 0 
94200 3461 3518 2 3414 3474 3508 3324 0 0 
94300 3464 3527 3 3394 3473 3523 3319 0 0 
94400 3493 3505 0 3395 3495 3506 3311 0 0 
94500 3494 3528 2 3405 3502 3526 3360 0 0 
94600 3508 3539 0 3428 3503 3530 3356 0 0 
94700 3489 3543 2 3412 3479 3546 3342 0 0 
94800 3473 3542 0 3386 3465 3545 3324 0 0 
94900 3497 3524 2 3411 3487 3527 3346 0 0 
95000 3496 3528 0 3396 3481 3532 3353 0 0 
95100 3470 3535 2 3403 3462 3506 3335 0 0 
95200 3471 3542 2 3408 3494 3530 3353 0 0 
95300 3496 3543 3 3426 3479 3532 3360 0 0 
95400 3474 3538 3 3389 3469 3540 3333 0 0 
95500 3488 3530 4 3392 3488 3534 3325 0 0 
95600 3485 3547 1 3392 3490 3548 3314 0 0 
95700 3486 3524 0 3392 3469 3544 3336 0 0 
95800 3479 3540 1 3392 3490 3534 3323 0 0 
95900 3491 3522 2 3408 3488 3508 3367 0 0 
96000 3477 3515 0 3376 3476 3510 3321 0 0 
96100 3485 3530 3 3388 3483 3527 3330 0 0 
96200 3477 3525 4 3375 3491 3531 3332 0 0 
96300 3483 3537 1 3425 3490 3540 3370 0 0 
96400 3516 3522 1 3448 3505 3530 3406 0 0 
96500 3478 3556 2 3415 3482 3542 3372 0 0 
96600 3483 3545 0 3404 3477 3537 3363 0 0 
96700 3505 3527 2 3401 3493 3521 3372 0 0 
96800 3478 3537 0 3368 3479 3530 3308 0 0 
96900 3493 3520 2 3399 3480 3521 3345 0 0 
97000 3503 3536 0 3412 3504 3526 3368 0 0 
97100 3495 3552 1 3422 3464 3549 3359 0 0 
97200 3503 3526 1 3398 3493 3537 3354 0 0 
97300 3483 3541 0 3383 3468 3527 3332 0 0 
97400 3507 3521 2 3376 3494 3529 3334 0 0 
97500 3499 3529 2 3390 3492 3539 3357 0 0 
97600 3497 3526 4 3400 3479 3528 3341 0 0 
97700 3497 3531 4 3404 3492 3535 3345 0 0 
97800 3490 3516 0 3390 3491 3527 3380 0 0 
97900 3498 3542 1 3393 3487 3536 3361 0 0 
98000 3512 3550 5 3388 3478 3550 3365 0 0 
98100 3497 3525 0 3392 3477 3541 3361 0 0 
98200 3493 3533 0 3393 3483 3549 3361 0 0 
98300 3484 3515 1 3406 3473 3531 3364 0 0 
98400 3516 3510 0 3421 3493 3526 3384 0 0 
98500 3492 3516 2 3381 3488 3522 3351 0 0 
98600 3502 3532 1 3402 3491 3543 3358 0 0 
98700 3518 3519 0 3405 3493 3520 3357 0 0 
98800 3511 3532 1 3368 3468 3514 3312 0 0 
98900 3511 3524 2 3394 3489 3535 3376 0 0 
99000 3516 3538 1 3393 3487 3546 3359 0 0 
99100 3523 3532 3 3408 3506 3536 3360 0 0 
99200 3507 3530 2 3422 3469 3536 3378 0 0 
99300 3515 3540 4 3419 3490 3532 3366 0 0 
99400 3516 3545 2 3396 3461 3537 3369 0 0 
99500 3498 3541 6 3378 3453 3543 3342 0 0 
99600 3502 3531 0 3355 3472 3534 3327 0 0 
99700 3514 3518 3 3372 3463 3518 3341 0 0 
99800 3507 3522 1 3394 3475 3528 3339 0 0 
99900 3506 3550 3 3405 3489 3537 3368 0 0 
100000 3506 3513 5 3381 3473 3529 3330 0 0 
