# Avida tasks execution data
# Wed Jun  6 14:15:49 2018
# First column gives the current update, all further columns give the number
# of times the particular task has been executed this update.
#  1: Update
#  2: Echo
#  3: Nand
#  4: Not
#  5: And
#  6: OrNot

100 8925 0 0 0 0 
200 125987 3 0 0 0 
300 125993 15 0 0 0 
400 125972 41 2 0 0 
500 125975 99 3 0 0 
600 125898 104 3 0 0 
700 125907 137 2 0 0 
800 125885 92 13 0 0 
900 125838 31 3 0 0 
1000 125811 12 9 0 0 
1100 125765 25 0 0 0 
1200 125798 13 0 0 0 
1300 125813 4 0 0 0 
1400 125758 0 0 0 0 
1500 125767 11 0 0 0 
1600 125728 18 0 0 0 
1700 125675 15 0 0 0 
1800 125729 25 0 0 0 
1900 125679 25 0 0 0 
2000 125587 36 0 0 0 
2100 125425 43 0 0 0 
2200 125317 84 0 0 0 
2300 125194 57 0 0 0 
2400 124966 61 0 0 0 
2500 124810 33 1 0 0 
2600 124606 30 0 0 0 
2700 124756 0 0 0 0 
2800 124829 3 0 0 0 
2900 124715 0 0 0 0 
3000 124582 0 0 0 0 
3100 124444 4 2 0 0 
3200 124472 6 0 0 0 
3300 124482 21 0 0 0 
3400 124384 22 0 0 0 
3500 124303 4 2 0 0 
3600 124563 0 0 0 0 
3700 124452 12 1 0 0 
3800 124472 14 0 0 0 
3900 124259 18 0 0 0 
4000 124313 28 0 0 0 
4100 124359 23 0 0 0 
4200 124679 26 0 0 0 
4300 124554 63 0 0 0 
4400 124550 44 0 0 0 
4500 124537 30 0 0 0 
4600 124379 41 0 0 0 
4700 124304 8 4 0 0 
4800 124479 17 0 0 0 
4900 124462 11 1 0 0 
5000 124281 9 0 0 0 
5100 124465 1 0 0 0 
5200 124319 2 0 0 0 
5300 124129 1 2 0 0 
5400 124014 3 4 0 0 
5500 124189 0 0 0 0 
5600 124433 0 0 0 0 
5700 124549 10 0 0 0 
5800 124484 15 3 0 0 
5900 124481 0 0 0 0 
6000 124690 0 0 0 0 
6100 124657 0 0 0 0 
6200 124599 0 2 0 0 
6300 124528 0 0 0 0 
6400 124569 0 0 0 0 
6500 124449 5 0 0 0 
6600 124617 6 0 0 0 
6700 124367 2 0 0 0 
6800 124376 11 0 0 0 
6900 124311 0 0 0 0 
7000 124489 0 0 0 0 
7100 124351 1 0 0 0 
7200 124260 2 0 0 0 
7300 124320 2 0 0 0 
7400 124556 0 0 0 0 
7500 124681 2 0 0 0 
7600 124723 3 0 0 0 
7700 124780 2 0 0 0 
7800 124593 0 0 0 0 
7900 124767 1 0 0 0 
8000 124701 12 0 0 0 
8100 124530 9 0 0 0 
8200 124528 5 0 0 0 
8300 124756 0 2 0 0 
8400 124721 0 0 0 0 
8500 124697 0 0 0 0 
8600 124743 0 0 0 0 
8700 124725 0 0 0 0 
8800 124538 3 1 0 0 
8900 124504 5 0 0 0 
9000 124454 9 3 0 0 
9100 124627 1 0 0 0 
9200 124682 4 0 0 0 
9300 124522 2 3 0 0 
9400 124315 14 1 0 0 
9500 124507 2 0 0 0 
9600 124708 0 0 0 0 
9700 124744 0 0 0 0 
9800 124544 1 7 0 0 
9900 124554 0 0 0 0 
10000 124675 6 1 0 0 
10100 124666 3 2 0 0 
10200 124635 4 0 0 0 
10300 124792 0 0 0 0 
10400 124934 0 2 0 0 
10500 124850 0 0 0 0 
10600 124793 0 2 0 0 
10700 124899 0 0 0 0 
10800 124843 0 0 0 0 
10900 124716 2 0 0 0 
11000 124398 0 0 0 0 
11100 124422 0 0 0 0 
11200 124529 6 4 0 0 
11300 124572 7 0 0 0 
11400 124648 0 0 0 0 
11500 124582 0 0 0 0 
11600 124692 0 0 0 0 
11700 124656 0 0 0 0 
11800 124644 0 0 0 0 
11900 124434 14 0 0 0 
12000 124358 11 0 0 0 
12100 124350 3 0 0 0 
12200 124390 0 0 0 0 
12300 124680 0 0 0 0 
12400 124652 5 0 0 0 
12500 124709 0 0 0 0 
12600 124380 4 0 0 0 
12700 124342 10 0 0 0 
12800 124353 10 0 0 0 
12900 124681 7 0 0 0 
13000 124675 32 2 0 0 
13100 124816 36 3 0 0 
13200 124628 44 0 0 0 
13300 124530 53 3 0 0 
13400 124478 30 1 0 0 
13500 124283 46 0 0 0 
13600 124290 41 4 0 0 
13700 124229 21 2 0 0 
13800 124412 5 3 0 0 
13900 124435 0 0 0 0 
14000 124482 0 0 0 0 
14100 124574 0 1 0 0 
14200 124686 2 0 0 0 
14300 124590 0 0 0 0 
14400 124488 4 0 0 0 
14500 124618 0 0 0 0 
14600 124522 2 0 0 0 
14700 124785 1 0 0 0 
14800 124908 2 0 0 0 
14900 124638 0 0 0 0 
15000 124618 1 0 0 0 
15100 124825 0 0 0 0 
15200 124632 0 0 0 0 
15300 124690 2 0 0 0 
15400 124744 2 1 0 0 
15500 124577 19 10 0 0 
15600 124493 36 0 0 0 
15700 124325 48 0 0 0 
15800 124441 90 0 0 0 
15900 124542 109 0 0 0 
16000 124557 117 0 0 0 
16100 124473 123 0 0 0 
16200 124446 138 2 0 0 
16300 124414 220 0 0 0 
16400 124335 300 0 0 0 
16500 124215 354 0 0 0 
16600 123801 275 5 0 0 
16700 124053 210 3 0 0 
16800 124142 281 0 0 0 
16900 124482 153 3 0 0 
17000 124426 131 7 0 0 
17100 124462 123 0 0 0 
17200 124521 139 0 0 0 
17300 124669 74 0 0 0 
17400 124723 20 0 0 0 
17500 124722 14 0 0 0 
17600 124953 37 0 0 0 
17700 124943 26 0 0 0 
17800 124939 10 0 0 0 
17900 124781 14 0 0 0 
18000 124679 17 0 0 0 
18100 124482 24 0 0 0 
18200 124401 29 0 0 0 
18300 124283 39 0 0 0 
18400 124321 50 0 0 0 
18500 124519 63 0 0 0 
18600 124440 99 0 0 0 
18700 124401 78 2 0 0 
18800 124190 89 0 0 0 
18900 124180 82 0 0 0 
19000 123997 38 0 0 0 
19100 124035 29 0 0 0 
19200 124144 4 0 0 0 
19300 124319 0 0 0 0 
19400 124495 0 1 0 0 
19500 124448 0 0 0 0 
19600 124645 2 0 0 0 
19700 124730 7 0 0 0 
19800 124843 2 0 0 0 
19900 124732 2 0 0 0 
20000 124686 0 4 0 0 
20100 124709 0 0 0 0 
20200 124591 0 0 0 0 
20300 124447 0 0 0 0 
20400 124523 9 0 0 0 
20500 124518 12 0 0 0 
20600 124811 4 0 0 0 
20700 124710 0 0 0 0 
20800 124622 2 0 0 0 
20900 124798 0 0 0 0 
21000 124945 2 0 0 0 
21100 124814 0 0 0 0 
21200 124701 1 0 0 0 
21300 124706 6 0 0 0 
21400 124387 8 0 0 0 
21500 124479 15 0 0 0 
21600 124388 4 0 0 0 
21700 124386 8 0 0 0 
21800 124245 26 0 0 0 
21900 124330 0 0 0 0 
22000 124387 0 0 0 0 
22100 124563 0 0 0 0 
22200 124362 1 0 0 0 
22300 124473 0 0 0 0 
22400 124717 0 0 0 0 
22500 124780 0 0 0 0 
22600 124643 0 0 0 0 
22700 124928 0 0 0 0 
22800 124690 2 0 0 0 
22900 124566 21 0 0 0 
23000 124623 11 0 0 0 
23100 124433 2 0 0 0 
23200 124534 10 0 0 0 
23300 124572 2 0 0 0 
23400 124641 0 0 0 0 
23500 124602 0 0 0 0 
23600 124285 14 0 0 0 
23700 124462 0 0 0 0 
23800 124641 1 0 0 0 
23900 124580 0 0 0 0 
24000 124645 14 0 0 0 
24100 124630 18 0 0 0 
24200 124859 61 0 0 0 
24300 124678 34 0 0 0 
24400 124624 17 0 0 0 
24500 124412 35 0 0 0 
24600 124221 30 0 0 0 
24700 124308 22 0 0 0 
24800 124299 12 0 0 0 
24900 124395 1 0 0 0 
25000 124543 1 0 0 0 
25100 124285 4 0 0 0 
25200 124570 3 0 0 0 
25300 124610 3 0 0 0 
25400 124522 0 0 0 0 
25500 124501 6 0 0 0 
25600 124500 8 0 0 0 
25700 124725 0 0 0 0 
25800 124538 0 0 0 0 
25900 124442 0 0 0 0 
26000 124235 2 0 0 0 
26100 124456 4 1 0 0 
26200 124589 0 0 0 0 
26300 124482 0 10 0 0 
26400 124410 1 11 0 0 
26500 124689 0 14 0 0 
26600 124544 0 21 0 0 
26700 124748 0 8 0 0 
26800 124775 5 9 0 0 
26900 124673 11 0 0 0 
27000 124728 0 0 0 0 
27100 124674 1 0 0 0 
27200 124746 0 0 0 0 
27300 124901 0 0 0 0 
27400 124770 2 0 0 0 
27500 124755 8 0 0 1 
27600 124673 29 0 0 0 
27700 124729 25 0 0 0 
27800 124628 33 1 0 0 
27900 124868 71 0 0 0 
28000 124853 71 0 0 0 
28100 124754 102 0 0 0 
28200 124633 144 2 0 0 
28300 124754 134 2 0 0 
28400 124563 210 19 0 0 
28500 124481 188 12 0 0 
28600 124592 198 7 0 0 
28700 124671 197 5 0 0 
28800 124523 243 11 0 0 
28900 124718 195 5 0 0 
29000 124691 157 0 0 0 
29100 124541 157 0 0 0 
29200 124459 122 3 0 0 
29300 124211 141 0 0 0 
29400 124297 94 0 0 0 
29500 124676 99 0 0 0 
29600 124508 173 0 0 0 
29700 124273 212 0 0 0 
29800 123907 233 0 0 0 
29900 123884 144 0 0 0 
30000 124256 148 0 0 0 
30100 124085 93 0 0 0 
30200 123973 81 2 0 0 
30300 124403 89 0 0 0 
30400 124382 147 0 0 0 
30500 124486 130 0 0 0 
30600 124510 93 0 0 0 
30700 124578 54 0 0 0 
30800 124616 44 0 0 0 
30900 124466 41 0 0 0 
31000 124678 30 0 0 0 
31100 124444 2 0 0 0 
31200 124482 21 0 0 0 
31300 124562 31 0 0 0 
31400 124379 57 0 0 0 
31500 124311 47 0 0 0 
31600 124272 38 0 0 0 
31700 124261 39 0 0 0 
31800 124394 49 0 0 0 
31900 124577 61 0 0 0 
32000 124671 36 0 0 0 
32100 124735 31 0 0 0 
32200 124722 26 2 0 0 
32300 124744 17 4 0 0 
32400 124672 13 0 0 0 
32500 124792 5 0 0 0 
32600 124781 8 0 0 0 
32700 124568 5 0 0 0 
32800 124566 10 0 0 0 
32900 124427 29 0 0 0 
33000 124600 61 0 0 0 
33100 124562 45 0 0 0 
33200 124831 34 0 0 0 
33300 124515 32 0 0 0 
33400 124570 38 0 0 0 
33500 124446 7 0 0 0 
33600 124631 0 0 0 0 
33700 124626 0 0 0 0 
33800 124856 0 0 0 0 
33900 124690 17 0 0 0 
34000 124774 43 0 0 4 
34100 124717 14 0 0 0 
34200 124655 1 0 0 0 
34300 124602 3 0 0 0 
34400 124680 13 0 0 0 
34500 124423 32 1 0 0 
34600 124346 16 7 0 0 
34700 124485 16 3 0 0 
34800 124519 16 0 0 0 
34900 124629 21 0 0 0 
35000 124609 8 0 0 0 
35100 124752 8 1 0 0 
35200 124748 1 5 0 0 
35300 124595 0 0 0 0 
35400 124603 2 0 0 0 
35500 124722 2 0 0 0 
35600 124776 0 0 0 0 
35700 124812 0 0 0 0 
35800 124702 0 2 0 0 
35900 124381 27 0 0 0 
36000 124320 24 0 0 0 
36100 124259 38 2 0 0 
36200 124288 52 0 0 0 
36300 124275 98 0 0 0 
36400 124102 136 0 0 0 
36500 124424 170 2 0 0 
36600 124325 208 0 0 0 
36700 124234 341 0 0 0 
36800 124296 304 0 0 0 
36900 124457 330 0 0 0 
37000 124358 275 0 0 0 
37100 124448 394 0 0 0 
37200 124209 603 0 0 0 
37300 123906 762 2 0 0 
37400 123908 810 0 0 0 
37500 124019 805 0 0 0 
37600 123919 787 0 0 0 
37700 124006 992 0 0 0 
37800 124000 1175 0 0 0 
37900 123929 1260 0 0 0 
38000 124005 1348 9 0 0 
38100 123627 1519 49 0 0 
38200 123512 1650 122 0 0 
38300 123214 1762 126 0 0 
38400 123283 1879 162 0 0 
38500 123183 1976 384 0 0 
38600 123478 2035 610 0 0 
38700 123687 2212 896 0 0 
38800 123598 2546 1158 0 0 
38900 123801 2839 1588 0 0 
39000 123947 3129 1937 0 0 
39100 123992 3145 2226 0 0 
39200 124060 3197 2449 0 0 
39300 124450 3328 2734 0 0 
39400 124494 3428 2809 0 13 
39500 124535 3462 2852 0 27 
39600 124550 3562 2979 0 19 
39700 124447 3698 3039 0 45 
39800 124479 3779 3093 0 8 
39900 124541 3830 3075 0 32 
40000 124655 3720 3002 0 85 
40100 124774 3723 3153 0 73 
40200 124784 3739 3152 0 60 
40300 124791 3649 3296 0 36 
40400 124830 3553 3473 0 70 
40500 124710 3605 3454 0 88 
40600 124803 3691 3387 0 101 
40700 124645 3708 3468 0 105 
40800 124517 3722 3447 0 98 
40900 124554 3740 3436 0 61 
41000 124608 3775 3409 0 41 
41100 124597 3716 3419 0 79 
41200 124461 3617 3543 0 96 
41300 124587 3623 3531 0 112 
41400 124382 3637 3492 0 137 
41500 124645 3603 3466 0 170 
41600 124568 3658 3450 0 136 
41700 124425 3703 3462 0 110 
41800 124437 3716 3484 0 65 
41900 124445 3859 3547 0 10 
42000 124661 3927 3517 0 6 
42100 124639 3943 3512 0 4 
42200 124240 4038 3503 0 0 
42300 124337 3973 3542 0 4 
42400 124364 4037 3478 0 0 
42500 124339 4032 3454 0 1 
42600 124446 4107 3492 0 0 
42700 124515 4039 3476 0 1 
42800 124385 4175 3486 0 3 
42900 124371 4258 3440 0 0 
43000 124299 4289 3484 0 0 
43100 124187 4199 3454 0 0 
43200 124272 4246 3425 0 0 
43300 124396 4292 3412 0 2 
43400 124711 4224 3407 0 0 
43500 124655 4392 3316 0 14 
43600 124892 4415 3328 0 16 
43700 124911 4491 3321 0 17 
43800 124747 4423 3368 0 32 
43900 124643 4405 3398 0 27 
44000 124618 4568 3435 0 4 
44100 124561 4739 3450 0 15 
44200 124450 4746 3490 0 52 
44300 124495 4841 3491 0 56 
44400 124314 5023 3415 0 54 
44500 124187 5457 3426 0 61 
44600 124251 5584 3431 0 46 
44700 124207 5705 3408 0 39 
44800 124217 6006 3347 0 63 
44900 124228 6279 3312 0 83 
45000 124265 6444 3252 0 116 
45100 124431 6720 3273 0 60 
45200 124461 6985 3202 0 92 
45300 124655 7189 3178 0 81 
45400 124701 7301 3175 0 87 
45500 124777 7364 3235 0 50 
45600 124763 7558 3155 0 39 
45700 124816 7614 3151 0 30 
45800 124975 7588 3150 0 32 
45900 125012 7695 3053 0 13 
46000 124920 7803 2968 0 36 
46100 124834 7749 2976 0 40 
46200 124498 7727 2944 0 49 
